1616565997987 0.0012801156844943762 1
1616566032467 0.0004970701411366463 2
1616566067484 0.00017451701569370925 3
1616566103087 4.705326136900112e-05 4
1616566138688 3.867320174322231e-06 5
1616566173717 8.076833182713017e-05 6
1616566208912 0.0 7
1616566244069 0.0 8
1616566278547 0.0 9
1616566318406 0.0 10
1616566353140 0.0 11
1616566387974 0.0 12
1616566422888 0.0 13
1616566457352 0.0 14
1616566491451 0.0 15
1616566526498 0.0 16
1616566560828 0.0 17
1616566596181 0.0 18
1616566630572 0.0 19
1616566669080 0.0 20
1616566703347 0.0 21
1616566738998 0.0 22
1616566777078 0.0 23
1616566812397 0.0 24
1616566846757 0.0 25
1616566881703 0.0 26
1616566916118 0.0 27
1616566950385 0.0 28
1616566984957 0.0 29
1616567024685 0.0 30
1616567059323 0.0 31
1616567094194 0.0 32
1616567129454 0.0 33
1616567164101 0.0 34
1616567198922 0.0 35
1616567233692 0.0 36
1616567267950 0.0 37
1616567302359 0.0 38
1616567337076 0.0 39
1616567378024 0.0 40
1616567413738 0.0 41
1616567448637 0.0 42
1616567483920 0.0 43
1616567518819 0.0 44
1616567553194 0.0 45
1616567587495 0.0 46
1616567621547 0.0 47
1616567656269 0.0 48
1616567691708 0.0 49
1616567730837 0.0 50
1616567766279 0.0 51
1616567801979 0.0 52
1616567836638 0.0 53
1616567871124 0.0 54
1616567905594 0.0 55
1616567939995 1.059903843270149e-05 56
1616567974466 0.0 57
1616568009635 0.0 58
1616568044265 0.0 59
1616568084712 0.0 60
1616568119521 0.0 61
1616568153885 0.0 62
1616568188321 0.0 63
1616568223075 0.0 64
1616568258067 0.0 65
1616568292611 0.0 66
1616568326699 0.0 67
1616568361263 0.0 68
1616568395655 0.0 69
1616568434795 0.0 70
1616568471711 0.0 71
1616568508646 0.0 72
1616568543629 0.0 73
1616568578220 0.0 74
1616568613184 0.0 75
1616568648729 0.0 76
1616568683218 0.0 77
1616568717586 0.00013914254668634385 78
1616568751854 0.0 79
1616568791359 0.0 80
1616568825804 0.0 81
1616568860235 0.0 82
1616568895768 0.0 83
1616568930439 0.0 84
1616568965803 0.0 85
1616569001526 0.0 86
1616569036712 9.746494242790504e-07 87
1616569071852 0.0 88
1616569106127 0.0 89
1616569145114 0.0 90
1616569179598 0.0 91
1616569214243 0.0 92
1616569249066 0.0 93
1616569283155 0.0 94
1616569318115 6.514997949125245e-05 95
1616569352624 0.0 96
1616569387618 0.0 97
1616569421971 0.0008564796298742294 98
1616569456771 3.75757590518333e-05 99
1616569495752 2.5966615794459358e-05 100
1616569530293 0.0 101
1616569564593 4.348794391262345e-06 102
1616569599521 0.00026960845571011305 103
1616569634956 4.868786163569894e-06 104
1616569670979 5.548110493691638e-05 105
1616569706284 0.0006438159616664052 106
1616569741468 0.0006653870805166662 107
1616569776033 0.0 108
1616569811089 0.0003276639326941222 109
1616569851027 1.3776678997601266e-06 110
1616569885700 0.0006297148647718132 111
1616569920125 0.0011434380430728197 112
1616569955203 0.000792312843259424 113
1616569989861 8.262253686552867e-05 114
1616570024883 2.270685172334197e-06 115
1616570059091 0.0008355597383342683 116
1616570093170 7.981581438798457e-05 117
1616570127721 0.00014933744387235492 118
1616570162174 0.0001218664983753115 119
1616570201135 8.766531323090021e-07 120
1616570235427 1.3424621101876255e-05 121
1616570269777 3.9656103467677895e-07 122
1616570304928 0.0010177397634834051 123
1616570340336 0.0002919563848990947 124
1616570375774 0.00012812319619115442 125
1616570411215 0.002577810315415263 126
1616570447198 0.00030195052386261523 127
1616570482513 0.003551664762198925 128
1616570517214 0.0001786870852811262 129
1616570557321 0.0021823574788868427 130
1616570592393 0.008775630034506321 131
1616570626760 0.007761226501315832 132
1616570661807 0.005373208783566952 133
1616570695973 0.0012472859816625714 134
1616570730265 0.00034402956953272223 135
1616570764994 0.002878249390050769 136
1616570799410 0.0003142763744108379 137
1616570834368 0.0054074497893452644 138
1616570869859 3.57479220838286e-05 139
1616570910258 0.00012179526675026864 140
1616570945648 0.007761324290186167 141
1616570980968 0.0007780118030495942 142
1616571016145 0.007733092177659273 143
1616571050632 0.007000477518886328 144
1616571086017 0.001869671861641109 145
1616571121036 0.0002882814733311534 146
1616571155409 6.917388964211568e-05 147
1616571189888 0.0026207466144114733 148
1616571224542 0.004015099257230759 149
1616571264314 0.01252310536801815 150
1616571298545 0.016418691724538803 151
1616571332546 0.03236916661262512 152
1616571366995 0.0053224945440888405 153
1616571401285 0.02441173605620861 154
1616571436840 0.022069022059440613 155
1616571472182 0.00976866576820612 156
1616571509231 0.0394422747194767 157
1616571544879 0.0316087082028389 158
1616571579480 0.031822189688682556 159
1616571618605 0.02019718661904335 160
1616571652878 0.013612842187285423 161
1616571687359 0.009293194860219955 162
1616571722382 0.023584211245179176 163
1616571756524 0.00716962106525898 164
1616571792110 0.0017479269299656153 165
1616571826622 0.0227942056953907 166
1616571861319 0.05687190964818001 167
1616571896401 0.02159612625837326 168
1616571931048 0.06535206735134125 169
1616571970663 0.017383448779582977 170
1616572004972 0.03381060063838959 171
1616572039815 0.05568709224462509 172
1616572075474 0.039874378591775894 173
1616572110807 0.015020784921944141 174
1616572145520 0.057583607733249664 175
1616572180565 0.03234798088669777 176
1616572215769 0.050712913274765015 177
1616572250384 0.0446326807141304 178
1616572285617 0.04620853066444397 179
1616572324338 0.03827951103448868 180
1616572358794 0.022080019116401672 181
1616572393307 0.009581761434674263 182
1616572428320 0.02223450131714344 183
1616572463318 0.03078756481409073 184
1616572498216 0.05722927302122116 185
1616572533654 0.04263809323310852 186
1616572568990 0.05678032338619232 187
1616572604047 0.03253158554434776 188
1616572638936 0.027916979044675827 189
1616572678532 0.05108087509870529 190
1616572713376 0.04020087793469429 191
1616572747786 0.04583607241511345 192
1616572782309 0.0558130219578743 193
1616572817690 0.04891737550497055 194
1616572852001 0.04401066526770592 195
1616572886954 0.06567757576704025 196
1616572921520 0.06410437077283859 197
1616572955820 0.052728474140167236 198
1616572990702 0.05584372207522392 199
1616573029439 0.07272504270076752 200
1616573063533 0.06586684286594391 201
1616573098634 0.04976361617445946 202
1616573133546 0.060973167419433594 203
1616573170766 0.04903378337621689 204
1616573206651 0.0694177970290184 205
1616573241951 0.04629688709974289 206
1616573276547 0.06909581273794174 207
1616573311391 0.05347573384642601 208
1616573345808 0.08099748194217682 209
1616573384447 0.05703108757734299 210
1616573418877 0.033215031027793884 211
1616573453821 0.08255431056022644 212
1616573488320 0.07688885182142258 213
1616573523036 0.06544910371303558 214
1616573558029 0.0571460947394371 215
1616573592250 0.08062569797039032 216
1616573626662 0.09980650246143341 217
1616573661403 0.10045289993286133 218
1616573695793 0.06608434021472931 219
1616573736179 0.06039230525493622 220
1616573772450 0.07108153402805328 221
1616573807949 0.055174820125103 222
1616573843252 0.06455706059932709 223
1616573878231 0.10930134356021881 224
1616573913550 0.05830380320549011 225
1616573948500 0.10430949926376343 226
1616573983369 0.08017843216657639 227
1616574018480 0.08525273203849792 228
1616574053029 0.08608101308345795 229
1616574091233 0.09184910356998444 230
1616574125640 0.13075384497642517 231
1616574160807 0.06803551316261292 232
1616574195838 0.07390738278627396 233
1616574230117 0.10090887546539307 234
1616574265098 0.08395904302597046 235
1616574299521 0.08861705660820007 236
1616574334535 0.10612760484218597 237
1616574369157 0.08303222060203552 238
1616574404233 0.04873068630695343 239
1616574444878 0.10175766050815582 240
1616574482599 0.07897206395864487 241
1616574518652 0.07917729020118713 242
1616574553430 0.07871617376804352 243
1616574587882 0.1009645089507103 244
1616574622444 0.11530397087335587 245
1616574657545 0.06703349947929382 246
1616574691928 0.1087505966424942 247
1616574727275 0.09980838000774384 248
1616574761476 0.0729668140411377 249
1616574800853 0.10081455111503601 250
1616574835287 0.0869644433259964 251
1616574869617 0.08488240838050842 252
1616574904293 0.09729757905006409 253
1616574939030 0.06623265892267227 254
1616574974073 0.028095781803131104 255
1616575009051 0.09032236039638519 256
1616575044316 0.10067223012447357 257
1616575079349 0.10469776391983032 258
1616575114133 0.09887590259313583 259
1616575153562 0.0922299399971962 260
1616575188354 0.09514239430427551 261
1616575223120 0.0991295874118805 262
1616575258233 0.08636124432086945 263
1616575292469 0.10510189086198807 264
1616575327587 0.09612859785556793 265
1616575362665 0.07804291695356369 266
1616575397298 0.12719272077083588 267
1616575432166 0.1384119689464569 268
1616575467037 0.0783548653125763 269
1616575506633 0.09280800819396973 270
1616575540831 0.12179006636142731 271
1616575575031 0.1104937195777893 272
1616575609699 0.11080516129732132 273
1616575644142 0.09337088465690613 274
1616575678297 0.1291300505399704 275
1616575712672 0.11008884012699127 276
1616575746726 0.10093164443969727 277
1616575781348 0.09855683892965317 278
1616575816209 0.07532988488674164 279
1616575855847 0.06643721461296082 280
1616575891213 0.07906567305326462 281
1616575926795 0.11963590979576111 282
1616575962864 0.1474599391222 283
1616575997843 0.10412867367267609 284
1616576032297 0.0942029133439064 285
1616576066623 0.10791314393281937 286
1616576100901 0.1050879955291748 287
1616576135944 0.10022881627082825 288
1616576170298 0.12010098993778229 289
1616576209674 0.08076884597539902 290
1616576245360 0.10380612313747406 291
1616576280898 0.08490506559610367 292
1616576316186 0.1174812912940979 293
1616576351245 0.12743711471557617 294
1616576386783 0.11134108901023865 295
1616576421570 0.151295006275177 296
1616576456341 0.13287268579006195 297
1616576491728 0.09840359538793564 298
1616576526107 0.09654036164283752 299
1616576565529 0.13714337348937988 300
1616576600204 0.1119002029299736 301
1616576634906 0.1013902872800827 302
1616576669978 0.14444485306739807 303
1616576704710 0.11547189205884933 304
1616576739088 0.10447017103433609 305
1616576773323 0.14740495383739471 306
1616576808216 0.12809476256370544 307
1616576842720 0.09507833421230316 308
1616576877147 0.11410750448703766 309
1616576916282 0.15252836048603058 310
1616576952298 0.12686654925346375 311
1616576987824 0.13414056599140167 312
1616577023213 0.13626693189144135 313
1616577057730 0.09734010696411133 314
1616577092454 0.097345732152462 315
1616577126833 0.06807154417037964 316
1616577161745 0.1431603729724884 317
1616577196991 0.06717042624950409 318
1616577232019 0.126885324716568 319
1616577272029 0.1487118899822235 320
1616577306173 0.1187119334936142 321
1616577341152 0.1260395497083664 322
1616577376161 0.1291225403547287 323
1616577411015 0.11581973731517792 324
1616577446057 0.11960707604885101 325
1616577480343 0.1406591236591339 326
1616577515562 0.1048564463853836 327
1616577550562 0.10012845695018768 328
1616577586707 0.12356161326169968 329
1616577627315 0.12613041698932648 330
1616577662476 0.10171089321374893 331
1616577697072 0.1394522488117218 332
1616577731746 0.13639706373214722 333
1616577766462 0.11014623939990997 334
1616577800679 0.12700672447681427 335
1616577835236 0.14993305504322052 336
1616577870872 0.09437163174152374 337
1616577905388 0.13508567214012146 338
1616577939908 0.14782191812992096 339
1616577979243 0.1543116569519043 340
1616578013752 0.08677986264228821 341
1616578048474 0.1535530984401703 342
1616578082662 0.09865278750658035 343
1616578117495 0.15295283496379852 344
1616578152148 0.08358266204595566 345
1616578186486 0.07603611052036285 346
1616578221151 0.119234099984169 347
1616578256824 0.139444500207901 348
1616578293122 0.13667365908622742 349
1616578334064 0.13398776948451996 350
1616578369216 0.1478317379951477 351
1616578404441 0.10998097062110901 352
1616578439241 0.12715473771095276 353
1616578475101 0.16883566975593567 354
1616578509694 0.11563833057880402 355
1616578544178 0.10454811155796051 356
1616578578742 0.19302189350128174 357
1616578613079 0.14887845516204834 358
1616578647456 0.14325833320617676 359
1616578685845 0.13319359719753265 360
1616578720282 0.1946166455745697 361
1616578755382 0.16151900589466095 362
1616578790355 0.15423932671546936 363
1616578826633 0.11733494699001312 364
1616578861633 0.1619572937488556 365
1616578896780 0.13291886448860168 366
1616578932344 0.13320109248161316 367
1616578967389 0.13700047135353088 368
1616579001958 0.10415156185626984 369
1616579041207 0.13111992180347443 370
1616579076263 0.09410927444696426 371
1616579112089 0.14660975337028503 372
1616579147177 0.1896626353263855 373
1616579182100 0.13390137255191803 374
1616579216537 0.14602530002593994 375
1616579251172 0.13813689351081848 376
1616579286036 0.1250029355287552 377
1616579321104 0.14045777916908264 378
1616579356358 0.10935121774673462 379
1616579397732 0.1308586746454239 380
1616579433845 0.16483357548713684 381
1616579469496 0.11968468129634857 382
1616579505000 0.10732154548168182 383
1616579540359 0.08850152790546417 384
1616579575125 0.13046662509441376 385
1616579609665 0.14215725660324097 386
1616579643873 0.15204492211341858 387
1616579678760 0.1292228251695633 388
1616579713379 0.1374691277742386 389
1616579753258 0.17331847548484802 390
1616579789511 0.12245510518550873 391
1616579826524 0.10366164147853851 392
1616579862889 0.17684857547283173 393
1616579898079 0.15196824073791504 394
1616579933603 0.1337752789258957 395
1616579968492 0.15712544322013855 396
1616580003675 0.14197342097759247 397
1616580039139 0.15732723474502563 398
1616580073587 0.12834064662456512 399
1616580113229 0.12771576642990112 400
1616580147823 0.12416952848434448 401
1616580182212 0.1206948459148407 402
1616580216585 0.13275112211704254 403
1616580252816 0.12105140835046768 404
1616580287181 0.1735980361700058 405
1616580321700 0.1549401879310608 406
1616580356690 0.18623347580432892 407
1616580391394 0.10775592923164368 408
1616580427464 0.08931846916675568 409
1616580468720 0.11653199791908264 410
1616580504580 0.1523004174232483 411
1616580539420 0.11630629003047943 412
1616580574641 0.17729085683822632 413
1616580609285 0.1442195028066635 414
1616580644223 0.13762520253658295 415
1616580678705 0.12973067164421082 416
1616580713104 0.09882437437772751 417
1616580747809 0.13253343105316162 418
1616580782829 0.15216082334518433 419
1616580820979 0.13906344771385193 420
1616580855634 0.13413387537002563 421
1616580891167 0.14838969707489014 422
1616580926165 0.1769101619720459 423
1616580961488 0.1532226800918579 424
1616580996324 0.1753515899181366 425
1616581031497 0.17721880972385406 426
1616581066638 0.13293766975402832 427
1616581101371 0.1522364616394043 428
1616581136646 0.15688207745552063 429
1616581176585 0.15880554914474487 430
1616581211091 0.1234809085726738 431
1616581246408 0.14955368638038635 432
1616581280424 0.17482268810272217 433
1616581315035 0.21073497831821442 434
1616581349653 0.1331089437007904 435
1616581384179 0.1755584478378296 436
1616581418408 0.20800551772117615 437
1616581455108 0.1413048505783081 438
1616581491162 0.17941486835479736 439
1616581530958 0.14837956428527832 440
1616581566477 0.14411121606826782 441
1616581602081 0.18283216655254364 442
1616581637467 0.16793036460876465 443
1616581672348 0.17984169721603394 444
1616581707050 0.13376182317733765 445
1616581741784 0.14359477162361145 446
1616581776065 0.1484045386314392 447
1616581810410 0.13777939975261688 448
1616581844932 0.16885852813720703 449
1616581883760 0.13643673062324524 450
1616581918777 0.17594453692436218 451
1616581953096 0.17397984862327576 452
1616581988764 0.15988367795944214 453
1616582025509 0.1539214551448822 454
1616582061493 0.22519460320472717 455
1616582096276 0.13878515362739563 456
1616582131943 0.15119275450706482 457
1616582166957 0.15829135477542877 458
1616582202342 0.17956097424030304 459
1616582241829 0.1743774116039276 460
1616582276916 0.15053193271160126 461
1616582311446 0.21820929646492004 462
1616582345528 0.17697672545909882 463
1616582379790 0.1309136003255844 464
1616582414041 0.16727697849273682 465
1616582448084 0.1757492572069168 466
1616582482895 0.182603657245636 467
1616582520038 0.21075987815856934 468
1616582556979 0.1487267017364502 469
1616582596655 0.17460951209068298 470
1616582631361 0.1718413233757019 471
1616582666676 0.19485867023468018 472
1616582700911 0.16504287719726562 473
1616582734940 0.12634938955307007 474
1616582770003 0.1618977189064026 475
1616582804738 0.14344176650047302 476
1616582839298 0.1239391416311264 477
1616582873432 0.19676077365875244 478
1616582907982 0.16919218003749847 479
1616582947612 0.16824953258037567 480
1616582981838 0.14054067432880402 481
1616583016987 0.17943428456783295 482
1616583051535 0.15117667615413666 483
1616583086553 0.13522060215473175 484
1616583122271 0.16387981176376343 485
1616583159006 0.11440421640872955 486
1616583194195 0.1855945587158203 487
1616583228852 0.154944509267807 488
1616583263808 0.19589661061763763 489
1616583303308 0.17635345458984375 490
1616583337875 0.13276973366737366 491
1616583372965 0.14525792002677917 492
1616583408417 0.1860836297273636 493
1616583443167 0.19401419162750244 494
1616583478156 0.19587233662605286 495
1616583512292 0.17409449815750122 496
1616583546481 0.2165536731481552 497
1616583581297 0.15742674469947815 498
1616583615915 0.16904887557029724 499
1616583654966 0.19670864939689636 500
1616583689884 0.16798867285251617 501
1616583724619 0.18341591954231262 502
1616583760153 0.1339450478553772 503
1616583795134 0.18886005878448486 504
1616583831033 0.14662256836891174 505
1616583866672 0.14765791594982147 506
1616583902694 0.19037580490112305 507
1616583938084 0.16718603670597076 508
1616583972517 0.20632217824459076 509
1616584011241 0.1787765920162201 510
1616584045823 0.1369762271642685 511
1616584080379 0.13069012761116028 512
1616584115085 0.1564185917377472 513
1616584149350 0.16051962971687317 514
1616584184957 0.21286877989768982 515
1616584219974 0.1819014847278595 516
1616584254405 0.16161365807056427 517
1616584289145 0.1932694911956787 518
1616584323422 0.17691421508789062 519
1616584361536 0.1368476003408432 520
1616584396552 0.23366840183734894 521
1616584430785 0.12841540575027466 522
1616584465224 0.174159973859787 523
1616584500316 0.16767911612987518 524
1616584535281 0.20733776688575745 525
1616584569972 0.15255996584892273 526
1616584605194 0.1581980288028717 527
1616584640165 0.23185774683952332 528
1616584675222 0.21822994947433472 529
1616584715805 0.21185410022735596 530
1616584751193 0.16116303205490112 531
1616584786136 0.212300106883049 532
1616584821263 0.162898451089859 533
1616584856364 0.19274550676345825 534
1616584890970 0.1662520468235016 535
1616584926799 0.24711209535598755 536
1616584961835 0.1744379997253418 537
1616584996309 0.118592768907547 538
1616585030697 0.18732330203056335 539
1616585069607 0.23358385264873505 540
1616585104653 0.2215735763311386 541
1616585139622 0.1971607804298401 542
1616585174315 0.1738596111536026 543
1616585209957 0.19139282405376434 544
1616585246150 0.18886789679527283 545
1616585282452 0.18590465188026428 546
1616585317568 0.19962665438652039 547
1616585352762 0.18005366623401642 548
1616585387414 0.199141725897789 549
1616585427159 0.21483561396598816 550
1616585462057 0.1872277855873108 551
1616585497180 0.18034271895885468 552
1616585531953 0.2203381359577179 553
1616585566817 0.1393958181142807 554
1616585602406 0.18190476298332214 555
1616585636742 0.19527046382427216 556
1616585671448 0.16698279976844788 557
1616585705807 0.23215563595294952 558
1616585740249 0.1515064537525177 559
1616585778736 0.19419193267822266 560
1616585813676 0.1815185546875 561
1616585848972 0.18809062242507935 562
1616585884547 0.21926212310791016 563
1616585919942 0.15649811923503876 564
1616585955528 0.1737295538187027 565
1616585990861 0.17258253693580627 566
1616586025741 0.16778825223445892 567
1616586060477 0.16775479912757874 568
1616586095554 0.17703518271446228 569
1616586134860 0.17094701528549194 570
1616586169277 0.1976032257080078 571
1616586203863 0.22239148616790771 572
1616586238313 0.1625116467475891 573
1616586273457 0.2123846411705017 574
1616586309201 0.17137441039085388 575
1616586343375 0.2092297077178955 576
1616586378418 0.2181558907032013 577
1616586413447 0.1936747282743454 578
1616586448393 0.208803191781044 579
1616586488412 0.17150750756263733 580
1616586523838 0.18512031435966492 581
1616586559148 0.17465552687644958 582
1616586594203 0.17840470373630524 583
1616586629902 0.15059849619865417 584
1616586664944 0.17207849025726318 585
1616586700095 0.19654221832752228 586
1616586735328 0.12607116997241974 587
1616586769972 0.19686830043792725 588
1616586804685 0.1445384919643402 589
1616586843724 0.20964562892913818 590
1616586878310 0.18118968605995178 591
1616586913508 0.19712641835212708 592
1616586947972 0.1816023290157318 593
1616586982197 0.1782931089401245 594
1616587016812 0.1459321528673172 595
1616587051853 0.16963861882686615 596
1616587087769 0.12724433839321136 597
1616587125425 0.19669216871261597 598
1616587161140 0.17589157819747925 599
1616587200949 0.19032111763954163 600
1616587235815 0.2011483907699585 601
1616587270456 0.16883575916290283 602
1616587305467 0.1876593977212906 603
1616587340210 0.19135414063930511 604
1616587374760 0.1663074791431427 605
1616587409378 0.20889155566692352 606
1616587444983 0.17144688963890076 607
1616587479981 0.21280750632286072 608
1616587514898 0.19822412729263306 609
1616587553960 0.1541721224784851 610
1616587588622 0.2300719916820526 611
1616587623394 0.16488654911518097 612
1616587657827 0.16669708490371704 613
1616587692718 0.19350466132164001 614
1616587727405 0.19263584911823273 615
1616587762488 0.16634300351142883 616
1616587798516 0.2107020616531372 617
1616587834813 0.18626534938812256 618
1616587869799 0.1918952316045761 619
1616587909654 0.22986957430839539 620
1616587944620 0.15713486075401306 621
1616587980176 0.22789712250232697 622
1616588015197 0.2556479573249817 623
1616588050175 0.20739883184432983 624
1616588085219 0.21471133828163147 625
1616588119608 0.20575934648513794 626
1616588154545 0.21598482131958008 627
1616588189570 0.165407195687294 628
1616588224268 0.17495742440223694 629
1616588264964 0.19510966539382935 630
1616588300655 0.21394413709640503 631
1616588335655 0.19142186641693115 632
1616588370700 0.21187518537044525 633
1616588405877 0.16676339507102966 634
1616588440745 0.23218584060668945 635
1616588476043 0.1691630631685257 636
1616588510826 0.19156132638454437 637
1616588544989 0.14741894602775574 638
1616588579559 0.1840641349554062 639
1616588618688 0.13893449306488037 640
1616588653077 0.23921768367290497 641
1616588687462 0.25048720836639404 642
1616588722034 0.2441290020942688 643
1616588756589 0.18013232946395874 644
1616588791096 0.1805141568183899 645
1616588826595 0.22016945481300354 646
1616588861468 0.18291398882865906 647
1616588896409 0.1802597939968109 648
1616588931123 0.21062766015529633 649
1616588970569 0.21485775709152222 650
1616589005420 0.21016734838485718 651
1616589040461 0.22545969486236572 652
1616589075247 0.18169280886650085 653
1616589110077 0.26822468638420105 654
1616589144880 0.17208456993103027 655
1616589179129 0.2196827530860901 656
1616589213647 0.22049814462661743 657
1616589247888 0.22548052668571472 658
1616589282668 0.1545969843864441 659
1616589321229 0.1571386158466339 660
1616589356060 0.2275572121143341 661
1616589391031 0.24419932067394257 662
1616589426024 0.2034502923488617 663
1616589461064 0.1637195348739624 664
1616589496151 0.18996798992156982 665
1616589530599 0.17523159086704254 666
1616589565794 0.18319889903068542 667
1616589602126 0.16895583271980286 668
1616589637977 0.17899757623672485 669
1616589678589 0.16202855110168457 670
1616589713394 0.1788943111896515 671
1616589748393 0.1875980943441391 672
1616589783415 0.2139083594083786 673
1616589818576 0.24794510006904602 674
1616589853375 0.20121857523918152 675
1616589887746 0.1712062954902649 676
1616589922125 0.23018768429756165 677
1616589957322 0.18631550669670105 678
1616589991747 0.2042287141084671 679
1616590030791 0.21172568202018738 680
1616590065981 0.19148671627044678 681
1616590101963 0.18117114901542664 682
1616590138062 0.19824618101119995 683
1616590173249 0.21485120058059692 684
1616590208885 0.24234214425086975 685
1616590243773 0.23782771825790405 686
1616590278812 0.2053477019071579 687
1616590313609 0.19113749265670776 688
1616590348338 0.17664523422718048 689
1616590387855 0.21345838904380798 690
1616590422376 0.17469051480293274 691
1616590457136 0.18934133648872375 692
1616590491770 0.2250533550977707 693
1616590526126 0.1581525057554245 694
1616590560722 0.23938986659049988 695
1616590596108 0.2010253518819809 696
1616590631358 0.17497427761554718 697
1616590666450 0.3053245544433594 698
1616590701430 0.2138013243675232 699
1616590742437 0.20643259584903717 700
1616590778019 0.17679639160633087 701
1616590812658 0.23500323295593262 702
1616590847920 0.19405046105384827 703
1616590883187 0.18824578821659088 704
1616590918482 0.23819966614246368 705
1616590953044 0.22245930135250092 706
1616590987804 0.15916545689105988 707
1616591022906 0.22550490498542786 708
1616591057561 0.21326816082000732 709
1616591096507 0.18661415576934814 710
1616591131449 0.21685442328453064 711
1616591166134 0.27062052488327026 712
1616591200546 0.23440729081630707 713
1616591234774 0.17946486175060272 714
1616591269861 0.18422263860702515 715
1616591304567 0.2285100817680359 716
1616591339645 0.18723779916763306 717
1616591375310 0.2033567577600479 718
1616591410748 0.2593749165534973 719
1616591451018 0.20893540978431702 720
1616591486062 0.18516899645328522 721
1616591521832 0.2030734270811081 722
1616591556747 0.17602865397930145 723
1616591591450 0.23108166456222534 724
1616591626375 0.19176936149597168 725
1616591661534 0.24062399566173553 726
1616591696614 0.22266794741153717 727
1616591731620 0.1813099980354309 728
1616591766000 0.22983568906784058 729
1616591806068 0.21550597250461578 730
1616591840776 0.211550772190094 731
1616591875640 0.18081508576869965 732
1616591910797 0.18374867737293243 733
1616591945512 0.2508634626865387 734
1616591979657 0.20867395401000977 735
1616592014195 0.20532631874084473 736
1616592048665 0.20403796434402466 737
1616592083716 0.20140734314918518 738
1616592118631 0.18878073990345 739
1616592156758 0.24462568759918213 740
1616592191288 0.1931186020374298 741
1616592225648 0.18693891167640686 742
1616592260968 0.19228649139404297 743
1616592296945 0.22580143809318542 744
1616592332025 0.254340797662735 745
1616592366951 0.2118149697780609 746
1616592401946 0.22307482361793518 747
1616592437386 0.20989546179771423 748
1616592472231 0.21939775347709656 749
1616592511343 0.23434796929359436 750
1616592546494 0.16719645261764526 751
1616592580996 0.17646774649620056 752
1616592615881 0.18163135647773743 753
1616592650922 0.1903919279575348 754
1616592685376 0.260960191488266 755
1616592719846 0.22243207693099976 756
1616592754942 0.24193811416625977 757
1616592789992 0.22541841864585876 758
1616592824486 0.2634892463684082 759
1616592862725 0.20894506573677063 760
1616592897146 0.20695272088050842 761
1616592932185 0.19686251878738403 762
1616592966533 0.22112874686717987 763
1616593000842 0.24364793300628662 764
1616593035950 0.23279181122779846 765
1616593070070 0.23848268389701843 766
1616593105194 0.20731239020824432 767
1616593141077 0.24632970988750458 768
1616593176839 0.2610316276550293 769
1616593217861 0.2254093885421753 770
1616593253499 0.21959827840328217 771
1616593288142 0.23089821636676788 772
1616593322896 0.21033921837806702 773
1616593357820 0.22262513637542725 774
1616593392915 0.19528570771217346 775
1616593428538 0.22282424569129944 776
1616593463283 0.2002934217453003 777
1616593498342 0.2507978677749634 778
1616593532995 0.22742313146591187 779
1616593572152 0.2259666919708252 780
1616593606339 0.24913883209228516 781
1616593641017 0.25173628330230713 782
1616593675729 0.2334946244955063 783
1616593710673 0.2547576129436493 784
1616593745289 0.2360309511423111 785
1616593779598 0.21952249109745026 786
1616593814541 0.24355211853981018 787
1616593849615 0.24564571678638458 788
1616593884686 0.20672810077667236 789
1616593926032 0.20561546087265015 790
1616593961345 0.231119304895401 791
1616593996455 0.2320733368396759 792
1616594032045 0.21223045885562897 793
1616594067583 0.24409544467926025 794
1616594102428 0.24949881434440613 795
1616594136938 0.25451967120170593 796
1616594171528 0.25060009956359863 797
1616594205707 0.17204439640045166 798
1616594240473 0.2221987396478653 799
1616594279155 0.2485814094543457 800
1616594313485 0.28182515501976013 801
1616594348549 0.18564674258232117 802
1616594383628 0.23344096541404724 803
1616594418070 0.2505413293838501 804
1616594452499 0.2607066035270691 805
1616594486633 0.20023071765899658 806
1616594521745 0.20766614377498627 807
1616594556706 0.2701979875564575 808
1616594591107 0.1847226768732071 809
1616594630161 0.24056929349899292 810
1616594666053 0.21917402744293213 811
1616594701311 0.2550264596939087 812
1616594737060 0.2784259617328644 813
1616594772603 0.2578979432582855 814
1616594807332 0.2253343164920807 815
1616594841777 0.2703145146369934 816
1616594876860 0.22950658202171326 817
1616594911926 0.2440461665391922 818
1616594947513 0.20261862874031067 819
1616594986470 0.21727293729782104 820
1616595020849 0.22142663598060608 821
1616595055292 0.26842188835144043 822
1616595089597 0.19969171285629272 823
1616595124274 0.2562081217765808 824
1616595158834 0.2500748634338379 825
1616595193629 0.24095499515533447 826
1616595228587 0.24069958925247192 827
1616595263600 0.1981445848941803 828
1616595298822 0.24056664109230042 829
1616595338968 0.2201978713274002 830
1616595374161 0.17835089564323425 831
1616595409884 0.24780407547950745 832
1616595445567 0.2561747431755066 833
1616595480455 0.25060129165649414 834
1616595515537 0.25189292430877686 835
1616595550516 0.23372280597686768 836
1616595585422 0.23497061431407928 837
1616595620061 0.23305128514766693 838
1616595655018 0.24772615730762482 839
1616595694800 0.272257924079895 840
1616595729391 0.230560302734375 841
1616595763471 0.18075920641422272 842
1616595797949 0.2411101758480072 843
1616595832070 0.26808613538742065 844
1616595867172 0.2946552634239197 845
1616595901988 0.22370287775993347 846
1616595937487 0.2665949761867523 847
1616595972195 0.2200567126274109 848
1616596008137 0.2208155393600464 849
1616596048831 0.22905278205871582 850
1616596084093 0.20365585386753082 851
1616596119109 0.25760775804519653 852
1616596153793 0.21294689178466797 853
1616596189515 0.24048656225204468 854
1616596224041 0.22435280680656433 855
1616596258941 0.2596597373485565 856
1616596293668 0.23164361715316772 857
1616596328013 0.2864053249359131 858
1616596362441 0.2811201214790344 859
1616596400520 0.25467562675476074 860
1616596435542 0.2504428029060364 861
1616596470524 0.2576330304145813 862
1616596505694 0.2551736831665039 863
1616596540810 0.3159104883670807 864
1616596575919 0.28076308965682983 865
1616596611248 0.19666722416877747 866
1616596646532 0.20439335703849792 867
1616596682348 0.19480878114700317 868
1616596717553 0.29947394132614136 869
1616596757126 0.24367545545101166 870
1616596791736 0.2587447762489319 871
1616596826591 0.24115467071533203 872
1616596862637 0.2153732031583786 873
1616596897318 0.24191254377365112 874
1616596932023 0.2434813231229782 875
1616596967287 0.1961105763912201 876
1616597001654 0.22373270988464355 877
1616597036278 0.2565702497959137 878
1616597071095 0.2731764316558838 879
1616597113080 0.25972840189933777 880
1616597148880 0.21650852262973785 881
1616597184603 0.2422035038471222 882
1616597220124 0.23454275727272034 883
1616597254550 0.260558545589447 884
1616597289745 0.27221110463142395 885
1616597324323 0.23351231217384338 886
1616597359079 0.21686263382434845 887
1616597393470 0.19366255402565002 888
1616597428253 0.21298688650131226 889
1616597468281 0.2792471647262573 890
1616597502350 0.2532718777656555 891
1616597537495 0.2517615258693695 892
1616597572642 0.205958753824234 893
1616597609120 0.22636429965496063 894
1616597644532 0.2567759156227112 895
1616597679834 0.2654983699321747 896
1616597714825 0.21866300702095032 897
1616597749518 0.2146180421113968 898
1616597783810 0.21053248643875122 899
1616597822902 0.21786253154277802 900
1616597857988 0.22724425792694092 901
1616597893133 0.30412906408309937 902
1616597927728 0.2883274257183075 903
1616597962165 0.2247469127178192 904
1616597997079 0.20757406949996948 905
1616598031342 0.23801453411579132 906
1616598065840 0.23775970935821533 907
1616598100314 0.2105289101600647 908
1616598134795 0.2173917293548584 909
1616598173450 0.24078865349292755 910
1616598208562 0.23805731534957886 911
1616598242870 0.2217377871274948 912
1616598278116 0.23453517258167267 913
1616598313044 0.24739159643650055 914
1616598347630 0.23126579821109772 915
1616598382261 0.2538908123970032 916
1616598417322 0.2523205876350403 917
1616598452427 0.19662520289421082 918
1616598487705 0.26313018798828125 919
1616598526452 0.25700876116752625 920
1616598561435 0.21630550920963287 921
1616598595714 0.22384658455848694 922
1616598630899 0.30383580923080444 923
1616598665397 0.3081502318382263 924
1616598699837 0.24524590373039246 925
1616598734923 0.24748986959457397 926
1616598769479 0.16268914937973022 927
1616598803689 0.20598569512367249 928
1616598838481 0.2594635784626007 929
1616598877121 0.2313462495803833 930
1616598912096 0.2330184131860733 931
1616598946792 0.3025301694869995 932
1616598981334 0.29357659816741943 933
1616599015927 0.19821025431156158 934
1616599050123 0.25874191522598267 935
1616599085065 0.2659481465816498 936
1616599121314 0.20901429653167725 937
1616599157324 0.18050457537174225 938
1616599192657 0.26137033104896545 939
1616599232683 0.2426908314228058 940
1616599267564 0.2369234561920166 941
1616599302276 0.23019090294837952 942
1616599337310 0.2316397726535797 943
1616599372012 0.22793090343475342 944
1616599406922 0.26121583580970764 945
1616599441976 0.2784527540206909 946
1616599477562 0.21811383962631226 947
1616599512608 0.2608223557472229 948
1616599547612 0.2575787603855133 949
1616599586536 0.24333876371383667 950
1616599620875 0.23261597752571106 951
1616599655334 0.23598070442676544 952
1616599690016 0.20525158941745758 953
1616599724959 0.24554073810577393 954
1616599759946 0.2635008692741394 955
1616599795219 0.2657827138900757 956
1616599830019 0.21974891424179077 957
1616599866261 0.2538175582885742 958
1616599902963 0.21477103233337402 959
1616599943427 0.17002138495445251 960
1616599977749 0.25768712162971497 961
1616600012565 0.272310733795166 962
1616600047382 0.28564000129699707 963
1616600082694 0.24737754464149475 964
1616600118377 0.23202025890350342 965
1616600152864 0.2268095165491104 966
1616600187351 0.2639399766921997 967
1616600221693 0.2218649685382843 968
1616600256514 0.26426222920417786 969
1616600296172 0.22473016381263733 970
1616600331821 0.2597979009151459 971
1616600368055 0.25581973791122437 972
1616600403635 0.26984474062919617 973
1616600438915 0.22255352139472961 974
1616600473604 0.24693235754966736 975
1616600508392 0.2134462147951126 976
1616600543602 0.21011674404144287 977
1616600578761 0.20929677784442902 978
1616600613647 0.2219122350215912 979
1616600652852 0.2187945544719696 980
1616600687384 0.22811713814735413 981
1616600721826 0.27493903040885925 982
1616600756951 0.19701427221298218 983
1616600791235 0.2611311674118042 984
1616600826324 0.2470000982284546 985
1616600860753 0.251140296459198 986
1616600895319 0.18117545545101166 987
1616600930529 0.21600645780563354 988
1616600965962 0.2837448716163635 989
1616601006532 0.20418968796730042 990
1616601042482 0.26092609763145447 991
1616601078106 0.20680874586105347 992
1616601114020 0.25118690729141235 993
1616601149166 0.26486945152282715 994
1616601184461 0.23416230082511902 995
1616601218756 0.22215107083320618 996
1616601253301 0.1974848508834839 997
1616601288452 0.22318309545516968 998
1616601323195 0.24605178833007812 999
1616601361756 0.23442241549491882 1000
1616601396228 0.22131168842315674 1001
1616601431252 0.24703361093997955 1002
1616601465623 0.2685548663139343 1003
1616601500934 0.22062233090400696 1004
1616601536370 0.2437785267829895 1005
1616601571985 0.2510732412338257 1006
1616601606943 0.21567592024803162 1007
1616601642702 0.29299065470695496 1008
1616601678046 0.2662498354911804 1009
1616601717638 0.27298182249069214 1010
1616601752892 0.1990225613117218 1011
1616601787500 0.21408392488956451 1012
1616601821975 0.23863869905471802 1013
1616601856839 0.22650283575057983 1014
1616601892044 0.23159483075141907 1015
1616601927051 0.21501022577285767 1016
1616601962265 0.22277569770812988 1017
1616601998770 0.23987701535224915 1018
1616602035680 0.26832813024520874 1019
1616602076169 0.29189902544021606 1020
1616602111140 0.3091464042663574 1021
1616602145765 0.27262192964553833 1022
1616602180463 0.2307106852531433 1023
1616602216227 0.20329783856868744 1024
1616602250678 0.22659465670585632 1025
1616602285360 0.2707396149635315 1026
1616602320506 0.25490856170654297 1027
1616602354901 0.23489779233932495 1028
1616602389240 0.23822420835494995 1029
1616602428067 0.27574193477630615 1030
1616602463195 0.25455406308174133 1031
1616602498241 0.26087215542793274 1032
1616602532915 0.30212414264678955 1033
1616602568457 0.22009533643722534 1034
1616602604524 0.236857607960701 1035
1616602639959 0.2562329173088074 1036
1616602675394 0.22238314151763916 1037
1616602710564 0.251688688993454 1038
1616602745925 0.2169179618358612 1039
1616602784801 0.2040783166885376 1040
1616602819644 0.2244119942188263 1041
1616602854725 0.2542438507080078 1042
1616602889719 0.2190108597278595 1043
1616602924360 0.23389862477779388 1044
1616602959928 0.24097931385040283 1045
1616602994903 0.2016322761774063 1046
1616603029346 0.2083650827407837 1047
1616603063999 0.23093435168266296 1048
1616603098248 0.22583043575286865 1049
1616603137921 0.2660751938819885 1050
1616603172250 0.2055225968360901 1051
1616603207590 0.23785915970802307 1052
1616603242765 0.24698993563652039 1053
1616603278188 0.35110241174697876 1054
1616603313654 0.2518998980522156 1055
1616603349675 0.23519672453403473 1056
1616603385347 0.19867561757564545 1057
1616603420622 0.27249574661254883 1058
1616603455465 0.239612877368927 1059
1616603494446 0.21849575638771057 1060
1616603529656 0.1924860030412674 1061
1616603564091 0.24530485272407532 1062
1616603598759 0.23277023434638977 1063
1616603633256 0.24281039834022522 1064
1616603668219 0.2597692012786865 1065
1616603703396 0.22411489486694336 1066
1616603738039 0.2471405267715454 1067
1616603773553 0.20770642161369324 1068
1616603809831 0.22018040716648102 1069
1616603849840 0.2412724792957306 1070
1616603884844 0.2126370668411255 1071
1616603920713 0.253051221370697 1072
1616603955980 0.32093891501426697 1073
1616603990551 0.20742709934711456 1074
1616604025983 0.19273462891578674 1075
1616604060645 0.25816431641578674 1076
1616604095246 0.23138639330863953 1077
1616604130367 0.22591163218021393 1078
1616604164836 0.27563202381134033 1079
1616604204945 0.23343098163604736 1080
1616604239170 0.3042590320110321 1081
1616604273536 0.24498598277568817 1082
1616604308008 0.24980881810188293 1083
1616604342345 0.1769619882106781 1084
1616604377917 0.1897260844707489 1085
1616604413124 0.2538970708847046 1086
1616604449085 0.2528890371322632 1087
1616604484371 0.19623509049415588 1088
1616604519056 0.23233354091644287 1089
1616604558102 0.23062950372695923 1090
1616604593032 0.2578706443309784 1091
1616604627937 0.2665746212005615 1092
1616604662531 0.17195361852645874 1093
1616604696920 0.22195425629615784 1094
1616604731971 0.2709988057613373 1095
1616604766434 0.2560858130455017 1096
1616604800898 0.2418718934059143 1097
1616604835393 0.25511452555656433 1098
1616604869851 0.2546447813510895 1099
1616604909619 0.23073208332061768 1100
1616604945886 0.2876332998275757 1101
1616604981713 0.21420978009700775 1102
1616605016587 0.2646821439266205 1103
1616605051261 0.22842253744602203 1104
1616605086559 0.21824929118156433 1105
1616605121479 0.25656890869140625 1106
1616605157193 0.24447575211524963 1107
1616605192263 0.2360622137784958 1108
1616605226597 0.279654860496521 1109
1616605265647 0.2771269679069519 1110
1616605299963 0.21445809304714203 1111
1616605334311 0.19992688298225403 1112
1616605368967 0.21772827208042145 1113
1616605403931 0.23051965236663818 1114
1616605439048 0.2040768563747406 1115
1616605473360 0.28202539682388306 1116
1616605507881 0.22572439908981323 1117
1616605543265 0.2294970452785492 1118
1616605580318 0.20591473579406738 1119
1616605620100 0.20965823531150818 1120
1616605655815 0.2850370705127716 1121
1616605691259 0.2658844292163849 1122
1616605725615 0.18378594517707825 1123
1616605760594 0.2733822464942932 1124
1616605795085 0.23819175362586975 1125
1616605829181 0.18882408738136292 1126
1616605863787 0.21082480251789093 1127
1616605898931 0.2177141010761261 1128
1616605933852 0.25699859857559204 1129
1616605973468 0.2720164656639099 1130
1616606008002 0.293742835521698 1131
1616606042175 0.22679677605628967 1132
1616606077410 0.2649391293525696 1133
1616606112573 0.23211199045181274 1134
1616606148921 0.2092159390449524 1135
1616606184963 0.22550304234027863 1136
1616606220450 0.2602442502975464 1137
1616606255602 0.26141688227653503 1138
1616606290124 0.23841777443885803 1139
1616606329179 0.23089593648910522 1140
1616606363530 0.2444804310798645 1141
1616606398576 0.27496573328971863 1142
1616606433512 0.20975662767887115 1143
1616606468041 0.2646751403808594 1144
1616606502673 0.2142939567565918 1145
1616606537138 0.26410752534866333 1146
1616606572922 0.20998433232307434 1147
1616606607650 0.28079596161842346 1148
1616606642418 0.2609245777130127 1149
1616606680666 0.24252811074256897 1150
1616606715105 0.22901123762130737 1151
1616606749360 0.288935124874115 1152
1616606783733 0.2780792713165283 1153
1616606818399 0.2614924907684326 1154
1616606852679 0.24586322903633118 1155
1616606887411 0.30181169509887695 1156
1616606921775 0.23918408155441284 1157
1616606956551 0.19152651727199554 1158
1616606991727 0.28189510107040405 1159
1616607031267 0.2634834051132202 1160
1616607066972 0.27506309747695923 1161
1616607102382 0.2479606568813324 1162
1616607138034 0.2772180140018463 1163
1616607172651 0.23618632555007935 1164
1616607207308 0.24195770919322968 1165
1616607242979 0.23270274698734283 1166
1616607277445 0.262667179107666 1167
1616607312575 0.2618396282196045 1168
1616607347129 0.17166374623775482 1169
1616607386842 0.26526713371276855 1170
1616607421647 0.24306434392929077 1171
1616607456196 0.24746926128864288 1172
1616607490670 0.23750637471675873 1173
1616607525710 0.2943163514137268 1174
1616607560795 0.28048908710479736 1175
1616607596268 0.24336089193820953 1176
1616607632019 0.21690556406974792 1177
1616607667752 0.2840059995651245 1178
1616607703432 0.2267540544271469 1179
1616607742847 0.28840136528015137 1180
1616607778235 0.2769520878791809 1181
1616607812860 0.18962031602859497 1182
1616607847984 0.2282012403011322 1183
1616607882978 0.21979695558547974 1184
1616607918072 0.18862071633338928 1185
1616607953332 0.2922123372554779 1186
1616607988271 0.23061133921146393 1187
1616608023346 0.23837105929851532 1188
1616608058503 0.2851312756538391 1189
1616608098715 0.3116152286529541 1190
1616608132831 0.263334721326828 1191
1616608167194 0.23757541179656982 1192
1616608201774 0.21872782707214355 1193
1616608236162 0.18469074368476868 1194
1616608270353 0.28291237354278564 1195
1616608304909 0.2591318190097809 1196
1616608339371 0.20173364877700806 1197
1616608374211 0.2528161406517029 1198
1616608409498 0.17677447199821472 1199
1616608449607 0.27111107110977173 1200
1616608475914 0.2733411490917206 0
1616608475926 0.2733411490917206 0
