1616565997987 0.17015807330608368 1
1616566032467 0.19412708282470703 2
1616566067484 0.2303076535463333 3
1616566103087 0.2519610524177551 4
1616566138688 0.26744958758354187 5
1616566173717 0.24898073077201843 6
1616566208912 0.27913326025009155 7
1616566244069 0.2825443744659424 8
1616566278547 0.2770790457725525 9
1616566318406 0.3016367256641388 10
1616566353140 0.29973167181015015 11
1616566387974 0.3055506944656372 12
1616566422888 0.3048246204853058 13
1616566457352 0.30951887369155884 14
1616566491451 0.2915709912776947 15
1616566526498 0.30138349533081055 16
1616566560828 0.33452582359313965 17
1616566596181 0.3209453821182251 18
1616566630572 0.33278387784957886 19
1616566669080 0.31778019666671753 20
1616566703347 0.31133586168289185 21
1616566738998 0.3214643597602844 22
1616566777078 0.340487003326416 23
1616566812397 0.34408408403396606 24
1616566846757 0.34512829780578613 25
1616566881703 0.349852055311203 26
1616566916118 0.36440008878707886 27
1616566950385 0.36477726697921753 28
1616566984957 0.3541484475135803 29
1616567024685 0.3760785758495331 30
1616567059323 0.38835132122039795 31
1616567094194 0.39633411169052124 32
1616567129454 0.37288951873779297 33
1616567164101 0.41802531480789185 34
1616567198922 0.376811146736145 35
1616567233692 0.40716302394866943 36
1616567267950 0.3653101325035095 37
1616567302359 0.4033889174461365 38
1616567337076 0.3690911531448364 39
1616567378024 0.3917325735092163 40
1616567413738 0.39383864402770996 41
1616567448637 0.354042649269104 42
1616567483920 0.38900232315063477 43
1616567518819 0.38530322909355164 44
1616567553194 0.40276646614074707 45
1616567587495 0.3975844979286194 46
1616567621547 0.389798104763031 47
1616567656269 0.4002452492713928 48
1616567691708 0.37500619888305664 49
1616567730837 0.4078577160835266 50
1616567766279 0.39274126291275024 51
1616567801979 0.3977908790111542 52
1616567836638 0.36660781502723694 53
1616567871124 0.35370829701423645 54
1616567905594 0.39285939931869507 55
1616567939995 0.3861168324947357 56
1616567974466 0.3823031485080719 57
1616568009635 0.388445109128952 58
1616568044265 0.38687795400619507 59
1616568084712 0.42275410890579224 60
1616568119521 0.4041895270347595 61
1616568153885 0.4314342141151428 62
1616568188321 0.40140414237976074 63
1616568223075 0.3764515519142151 64
1616568258067 0.4240403175354004 65
1616568292611 0.4049969017505646 66
1616568326699 0.4231894612312317 67
1616568361263 0.43887749314308167 68
1616568395655 0.39803990721702576 69
1616568434795 0.38741886615753174 70
1616568471711 0.4100578725337982 71
1616568508646 0.3929368257522583 72
1616568543629 0.43139320611953735 73
1616568578220 0.4030058979988098 74
1616568613184 0.4058644771575928 75
1616568648729 0.4665549695491791 76
1616568683218 0.4474872350692749 77
1616568717586 0.4366551637649536 78
1616568751854 0.4113371968269348 79
1616568791359 0.4349958896636963 80
1616568825804 0.4630815386772156 81
1616568860235 0.4292319416999817 82
1616568895768 0.3907368779182434 83
1616568930439 0.41663071513175964 84
1616568965803 0.41099587082862854 85
1616569001526 0.439996600151062 86
1616569036712 0.40220046043395996 87
1616569071852 0.43411874771118164 88
1616569106127 0.4300491213798523 89
1616569145114 0.42520999908447266 90
1616569179598 0.43152305483818054 91
1616569214243 0.4616702198982239 92
1616569249066 0.433864563703537 93
1616569283155 0.40069836378097534 94
1616569318115 0.43733465671539307 95
1616569352624 0.46086329221725464 96
1616569387618 0.4288065433502197 97
1616569421971 0.44715893268585205 98
1616569456771 0.4253244996070862 99
1616569495752 0.423289954662323 100
1616569530293 0.40955331921577454 101
1616569564593 0.4148922562599182 102
1616569599521 0.41008907556533813 103
1616569634956 0.44252532720565796 104
1616569670979 0.40943068265914917 105
1616569706284 0.42076706886291504 106
1616569741468 0.4236335754394531 107
1616569776033 0.4367043375968933 108
1616569811089 0.49742230772972107 109
1616569851027 0.47715771198272705 110
1616569885700 0.48284244537353516 111
1616569920125 0.4692177176475525 112
1616569955203 0.4880817234516144 113
1616569989861 0.456159770488739 114
1616570024883 0.4325946569442749 115
1616570059091 0.43631625175476074 116
1616570093170 0.4377928078174591 117
1616570127721 0.4569716453552246 118
1616570162174 0.4458281397819519 119
1616570201135 0.4467642903327942 120
1616570235427 0.4615051746368408 121
1616570269777 0.44120803475379944 122
1616570304928 0.4480438828468323 123
1616570340336 0.4529803395271301 124
1616570375774 0.4801054000854492 125
1616570411215 0.49003541469573975 126
1616570447198 0.4462207555770874 127
1616570482513 0.48602384328842163 128
1616570517214 0.4730517268180847 129
1616570557321 0.475119411945343 130
1616570592393 0.4366222620010376 131
1616570626760 0.46448445320129395 132
1616570661807 0.42158976197242737 133
1616570695973 0.44593560695648193 134
1616570730265 0.4411178231239319 135
1616570764994 0.4344143271446228 136
1616570799410 0.4363543689250946 137
1616570834368 0.4712422788143158 138
1616570869859 0.45157331228256226 139
1616570910258 0.45615217089653015 140
1616570945648 0.4689488410949707 141
1616570980968 0.4578012228012085 142
1616571016145 0.4897714853286743 143
1616571050632 0.4807858467102051 144
1616571086017 0.4600439667701721 145
1616571121036 0.4594770669937134 146
1616571155409 0.5121647715568542 147
1616571189888 0.44062429666519165 148
1616571224542 0.4738466143608093 149
1616571264314 0.47467362880706787 150
1616571298545 0.46341708302497864 151
1616571332546 0.5015809535980225 152
1616571366995 0.48347043991088867 153
1616571401285 0.47854888439178467 154
1616571436840 0.4946908950805664 155
1616571472182 0.49537843465805054 156
1616571509231 0.4916253387928009 157
1616571544879 0.5021222233772278 158
1616571579480 0.5121971964836121 159
1616571618605 0.511445164680481 160
1616571652878 0.5106214880943298 161
1616571687359 0.5042535066604614 162
1616571722382 0.4882069528102875 163
1616571756524 0.5213111639022827 164
1616571792110 0.4664272665977478 165
1616571826622 0.49579083919525146 166
1616571861319 0.5092605352401733 167
1616571896401 0.4957900047302246 168
1616571931048 0.47855931520462036 169
1616571970663 0.5003603100776672 170
1616572004972 0.4870072603225708 171
1616572039815 0.5134530067443848 172
1616572075474 0.5149127244949341 173
1616572110807 0.45096126198768616 174
1616572145520 0.46653831005096436 175
1616572180565 0.4960758090019226 176
1616572215769 0.5153356790542603 177
1616572250384 0.5527324676513672 178
1616572285617 0.482094407081604 179
1616572324338 0.45242470502853394 180
1616572358794 0.4985637664794922 181
1616572393307 0.47272828221321106 182
1616572428320 0.4882712960243225 183
1616572463318 0.4946753978729248 184
1616572498216 0.4752151370048523 185
1616572533654 0.45358940958976746 186
1616572568990 0.49989986419677734 187
1616572604047 0.5202811360359192 188
1616572638936 0.4629865288734436 189
1616572678532 0.5254644155502319 190
1616572713376 0.47026526927948 191
1616572747786 0.4874759018421173 192
1616572782309 0.4619657099246979 193
1616572817690 0.5483435392379761 194
1616572852001 0.4771392345428467 195
1616572886954 0.4817770719528198 196
1616572921520 0.47588875889778137 197
1616572955820 0.46281862258911133 198
1616572990702 0.5074257254600525 199
1616573029439 0.5103969573974609 200
1616573063533 0.4948778748512268 201
1616573098634 0.5162022113800049 202
1616573133546 0.520767331123352 203
1616573170766 0.4546726942062378 204
1616573206651 0.5314829349517822 205
1616573241951 0.5046056509017944 206
1616573276547 0.4782564640045166 207
1616573311391 0.4893307089805603 208
1616573345808 0.5393215417861938 209
1616573384447 0.5435730814933777 210
1616573418877 0.4963861107826233 211
1616573453821 0.5088933706283569 212
1616573488320 0.5036524534225464 213
1616573523036 0.5158937573432922 214
1616573558029 0.54462069272995 215
1616573592250 0.5331790447235107 216
1616573626662 0.5631764531135559 217
1616573661403 0.4972803592681885 218
1616573695793 0.49231839179992676 219
1616573736179 0.5217388868331909 220
1616573772450 0.4998490512371063 221
1616573807949 0.47105902433395386 222
1616573843252 0.5212277173995972 223
1616573878231 0.5481733679771423 224
1616573913550 0.5236876010894775 225
1616573948500 0.5378379821777344 226
1616573983369 0.5182926058769226 227
1616574018480 0.5124677419662476 228
1616574053029 0.465557336807251 229
1616574091233 0.5376699566841125 230
1616574125640 0.5386494398117065 231
1616574160807 0.5206577777862549 232
1616574195838 0.5358479022979736 233
1616574230117 0.5336654186248779 234
1616574265098 0.5568786263465881 235
1616574299521 0.5189909338951111 236
1616574334535 0.48580795526504517 237
1616574369157 0.5679925084114075 238
1616574404233 0.46764761209487915 239
1616574444878 0.4961736798286438 240
1616574482599 0.5357234477996826 241
1616574518652 0.5284292697906494 242
1616574553430 0.4808981418609619 243
1616574587882 0.5491454005241394 244
1616574622444 0.5426173210144043 245
1616574657545 0.500215470790863 246
1616574691928 0.5183208584785461 247
1616574727275 0.5144553780555725 248
1616574761476 0.5016257762908936 249
1616574800853 0.5254971385002136 250
1616574835287 0.559760332107544 251
1616574869617 0.5252741575241089 252
1616574904293 0.48164457082748413 253
1616574939030 0.497638463973999 254
1616574974073 0.4383043646812439 255
1616575009051 0.5241937041282654 256
1616575044316 0.5133297443389893 257
1616575079349 0.5451209545135498 258
1616575114133 0.5334596633911133 259
1616575153562 0.5119636654853821 260
1616575188354 0.5415977239608765 261
1616575223120 0.4849666357040405 262
1616575258233 0.5402603149414062 263
1616575292469 0.49564164876937866 264
1616575327587 0.5158889293670654 265
1616575362665 0.5214931964874268 266
1616575397298 0.5708547234535217 267
1616575432166 0.5564308166503906 268
1616575467037 0.5318758487701416 269
1616575506633 0.5374404191970825 270
1616575540831 0.5252978205680847 271
1616575575031 0.5223675966262817 272
1616575609699 0.5607813596725464 273
1616575644142 0.5458862781524658 274
1616575678297 0.5256000757217407 275
1616575712672 0.5151235461235046 276
1616575746726 0.5356720685958862 277
1616575781348 0.5161051750183105 278
1616575816209 0.5165858864784241 279
1616575855847 0.5345807075500488 280
1616575891213 0.5152463912963867 281
1616575926795 0.544203519821167 282
1616575962864 0.5946207046508789 283
1616575997843 0.5693436861038208 284
1616576032297 0.526537299156189 285
1616576066623 0.5320124626159668 286
1616576100901 0.5417739152908325 287
1616576135944 0.5165135860443115 288
1616576170298 0.5536215305328369 289
1616576209674 0.5590685606002808 290
1616576245360 0.5338022112846375 291
1616576280898 0.5159629583358765 292
1616576316186 0.49747198820114136 293
1616576351245 0.5031828880310059 294
1616576386783 0.5485571622848511 295
1616576421570 0.5468540191650391 296
1616576456341 0.559738039970398 297
1616576491728 0.5901925563812256 298
1616576526107 0.5370739698410034 299
1616576565529 0.5354622006416321 300
1616576600204 0.534355103969574 301
1616576634906 0.5028213858604431 302
1616576669978 0.5265640020370483 303
1616576704710 0.5637866258621216 304
1616576739088 0.5424113273620605 305
1616576773323 0.5489799380302429 306
1616576808216 0.5595684051513672 307
1616576842720 0.548302173614502 308
1616576877147 0.5481340289115906 309
1616576916282 0.5713903903961182 310
1616576952298 0.5710066556930542 311
1616576987824 0.5573729276657104 312
1616577023213 0.5258954763412476 313
1616577057730 0.5368783473968506 314
1616577092454 0.5266544818878174 315
1616577126833 0.5117051601409912 316
1616577161745 0.5564155578613281 317
1616577196991 0.516315221786499 318
1616577232019 0.5655262470245361 319
1616577272029 0.5851601362228394 320
1616577306173 0.47097623348236084 321
1616577341152 0.5213218927383423 322
1616577376161 0.5569621920585632 323
1616577411015 0.5463792085647583 324
1616577446057 0.5558769702911377 325
1616577480343 0.5562911033630371 326
1616577515562 0.5134334564208984 327
1616577550562 0.5385710000991821 328
1616577586707 0.5455766916275024 329
1616577627315 0.5443820953369141 330
1616577662476 0.5275558829307556 331
1616577697072 0.5286523103713989 332
1616577731746 0.5188082456588745 333
1616577766462 0.4997016489505768 334
1616577800679 0.5242854356765747 335
1616577835236 0.5873231291770935 336
1616577870872 0.6001365184783936 337
1616577905388 0.557612419128418 338
1616577939908 0.5398309230804443 339
1616577979243 0.5470499992370605 340
1616578013752 0.5447702407836914 341
1616578048474 0.5480042695999146 342
1616578082662 0.5580137968063354 343
1616578117495 0.5034477710723877 344
1616578152148 0.5374631881713867 345
1616578186486 0.5266110897064209 346
1616578221151 0.5197153687477112 347
1616578256824 0.541597306728363 348
1616578293122 0.5612765550613403 349
1616578334064 0.5587626099586487 350
1616578369216 0.5347402095794678 351
1616578404441 0.5491259694099426 352
1616578439241 0.5630358457565308 353
1616578475101 0.5574216842651367 354
1616578509694 0.5282264947891235 355
1616578544178 0.548559308052063 356
1616578578742 0.5853661298751831 357
1616578613079 0.5841861367225647 358
1616578647456 0.5535572171211243 359
1616578685845 0.5550771951675415 360
1616578720282 0.5434463620185852 361
1616578755382 0.5753213763237 362
1616578790355 0.5344588160514832 363
1616578826633 0.5104376673698425 364
1616578861633 0.5850808620452881 365
1616578896780 0.5506057739257812 366
1616578932344 0.5151715278625488 367
1616578967389 0.5195245146751404 368
1616579001958 0.5394391417503357 369
1616579041207 0.5754166841506958 370
1616579076263 0.5523715019226074 371
1616579112089 0.5964916944503784 372
1616579147177 0.5547628402709961 373
1616579182100 0.5441217422485352 374
1616579216537 0.5382686257362366 375
1616579251172 0.5695514678955078 376
1616579286036 0.6065737009048462 377
1616579321104 0.5457808971405029 378
1616579356358 0.5070644021034241 379
1616579397732 0.560102105140686 380
1616579433845 0.5682858824729919 381
1616579469496 0.5654646158218384 382
1616579505000 0.525721549987793 383
1616579540359 0.5433865189552307 384
1616579575125 0.562899112701416 385
1616579609665 0.5513588786125183 386
1616579643873 0.5385836362838745 387
1616579678760 0.5812429189682007 388
1616579713379 0.5456480383872986 389
1616579753258 0.5854498147964478 390
1616579789511 0.5159381628036499 391
1616579826524 0.5620700716972351 392
1616579862889 0.5640363693237305 393
1616579898079 0.5440686941146851 394
1616579933603 0.5816174745559692 395
1616579968492 0.6215455532073975 396
1616580003675 0.5533026456832886 397
1616580039139 0.5082477331161499 398
1616580073587 0.5657366514205933 399
1616580113229 0.5914365649223328 400
1616580147823 0.5033590793609619 401
1616580182212 0.549570620059967 402
1616580216585 0.5882561206817627 403
1616580252816 0.5255682468414307 404
1616580287181 0.5825972557067871 405
1616580321700 0.5721573829650879 406
1616580356690 0.5733835697174072 407
1616580391394 0.4951685070991516 408
1616580427464 0.543313205242157 409
1616580468720 0.5300589203834534 410
1616580504580 0.5117727518081665 411
1616580539420 0.5871026515960693 412
1616580574641 0.5790783762931824 413
1616580609285 0.572008490562439 414
1616580644223 0.5400964021682739 415
1616580678705 0.5631388425827026 416
1616580713104 0.518822968006134 417
1616580747809 0.5820420980453491 418
1616580782829 0.5282720327377319 419
1616580820979 0.5849976539611816 420
1616580855634 0.5350691676139832 421
1616580891167 0.5737608075141907 422
1616580926165 0.5663429498672485 423
1616580961488 0.5549668073654175 424
1616580996324 0.5886049866676331 425
1616581031497 0.5979626178741455 426
1616581066638 0.5595460534095764 427
1616581101371 0.5201191902160645 428
1616581136646 0.5976852774620056 429
1616581176585 0.5325958728790283 430
1616581211091 0.5038080811500549 431
1616581246408 0.5951796770095825 432
1616581280424 0.5892060399055481 433
1616581315035 0.5542709231376648 434
1616581349653 0.5817092657089233 435
1616581384179 0.6144171953201294 436
1616581418408 0.5887065529823303 437
1616581455108 0.5638916492462158 438
1616581491162 0.511203944683075 439
1616581530958 0.6080593466758728 440
1616581566477 0.556189775466919 441
1616581602081 0.549842357635498 442
1616581637467 0.5556764602661133 443
1616581672348 0.5592849254608154 444
1616581707050 0.5251666307449341 445
1616581741784 0.5349396467208862 446
1616581776065 0.5174002051353455 447
1616581810410 0.5667194128036499 448
1616581844932 0.5698670148849487 449
1616581883760 0.5438606142997742 450
1616581918777 0.5731430053710938 451
1616581953096 0.5949734449386597 452
1616581988764 0.5883889198303223 453
1616582025509 0.5548563599586487 454
1616582061493 0.5779201984405518 455
1616582096276 0.5824323892593384 456
1616582131943 0.5795978307723999 457
1616582166957 0.5860475897789001 458
1616582202342 0.5508413314819336 459
1616582241829 0.5811414122581482 460
1616582276916 0.5747778415679932 461
1616582311446 0.5141966342926025 462
1616582345528 0.5700209140777588 463
1616582379790 0.5731252431869507 464
1616582414041 0.5745174288749695 465
1616582448084 0.5288845896720886 466
1616582482895 0.5391577482223511 467
1616582520038 0.5854854583740234 468
1616582556979 0.5736814141273499 469
1616582596655 0.5744074583053589 470
1616582631361 0.5762451887130737 471
1616582666676 0.5627955198287964 472
1616582700911 0.5611529350280762 473
1616582734940 0.5833099484443665 474
1616582770003 0.5456224083900452 475
1616582804738 0.4909077286720276 476
1616582839298 0.5347282886505127 477
1616582873432 0.5227648615837097 478
1616582907982 0.5978502631187439 479
1616582947612 0.6104058027267456 480
1616582981838 0.5890599489212036 481
1616583016987 0.557532548904419 482
1616583051535 0.5954571962356567 483
1616583086553 0.5635437965393066 484
1616583122271 0.5267897844314575 485
1616583159006 0.5966936945915222 486
1616583194195 0.5182636976242065 487
1616583228852 0.557296633720398 488
1616583263808 0.5993897914886475 489
1616583303308 0.5939086675643921 490
1616583337875 0.552428126335144 491
1616583372965 0.5573391914367676 492
1616583408417 0.5773234963417053 493
1616583443167 0.5580578446388245 494
1616583478156 0.581078290939331 495
1616583512292 0.5551854968070984 496
1616583546481 0.5419209003448486 497
1616583581297 0.5111016035079956 498
1616583615915 0.5384353399276733 499
1616583654966 0.542629599571228 500
1616583689884 0.6014586687088013 501
1616583724619 0.5333267450332642 502
1616583760153 0.6006243228912354 503
1616583795134 0.5886296033859253 504
1616583831033 0.5778942108154297 505
1616583866672 0.562483012676239 506
1616583902694 0.5087882876396179 507
1616583938084 0.5930670499801636 508
1616583972517 0.5943214297294617 509
1616584011241 0.5734149813652039 510
1616584045823 0.6182892918586731 511
1616584080379 0.6031471490859985 512
1616584115085 0.5862449407577515 513
1616584149350 0.5545421838760376 514
1616584184957 0.6180155277252197 515
1616584219974 0.6077797412872314 516
1616584254405 0.6335456371307373 517
1616584289145 0.6187474727630615 518
1616584323422 0.6061710119247437 519
1616584361536 0.597231388092041 520
1616584396552 0.5731467008590698 521
1616584430785 0.5493508577346802 522
1616584465224 0.5523340702056885 523
1616584500316 0.5626922249794006 524
1616584535281 0.6257195472717285 525
1616584569972 0.5441784858703613 526
1616584605194 0.5529912710189819 527
1616584640165 0.5705569386482239 528
1616584675222 0.58302903175354 529
1616584715805 0.6489706039428711 530
1616584751193 0.5884669423103333 531
1616584786136 0.5509635210037231 532
1616584821263 0.5778672695159912 533
1616584856364 0.580543577671051 534
1616584890970 0.5564061999320984 535
1616584926799 0.5941722393035889 536
1616584961835 0.5849493145942688 537
1616584996309 0.6128150224685669 538
1616585030697 0.5975162982940674 539
1616585069607 0.6249874830245972 540
1616585104653 0.5658024549484253 541
1616585139622 0.5584219694137573 542
1616585174315 0.579195499420166 543
1616585209957 0.6162906885147095 544
1616585246150 0.6404104232788086 545
1616585282452 0.5895538330078125 546
1616585317568 0.5818287134170532 547
1616585352762 0.6084737777709961 548
1616585387414 0.6114398241043091 549
1616585427159 0.5997114181518555 550
1616585462057 0.5350760221481323 551
1616585497180 0.6081675291061401 552
1616585531953 0.567123532295227 553
1616585566817 0.5469684600830078 554
1616585602406 0.5221219658851624 555
1616585636742 0.576084315776825 556
1616585671448 0.5807631015777588 557
1616585705807 0.6288348436355591 558
1616585740249 0.626459538936615 559
1616585778736 0.5433204174041748 560
1616585813676 0.5761187076568604 561
1616585848972 0.5703233480453491 562
1616585884547 0.5819638967514038 563
1616585919942 0.6056263446807861 564
1616585955528 0.6098340153694153 565
1616585990861 0.587601363658905 566
1616586025741 0.5431411266326904 567
1616586060477 0.5739008784294128 568
1616586095554 0.5397323369979858 569
1616586134860 0.5854772925376892 570
1616586169277 0.5647424459457397 571
1616586203863 0.5198241472244263 572
1616586238313 0.6033906936645508 573
1616586273457 0.5733515024185181 574
1616586309201 0.528456449508667 575
1616586343375 0.5698562860488892 576
1616586378418 0.5261781811714172 577
1616586413447 0.605573832988739 578
1616586448393 0.5476917028427124 579
1616586488412 0.5984774827957153 580
1616586523838 0.5684703588485718 581
1616586559148 0.571044385433197 582
1616586594203 0.5576732754707336 583
1616586629902 0.6071702241897583 584
1616586664944 0.5340638160705566 585
1616586700095 0.6043477058410645 586
1616586735328 0.5048650503158569 587
1616586769972 0.5214372873306274 588
1616586804685 0.5789510011672974 589
1616586843724 0.6065766215324402 590
1616586878310 0.5624926090240479 591
1616586913508 0.5779420137405396 592
1616586947972 0.5534878969192505 593
1616586982197 0.5729910135269165 594
1616587016812 0.5236231684684753 595
1616587051853 0.602398157119751 596
1616587087769 0.5489305853843689 597
1616587125425 0.536555290222168 598
1616587161140 0.5650790929794312 599
1616587200949 0.6117047667503357 600
1616587235815 0.58573317527771 601
1616587270456 0.5087578296661377 602
1616587305467 0.5927358865737915 603
1616587340210 0.5698575377464294 604
1616587374760 0.5681368112564087 605
1616587409378 0.6031326651573181 606
1616587444983 0.6327570080757141 607
1616587479981 0.5923545360565186 608
1616587514898 0.5887709856033325 609
1616587553960 0.5232657790184021 610
1616587588622 0.5571297407150269 611
1616587623394 0.5458819270133972 612
1616587657827 0.6062600612640381 613
1616587692718 0.5981982946395874 614
1616587727405 0.5787947177886963 615
1616587762488 0.6167117357254028 616
1616587798516 0.5810954570770264 617
1616587834813 0.556739091873169 618
1616587869799 0.5668420791625977 619
1616587909654 0.6098612546920776 620
1616587944620 0.5959627628326416 621
1616587980176 0.5673938989639282 622
1616588015197 0.5963748693466187 623
1616588050175 0.5726146697998047 624
1616588085219 0.5748773813247681 625
1616588119608 0.581792950630188 626
1616588154545 0.5935288667678833 627
1616588189570 0.6144404411315918 628
1616588224268 0.5424125790596008 629
1616588264964 0.6344581246376038 630
1616588300655 0.6147859692573547 631
1616588335655 0.5563398599624634 632
1616588370700 0.5595067739486694 633
1616588405877 0.5069483518600464 634
1616588440745 0.5616313219070435 635
1616588476043 0.5692467093467712 636
1616588510826 0.6302950978279114 637
1616588544989 0.592870831489563 638
1616588579559 0.5768816471099854 639
1616588618688 0.6248208284378052 640
1616588653077 0.5942116975784302 641
1616588687462 0.6149181127548218 642
1616588722034 0.5692631006240845 643
1616588756589 0.5988768935203552 644
1616588791096 0.6130286455154419 645
1616588826595 0.5255321860313416 646
1616588861468 0.6255632638931274 647
1616588896409 0.5295180082321167 648
1616588931123 0.5954108238220215 649
1616588970569 0.5895533561706543 650
1616589005420 0.6266350150108337 651
1616589040461 0.6524763107299805 652
1616589075247 0.5327954292297363 653
1616589110077 0.63670414686203 654
1616589144880 0.6015825271606445 655
1616589179129 0.5841259956359863 656
1616589213647 0.5810965299606323 657
1616589247888 0.5736889839172363 658
1616589282668 0.5662963390350342 659
1616589321229 0.5968873500823975 660
1616589356060 0.6507315635681152 661
1616589391031 0.5629557371139526 662
1616589426024 0.5657805800437927 663
1616589461064 0.5593763589859009 664
1616589496151 0.5549649000167847 665
1616589530599 0.544100284576416 666
1616589565794 0.5998358726501465 667
1616589602126 0.6173572540283203 668
1616589637977 0.5824888348579407 669
1616589678589 0.6148806214332581 670
1616589713394 0.5630214810371399 671
1616589748393 0.6298810243606567 672
1616589783415 0.5995626449584961 673
1616589818576 0.6319019198417664 674
1616589853375 0.5306344032287598 675
1616589887746 0.590857982635498 676
1616589922125 0.592911958694458 677
1616589957322 0.5594857931137085 678
1616589991747 0.5671086311340332 679
1616590030791 0.58787602186203 680
1616590065981 0.5914291143417358 681
1616590101963 0.6099536418914795 682
1616590138062 0.5907827615737915 683
1616590173249 0.5445958375930786 684
1616590208885 0.6005933284759521 685
1616590243773 0.6301922798156738 686
1616590278812 0.5986897945404053 687
1616590313609 0.595578134059906 688
1616590348338 0.5610381364822388 689
1616590387855 0.5902379751205444 690
1616590422376 0.6037125587463379 691
1616590457136 0.6040657758712769 692
1616590491770 0.6072301268577576 693
1616590526126 0.5621558427810669 694
1616590560722 0.5860564708709717 695
1616590596108 0.5754015445709229 696
1616590631358 0.623038649559021 697
1616590666450 0.6272780299186707 698
1616590701430 0.6170964241027832 699
1616590742437 0.5738159418106079 700
1616590778019 0.652876615524292 701
1616590812658 0.5703594088554382 702
1616590847920 0.5939720869064331 703
1616590883187 0.5555501580238342 704
1616590918482 0.5487126708030701 705
1616590953044 0.6358973979949951 706
1616590987804 0.56020188331604 707
1616591022906 0.5647512674331665 708
1616591057561 0.617455244064331 709
1616591096507 0.5788220167160034 710
1616591131449 0.596973180770874 711
1616591166134 0.6150902509689331 712
1616591200546 0.5876989364624023 713
1616591234774 0.6591185331344604 714
1616591269861 0.5608555674552917 715
1616591304567 0.6251128911972046 716
1616591339645 0.5888940691947937 717
1616591375310 0.5969275236129761 718
1616591410748 0.5702712535858154 719
1616591451018 0.5696086883544922 720
1616591486062 0.6068310141563416 721
1616591521832 0.5990461111068726 722
1616591556747 0.5940228700637817 723
1616591591450 0.5853215456008911 724
1616591626375 0.49488532543182373 725
1616591661534 0.5908697843551636 726
1616591696614 0.609930694103241 727
1616591731620 0.593338668346405 728
1616591766000 0.57979416847229 729
1616591806068 0.6192544102668762 730
1616591840776 0.5542007684707642 731
1616591875640 0.607711136341095 732
1616591910797 0.5744941234588623 733
1616591945512 0.6002464890480042 734
1616591979657 0.504097580909729 735
1616592014195 0.5854835510253906 736
1616592048665 0.6391920447349548 737
1616592083716 0.6174089312553406 738
1616592118631 0.5738224983215332 739
1616592156758 0.6045253872871399 740
1616592191288 0.6120863556861877 741
1616592225648 0.5723367929458618 742
1616592260968 0.5668991208076477 743
1616592296945 0.5686020851135254 744
1616592332025 0.5988243222236633 745
1616592366951 0.6083320379257202 746
1616592401946 0.6440689563751221 747
1616592437386 0.5619630813598633 748
1616592472231 0.6018385887145996 749
1616592511343 0.606383204460144 750
1616592546494 0.5612890720367432 751
1616592580996 0.6069600582122803 752
1616592615881 0.5725475549697876 753
1616592650922 0.5758163928985596 754
1616592685376 0.5799121856689453 755
1616592719846 0.5877320766448975 756
1616592754942 0.6234190464019775 757
1616592789992 0.5815094709396362 758
1616592824486 0.6241059303283691 759
1616592862725 0.564131498336792 760
1616592897146 0.6412050724029541 761
1616592932185 0.5959910154342651 762
1616592966533 0.5977799892425537 763
1616593000842 0.5611580014228821 764
1616593035950 0.6384665369987488 765
1616593070070 0.6080846190452576 766
1616593105194 0.5885136127471924 767
1616593141077 0.605372428894043 768
1616593176839 0.559576690196991 769
1616593217861 0.6223195195198059 770
1616593253499 0.6264916658401489 771
1616593288142 0.5896941423416138 772
1616593322896 0.605400800704956 773
1616593357820 0.5619606375694275 774
1616593392915 0.5828713178634644 775
1616593428538 0.580476701259613 776
1616593463283 0.5834996104240417 777
1616593498342 0.5767079591751099 778
1616593532995 0.6329032778739929 779
1616593572152 0.6289364099502563 780
1616593606339 0.6285235285758972 781
1616593641017 0.6417158842086792 782
1616593675729 0.621833086013794 783
1616593710673 0.6075010299682617 784
1616593745289 0.5891330242156982 785
1616593779598 0.5480684041976929 786
1616593814541 0.5960280895233154 787
1616593849615 0.6240056753158569 788
1616593884686 0.5779176354408264 789
1616593926032 0.5537095665931702 790
1616593961345 0.6371418237686157 791
1616593996455 0.6705007553100586 792
1616594032045 0.5778563022613525 793
1616594067583 0.6484107375144958 794
1616594102428 0.6145950555801392 795
1616594136938 0.5877700448036194 796
1616594171528 0.6461940407752991 797
1616594205707 0.55894935131073 798
1616594240473 0.6079797744750977 799
1616594279155 0.6118772029876709 800
1616594313485 0.6054079532623291 801
1616594348549 0.5676963329315186 802
1616594383628 0.6284424066543579 803
1616594418070 0.564203143119812 804
1616594452499 0.5813277959823608 805
1616594486633 0.6505743861198425 806
1616594521745 0.5378146171569824 807
1616594556706 0.6394593119621277 808
1616594591107 0.5790021419525146 809
1616594630161 0.558944821357727 810
1616594666053 0.6044882535934448 811
1616594701311 0.5856981873512268 812
1616594737060 0.5627867579460144 813
1616594772603 0.6429213285446167 814
1616594807332 0.6116499900817871 815
1616594841777 0.6126149892807007 816
1616594876860 0.6112717390060425 817
1616594911926 0.6171517372131348 818
1616594947513 0.5489163398742676 819
1616594986470 0.6392350196838379 820
1616595020849 0.5881624221801758 821
1616595055292 0.6286482214927673 822
1616595089597 0.6140837669372559 823
1616595124274 0.6563882827758789 824
1616595158834 0.5908695459365845 825
1616595193629 0.6242918968200684 826
1616595228587 0.5885498523712158 827
1616595263600 0.6206265687942505 828
1616595298822 0.6244193911552429 829
1616595338968 0.6447278261184692 830
1616595374161 0.6124088764190674 831
1616595409884 0.6078896522521973 832
1616595445567 0.6371935606002808 833
1616595480455 0.591903805732727 834
1616595515537 0.5872172117233276 835
1616595550516 0.6134063005447388 836
1616595585422 0.6465466022491455 837
1616595620061 0.6303023099899292 838
1616595655018 0.6311616897583008 839
1616595694800 0.5566126108169556 840
1616595729391 0.6161710619926453 841
1616595763471 0.5597941279411316 842
1616595797949 0.6275556087493896 843
1616595832070 0.6782456636428833 844
1616595867172 0.6712244749069214 845
1616595901988 0.6249067187309265 846
1616595937487 0.5914974212646484 847
1616595972195 0.6181718111038208 848
1616596008137 0.5739041566848755 849
1616596048831 0.5657059550285339 850
1616596084093 0.5381665825843811 851
1616596119109 0.6446366310119629 852
1616596153793 0.5992574691772461 853
1616596189515 0.6284557580947876 854
1616596224041 0.629177451133728 855
1616596258941 0.5835680961608887 856
1616596293668 0.6353809833526611 857
1616596328013 0.6407269239425659 858
1616596362441 0.6400545835494995 859
1616596400520 0.6075248718261719 860
1616596435542 0.5952565670013428 861
1616596470524 0.6008702516555786 862
1616596505694 0.5734329223632812 863
1616596540810 0.6079833507537842 864
1616596575919 0.5917306542396545 865
1616596611248 0.6351709961891174 866
1616596646532 0.5832504034042358 867
1616596682348 0.567318320274353 868
1616596717553 0.6434272527694702 869
1616596757126 0.6523779630661011 870
1616596791736 0.6061080694198608 871
1616596826591 0.6303169131278992 872
1616596862637 0.5748435854911804 873
1616596897318 0.6017502546310425 874
1616596932023 0.5986250042915344 875
1616596967287 0.6047943830490112 876
1616597001654 0.604349672794342 877
1616597036278 0.5909539461135864 878
1616597071095 0.6631096601486206 879
1616597113080 0.6010845899581909 880
1616597148880 0.6428269147872925 881
1616597184603 0.5911734104156494 882
1616597220124 0.6527233719825745 883
1616597254550 0.6380645036697388 884
1616597289745 0.6737880706787109 885
1616597324323 0.5918089151382446 886
1616597359079 0.5989410877227783 887
1616597393470 0.5946562886238098 888
1616597428253 0.6030309200286865 889
1616597468281 0.6135380268096924 890
1616597502350 0.6729809641838074 891
1616597537495 0.6515353322029114 892
1616597572642 0.5952057242393494 893
1616597609120 0.5887637734413147 894
1616597644532 0.605198860168457 895
1616597679834 0.6358741521835327 896
1616597714825 0.6621971726417542 897
1616597749518 0.5988689064979553 898
1616597783810 0.594325065612793 899
1616597822902 0.5328572988510132 900
1616597857988 0.6374162435531616 901
1616597893133 0.5659139156341553 902
1616597927728 0.618066668510437 903
1616597962165 0.5866382122039795 904
1616597997079 0.6169792413711548 905
1616598031342 0.612987756729126 906
1616598065840 0.6667636632919312 907
1616598100314 0.6406927704811096 908
1616598134795 0.5951290130615234 909
1616598173450 0.6251013875007629 910
1616598208562 0.5479487180709839 911
1616598242870 0.5766738653182983 912
1616598278116 0.5913171172142029 913
1616598313044 0.6147236824035645 914
1616598347630 0.6309218406677246 915
1616598382261 0.5659685134887695 916
1616598417322 0.6448773145675659 917
1616598452427 0.5734797716140747 918
1616598487705 0.5948848724365234 919
1616598526452 0.582423746585846 920
1616598561435 0.6360303163528442 921
1616598595714 0.6376600861549377 922
1616598630899 0.6699208617210388 923
1616598665397 0.5876374244689941 924
1616598699837 0.584041953086853 925
1616598734923 0.5580501556396484 926
1616598769479 0.5560849905014038 927
1616598803689 0.5432078838348389 928
1616598838481 0.6243187189102173 929
1616598877121 0.6330583095550537 930
1616598912096 0.6568142175674438 931
1616598946792 0.6559834480285645 932
1616598981334 0.6199221611022949 933
1616599015927 0.6165434122085571 934
1616599050123 0.5663641691207886 935
1616599085065 0.6154294013977051 936
1616599121314 0.6144281029701233 937
1616599157324 0.5229932069778442 938
1616599192657 0.5799555778503418 939
1616599232683 0.6271518468856812 940
1616599267564 0.5501030087471008 941
1616599302276 0.5840826034545898 942
1616599337310 0.5686744451522827 943
1616599372012 0.5464500188827515 944
1616599406922 0.6104474067687988 945
1616599441976 0.6201395392417908 946
1616599477562 0.6179921627044678 947
1616599512608 0.6074668765068054 948
1616599547612 0.6737876534461975 949
1616599586536 0.6518298387527466 950
1616599620875 0.5762342810630798 951
1616599655334 0.578597903251648 952
1616599690016 0.559926450252533 953
1616599724959 0.6154007911682129 954
1616599759946 0.6899712085723877 955
1616599795219 0.6075332164764404 956
1616599830019 0.5814182162284851 957
1616599866261 0.6842015981674194 958
1616599902963 0.6043841242790222 959
1616599943427 0.5903539657592773 960
1616599977749 0.6375271081924438 961
1616600012565 0.6026245355606079 962
1616600047382 0.6452166438102722 963
1616600082694 0.6297224760055542 964
1616600118377 0.5957095623016357 965
1616600152864 0.565562903881073 966
1616600187351 0.6598198413848877 967
1616600221693 0.6025844216346741 968
1616600256514 0.5945674180984497 969
1616600296172 0.6198616623878479 970
1616600331821 0.6567299365997314 971
1616600368055 0.6249699592590332 972
1616600403635 0.6313964128494263 973
1616600438915 0.5907212495803833 974
1616600473604 0.6217597723007202 975
1616600508392 0.6274042725563049 976
1616600543602 0.5752688646316528 977
1616600578761 0.6108347773551941 978
1616600613647 0.5851151347160339 979
1616600652852 0.5939728021621704 980
1616600687384 0.5989902019500732 981
1616600721826 0.600366473197937 982
1616600756951 0.6302302479743958 983
1616600791235 0.6636933088302612 984
1616600826324 0.638893187046051 985
1616600860753 0.6281253099441528 986
1616600895319 0.5973432064056396 987
1616600930529 0.5832529067993164 988
1616600965962 0.6384826898574829 989
1616601006532 0.6464356184005737 990
1616601042482 0.6948045492172241 991
1616601078106 0.5690556168556213 992
1616601114020 0.5544710159301758 993
1616601149166 0.6401498317718506 994
1616601184461 0.6320667862892151 995
1616601218756 0.6058173775672913 996
1616601253301 0.5621194839477539 997
1616601288452 0.5495097637176514 998
1616601323195 0.5971115827560425 999
1616601361756 0.5588001608848572 1000
1616601396228 0.6523535251617432 1001
1616601431252 0.6262868642807007 1002
1616601465623 0.58674156665802 1003
1616601500934 0.6543257236480713 1004
1616601536370 0.655046820640564 1005
1616601571985 0.5844089984893799 1006
1616601606943 0.623612642288208 1007
1616601642702 0.5947298407554626 1008
1616601678046 0.6271566152572632 1009
1616601717638 0.5979217290878296 1010
1616601752892 0.6070002913475037 1011
1616601787500 0.6489176750183105 1012
1616601821975 0.6357556581497192 1013
1616601856839 0.591279149055481 1014
1616601892044 0.6120586395263672 1015
1616601927051 0.6008086800575256 1016
1616601962265 0.5886308550834656 1017
1616601998770 0.607314944267273 1018
1616602035680 0.5778852105140686 1019
1616602076169 0.6268793344497681 1020
1616602111140 0.6128658056259155 1021
1616602145765 0.540115475654602 1022
1616602180463 0.5946035385131836 1023
1616602216227 0.5712451934814453 1024
1616602250678 0.6302881240844727 1025
1616602285360 0.5814731121063232 1026
1616602320506 0.6414865255355835 1027
1616602354901 0.6417145133018494 1028
1616602389240 0.5664263963699341 1029
1616602428067 0.591559886932373 1030
1616602463195 0.5859101414680481 1031
1616602498241 0.6140894889831543 1032
1616602532915 0.6117863059043884 1033
1616602568457 0.580731987953186 1034
1616602604524 0.6339715719223022 1035
1616602639959 0.6237204074859619 1036
1616602675394 0.6017601490020752 1037
1616602710564 0.6372394561767578 1038
1616602745925 0.5762321352958679 1039
1616602784801 0.6087040901184082 1040
1616602819644 0.630169153213501 1041
1616602854725 0.5906847715377808 1042
1616602889719 0.5876623392105103 1043
1616602924360 0.584247887134552 1044
1616602959928 0.6541693210601807 1045
1616602994903 0.5726953744888306 1046
1616603029346 0.5548447370529175 1047
1616603063999 0.6089535355567932 1048
1616603098248 0.6193341016769409 1049
1616603137921 0.6598754525184631 1050
1616603172250 0.5821760892868042 1051
1616603207590 0.599066436290741 1052
1616603242765 0.5619484186172485 1053
1616603278188 0.6367652416229248 1054
1616603313654 0.6232078075408936 1055
1616603349675 0.5817601084709167 1056
1616603385347 0.6351927518844604 1057
1616603420622 0.610674262046814 1058
1616603455465 0.6228147745132446 1059
1616603494446 0.6173221468925476 1060
1616603529656 0.5978776216506958 1061
1616603564091 0.5679205656051636 1062
1616603598759 0.6035649180412292 1063
1616603633256 0.616050124168396 1064
1616603668219 0.5994856357574463 1065
1616603703396 0.5690646767616272 1066
1616603738039 0.6585884690284729 1067
1616603773553 0.5966119766235352 1068
1616603809831 0.5331931114196777 1069
1616603849840 0.5971419215202332 1070
1616603884844 0.6151160001754761 1071
1616603920713 0.6368528008460999 1072
1616603955980 0.644239068031311 1073
1616603990551 0.6082413196563721 1074
1616604025983 0.5820145606994629 1075
1616604060645 0.6162514686584473 1076
1616604095246 0.5623340606689453 1077
1616604130367 0.6084375977516174 1078
1616604164836 0.5703758001327515 1079
1616604204945 0.5877587795257568 1080
1616604239170 0.6361745595932007 1081
1616604273536 0.6241413354873657 1082
1616604308008 0.6015859842300415 1083
1616604342345 0.5709738731384277 1084
1616604377917 0.6094462871551514 1085
1616604413124 0.6018596291542053 1086
1616604449085 0.5899257659912109 1087
1616604484371 0.6309245824813843 1088
1616604519056 0.5908598899841309 1089
1616604558102 0.590114414691925 1090
1616604593032 0.5783991813659668 1091
1616604627937 0.609129786491394 1092
1616604662531 0.5581974983215332 1093
1616604696920 0.6028434038162231 1094
1616604731971 0.6276343464851379 1095
1616604766434 0.6419885158538818 1096
1616604800898 0.6056898236274719 1097
1616604835393 0.6017378568649292 1098
1616604869851 0.5934062600135803 1099
1616604909619 0.6231290102005005 1100
1616604945886 0.6370828151702881 1101
1616604981713 0.601386547088623 1102
1616605016587 0.6076335906982422 1103
1616605051261 0.6257697343826294 1104
1616605086559 0.6560657024383545 1105
1616605121479 0.6293773651123047 1106
1616605157193 0.6149886846542358 1107
1616605192263 0.5780721306800842 1108
1616605226597 0.6021349430084229 1109
1616605265647 0.6289730072021484 1110
1616605299963 0.554900050163269 1111
1616605334311 0.6103665828704834 1112
1616605368967 0.611516535282135 1113
1616605403931 0.5972765684127808 1114
1616605439048 0.6186459064483643 1115
1616605473360 0.5909198522567749 1116
1616605507881 0.6259586811065674 1117
1616605543265 0.5929564833641052 1118
1616605580318 0.5608712434768677 1119
1616605620100 0.5686187744140625 1120
1616605655815 0.6060341596603394 1121
1616605691259 0.5922116041183472 1122
1616605725615 0.5835195779800415 1123
1616605760594 0.6185851097106934 1124
1616605795085 0.5817302465438843 1125
1616605829181 0.5819423198699951 1126
1616605863787 0.6495997905731201 1127
1616605898931 0.6146030426025391 1128
1616605933852 0.5845382213592529 1129
1616605973468 0.6878098249435425 1130
1616606008002 0.6210932731628418 1131
1616606042175 0.5693486928939819 1132
1616606077410 0.5674327611923218 1133
1616606112573 0.6722695827484131 1134
1616606148921 0.6174625158309937 1135
1616606184963 0.6125764846801758 1136
1616606220450 0.6434129476547241 1137
1616606255602 0.6525305509567261 1138
1616606290124 0.6371219754219055 1139
1616606329179 0.5549238324165344 1140
1616606363530 0.6098555326461792 1141
1616606398576 0.6305392980575562 1142
1616606433512 0.5799567699432373 1143
1616606468041 0.5855696201324463 1144
1616606502673 0.6251276731491089 1145
1616606537138 0.665956974029541 1146
1616606572922 0.6283281445503235 1147
1616606607650 0.6313837170600891 1148
1616606642418 0.5671106576919556 1149
1616606680666 0.5553960800170898 1150
1616606715105 0.616876482963562 1151
1616606749360 0.6001230478286743 1152
1616606783733 0.595138669013977 1153
1616606818399 0.6075798273086548 1154
1616606852679 0.5747796297073364 1155
1616606887411 0.6062301397323608 1156
1616606921775 0.6446316242218018 1157
1616606956551 0.5224078297615051 1158
1616606991727 0.6156878471374512 1159
1616607031267 0.6060702800750732 1160
1616607066972 0.6336071491241455 1161
1616607102382 0.6630741357803345 1162
1616607138034 0.6291677355766296 1163
1616607172651 0.6258673667907715 1164
1616607207308 0.590202808380127 1165
1616607242979 0.6194778084754944 1166
1616607277445 0.5847020149230957 1167
1616607312575 0.5565438866615295 1168
1616607347129 0.6087663769721985 1169
1616607386842 0.5866022109985352 1170
1616607421647 0.6086056232452393 1171
1616607456196 0.6072130799293518 1172
1616607490670 0.6023915410041809 1173
1616607525710 0.6010380983352661 1174
1616607560795 0.6247344017028809 1175
1616607596268 0.5875009298324585 1176
1616607632019 0.5342496633529663 1177
1616607667752 0.6477378010749817 1178
1616607703432 0.5985193252563477 1179
1616607742847 0.6590736508369446 1180
1616607778235 0.6431779861450195 1181
1616607812860 0.5692741870880127 1182
1616607847984 0.5724146366119385 1183
1616607882978 0.582625150680542 1184
1616607918072 0.5645397901535034 1185
1616607953332 0.6173897981643677 1186
1616607988271 0.65704345703125 1187
1616608023346 0.5949890613555908 1188
1616608058503 0.6484110355377197 1189
1616608098715 0.6142809391021729 1190
1616608132831 0.5859552621841431 1191
1616608167194 0.587847113609314 1192
1616608201774 0.5708252191543579 1193
1616608236162 0.6457420587539673 1194
1616608270353 0.6113242506980896 1195
1616608304909 0.6427412033081055 1196
1616608339371 0.5609525442123413 1197
1616608374211 0.612936794757843 1198
1616608409498 0.6265896558761597 1199
1616608449607 0.6123040914535522 1200
1616608475914 0.6009789705276489 0
1616608475926 0.6009789705276489 0
