1616565953484 0.0005685967626050115 1
1616565987815 9.456529369344935e-05 2
1616566022646 0.0001988801232073456 3
1616566057146 0.0018115505808964372 4
1616566091913 6.723098522343207e-06 5
1616566126392 3.098946399404667e-05 6
1616566161361 7.767350325593725e-06 7
1616566196330 0.0 8
1616566230789 0.0 9
1616566270559 0.0 10
1616566304901 0.0 11
1616566339195 0.0 12
1616566373548 0.0 13
1616566408041 0.0 14
1616566442985 0.0 15
1616566477561 0.0 16
1616566512397 0.0 17
1616566546925 0.0 18
1616566581246 0.0 19
1616566620797 0.0 20
1616566655102 5.452424375107512e-05 21
1616566689931 0.0 22
1616566724148 0.0 23
1616566758349 0.0 24
1616566793027 0.0 25
1616566827804 0.0 26
1616566862343 0.0 27
1616566896851 0.0 28
1616566931738 0.0 29
1616566970926 0.0 30
1616567005361 0.0 31
1616567040331 0.0 32
1616567074806 0.0 33
1616567111728 0.0 34
1616567146087 0.0 35
1616567180346 0.0 36
1616567215274 0.0 37
1616567249817 0.0 38
1616567284569 0.0 39
1616567323012 0.0 40
1616567357633 0.0 41
1616567392507 0.0 42
1616567427596 0.0 43
1616567462501 0.0 44
1616567497276 0.0 45
1616567531610 0.0 46
1616567565971 0.0 47
1616567600704 0.0 48
1616567635500 0.0 49
1616567674796 0.0 50
1616567709137 0.0 51
1616567743975 0.0 52
1616567778362 0.0 53
1616567813078 0.0 54
1616567847391 0.0 55
1616567882097 0.0 56
1616567916647 0.0 57
1616567951629 0.0 58
1616567986886 0.0 59
1616568026346 0.0 60
1616568060756 0.0 61
1616568095409 0.0 62
1616568130227 0.0 63
1616568164873 0.0 64
1616568198894 0.0 65
1616568233582 0.0 66
1616568267796 0.0 67
1616568302092 0.0 68
1616568336621 0.0 69
1616568375137 0.0 70
1616568409602 0.0 71
1616568444044 0.0 72
1616568478490 0.0 73
1616568512863 0.0 74
1616568547909 0.0 75
1616568582852 0.0 76
1616568617462 0.0 77
1616568651999 0.0 78
1616568686476 0.0 79
1616568725354 0.0 80
1616568759668 8.670555871503893e-06 81
1616568793888 0.0 82
1616568828228 0.0 83
1616568862989 0.0 84
1616568897733 4.6027539610804524e-06 85
1616568931946 0.0 86
1616568966198 0.0 87
1616569000694 0.0 88
1616569034976 0.0 89
1616569074191 1.0576787644822616e-05 90
1616569108711 0.0 91
1616569143384 0.0 92
1616569178087 0.0 93
1616569212717 0.0 94
1616569247565 0.0 95
1616569282086 0.0 96
1616569316400 0.0 97
1616569350939 0.0 98
1616569386067 2.610250339785125e-05 99
1616569425687 0.0 100
1616569460909 0.0 101
1616569495675 9.36803246531781e-07 102
1616569530543 0.0 103
1616569565366 3.959541572839953e-05 104
1616569600069 3.5605771699920297e-06 105
1616569635436 6.619814598707308e-07 106
1616569669913 0.0 107
1616569704727 0.0 108
1616569739058 0.0 109
1616569778079 5.148005129740341e-06 110
1616569812755 0.0 111
1616569847049 0.0 112
1616569881760 0.0 113
1616569916217 0.0012254902394488454 114
1616569950985 0.0 115
1616569985518 5.300353586790152e-05 116
1616570020109 0.0 117
1616570054549 0.0 118
1616570089578 0.0 119
1616570128792 1.1494847740323166e-06 120
1616570163461 0.00010494119487702847 121
1616570198515 0.00026458120555616915 122
1616570232901 0.0008796976180747151 123
1616570267593 0.0 124
1616570302453 0.0 125
1616570337194 0.0 126
1616570372254 1.5278956766451302e-07 127
1616570406590 0.0 128
1616570441332 0.0 129
1616570479924 0.0 130
1616570514448 1.2218605661473703e-05 131
1616570548881 0.00020663096802309155 132
1616570583639 0.00023182087170425802 133
1616570618213 0.00029604550218209624 134
1616570653000 1.3005593245907221e-05 135
1616570687763 0.0005057051894254982 136
1616570722127 3.916631612810306e-06 137
1616570756932 9.101249816012569e-06 138
1616570791545 0.0002728356630541384 139
1616570831039 0.007227838505059481 140
1616570865419 2.2483825887320563e-05 141
1616570900129 1.8056634871754795e-05 142
1616570934971 0.0 143
1616570969278 0.00032103320700116456 144
1616571003922 0.00017887767171487212 145
1616571038152 5.328060797182843e-05 146
1616571072538 0.0 147
1616571107342 0.0 148
1616571142512 1.394722221448319e-05 149
1616571182063 0.0004725950420834124 150
1616571216358 0.0 151
1616571251179 0.00035306450445204973 152
1616571286064 0.00020522269187495112 153
1616571321003 0.0003456786216702312 154
1616571355461 0.001932829967699945 155
1616571390201 0.00016043514187913388 156
1616571424490 0.0 157
1616571459131 9.592786227585748e-07 158
1616571493916 0.0009151606354862452 159
1616571533453 8.682090083311778e-06 160
1616571568296 0.00040612349403090775 161
1616571603408 0.0 162
1616571638360 0.0021425997838377953 163
1616571673247 0.0 164
1616571707880 0.0 165
1616571742531 0.00010684335575206205 166
1616571777491 0.00043982607894577086 167
1616571812369 0.0010938564082607627 168
1616571846722 0.0005062794662080705 169
1616571885340 8.396121847908944e-05 170
1616571919730 0.006272527389228344 171
1616571954642 0.003569468390196562 172
1616571989218 0.0036401809193193913 173
1616572023565 0.017139634117484093 174
1616572058401 0.0020760290790349245 175
1616572092881 0.00996206421405077 176
1616572127619 0.001962007023394108 177
1616572162460 0.005074385087937117 178
1616572197094 0.0002825000265147537 179
1616572235584 0.0008808721322566271 180
1616572270466 0.0015366260195150971 181
1616572305476 0.0005931547493673861 182
1616572340244 0.0015589584363624454 183
1616572375186 0.0011751287383958697 184
1616572409851 0.0015376161318272352 185
1616572444409 0.0039059265982359648 186
1616572478834 0.00025142182130366564 187
1616572514033 0.00015093958063516766 188
1616572549319 0.002946093212813139 189
1616572588360 0.0053651584312319756 190
1616572623004 0.001974448561668396 191
1616572657771 0.0025328167248517275 192
1616572692338 0.008088678121566772 193
1616572726661 0.012983230873942375 194
1616572760967 0.003911176696419716 195
1616572795440 0.011338736861944199 196
1616572830445 0.0005810749134980142 197
1616572864892 0.005792934447526932 198
1616572899832 0.0033583908807486296 199
1616572939689 0.0002081370330415666 200
1616572974529 0.004798751324415207 201
1616573009240 0.006071609910577536 202
1616573043980 0.007003469858318567 203
1616573078978 0.007739124353975058 204
1616573113282 0.008368254639208317 205
1616573148048 0.0033353865146636963 206
1616573182412 0.007602571975439787 207
1616573216971 0.007075326517224312 208
1616573251767 0.024377919733524323 209
1616573290762 0.005513650365173817 210
1616573325444 0.01944287307560444 211
1616573360330 0.013533641584217548 212
1616573395453 0.015935467556118965 213
1616573430242 0.01934388466179371 214
1616573464733 0.0010367113864049315 215
1616573499109 0.014852036722004414 216
1616573533872 0.023499969393014908 217
1616573568284 0.007463052868843079 218
1616573603026 0.021127790212631226 219
1616573642112 0.027350541204214096 220
1616573676389 0.02144160494208336 221
1616573710800 0.02303105965256691 222
1616573745572 0.0158726517111063 223
1616573780439 0.03206657990813255 224
1616573814966 0.02333414927124977 225
1616573849455 0.027657415717840195 226
1616573884459 0.03505652770400047 227
1616573919115 0.02964380942285061 228
1616573953856 0.02586047351360321 229
1616573992598 0.03830450773239136 230
1616574027113 0.02259579300880432 231
1616574062244 0.009108858183026314 232
1616574097280 0.027437221258878708 233
1616574132155 0.032097555696964264 234
1616574166683 0.014357943087816238 235
1616574201581 0.037522707134485245 236
1616574236517 0.03494429215788841 237
1616574271585 0.06041155755519867 238
1616574306338 0.027988381683826447 239
1616574345535 0.03584088012576103 240
1616574380567 0.025685956701636314 241
1616574415475 0.00967829767614603 242
1616574450281 0.021592769771814346 243
1616574485104 0.02127864584326744 244
1616574519485 0.041337624192237854 245
1616574554477 0.017558814957737923 246
1616574588785 0.02029242180287838 247
1616574623520 0.02486441470682621 248
1616574657618 0.03867560252547264 249
1616574696808 0.01530319731682539 250
1616574731110 0.019830726087093353 251
1616574765876 0.03938562795519829 252
1616574800269 0.024401351809501648 253
1616574834605 0.050534360110759735 254
1616574869050 0.05200556293129921 255
1616574903605 0.04354802519083023 256
1616574937979 0.023693840950727463 257
1616574972674 0.03943497687578201 258
1616575007537 0.04774099588394165 259
1616575046321 0.05355602502822876 260
1616575080801 0.029105234891176224 261
1616575115799 0.0396423377096653 262
1616575150119 0.030543755739927292 263
1616575184445 0.05255954712629318 264
1616575219241 0.038980137556791306 265
1616575253755 0.018208550289273262 266
1616575288188 0.03770844638347626 267
1616575322963 0.023190397769212723 268
1616575357161 0.06100635603070259 269
1616575395977 0.061725467443466187 270
1616575430693 0.029676765203475952 271
1616575465589 0.02879307046532631 272
1616575500070 0.04874790459871292 273
1616575534935 0.0459754541516304 274
1616575569917 0.08048109710216522 275
1616575604697 0.04826092720031738 276
1616575639374 0.0569910928606987 277
1616575673743 0.03938163071870804 278
1616575708553 0.041083432734012604 279
1616575748371 0.03180138021707535 280
1616575783095 0.057054780423641205 281
1616575817729 0.039832524955272675 282
1616575852327 0.04504523426294327 283
1616575887348 0.04313740134239197 284
1616575922263 0.066508449614048 285
1616575957016 0.11237987875938416 286
1616575992366 0.03954692557454109 287
1616576026777 0.06018464267253876 288
1616576061553 0.062035076320171356 289
1616576100808 0.06826093792915344 290
1616576135133 0.043893638998270035 291
1616576169432 0.05340258777141571 292
1616576203729 0.07454108446836472 293
1616576238085 0.05214209482073784 294
1616576272835 0.052616193890571594 295
1616576307631 0.09778188169002533 296
1616576342252 0.05432518944144249 297
1616576376956 0.03337094932794571 298
1616576411463 0.10051587224006653 299
1616576450782 0.03103218600153923 300
1616576485262 0.06471958011388779 301
1616576520264 0.07432133704423904 302
1616576555346 0.05270179361104965 303
1616576590358 0.052711084485054016 304
1616576624974 0.09013889729976654 305
1616576659841 0.07987792044878006 306
1616576695212 0.0476742684841156 307
1616576729845 0.06346085667610168 308
1616576764307 0.04492941126227379 309
1616576803658 0.047529205679893494 310
1616576838268 0.09881581366062164 311
1616576873170 0.08179488778114319 312
1616576907645 0.07903814315795898 313
1616576942450 0.1063389703631401 314
1616576976598 0.07871764153242111 315
1616577011534 0.08830239623785019 316
1616577045890 0.06444751471281052 317
1616577080973 0.08233460038900375 318
1616577115867 0.12275779247283936 319
1616577155442 0.10861536115407944 320
1616577190496 0.08946937322616577 321
1616577225332 0.05903288722038269 322
1616577259968 0.057326801121234894 323
1616577294893 0.10276032239198685 324
1616577329343 0.07938314229249954 325
1616577364253 0.08293914049863815 326
1616577399228 0.08321231603622437 327
1616577433555 0.07353872060775757 328
1616577468374 0.0705750361084938 329
1616577507438 0.09709891676902771 330
1616577541703 0.08253304660320282 331
1616577576036 0.06908725202083588 332
1616577610464 0.08252061903476715 333
1616577644875 0.07355348765850067 334
1616577679382 0.0943102166056633 335
1616577714012 0.11836373060941696 336
1616577748931 0.05659168213605881 337
1616577783913 0.032213661819696426 338
1616577818610 0.08581452071666718 339
1616577857596 0.1061626672744751 340
1616577892445 0.0784761980175972 341
1616577927140 0.08178979158401489 342
1616577961924 0.0802832543849945 343
1616577996165 0.09133345633745193 344
1616578030748 0.08519209921360016 345
1616578065081 0.09345249831676483 346
1616578100091 0.07548047602176666 347
1616578135350 0.07530756294727325 348
1616578170208 0.05223098397254944 349
1616578209384 0.0741153284907341 350
1616578243963 0.08905056118965149 351
1616578278651 0.12913396954536438 352
1616578313256 0.11031114310026169 353
1616578348262 0.06754671782255173 354
1616578383120 0.07132063060998917 355
1616578417856 0.07342637330293655 356
1616578452242 0.11616210639476776 357
1616578486637 0.10622017085552216 358
1616578521478 0.08611249923706055 359
1616578560006 0.06515699625015259 360
1616578595116 0.0875164121389389 361
1616578629520 0.13038204610347748 362
1616578664327 0.11526720225811005 363
1616578698888 0.07661136984825134 364
1616578733407 0.0778588354587555 365
1616578768223 0.05626247823238373 366
1616578802745 0.07859610766172409 367
1616578837703 0.06128036975860596 368
1616578872586 0.06331383436918259 369
1616578912461 0.08720545470714569 370
1616578947481 0.08075694739818573 371
1616578982363 0.06934796273708344 372
1616579017488 0.06453069299459457 373
1616579051841 0.05769690126180649 374
1616579086156 0.07014158368110657 375
1616579120990 0.09559045732021332 376
1616579155299 0.04894013702869415 377
1616579189938 0.061699945479631424 378
1616579224515 0.11589336395263672 379
1616579263459 0.1406918168067932 380
1616579298518 0.05183304846286774 381
1616579333532 0.10303376615047455 382
1616579367913 0.09762967377901077 383
1616579402865 0.09123881161212921 384
1616579437906 0.07058964669704437 385
1616579472497 0.0628477931022644 386
1616579507427 0.13097962737083435 387
1616579541835 0.07199567556381226 388
1616579576919 0.0718483254313469 389
1616579616123 0.09841300547122955 390
1616579650935 0.04115677624940872 391
1616579685437 0.06756401807069778 392
1616579720283 0.10530389845371246 393
1616579754774 0.0643361285328865 394
1616579789493 0.06471170485019684 395
1616579824276 0.13103216886520386 396
1616579858657 0.064896360039711 397
1616579893196 0.09177233278751373 398
1616579927847 0.04877068102359772 399
1616579967060 0.07873927056789398 400
1616580001510 0.111963652074337 401
1616580036001 0.06677879393100739 402
1616580070809 0.08068916946649551 403
1616580105447 0.10753189772367477 404
1616580140057 0.13068637251853943 405
1616580174740 0.1182454377412796 406
1616580209227 0.11686444282531738 407
1616580243607 0.08589255809783936 408
1616580278494 0.07851752638816833 409
1616580318564 0.0814099982380867 410
1616580353453 0.09275626391172409 411
1616580387721 0.07916764914989471 412
1616580422155 0.12894602119922638 413
1616580456523 0.06006463244557381 414
1616580490806 0.10686466097831726 415
1616580525278 0.0852101668715477 416
1616580559912 0.1044633686542511 417
1616580594309 0.10591766238212585 418
1616580628903 0.10773902386426926 419
1616580668202 0.12139976024627686 420
1616580702913 0.09938520193099976 421
1616580737380 0.07269348949193954 422
1616580771854 0.07397479563951492 423
1616580806214 0.08707042038440704 424
1616580840673 0.10899882018566132 425
1616580875337 0.10224302113056183 426
1616580909822 0.08393271267414093 427
1616580944249 0.10556724667549133 428
1616580978742 0.10569144785404205 429
1616581018108 0.1254599690437317 430
1616581052663 0.12150882929563522 431
1616581087005 0.09226784110069275 432
1616581121589 0.13353347778320312 433
1616581155942 0.0995054543018341 434
1616581191113 0.11722536385059357 435
1616581225823 0.14471490681171417 436
1616581260530 0.08468804508447647 437
1616581294812 0.07455749809741974 438
1616581329093 0.07838641852140427 439
1616581368112 0.09795479476451874 440
1616581402632 0.11985142529010773 441
1616581437440 0.06675281375646591 442
1616581471922 0.10821488499641418 443
1616581506384 0.11961464583873749 444
1616581540770 0.08581693470478058 445
1616581575326 0.057988040149211884 446
1616581609867 0.09800450503826141 447
1616581644286 0.11133450269699097 448
1616581678962 0.11150287091732025 449
1616581717983 0.13889290392398834 450
1616581753056 0.10544930398464203 451
1616581787621 0.07495943456888199 452
1616581822570 0.11510488390922546 453
1616581857254 0.11202815175056458 454
1616581891951 0.1489761471748352 455
1616581926486 0.10238827019929886 456
1616581960753 0.08181188255548477 457
1616581995046 0.09704411029815674 458
1616582029785 0.1172676831483841 459
1616582068850 0.09872226417064667 460
1616582103069 0.10651477426290512 461
1616582138103 0.12272662669420242 462
1616582172517 0.11240272223949432 463
1616582206972 0.09751534461975098 464
1616582241435 0.09731310606002808 465
1616582275958 0.10358115285634995 466
1616582310792 0.083865225315094 467
1616582345240 0.09668135643005371 468
1616582380058 0.13667136430740356 469
1616582419342 0.10732689499855042 470
1616582453569 0.09812237322330475 471
1616582488175 0.12242552638053894 472
1616582522522 0.09110021591186523 473
1616582556821 0.10408571362495422 474
1616582591303 0.10888051986694336 475
1616582626229 0.1597522795200348 476
1616582660540 0.09262784570455551 477
1616582695582 0.1182265430688858 478
1616582730038 0.1332799792289734 479
1616582769293 0.14268898963928223 480
1616582804118 0.137658953666687 481
1616582839068 0.1051955446600914 482
1616582873936 0.15537109971046448 483
1616582908671 0.12548264861106873 484
1616582943187 0.13507145643234253 485
1616582977744 0.09726884961128235 486
1616583012241 0.12632052600383759 487
1616583047541 0.1268223524093628 488
1616583082518 0.08496398478746414 489
1616583121144 0.13509009778499603 490
1616583155748 0.09027785062789917 491
1616583190091 0.10086175799369812 492
1616583224811 0.14429499208927155 493
1616583259721 0.0866662785410881 494
1616583294603 0.11314255744218826 495
1616583329061 0.09906531870365143 496
1616583364215 0.11692081391811371 497
1616583399146 0.14412885904312134 498
1616583433954 0.1352236568927765 499
1616583473030 0.14722870290279388 500
1616583507247 0.15245163440704346 501
1616583541541 0.1414707601070404 502
1616583576128 0.08758807927370071 503
1616583610801 0.11432600766420364 504
1616583645256 0.09920580685138702 505
1616583679467 0.12504816055297852 506
1616583713970 0.13900946080684662 507
1616583748724 0.15829794108867645 508
1616583783660 0.1429712325334549 509
1616583823056 0.10068021714687347 510
1616583857364 0.12919695675373077 511
1616583892092 0.15167133510112762 512
1616583926770 0.12737157940864563 513
1616583961280 0.12631922960281372 514
1616583995973 0.10543431341648102 515
1616584030456 0.07756441831588745 516
1616584064903 0.11454394459724426 517
1616584099238 0.13297662138938904 518
1616584133852 0.1368391513824463 519
1616584173422 0.17911989986896515 520
1616584208485 0.17714396119117737 521
1616584243096 0.12132515758275986 522
1616584280462 0.12743327021598816 523
1616584315446 0.13076812028884888 524
1616584350435 0.07584820687770844 525
1616584385426 0.14400137960910797 526
1616584420262 0.14008799195289612 527
1616584455098 0.13518096506595612 528
1616584489838 0.10995011031627655 529
1616584528463 0.14459902048110962 530
1616584563348 0.12435908615589142 531
1616584598053 0.10287833213806152 532
1616584632501 0.1587086319923401 533
1616584667047 0.16882359981536865 534
1616584702108 0.11222255229949951 535
1616584736487 0.12910889089107513 536
1616584771145 0.09321920573711395 537
1616584805895 0.14130765199661255 538
1616584840428 0.11909686028957367 539
1616584879491 0.15126998722553253 540
1616584914335 0.13818597793579102 541
1616584949198 0.15469838678836823 542
1616584983861 0.14156755805015564 543
1616585018388 0.12360437959432602 544
1616585053195 0.12972122430801392 545
1616585087794 0.11942090094089508 546
1616585122798 0.13010239601135254 547
1616585157648 0.140158012509346 548
1616585192343 0.1406804919242859 549
1616585231738 0.16367720067501068 550
1616585266304 0.125947967171669 551
1616585300997 0.0836719200015068 552
1616585335707 0.11814320087432861 553
1616585370027 0.14282068610191345 554
1616585404763 0.09257569909095764 555
1616585439542 0.14437492191791534 556
1616585474391 0.1624544858932495 557
1616585509115 0.20410200953483582 558
1616585543918 0.11312444508075714 559
1616585582812 0.16330206394195557 560
1616585617067 0.17080044746398926 561
1616585651157 0.1350604146718979 562
1616585685774 0.1866995394229889 563
1616585720272 0.16181492805480957 564
1616585755019 0.16811105608940125 565
1616585789608 0.11789971590042114 566
1616585824318 0.1097596287727356 567
1616585859027 0.133745938539505 568
1616585893887 0.08709697425365448 569
1616585932777 0.15716110169887543 570
1616585967802 0.14911600947380066 571
1616586002847 0.14063099026679993 572
1616586037626 0.15907789766788483 573
1616586072759 0.15769164264202118 574
1616586107012 0.1756037473678589 575
1616586141432 0.13088512420654297 576
1616586176179 0.17217421531677246 577
1616586210990 0.08739315718412399 578
1616586245587 0.14638805389404297 579
1616586284508 0.14011116325855255 580
1616586319229 0.14051836729049683 581
1616586353607 0.15605352818965912 582
1616586388253 0.11418621242046356 583
1616586422843 0.1255488097667694 584
1616586457244 0.1438797265291214 585
1616586491513 0.14859692752361298 586
1616586526443 0.15821491181850433 587
1616586561466 0.1306406557559967 588
1616586596097 0.11457930505275726 589
1616586635014 0.12705306708812714 590
1616586670313 0.15761876106262207 591
1616586704959 0.1406966596841812 592
1616586739514 0.1430751085281372 593
1616586774133 0.14006435871124268 594
1616586808606 0.15987244248390198 595
1616586843514 0.11420935392379761 596
1616586878167 0.13634535670280457 597
1616586912452 0.16155512630939484 598
1616586946832 0.1148248165845871 599
1616586986556 0.1900976300239563 600
1616587020765 0.11119435727596283 601
1616587055222 0.1082104966044426 602
1616587089941 0.11977529525756836 603
1616587124499 0.14992065727710724 604
1616587159157 0.11887015402317047 605
1616587194037 0.16316616535186768 606
1616587228738 0.16768690943717957 607
1616587262982 0.1646493673324585 608
1616587298341 0.1721162647008896 609
1616587337654 0.11852673441171646 610
1616587372627 0.09676164388656616 611
1616587407679 0.11970514059066772 612
1616587442009 0.17124751210212708 613
1616587476801 0.10103730857372284 614
1616587511701 0.10167156904935837 615
1616587546582 0.1278676837682724 616
1616587580971 0.10067728161811829 617
1616587615849 0.16137775778770447 618
1616587650475 0.17056697607040405 619
1616587689350 0.1157149225473404 620
1616587723871 0.14212293922901154 621
1616587758276 0.1573859453201294 622
1616587792735 0.1772020310163498 623
1616587827876 0.17441383004188538 624
1616587862564 0.1356331706047058 625
1616587897377 0.1470796763896942 626
1616587932358 0.1937357485294342 627
1616587966831 0.13822950422763824 628
1616588001466 0.13279083371162415 629
1616588040411 0.16277101635932922 630
1616588075694 0.1876634806394577 631
1616588110422 0.16378992795944214 632
1616588144746 0.18223613500595093 633
1616588179594 0.13355548679828644 634
1616588214469 0.14432698488235474 635
1616588249254 0.13414084911346436 636
1616588283814 0.14123645424842834 637
1616588318630 0.1284458339214325 638
1616588353241 0.16284537315368652 639
1616588392001 0.16514408588409424 640
1616588427199 0.14536255598068237 641
1616588462141 0.11502131819725037 642
1616588497150 0.1420048177242279 643
1616588532069 0.1795184314250946 644
1616588567530 0.1530683934688568 645
1616588602181 0.1837877631187439 646
1616588637052 0.12506431341171265 647
1616588671592 0.15284045040607452 648
1616588706394 0.18900153040885925 649
1616588745268 0.1463068127632141 650
1616588780233 0.1745363175868988 651
1616588815258 0.0830690860748291 652
1616588850356 0.16337433457374573 653
1616588885234 0.1543394923210144 654
1616588920421 0.13520856201648712 655
1616588955051 0.16857033967971802 656
1616588990101 0.14040471613407135 657
1616589025078 0.15611279010772705 658
1616589059534 0.17088928818702698 659
1616589098101 0.17512281239032745 660
1616589132746 0.09559014439582825 661
1616589167945 0.15903954207897186 662
1616589202019 0.1516558825969696 663
1616589236836 0.14886236190795898 664
1616589271261 0.1548282504081726 665
1616589305921 0.13203215599060059 666
1616589340811 0.1419193595647812 667
1616589375740 0.18356746435165405 668
1616589410080 0.165880486369133 669
1616589448916 0.1773054152727127 670
1616589483498 0.1647142469882965 671
1616589518254 0.11587712168693542 672
1616589553172 0.1856626570224762 673
1616589588020 0.177101731300354 674
1616589622861 0.12182439863681793 675
1616589657516 0.1550927758216858 676
1616589692518 0.13699188828468323 677
1616589727468 0.18963474035263062 678
1616589762261 0.1997136026620865 679
1616589800987 0.10468102991580963 680
1616589835374 0.10839749872684479 681
1616589870186 0.1064721941947937 682
1616589905165 0.1593085080385208 683
1616589940205 0.17158110439777374 684
1616589975073 0.1506555825471878 685
1616590009681 0.2078007459640503 686
1616590044542 0.15898752212524414 687
1616590079026 0.1234903410077095 688
1616590113917 0.1696118712425232 689
1616590153283 0.18439151346683502 690
1616590187596 0.1766030192375183 691
1616590222073 0.17895261943340302 692
1616590256552 0.13855120539665222 693
1616590290974 0.14861193299293518 694
1616590325752 0.18340402841567993 695
1616590360819 0.14377379417419434 696
1616590395581 0.12240917235612869 697
1616590430639 0.1909864842891693 698
1616590465493 0.14192427694797516 699
1616590505098 0.14231321215629578 700
1616590540012 0.14894181489944458 701
1616590574398 0.13607221841812134 702
1616590608762 0.15651383996009827 703
1616590643988 0.1597190648317337 704
1616590678558 0.16972801089286804 705
1616590712872 0.1478048413991928 706
1616590747363 0.15016862750053406 707
1616590782065 0.1834101378917694 708
1616590816964 0.15715038776397705 709
1616590856571 0.141532301902771 710
1616590891449 0.15322524309158325 711
1616590925835 0.07299061864614487 712
1616590960248 0.16341760754585266 713
1616590995216 0.11762373149394989 714
1616591029585 0.08798955380916595 715
1616591064372 0.12962669134140015 716
1616591098903 0.12048305571079254 717
1616591133728 0.14547765254974365 718
1616591168597 0.17035990953445435 719
1616591207806 0.11704550683498383 720
1616591242720 0.12242922931909561 721
1616591277337 0.18183383345603943 722
1616591312428 0.1369841992855072 723
1616591347015 0.13895267248153687 724
1616591381346 0.2054205685853958 725
1616591415736 0.1628788709640503 726
1616591449971 0.13667644560337067 727
1616591484290 0.13495194911956787 728
1616591519029 0.140649676322937 729
1616591558649 0.19938135147094727 730
1616591593490 0.1268506944179535 731
1616591628319 0.15591992437839508 732
1616591663138 0.1260722130537033 733
1616591697864 0.14507180452346802 734
1616591732283 0.13701876997947693 735
1616591767168 0.176678866147995 736
1616591801463 0.12083718180656433 737
1616591836209 0.17014744877815247 738
1616591870535 0.1577785164117813 739
1616591909833 0.12417280673980713 740
1616591944667 0.19569018483161926 741
1616591979296 0.15163207054138184 742
1616592014342 0.15648186206817627 743
1616592049415 0.15810641646385193 744
1616592083919 0.13089880347251892 745
1616592118381 0.09519046545028687 746
1616592152868 0.18814030289649963 747
1616592187781 0.12846781313419342 748
1616592222393 0.1958775818347931 749
1616592261210 0.13513632118701935 750
1616592295390 0.13896527886390686 751
1616592330334 0.15174207091331482 752
1616592365338 0.14475476741790771 753
1616592400158 0.1434427797794342 754
1616592434433 0.18490850925445557 755
1616592468870 0.15315784513950348 756
1616592503860 0.10282528400421143 757
1616592538292 0.12365598231554031 758
1616592572643 0.14872336387634277 759
1616592611823 0.14186948537826538 760
1616592646384 0.13060492277145386 761
1616592680756 0.18075107038021088 762
1616592715079 0.1425630748271942 763
1616592749672 0.13836178183555603 764
1616592784406 0.18636161088943481 765
1616592819204 0.20205482840538025 766
1616592854195 0.19162777066230774 767
1616592888723 0.13950501382350922 768
1616592923491 0.20039542019367218 769
1616592962665 0.17149996757507324 770
1616592997193 0.11458263546228409 771
1616593032025 0.11795972287654877 772
1616593066539 0.18321961164474487 773
1616593101014 0.16221217811107635 774
1616593135423 0.06863359361886978 775
1616593170365 0.16280964016914368 776
1616593205697 0.17914894223213196 777
1616593240068 0.12298433482646942 778
1616593274500 0.15483161807060242 779
1616593313627 0.1784546673297882 780
1616593347893 0.16719694435596466 781
1616593382729 0.15853352844715118 782
1616593417670 0.17987662553787231 783
1616593452132 0.13303102552890778 784
1616593486611 0.12606720626354218 785
1616593521272 0.17011040449142456 786
1616593555906 0.18138815462589264 787
1616593590194 0.1986461877822876 788
1616593624704 0.1300961673259735 789
1616593664085 0.17312413454055786 790
1616593698631 0.1878044605255127 791
1616593733603 0.13516515493392944 792
1616593768118 0.1090187132358551 793
1616593802512 0.17943015694618225 794
1616593836924 0.12925268709659576 795
1616593871353 0.17737740278244019 796
1616593906278 0.14117422699928284 797
1616593940739 0.13333973288536072 798
1616593975856 0.1660253256559372 799
1616594014535 0.1764802485704422 800
1616594049059 0.1433408558368683 801
1616594083378 0.15120023488998413 802
1616594117429 0.16128003597259521 803
1616594152238 0.1969141960144043 804
1616594187146 0.14376506209373474 805
1616594221526 0.12808988988399506 806
1616594256471 0.1397806853055954 807
1616594291486 0.12362474203109741 808
1616594326515 0.16599227488040924 809
1616594366329 0.1868005394935608 810
1616594401376 0.162570059299469 811
1616594435860 0.16523510217666626 812
1616594470719 0.15951164066791534 813
1616594505649 0.17360113561153412 814
1616594540413 0.11607242375612259 815
1616594575304 0.15251436829566956 816
1616594610227 0.15414851903915405 817
1616594645080 0.15757668018341064 818
1616594679855 0.1536826342344284 819
1616594718274 0.16453097760677338 820
1616594752576 0.14437298476696014 821
1616594787394 0.1203400045633316 822
1616594822158 0.11885125935077667 823
1616594856536 0.14849916100502014 824
1616594891357 0.15450440347194672 825
1616594925810 0.1676185429096222 826
1616594960241 0.16440565884113312 827
1616594995064 0.12158356606960297 828
1616595029476 0.1447964459657669 829
1616595068437 0.16364163160324097 830
1616595103187 0.10974764078855515 831
1616595138931 0.1715242862701416 832
1616595173603 0.1480037271976471 833
1616595207875 0.1426171064376831 834
1616595242706 0.19814349710941315 835
1616595277485 0.12832093238830566 836
1616595312070 0.14169570803642273 837
1616595346362 0.1752842515707016 838
1616595381188 0.11054649204015732 839
1616595420065 0.15527597069740295 840
1616595454785 0.12606263160705566 841
1616595489552 0.2019483596086502 842
1616595524476 0.1397690325975418 843
1616595559414 0.12659615278244019 844
1616595593790 0.13417327404022217 845
1616595628789 0.1938321888446808 846
1616595663284 0.148191437125206 847
1616595698463 0.131090447306633 848
1616595733507 0.15473024547100067 849
1616595773509 0.14579090476036072 850
1616595808433 0.1453593373298645 851
1616595843162 0.1264859437942505 852
1616595877519 0.11825193464756012 853
1616595911832 0.15982560813426971 854
1616595946271 0.1646350622177124 855
1616595981223 0.1475726068019867 856
1616596015645 0.12026357650756836 857
1616596050042 0.1806682050228119 858
1616596084488 0.14182467758655548 859
1616596123471 0.12127900868654251 860
1616596158428 0.13306918740272522 861
1616596193093 0.1420060396194458 862
1616596227568 0.23098036646842957 863
1616596262389 0.1470814049243927 864
1616596296799 0.15251880884170532 865
1616596331675 0.19728665053844452 866
1616596366432 0.17302092909812927 867
1616596401336 0.1739179939031601 868
1616596436383 0.15635183453559875 869
1616596474912 0.20163677632808685 870
1616596509658 0.15838325023651123 871
1616596544030 0.11793188005685806 872
1616596578735 0.14221885800361633 873
1616596613716 0.15325720608234406 874
1616596648104 0.1445401906967163 875
1616596683141 0.16009868681430817 876
1616596717549 0.14925184845924377 877
1616596752489 0.14986693859100342 878
1616596787027 0.15404655039310455 879
1616596826356 0.15208318829536438 880
1616596860921 0.15632936358451843 881
1616596895542 0.2078477293252945 882
1616596930433 0.16217422485351562 883
1616596964813 0.14167828857898712 884
1616596999190 0.16416478157043457 885
1616597033699 0.15957647562026978 886
1616597068861 0.15584519505500793 887
1616597103701 0.1785140037536621 888
1616597137977 0.1456788182258606 889
1616597177574 0.16185159981250763 890
1616597212167 0.17256438732147217 891
1616597246413 0.10878822952508926 892
1616597280719 0.14602476358413696 893
1616597314950 0.13237957656383514 894
1616597349501 0.08109056949615479 895
1616597383838 0.15892383456230164 896
1616597418762 0.1534079909324646 897
1616597453487 0.12504461407661438 898
1616597488308 0.18302467465400696 899
1616597527586 0.15837493538856506 900
1616597562504 0.18319925665855408 901
1616597596885 0.17849372327327728 902
1616597631658 0.14642433822155 903
1616597666732 0.13812953233718872 904
1616597701404 0.12604920566082 905
1616597736150 0.12960278987884521 906
1616597770526 0.14497509598731995 907
1616597805198 0.1272219717502594 908
1616597839521 0.15905046463012695 909
1616597878949 0.18356776237487793 910
1616597913440 0.11371905356645584 911
1616597947858 0.15201163291931152 912
1616597982287 0.1601124107837677 913
1616598016639 0.1629357933998108 914
1616598051604 0.167321115732193 915
1616598086528 0.18173536658287048 916
1616598121535 0.16647343337535858 917
1616598156638 0.200805202126503 918
1616598191174 0.14835520088672638 919
1616598230438 0.17786532640457153 920
1616598265031 0.14006000757217407 921
1616598299872 0.11751153320074081 922
1616598334631 0.1212884932756424 923
1616598369169 0.1516043245792389 924
1616598403822 0.18634988367557526 925
1616598438214 0.17614372074604034 926
1616598472765 0.1572587490081787 927
1616598507342 0.1421143263578415 928
1616598542124 0.1218271255493164 929
1616598580934 0.15787231922149658 930
1616598615319 0.12734776735305786 931
1616598650245 0.16237619519233704 932
1616598684573 0.15726354718208313 933
1616598719429 0.1399460732936859 934
1616598754410 0.17192628979682922 935
1616598789815 0.157204732298851 936
1616598824744 0.1382601410150528 937
1616598859621 0.15400274097919464 938
1616598894264 0.15635420382022858 939
1616598933286 0.11239561438560486 940
1616598968002 0.12948979437351227 941
1616599002608 0.14135731756687164 942
1616599037308 0.14156949520111084 943
1616599072243 0.14437007904052734 944
1616599107021 0.14863362908363342 945
1616599141338 0.18620634078979492 946
1616599176101 0.14130449295043945 947
1616599210538 0.13818207383155823 948
1616599245580 0.1833515465259552 949
1616599285110 0.16619272530078888 950
1616599320187 0.1447325348854065 951
1616599355130 0.18934789299964905 952
1616599389570 0.1803228110074997 953
1616599424401 0.12462562322616577 954
1616599459319 0.19031524658203125 955
1616599494107 0.1529451608657837 956
1616599528516 0.20976203680038452 957
1616599563348 0.14563408493995667 958
1616599597974 0.18014436960220337 959
1616599637029 0.15298128128051758 960
1616599671860 0.18453103303909302 961
1616599706690 0.20669512450695038 962
1616599741113 0.15920014679431915 963
1616599775476 0.17926427721977234 964
1616599809809 0.12244287878274918 965
1616599844376 0.15973366796970367 966
1616599878630 0.12596917152404785 967
1616599913486 0.14842018485069275 968
1616599948378 0.12942039966583252 969
1616599987310 0.16517901420593262 970
1616600021503 0.16243034601211548 971
1616600056500 0.13675907254219055 972
1616600091473 0.12653473019599915 973
1616600126430 0.1395748108625412 974
1616600161241 0.14766907691955566 975
1616600195968 0.11785422265529633 976
1616600230970 0.125547394156456 977
1616600265789 0.1624096930027008 978
1616600300537 0.18490353226661682 979
1616600339757 0.09981986880302429 980
1616600374192 0.13622723519802094 981
1616600408580 0.14457891881465912 982
1616600442914 0.15747949481010437 983
1616600477809 0.12796299159526825 984
1616600512501 0.1683507114648819 985
1616600547056 0.11488056927919388 986
1616600581949 0.11581404507160187 987
1616600616841 0.16706615686416626 988
1616600651343 0.1290556639432907 989
1616600690706 0.15038171410560608 990
1616600725413 0.18114426732063293 991
1616600759971 0.17562606930732727 992
1616600794417 0.15297770500183105 993
1616600829260 0.1320439577102661 994
1616600863899 0.15931397676467896 995
1616600898063 0.17296330630779266 996
1616600932268 0.12922808527946472 997
1616600966948 0.11517632752656937 998
1616601002207 0.1509513556957245 999
1616601041227 0.13127805292606354 1000
1616601076410 0.14540357887744904 1001
1616601111065 0.1310998797416687 1002
1616601145927 0.18544766306877136 1003
1616601180281 0.17596662044525146 1004
1616601214600 0.11118550598621368 1005
1616601249454 0.13998660445213318 1006
1616601284272 0.16346856951713562 1007
1616601318967 0.1737508773803711 1008
1616601353578 0.15351778268814087 1009
1616601392689 0.13568012416362762 1010
1616601426965 0.1788381189107895 1011
1616601461585 0.17336860299110413 1012
1616601496559 0.15026536583900452 1013
1616601531818 0.1622554063796997 1014
1616601566752 0.18778184056282043 1015
1616601601629 0.16910959780216217 1016
1616601636487 0.1445939838886261 1017
1616601671304 0.10139018297195435 1018
1616601705999 0.14865849912166595 1019
1616601744309 0.148705393075943 1020
1616601778638 0.16337211430072784 1021
1616601813051 0.15033797919750214 1022
1616601847572 0.15952590107917786 1023
1616601882358 0.16576555371284485 1024
1616601917371 0.129827082157135 1025
1616601952559 0.1786763072013855 1026
1616601987140 0.18442320823669434 1027
1616602021741 0.18096047639846802 1028
1616602056392 0.18989543616771698 1029
1616602095945 0.18591006100177765 1030
1616602130748 0.1584284007549286 1031
1616602165539 0.1876392662525177 1032
1616602200326 0.1483103185892105 1033
1616602234901 0.17688310146331787 1034
1616602269824 0.13031384348869324 1035
1616602304848 0.17588593065738678 1036
1616602339692 0.1854904741048813 1037
1616602374130 0.17041194438934326 1038
1616602408530 0.17339999973773956 1039
1616602447958 0.18721073865890503 1040
1616602482551 0.1335521787405014 1041
1616602517530 0.18561914563179016 1042
1616602552193 0.16213157773017883 1043
1616602587157 0.15918435156345367 1044
1616602621868 0.14495442807674408 1045
1616602656709 0.1261303424835205 1046
1616602691234 0.16760346293449402 1047
1616602726138 0.1288524568080902 1048
1616602761022 0.16235844790935516 1049
1616602799824 0.19788412749767303 1050
1616602834157 0.2191077470779419 1051
1616602868902 0.13378441333770752 1052
1616602903365 0.12947413325309753 1053
1616602937966 0.16218650341033936 1054
1616602972767 0.15271848440170288 1055
1616603007571 0.19459110498428345 1056
1616603042451 0.09592869132757187 1057
1616603076809 0.15529653429985046 1058
1616603111737 0.12449437379837036 1059
1616603151010 0.07544815540313721 1060
1616603185282 0.1556130200624466 1061
1616603220280 0.13187427818775177 1062
1616603255338 0.15523701906204224 1063
1616603290148 0.1668141484260559 1064
1616603324449 0.17197749018669128 1065
1616603359071 0.195282980799675 1066
1616603393364 0.23063351213932037 1067
1616603428566 0.13709571957588196 1068
1616603463436 0.16158589720726013 1069
1616603502277 0.12859199941158295 1070
1616603536924 0.1649450957775116 1071
1616603571303 0.147822767496109 1072
1616603605727 0.09289639443159103 1073
1616603640546 0.19373008608818054 1074
1616603675047 0.11319689452648163 1075
1616603709993 0.1599418669939041 1076
1616603744681 0.15227635204792023 1077
1616603779639 0.11379151046276093 1078
1616603814457 0.1586199849843979 1079
1616603853250 0.1490226686000824 1080
1616603888273 0.1529967039823532 1081
1616603922906 0.1562780737876892 1082
1616603957891 0.12717635929584503 1083
1616603992883 0.1425836980342865 1084
1616604027885 0.12601345777511597 1085
1616604062573 0.14196936786174774 1086
1616604097213 0.1390712857246399 1087
1616604132165 0.1818007528781891 1088
1616604166607 0.17259067296981812 1089
1616604206165 0.16204386949539185 1090
1616604240517 0.13948476314544678 1091
1616604274943 0.19219394028186798 1092
1616604309456 0.12006308138370514 1093
1616604343774 0.1496644914150238 1094
1616604378549 0.15705150365829468 1095
1616604413535 0.1265622228384018 1096
1616604447948 0.15393972396850586 1097
1616604482731 0.1749075949192047 1098
1616604517051 0.13944333791732788 1099
1616604556148 0.18409264087677002 1100
1616604591133 0.14915016293525696 1101
1616604626141 0.10953646898269653 1102
1616604661005 0.1550980508327484 1103
1616604695638 0.16970838606357574 1104
1616604730252 0.1434997022151947 1105
1616604765402 0.19006165862083435 1106
1616604800185 0.17433810234069824 1107
1616604834645 0.07919342815876007 1108
1616604869392 0.1844514161348343 1109
1616604908688 0.19728480279445648 1110
1616604943285 0.15649083256721497 1111
1616604977734 0.15440529584884644 1112
1616605012036 0.20278441905975342 1113
1616605046483 0.14106574654579163 1114
1616605081062 0.13621333241462708 1115
1616605115393 0.17488211393356323 1116
1616605150016 0.15756532549858093 1117
1616605185015 0.12973536550998688 1118
1616605220070 0.16536834836006165 1119
1616605259395 0.11603641510009766 1120
1616605294367 0.13138186931610107 1121
1616605329469 0.17190954089164734 1122
1616605363827 0.15977251529693604 1123
1616605398804 0.18186768889427185 1124
1616605433336 0.1851562261581421 1125
1616605467747 0.1390843540430069 1126
1616605502237 0.10645231604576111 1127
1616605537110 0.15898609161376953 1128
1616605572201 0.14541713893413544 1129
1616605611644 0.11468030512332916 1130
1616605645938 0.11665797978639603 1131
1616605680288 0.14419220387935638 1132
1616605714768 0.1864601969718933 1133
1616605749136 0.13524582982063293 1134
1616605783944 0.18261085450649261 1135
1616605818346 0.15513476729393005 1136
1616605853034 0.17102113366127014 1137
1616605887314 0.1429954171180725 1138
1616605921668 0.17260417342185974 1139
1616605960551 0.22102543711662292 1140
1616605995837 0.17079120874404907 1141
1616606030846 0.15297885239124298 1142
1616606065937 0.14513802528381348 1143
1616606100997 0.15032246708869934 1144
1616606135491 0.15040811896324158 1145
1616606170429 0.1339399218559265 1146
1616606205414 0.10677206516265869 1147
1616606239821 0.1510002613067627 1148
1616606274151 0.15569305419921875 1149
1616606313308 0.14493581652641296 1150
1616606347980 0.19242718815803528 1151
1616606383060 0.1799403876066208 1152
1616606417713 0.18209140002727509 1153
1616606452312 0.1423085629940033 1154
1616606486874 0.10683076083660126 1155
1616606521150 0.14084109663963318 1156
1616606555761 0.11619284003973007 1157
1616606590657 0.189479261636734 1158
1616606625376 0.20941057801246643 1159
1616606664531 0.13427948951721191 1160
1616606698855 0.11944562196731567 1161
1616606733208 0.13994982838630676 1162
1616606767598 0.10422327369451523 1163
1616606802142 0.15270909667015076 1164
1616606837142 0.14303511381149292 1165
1616606872008 0.2260741889476776 1166
1616606907060 0.16438902914524078 1167
1616606942083 0.13142940402030945 1168
1616606977125 0.1689002811908722 1169
1616607016246 0.1851942241191864 1170
1616607050651 0.13925397396087646 1171
1616607085220 0.16643236577510834 1172
1616607120466 0.1670653522014618 1173
1616607154976 0.13026773929595947 1174
1616607189331 0.18716168403625488 1175
1616607223614 0.16593392193317413 1176
1616607257981 0.17696648836135864 1177
1616607292474 0.12034889310598373 1178
1616607327528 0.10578445345163345 1179
1616607366788 0.1679578423500061 1180
1616607401786 0.19248084723949432 1181
1616607436624 0.16254475712776184 1182
1616607470971 0.1609220951795578 1183
1616607505825 0.11676683276891708 1184
1616607540815 0.1424378752708435 1185
1616607576071 0.16072186827659607 1186
1616607610824 0.1538258194923401 1187
1616607645700 0.18396219611167908 1188
1616607679820 0.20068389177322388 1189
1616607719512 0.10323032736778259 1190
1616607754618 0.14060384035110474 1191
1616607789170 0.17368485033512115 1192
1616607823874 0.11191019415855408 1193
1616607858572 0.1327195167541504 1194
1616607893058 0.18564608693122864 1195
1616607927483 0.14760160446166992 1196
1616607961955 0.12970176339149475 1197
1616607996998 0.16547513008117676 1198
1616608032229 0.16351373493671417 1199
1616608071909 0.1428314596414566 1200
1616608094247 0.13661107420921326 0
1616608094260 0.13661107420921326 0
