1616565953484 0.08627891540527344 1
1616565987815 0.13693144917488098 2
1616566022646 0.27337056398391724 3
1616566057146 0.3745548725128174 4
1616566091913 0.4131549894809723 5
1616566126392 0.47316306829452515 6
1616566161361 0.5279465913772583 7
1616566196330 0.5663547515869141 8
1616566230789 0.6041871309280396 9
1616566270559 0.5822888612747192 10
1616566304901 0.6113371253013611 11
1616566339195 0.6385228633880615 12
1616566373548 0.6961138248443604 13
1616566408041 0.6594375371932983 14
1616566442985 0.6547822952270508 15
1616566477561 0.6575105786323547 16
1616566512397 0.7108573913574219 17
1616566546925 0.6946922540664673 18
1616566581246 0.7249746918678284 19
1616566620797 0.7432705760002136 20
1616566655102 0.7026328444480896 21
1616566689931 0.7173779010772705 22
1616566724148 0.725894570350647 23
1616566758349 0.7432810664176941 24
1616566793027 0.7324119806289673 25
1616566827804 0.7624279260635376 26
1616566862343 0.7117867469787598 27
1616566896851 0.7540535926818848 28
1616566931738 0.755221962928772 29
1616566970926 0.7261289358139038 30
1616567005361 0.7035261988639832 31
1616567040331 0.7476824522018433 32
1616567074806 0.7429506778717041 33
1616567111728 0.7627055048942566 34
1616567146087 0.7689409255981445 35
1616567180346 0.7646604180335999 36
1616567215274 0.761400043964386 37
1616567249817 0.7879385948181152 38
1616567284569 0.7712863683700562 39
1616567323012 0.7909529209136963 40
1616567357633 0.7712963223457336 41
1616567392507 0.772689938545227 42
1616567427596 0.7400826215744019 43
1616567462501 0.7923517227172852 44
1616567497276 0.7773021459579468 45
1616567531610 0.7669069170951843 46
1616567565971 0.782501220703125 47
1616567600704 0.8328509330749512 48
1616567635500 0.7850883603096008 49
1616567674796 0.7830846309661865 50
1616567709137 0.7939490675926208 51
1616567743975 0.8083204627037048 52
1616567778362 0.7751375436782837 53
1616567813078 0.8095129728317261 54
1616567847391 0.7976493835449219 55
1616567882097 0.7990875244140625 56
1616567916647 0.8224160671234131 57
1616567951629 0.7987160682678223 58
1616567986886 0.8006185293197632 59
1616568026346 0.814825177192688 60
1616568060756 0.8025389909744263 61
1616568095409 0.7782974243164062 62
1616568130227 0.7892576456069946 63
1616568164873 0.754576563835144 64
1616568198894 0.7748154401779175 65
1616568233582 0.7866660356521606 66
1616568267796 0.8162374496459961 67
1616568302092 0.8003422021865845 68
1616568336621 0.7928730845451355 69
1616568375137 0.7855887413024902 70
1616568409602 0.830554723739624 71
1616568444044 0.8230546712875366 72
1616568478490 0.7860078811645508 73
1616568512863 0.7818148732185364 74
1616568547909 0.7727184295654297 75
1616568582852 0.7882974147796631 76
1616568617462 0.8098741769790649 77
1616568651999 0.8190014362335205 78
1616568686476 0.8063774108886719 79
1616568725354 0.8175718784332275 80
1616568759668 0.8075048923492432 81
1616568793888 0.8440691828727722 82
1616568828228 0.8130245208740234 83
1616568862989 0.793580174446106 84
1616568897733 0.7976124882698059 85
1616568931946 0.7956104278564453 86
1616568966198 0.8329286575317383 87
1616569000694 0.8342437148094177 88
1616569034976 0.8204841613769531 89
1616569074191 0.8239966630935669 90
1616569108711 0.8086562752723694 91
1616569143384 0.8053478002548218 92
1616569178087 0.8219246864318848 93
1616569212717 0.8289205431938171 94
1616569247565 0.7943739295005798 95
1616569282086 0.8314121961593628 96
1616569316400 0.8211202621459961 97
1616569350939 0.7931265830993652 98
1616569386067 0.8175567388534546 99
1616569425687 0.8312053680419922 100
1616569460909 0.8068201541900635 101
1616569495675 0.8379429578781128 102
1616569530543 0.8344365954399109 103
1616569565366 0.8058360815048218 104
1616569600069 0.7970119714736938 105
1616569635436 0.8214170932769775 106
1616569669913 0.8435890674591064 107
1616569704727 0.8073896169662476 108
1616569739058 0.7999734282493591 109
1616569778079 0.8070292472839355 110
1616569812755 0.8032510280609131 111
1616569847049 0.8209362030029297 112
1616569881760 0.8332349061965942 113
1616569916217 0.8242744207382202 114
1616569950985 0.8312366008758545 115
1616569985518 0.8439611196517944 116
1616570020109 0.8232519626617432 117
1616570054549 0.8316173553466797 118
1616570089578 0.8343378901481628 119
1616570128792 0.8423571586608887 120
1616570163461 0.8227438926696777 121
1616570198515 0.840731143951416 122
1616570232901 0.8195691108703613 123
1616570267593 0.8051835298538208 124
1616570302453 0.8366857767105103 125
1616570337194 0.8401243686676025 126
1616570372254 0.8436417579650879 127
1616570406590 0.836002767086029 128
1616570441332 0.8291500806808472 129
1616570479924 0.8347998857498169 130
1616570514448 0.827875554561615 131
1616570548881 0.8250560760498047 132
1616570583639 0.8368409872055054 133
1616570618213 0.8365565538406372 134
1616570653000 0.8404545187950134 135
1616570687763 0.8356612920761108 136
1616570722127 0.8382729887962341 137
1616570756932 0.8297182321548462 138
1616570791545 0.8402972221374512 139
1616570831039 0.8429813981056213 140
1616570865419 0.8490515947341919 141
1616570900129 0.854042649269104 142
1616570934971 0.8441468477249146 143
1616570969278 0.8192609548568726 144
1616571003922 0.8413759469985962 145
1616571038152 0.8626347780227661 146
1616571072538 0.8444329500198364 147
1616571107342 0.8607254028320312 148
1616571142512 0.823140561580658 149
1616571182063 0.8199869394302368 150
1616571216358 0.8302493095397949 151
1616571251179 0.8346166014671326 152
1616571286064 0.8563480377197266 153
1616571321003 0.8677984476089478 154
1616571355461 0.8516243696212769 155
1616571390201 0.8326431512832642 156
1616571424490 0.8689478635787964 157
1616571459131 0.8087263107299805 158
1616571493916 0.8644545674324036 159
1616571533453 0.8474330902099609 160
1616571568296 0.834675133228302 161
1616571603408 0.842820942401886 162
1616571638360 0.8267977833747864 163
1616571673247 0.8529455661773682 164
1616571707880 0.8280782699584961 165
1616571742531 0.8510171175003052 166
1616571777491 0.8293856382369995 167
1616571812369 0.8521645069122314 168
1616571846722 0.8366540670394897 169
1616571885340 0.8603301644325256 170
1616571919730 0.8594518899917603 171
1616571954642 0.8317396640777588 172
1616571989218 0.8585971593856812 173
1616572023565 0.8329196572303772 174
1616572058401 0.8287594318389893 175
1616572092881 0.8495972156524658 176
1616572127619 0.8237743377685547 177
1616572162460 0.8346230983734131 178
1616572197094 0.8688637018203735 179
1616572235584 0.849091649055481 180
1616572270466 0.851362943649292 181
1616572305476 0.843726634979248 182
1616572340244 0.8421629667282104 183
1616572375186 0.8386185169219971 184
1616572409851 0.8442466259002686 185
1616572444409 0.8456183671951294 186
1616572478834 0.8401268124580383 187
1616572514033 0.86446613073349 188
1616572549319 0.8530949354171753 189
1616572588360 0.8618003129959106 190
1616572623004 0.8627939224243164 191
1616572657771 0.8712286949157715 192
1616572692338 0.8488346338272095 193
1616572726661 0.8648346066474915 194
1616572760967 0.8318088054656982 195
1616572795440 0.8657801151275635 196
1616572830445 0.8442177176475525 197
1616572864892 0.8536683917045593 198
1616572899832 0.8602601289749146 199
1616572939689 0.8162777423858643 200
1616572974529 0.8524218797683716 201
1616573009240 0.8480167984962463 202
1616573043980 0.835864782333374 203
1616573078978 0.8717344999313354 204
1616573113282 0.843785285949707 205
1616573148048 0.8543909788131714 206
1616573182412 0.8530920743942261 207
1616573216971 0.8447988033294678 208
1616573251767 0.8551164269447327 209
1616573290762 0.8539009094238281 210
1616573325444 0.8667941093444824 211
1616573360330 0.8555595874786377 212
1616573395453 0.8529791831970215 213
1616573430242 0.8621476888656616 214
1616573464733 0.8672142028808594 215
1616573499109 0.8356211185455322 216
1616573533872 0.8538663387298584 217
1616573568284 0.854414701461792 218
1616573603026 0.8632962107658386 219
1616573642112 0.8681831359863281 220
1616573676389 0.8427544832229614 221
1616573710800 0.8374603986740112 222
1616573745572 0.841403603553772 223
1616573780439 0.8579329252243042 224
1616573814966 0.8266248106956482 225
1616573849455 0.8530923128128052 226
1616573884459 0.8634961247444153 227
1616573919115 0.8772492408752441 228
1616573953856 0.8635058403015137 229
1616573992598 0.8667391538619995 230
1616574027113 0.8706455826759338 231
1616574062244 0.8700498938560486 232
1616574097280 0.8750894069671631 233
1616574132155 0.8817313313484192 234
1616574166683 0.8699806928634644 235
1616574201581 0.8676939606666565 236
1616574236517 0.8819833397865295 237
1616574271585 0.8555339574813843 238
1616574306338 0.8459163904190063 239
1616574345535 0.8571805953979492 240
1616574380567 0.8444405794143677 241
1616574415475 0.8717913627624512 242
1616574450281 0.8305119872093201 243
1616574485104 0.8568243980407715 244
1616574519485 0.872377336025238 245
1616574554477 0.8621891736984253 246
1616574588785 0.8527529239654541 247
1616574623520 0.8505223393440247 248
1616574657618 0.838225245475769 249
1616574696808 0.8633150458335876 250
1616574731110 0.8573278188705444 251
1616574765876 0.8682646751403809 252
1616574800269 0.8625805974006653 253
1616574834605 0.8383875489234924 254
1616574869050 0.8560346364974976 255
1616574903605 0.843140721321106 256
1616574937979 0.8560279607772827 257
1616574972674 0.8404026031494141 258
1616575007537 0.8395622372627258 259
1616575046321 0.8554037809371948 260
1616575080801 0.8681755065917969 261
1616575115799 0.8511909246444702 262
1616575150119 0.8553069829940796 263
1616575184445 0.8689638376235962 264
1616575219241 0.8459886908531189 265
1616575253755 0.8545595407485962 266
1616575288188 0.847267746925354 267
1616575322963 0.8367289304733276 268
1616575357161 0.8436856269836426 269
1616575395977 0.8524580001831055 270
1616575430693 0.8498365879058838 271
1616575465589 0.8502693176269531 272
1616575500070 0.8630423545837402 273
1616575534935 0.8845928907394409 274
1616575569917 0.8657137155532837 275
1616575604697 0.8531603813171387 276
1616575639374 0.8497169613838196 277
1616575673743 0.8685396909713745 278
1616575708553 0.8692724704742432 279
1616575748371 0.8430106043815613 280
1616575783095 0.856209397315979 281
1616575817729 0.8557595014572144 282
1616575852327 0.8727891445159912 283
1616575887348 0.869563102722168 284
1616575922263 0.8704801797866821 285
1616575957016 0.8569912314414978 286
1616575992366 0.8547180891036987 287
1616576026777 0.8487840890884399 288
1616576061553 0.8714696168899536 289
1616576100808 0.8440647721290588 290
1616576135133 0.8287428617477417 291
1616576169432 0.8498980402946472 292
1616576203729 0.8720026016235352 293
1616576238085 0.8500586748123169 294
1616576272835 0.8529967069625854 295
1616576307631 0.8699767589569092 296
1616576342252 0.8684844970703125 297
1616576376956 0.8412619233131409 298
1616576411463 0.8413032293319702 299
1616576450782 0.8515969514846802 300
1616576485262 0.8525465130805969 301
1616576520264 0.8832818269729614 302
1616576555346 0.8730534911155701 303
1616576590358 0.8630914688110352 304
1616576624974 0.8846532702445984 305
1616576659841 0.8621532917022705 306
1616576695212 0.8610430955886841 307
1616576729845 0.8557497262954712 308
1616576764307 0.8746013641357422 309
1616576803658 0.8645720481872559 310
1616576838268 0.8819683790206909 311
1616576873170 0.8797521591186523 312
1616576907645 0.8607903718948364 313
1616576942450 0.87288498878479 314
1616576976598 0.8712185621261597 315
1616577011534 0.8546004295349121 316
1616577045890 0.858268141746521 317
1616577080973 0.8586334586143494 318
1616577115867 0.8581174612045288 319
1616577155442 0.8782433271408081 320
1616577190496 0.8663039803504944 321
1616577225332 0.8481731414794922 322
1616577259968 0.8552951812744141 323
1616577294893 0.8670262098312378 324
1616577329343 0.8755288124084473 325
1616577364253 0.863803505897522 326
1616577399228 0.8809199333190918 327
1616577433555 0.868855357170105 328
1616577468374 0.8556574583053589 329
1616577507438 0.856839120388031 330
1616577541703 0.8757338523864746 331
1616577576036 0.8778092861175537 332
1616577610464 0.8506155610084534 333
1616577644875 0.8613176345825195 334
1616577679382 0.8751697540283203 335
1616577714012 0.8847391605377197 336
1616577748931 0.8682224154472351 337
1616577783913 0.8451360464096069 338
1616577818610 0.8420731425285339 339
1616577857596 0.8549849987030029 340
1616577892445 0.8418515920639038 341
1616577927140 0.8351214528083801 342
1616577961924 0.8651289343833923 343
1616577996165 0.8729633092880249 344
1616578030748 0.8332717418670654 345
1616578065081 0.845130980014801 346
1616578100091 0.8757723569869995 347
1616578135350 0.874077558517456 348
1616578170208 0.8593382835388184 349
1616578209384 0.8447229862213135 350
1616578243963 0.8567761182785034 351
1616578278651 0.8579735159873962 352
1616578313256 0.8761042356491089 353
1616578348262 0.8822331428527832 354
1616578383120 0.8732105493545532 355
1616578417856 0.8951893448829651 356
1616578452242 0.9026979207992554 357
1616578486637 0.8688529133796692 358
1616578521478 0.8631449937820435 359
1616578560006 0.8587708473205566 360
1616578595116 0.8696450591087341 361
1616578629520 0.8622698783874512 362
1616578664327 0.8905118107795715 363
1616578698888 0.8613736629486084 364
1616578733407 0.8583537340164185 365
1616578768223 0.8584237098693848 366
1616578802745 0.8507400751113892 367
1616578837703 0.8707874417304993 368
1616578872586 0.8702835440635681 369
1616578912461 0.8829466104507446 370
1616578947481 0.8813982009887695 371
1616578982363 0.8586026430130005 372
1616579017488 0.8629597425460815 373
1616579051841 0.8841896057128906 374
1616579086156 0.874130368232727 375
1616579120990 0.871697187423706 376
1616579155299 0.8843514323234558 377
1616579189938 0.8665176630020142 378
1616579224515 0.8636734485626221 379
1616579263459 0.8784701228141785 380
1616579298518 0.8761084079742432 381
1616579333532 0.8572413921356201 382
1616579367913 0.8723560571670532 383
1616579402865 0.8805664777755737 384
1616579437906 0.8919966816902161 385
1616579472497 0.8658125400543213 386
1616579507427 0.8646591901779175 387
1616579541835 0.8636496067047119 388
1616579576919 0.8529935479164124 389
1616579616123 0.8759984970092773 390
1616579650935 0.8490577340126038 391
1616579685437 0.8653894662857056 392
1616579720283 0.8480833768844604 393
1616579754774 0.8595866560935974 394
1616579789493 0.8652684688568115 395
1616579824276 0.8737945556640625 396
1616579858657 0.8539992570877075 397
1616579893196 0.8534398078918457 398
1616579927847 0.8809804916381836 399
1616579967060 0.8787916898727417 400
1616580001510 0.882229208946228 401
1616580036001 0.8800632357597351 402
1616580070809 0.8531405925750732 403
1616580105447 0.8690195083618164 404
1616580140057 0.8890056610107422 405
1616580174740 0.8725207448005676 406
1616580209227 0.8735666871070862 407
1616580243607 0.8685415983200073 408
1616580278494 0.8804299235343933 409
1616580318564 0.8511667251586914 410
1616580353453 0.8772386312484741 411
1616580387721 0.8859785795211792 412
1616580422155 0.8834797143936157 413
1616580456523 0.8731358051300049 414
1616580490806 0.8429703712463379 415
1616580525278 0.8708771467208862 416
1616580559912 0.8820421695709229 417
1616580594309 0.8750796318054199 418
1616580628903 0.8841400146484375 419
1616580668202 0.8812182545661926 420
1616580702913 0.8899236917495728 421
1616580737380 0.873332142829895 422
1616580771854 0.8827267289161682 423
1616580806214 0.8712459206581116 424
1616580840673 0.8785073161125183 425
1616580875337 0.8773336410522461 426
1616580909822 0.8741837739944458 427
1616580944249 0.8736406564712524 428
1616580978742 0.8731755018234253 429
1616581018108 0.8543882369995117 430
1616581052663 0.8761749267578125 431
1616581087005 0.8763614892959595 432
1616581121589 0.8633832931518555 433
1616581155942 0.8776198625564575 434
1616581191113 0.8836979269981384 435
1616581225823 0.8833047151565552 436
1616581260530 0.873009979724884 437
1616581294812 0.8647143244743347 438
1616581329093 0.8554060459136963 439
1616581368112 0.8842413425445557 440
1616581402632 0.8575959205627441 441
1616581437440 0.8526941537857056 442
1616581471922 0.866735577583313 443
1616581506384 0.8801548480987549 444
1616581540770 0.8814189434051514 445
1616581575326 0.8524391651153564 446
1616581609867 0.8699905872344971 447
1616581644286 0.8782755136489868 448
1616581678962 0.8715450763702393 449
1616581717983 0.8691986799240112 450
1616581753056 0.8588194847106934 451
1616581787621 0.8673094511032104 452
1616581822570 0.8672192692756653 453
1616581857254 0.8658063411712646 454
1616581891951 0.8645763397216797 455
1616581926486 0.8780307769775391 456
1616581960753 0.8424180746078491 457
1616581995046 0.8688737154006958 458
1616582029785 0.8714038729667664 459
1616582068850 0.8741675615310669 460
1616582103069 0.8787860870361328 461
1616582138103 0.874543309211731 462
1616582172517 0.8680322766304016 463
1616582206972 0.8563682436943054 464
1616582241435 0.8815885782241821 465
1616582275958 0.8718005418777466 466
1616582310792 0.8616119623184204 467
1616582345240 0.8792053461074829 468
1616582380058 0.8739298582077026 469
1616582419342 0.8940550684928894 470
1616582453569 0.8937928080558777 471
1616582488175 0.8882646560668945 472
1616582522522 0.8827905654907227 473
1616582556821 0.8623745441436768 474
1616582591303 0.8774521946907043 475
1616582626229 0.8906965255737305 476
1616582660540 0.8897802233695984 477
1616582695582 0.8633118867874146 478
1616582730038 0.8711600303649902 479
1616582769293 0.8621392250061035 480
1616582804118 0.8803189396858215 481
1616582839068 0.875404953956604 482
1616582873936 0.8736305832862854 483
1616582908671 0.8827337026596069 484
1616582943187 0.8850605487823486 485
1616582977744 0.875930666923523 486
1616583012241 0.897233247756958 487
1616583047541 0.8665085434913635 488
1616583082518 0.8758031129837036 489
1616583121144 0.8742820024490356 490
1616583155748 0.8644042611122131 491
1616583190091 0.8718975782394409 492
1616583224811 0.8848379850387573 493
1616583259721 0.865313708782196 494
1616583294603 0.8849807977676392 495
1616583329061 0.8890618085861206 496
1616583364215 0.8736450672149658 497
1616583399146 0.8692277669906616 498
1616583433954 0.8894439935684204 499
1616583473030 0.8763974905014038 500
1616583507247 0.8688384294509888 501
1616583541541 0.8785544037818909 502
1616583576128 0.8768501877784729 503
1616583610801 0.8672513961791992 504
1616583645256 0.8744974136352539 505
1616583679467 0.8600538969039917 506
1616583713970 0.8813650012016296 507
1616583748724 0.8674130439758301 508
1616583783660 0.888265073299408 509
1616583823056 0.8671238422393799 510
1616583857364 0.8672366142272949 511
1616583892092 0.889276385307312 512
1616583926770 0.8649065494537354 513
1616583961280 0.8898880481719971 514
1616583995973 0.8783236742019653 515
1616584030456 0.8720468282699585 516
1616584064903 0.8810926675796509 517
1616584099238 0.8617547750473022 518
1616584133852 0.8832497596740723 519
1616584173422 0.8834325075149536 520
1616584208485 0.8628526926040649 521
1616584243096 0.8802773356437683 522
1616584280462 0.8775613903999329 523
1616584315446 0.8633311986923218 524
1616584350435 0.864501953125 525
1616584385426 0.8728616237640381 526
1616584420262 0.9002950191497803 527
1616584455098 0.8766101598739624 528
1616584489838 0.8705865740776062 529
1616584528463 0.8776910305023193 530
1616584563348 0.8527359962463379 531
1616584598053 0.8761520981788635 532
1616584632501 0.8610255718231201 533
1616584667047 0.8693992495536804 534
1616584702108 0.8409304022789001 535
1616584736487 0.8831949234008789 536
1616584771145 0.8629494905471802 537
1616584805895 0.8807458877563477 538
1616584840428 0.8775647878646851 539
1616584879491 0.8891131281852722 540
1616584914335 0.8754394054412842 541
1616584949198 0.8833208084106445 542
1616584983861 0.8836802840232849 543
1616585018388 0.8813027739524841 544
1616585053195 0.8723938465118408 545
1616585087794 0.8697819709777832 546
1616585122798 0.8924539089202881 547
1616585157648 0.8774718046188354 548
1616585192343 0.8815475702285767 549
1616585231738 0.9066994190216064 550
1616585266304 0.899958610534668 551
1616585300997 0.8864721059799194 552
1616585335707 0.8873388767242432 553
1616585370027 0.8699363470077515 554
1616585404763 0.8883275985717773 555
1616585439542 0.8691551685333252 556
1616585474391 0.8996102213859558 557
1616585509115 0.8789442777633667 558
1616585543918 0.8822771310806274 559
1616585582812 0.8685500621795654 560
1616585617067 0.8792784214019775 561
1616585651157 0.8845493197441101 562
1616585685774 0.8736551403999329 563
1616585720272 0.8839527368545532 564
1616585755019 0.8784471750259399 565
1616585789608 0.8703762292861938 566
1616585824318 0.8554553985595703 567
1616585859027 0.8836983442306519 568
1616585893887 0.8809195756912231 569
1616585932777 0.8708692193031311 570
1616585967802 0.8740888833999634 571
1616586002847 0.8784136772155762 572
1616586037626 0.8968774080276489 573
1616586072759 0.8679050207138062 574
1616586107012 0.88111412525177 575
1616586141432 0.8837730884552002 576
1616586176179 0.8990719318389893 577
1616586210990 0.8656065464019775 578
1616586245587 0.87965989112854 579
1616586284508 0.8855547904968262 580
1616586319229 0.8783419132232666 581
1616586353607 0.872337281703949 582
1616586388253 0.8787965774536133 583
1616586422843 0.8843097686767578 584
1616586457244 0.8920198678970337 585
1616586491513 0.8934297561645508 586
1616586526443 0.8676574230194092 587
1616586561466 0.8650282621383667 588
1616586596097 0.8757092952728271 589
1616586635014 0.8913437128067017 590
1616586670313 0.8543262481689453 591
1616586704959 0.8944621086120605 592
1616586739514 0.8857525587081909 593
1616586774133 0.8916319608688354 594
1616586808606 0.8779971599578857 595
1616586843514 0.8723657131195068 596
1616586878167 0.8774948716163635 597
1616586912452 0.8872936964035034 598
1616586946832 0.8860780596733093 599
1616586986556 0.8986049294471741 600
1616587020765 0.8769315481185913 601
1616587055222 0.8915718197822571 602
1616587089941 0.8749411106109619 603
1616587124499 0.8711597323417664 604
1616587159157 0.8671344518661499 605
1616587194037 0.9009754061698914 606
1616587228738 0.8753828406333923 607
1616587262982 0.87321537733078 608
1616587298341 0.8784774541854858 609
1616587337654 0.8914306163787842 610
1616587372627 0.8579071760177612 611
1616587407679 0.8801618218421936 612
1616587442009 0.8856034278869629 613
1616587476801 0.8832628726959229 614
1616587511701 0.9094879031181335 615
1616587546582 0.8799619674682617 616
1616587580971 0.8746598958969116 617
1616587615849 0.8983772397041321 618
1616587650475 0.8727225065231323 619
1616587689350 0.8710798025131226 620
1616587723871 0.8665969371795654 621
1616587758276 0.8857558369636536 622
1616587792735 0.9035360217094421 623
1616587827876 0.898114800453186 624
1616587862564 0.8755878806114197 625
1616587897377 0.8890173435211182 626
1616587932358 0.8936926126480103 627
1616587966831 0.8722193837165833 628
1616588001466 0.8886544108390808 629
1616588040411 0.8871439695358276 630
1616588075694 0.8613249063491821 631
1616588110422 0.9123457670211792 632
1616588144746 0.8898446559906006 633
1616588179594 0.8948612809181213 634
1616588214469 0.8651068210601807 635
1616588249254 0.8832613229751587 636
1616588283814 0.8737879991531372 637
1616588318630 0.8945707082748413 638
1616588353241 0.8958529233932495 639
1616588392001 0.8749804496765137 640
1616588427199 0.8757202625274658 641
1616588462141 0.8910748958587646 642
1616588497150 0.8957173824310303 643
1616588532069 0.8849347829818726 644
1616588567530 0.8944625854492188 645
1616588602181 0.8774986267089844 646
1616588637052 0.875760018825531 647
1616588671592 0.8802472352981567 648
1616588706394 0.8812297582626343 649
1616588745268 0.8939141035079956 650
1616588780233 0.8791305422782898 651
1616588815258 0.8818151950836182 652
1616588850356 0.8909776210784912 653
1616588885234 0.8850938677787781 654
1616588920421 0.9042065143585205 655
1616588955051 0.9186998009681702 656
1616588990101 0.9006948471069336 657
1616589025078 0.9050346612930298 658
1616589059534 0.9021902084350586 659
1616589098101 0.8731855154037476 660
1616589132746 0.8894505500793457 661
1616589167945 0.8967679738998413 662
1616589202019 0.8774200677871704 663
1616589236836 0.8848309516906738 664
1616589271261 0.8848029375076294 665
1616589305921 0.8756858110427856 666
1616589340811 0.87907874584198 667
1616589375740 0.894801139831543 668
1616589410080 0.8785833716392517 669
1616589448916 0.8854107856750488 670
1616589483498 0.8858652114868164 671
1616589518254 0.880780816078186 672
1616589553172 0.8778810501098633 673
1616589588020 0.8683938980102539 674
1616589622861 0.8839964270591736 675
1616589657516 0.8864377737045288 676
1616589692518 0.8647584915161133 677
1616589727468 0.880515456199646 678
1616589762261 0.8770571947097778 679
1616589800987 0.8944478631019592 680
1616589835374 0.8705511689186096 681
1616589870186 0.8788845539093018 682
1616589905165 0.8814173936843872 683
1616589940205 0.8625137805938721 684
1616589975073 0.8862324953079224 685
1616590009681 0.8576727509498596 686
1616590044542 0.8828290700912476 687
1616590079026 0.8786133527755737 688
1616590113917 0.8839819431304932 689
1616590153283 0.8820081949234009 690
1616590187596 0.8699692487716675 691
1616590222073 0.8948899507522583 692
1616590256552 0.8976818323135376 693
1616590290974 0.8829511404037476 694
1616590325752 0.8911970853805542 695
1616590360819 0.8831527829170227 696
1616590395581 0.8767930269241333 697
1616590430639 0.8840793371200562 698
1616590465493 0.8879586458206177 699
1616590505098 0.8735487461090088 700
1616590540012 0.8886129260063171 701
1616590574398 0.8809720873832703 702
1616590608762 0.8818878531455994 703
1616590643988 0.8838841915130615 704
1616590678558 0.8651493191719055 705
1616590712872 0.8872027397155762 706
1616590747363 0.8761126399040222 707
1616590782065 0.9006487131118774 708
1616590816964 0.8921488523483276 709
1616590856571 0.8769738674163818 710
1616590891449 0.8818601369857788 711
1616590925835 0.8805301785469055 712
1616590960248 0.8833819627761841 713
1616590995216 0.8901556730270386 714
1616591029585 0.8783682584762573 715
1616591064372 0.8738495707511902 716
1616591098903 0.904178261756897 717
1616591133728 0.895175576210022 718
1616591168597 0.8551287651062012 719
1616591207806 0.8832594156265259 720
1616591242720 0.872215747833252 721
1616591277337 0.8673608303070068 722
1616591312428 0.8848353624343872 723
1616591347015 0.8902957439422607 724
1616591381346 0.883673906326294 725
1616591415736 0.8850486874580383 726
1616591449971 0.8889475464820862 727
1616591484290 0.8916537761688232 728
1616591519029 0.8712337613105774 729
1616591558649 0.877375602722168 730
1616591593490 0.882922887802124 731
1616591628319 0.889434814453125 732
1616591663138 0.8871904015541077 733
1616591697864 0.884989857673645 734
1616591732283 0.8878281116485596 735
1616591767168 0.8851107954978943 736
1616591801463 0.8852952122688293 737
1616591836209 0.8962296843528748 738
1616591870535 0.8726710081100464 739
1616591909833 0.8749138116836548 740
1616591944667 0.8939821124076843 741
1616591979296 0.8973441123962402 742
1616592014342 0.8980870246887207 743
1616592049415 0.8819406032562256 744
1616592083919 0.8694847822189331 745
1616592118381 0.884879469871521 746
1616592152868 0.8913282752037048 747
1616592187781 0.8892470598220825 748
1616592222393 0.8751534223556519 749
1616592261210 0.8755156993865967 750
1616592295390 0.8937082290649414 751
1616592330334 0.8844822645187378 752
1616592365338 0.8649022579193115 753
1616592400158 0.8870596885681152 754
1616592434433 0.8913775682449341 755
1616592468870 0.8986556529998779 756
1616592503860 0.8852946758270264 757
1616592538292 0.8928552865982056 758
1616592572643 0.9022260904312134 759
1616592611823 0.863582968711853 760
1616592646384 0.8879643678665161 761
1616592680756 0.8857661485671997 762
1616592715079 0.8710444569587708 763
1616592749672 0.8743188977241516 764
1616592784406 0.875745415687561 765
1616592819204 0.871119499206543 766
1616592854195 0.879046618938446 767
1616592888723 0.8771569728851318 768
1616592923491 0.8796009421348572 769
1616592962665 0.8804340362548828 770
1616592997193 0.8827857971191406 771
1616593032025 0.8769741058349609 772
1616593066539 0.8740309476852417 773
1616593101014 0.8735933899879456 774
1616593135423 0.8781517744064331 775
1616593170365 0.8840959072113037 776
1616593205697 0.8886123895645142 777
1616593240068 0.8625962734222412 778
1616593274500 0.8862744569778442 779
1616593313627 0.8974405527114868 780
1616593347893 0.8782806396484375 781
1616593382729 0.9005252122879028 782
1616593417670 0.8687852025032043 783
1616593452132 0.8897287845611572 784
1616593486611 0.8812474012374878 785
1616593521272 0.883589506149292 786
1616593555906 0.8857735395431519 787
1616593590194 0.8878195285797119 788
1616593624704 0.9007203578948975 789
1616593664085 0.8811604976654053 790
1616593698631 0.8901318311691284 791
1616593733603 0.8827427625656128 792
1616593768118 0.8730760812759399 793
1616593802512 0.8973082304000854 794
1616593836924 0.8919229507446289 795
1616593871353 0.9090104103088379 796
1616593906278 0.8680939078330994 797
1616593940739 0.8755890130996704 798
1616593975856 0.878757119178772 799
1616594014535 0.8942890167236328 800
1616594049059 0.8899099230766296 801
1616594083378 0.8783582448959351 802
1616594117429 0.8688965439796448 803
1616594152238 0.8798165321350098 804
1616594187146 0.8866571187973022 805
1616594221526 0.8730379343032837 806
1616594256471 0.8911780118942261 807
1616594291486 0.865550696849823 808
1616594326515 0.8761297464370728 809
1616594366329 0.8802448511123657 810
1616594401376 0.8809245824813843 811
1616594435860 0.8703217506408691 812
1616594470719 0.8891168832778931 813
1616594505649 0.8871446251869202 814
1616594540413 0.8753702640533447 815
1616594575304 0.8761530518531799 816
1616594610227 0.8662314414978027 817
1616594645080 0.8846467733383179 818
1616594679855 0.8766571283340454 819
1616594718274 0.8717168569564819 820
1616594752576 0.8815056085586548 821
1616594787394 0.876641035079956 822
1616594822158 0.8882220983505249 823
1616594856536 0.8872267007827759 824
1616594891357 0.8885176777839661 825
1616594925810 0.8606899976730347 826
1616594960241 0.8789154887199402 827
1616594995064 0.867738664150238 828
1616595029476 0.8991910219192505 829
1616595068437 0.8952363729476929 830
1616595103187 0.8917320966720581 831
1616595138931 0.8894643783569336 832
1616595173603 0.8791842460632324 833
1616595207875 0.8574708700180054 834
1616595242706 0.8890000581741333 835
1616595277485 0.88065105676651 836
1616595312070 0.8614293336868286 837
1616595346362 0.8995766639709473 838
1616595381188 0.8919976949691772 839
1616595420065 0.9043103456497192 840
1616595454785 0.8757748603820801 841
1616595489552 0.8607546091079712 842
1616595524476 0.8806259632110596 843
1616595559414 0.8731830716133118 844
1616595593790 0.8678706288337708 845
1616595628789 0.8958473205566406 846
1616595663284 0.8766486048698425 847
1616595698463 0.8915602564811707 848
1616595733507 0.8908421993255615 849
1616595773509 0.8875863552093506 850
1616595808433 0.8914932012557983 851
1616595843162 0.8683565855026245 852
1616595877519 0.8741286396980286 853
1616595911832 0.8908933401107788 854
1616595946271 0.8906389474868774 855
1616595981223 0.8914812803268433 856
1616596015645 0.8657675385475159 857
1616596050042 0.9022783041000366 858
1616596084488 0.8732584118843079 859
1616596123471 0.8805249929428101 860
1616596158428 0.8802362680435181 861
1616596193093 0.8874415159225464 862
1616596227568 0.8619645237922668 863
1616596262389 0.8704311847686768 864
1616596296799 0.8872390985488892 865
1616596331675 0.8959150314331055 866
1616596366432 0.8782817125320435 867
1616596401336 0.8948382139205933 868
1616596436383 0.8908371925354004 869
1616596474912 0.897625744342804 870
1616596509658 0.9049573540687561 871
1616596544030 0.8772094249725342 872
1616596578735 0.8818323016166687 873
1616596613716 0.895102858543396 874
1616596648104 0.8811639547348022 875
1616596683141 0.8914966583251953 876
1616596717549 0.8688455820083618 877
1616596752489 0.8705035448074341 878
1616596787027 0.8907371759414673 879
1616596826356 0.8855156302452087 880
1616596860921 0.9004119634628296 881
1616596895542 0.8858566284179688 882
1616596930433 0.8956263065338135 883
1616596964813 0.8962586522102356 884
1616596999190 0.8789634704589844 885
1616597033699 0.8787659406661987 886
1616597068861 0.8885135650634766 887
1616597103701 0.8962081670761108 888
1616597137977 0.8745630383491516 889
1616597177574 0.8811355829238892 890
1616597212167 0.8579949140548706 891
1616597246413 0.871232271194458 892
1616597280719 0.885568380355835 893
1616597314950 0.8892701864242554 894
1616597349501 0.8805611729621887 895
1616597383838 0.8791438341140747 896
1616597418762 0.8656659126281738 897
1616597453487 0.8836086988449097 898
1616597488308 0.8807547092437744 899
1616597527586 0.879522442817688 900
1616597562504 0.8830679655075073 901
1616597596885 0.8857200145721436 902
1616597631658 0.8862735033035278 903
1616597666732 0.8837605118751526 904
1616597701404 0.8670966625213623 905
1616597736150 0.905339241027832 906
1616597770526 0.8842988014221191 907
1616597805198 0.8780382871627808 908
1616597839521 0.8825045824050903 909
1616597878949 0.9112707376480103 910
1616597913440 0.8790398836135864 911
1616597947858 0.8872534036636353 912
1616597982287 0.843388020992279 913
1616598016639 0.8845013380050659 914
1616598051604 0.8916512131690979 915
1616598086528 0.8634968400001526 916
1616598121535 0.876605749130249 917
1616598156638 0.8897834420204163 918
1616598191174 0.9051214456558228 919
1616598230438 0.8712868690490723 920
1616598265031 0.9071269035339355 921
1616598299872 0.9008258581161499 922
1616598334631 0.8783837556838989 923
1616598369169 0.8831424713134766 924
1616598403822 0.8883503675460815 925
1616598438214 0.9028905630111694 926
1616598472765 0.8771379590034485 927
1616598507342 0.8775204420089722 928
1616598542124 0.8937718868255615 929
1616598580934 0.8905362486839294 930
1616598615319 0.8880056142807007 931
1616598650245 0.8738477230072021 932
1616598684573 0.8732666969299316 933
1616598719429 0.8686498403549194 934
1616598754410 0.8931891918182373 935
1616598789815 0.8878198862075806 936
1616598824744 0.8750672340393066 937
1616598859621 0.8859410285949707 938
1616598894264 0.9025895595550537 939
1616598933286 0.8802268505096436 940
1616598968002 0.8812968730926514 941
1616599002608 0.8840175867080688 942
1616599037308 0.8736479878425598 943
1616599072243 0.8935860991477966 944
1616599107021 0.873000979423523 945
1616599141338 0.8941895365715027 946
1616599176101 0.8744994401931763 947
1616599210538 0.878898561000824 948
1616599245580 0.8853086233139038 949
1616599285110 0.8912543058395386 950
1616599320187 0.8737670183181763 951
1616599355130 0.8828976154327393 952
1616599389570 0.8788396120071411 953
1616599424401 0.8858419060707092 954
1616599459319 0.8835270404815674 955
1616599494107 0.8741269111633301 956
1616599528516 0.8655931949615479 957
1616599563348 0.8756319284439087 958
1616599597974 0.9037133455276489 959
1616599637029 0.8950456380844116 960
1616599671860 0.8941353559494019 961
1616599706690 0.9008272886276245 962
1616599741113 0.9045350551605225 963
1616599775476 0.9035058617591858 964
1616599809809 0.8735232949256897 965
1616599844376 0.8860155940055847 966
1616599878630 0.8770138621330261 967
1616599913486 0.8963441252708435 968
1616599948378 0.8800938129425049 969
1616599987310 0.884178638458252 970
1616600021503 0.8887379765510559 971
1616600056500 0.8966107368469238 972
1616600091473 0.8776522278785706 973
1616600126430 0.89174485206604 974
1616600161241 0.8872748017311096 975
1616600195968 0.9044961929321289 976
1616600230970 0.8722448348999023 977
1616600265789 0.9029440879821777 978
1616600300537 0.8899266719818115 979
1616600339757 0.87302166223526 980
1616600374192 0.8888566493988037 981
1616600408580 0.9048855900764465 982
1616600442914 0.8782515525817871 983
1616600477809 0.8676342368125916 984
1616600512501 0.9058214426040649 985
1616600547056 0.9086706042289734 986
1616600581949 0.8853607177734375 987
1616600616841 0.8768589496612549 988
1616600651343 0.8761836290359497 989
1616600690706 0.8919366598129272 990
1616600725413 0.8801175355911255 991
1616600759971 0.8951001167297363 992
1616600794417 0.8964476585388184 993
1616600829260 0.8736282587051392 994
1616600863899 0.8767048120498657 995
1616600898063 0.8762290477752686 996
1616600932268 0.8995548486709595 997
1616600966948 0.8680144548416138 998
1616601002207 0.8794801831245422 999
1616601041227 0.8726596832275391 1000
1616601076410 0.8769477605819702 1001
1616601111065 0.896328330039978 1002
1616601145927 0.9009003639221191 1003
1616601180281 0.8826761245727539 1004
1616601214600 0.8779637813568115 1005
1616601249454 0.905116617679596 1006
1616601284272 0.8715925216674805 1007
1616601318967 0.8837635517120361 1008
1616601353578 0.8707367777824402 1009
1616601392689 0.8864156603813171 1010
1616601426965 0.896403431892395 1011
1616601461585 0.8713779449462891 1012
1616601496559 0.8706367015838623 1013
1616601531818 0.8832703828811646 1014
1616601566752 0.8678289651870728 1015
1616601601629 0.8689256906509399 1016
1616601636487 0.903876543045044 1017
1616601671304 0.8700420260429382 1018
1616601705999 0.8685262203216553 1019
1616601744309 0.9060448408126831 1020
1616601778638 0.8643004894256592 1021
1616601813051 0.8797452449798584 1022
1616601847572 0.8695763945579529 1023
1616601882358 0.851270318031311 1024
1616601917371 0.8915325403213501 1025
1616601952559 0.8878986835479736 1026
1616601987140 0.8928108215332031 1027
1616602021741 0.9030698537826538 1028
1616602056392 0.8924487233161926 1029
1616602095945 0.8750726580619812 1030
1616602130748 0.9003874063491821 1031
1616602165539 0.8807360529899597 1032
1616602200326 0.8807833194732666 1033
1616602234901 0.892007052898407 1034
1616602269824 0.8802891969680786 1035
1616602304848 0.9174288511276245 1036
1616602339692 0.8750426769256592 1037
1616602374130 0.8506202697753906 1038
1616602408530 0.8979694247245789 1039
1616602447958 0.8828995227813721 1040
1616602482551 0.8562123775482178 1041
1616602517530 0.8794081211090088 1042
1616602552193 0.8818614482879639 1043
1616602587157 0.8934218883514404 1044
1616602621868 0.8791912794113159 1045
1616602656709 0.8959488272666931 1046
1616602691234 0.8927091956138611 1047
1616602726138 0.8794814348220825 1048
1616602761022 0.8982822895050049 1049
1616602799824 0.8923969268798828 1050
1616602834157 0.893004298210144 1051
1616602868902 0.9006619453430176 1052
1616602903365 0.8640896081924438 1053
1616602937966 0.906198263168335 1054
1616602972767 0.890645444393158 1055
1616603007571 0.905087947845459 1056
1616603042451 0.8676960468292236 1057
1616603076809 0.8824862241744995 1058
1616603111737 0.887457013130188 1059
1616603151010 0.882254958152771 1060
1616603185282 0.8856741786003113 1061
1616603220280 0.902727484703064 1062
1616603255338 0.8894071578979492 1063
1616603290148 0.9019654989242554 1064
1616603324449 0.8828744888305664 1065
1616603359071 0.8794041872024536 1066
1616603393364 0.8994830250740051 1067
1616603428566 0.8906866312026978 1068
1616603463436 0.8663960695266724 1069
1616603502277 0.8888147473335266 1070
1616603536924 0.9139103889465332 1071
1616603571303 0.8879342079162598 1072
1616603605727 0.8501648306846619 1073
1616603640546 0.8737720847129822 1074
1616603675047 0.8791326284408569 1075
1616603709993 0.8931399583816528 1076
1616603744681 0.8912987112998962 1077
1616603779639 0.8858333826065063 1078
1616603814457 0.8858031034469604 1079
1616603853250 0.9020209908485413 1080
1616603888273 0.8538717031478882 1081
1616603922906 0.8697658777236938 1082
1616603957891 0.8887844085693359 1083
1616603992883 0.8844838738441467 1084
1616604027885 0.8575668931007385 1085
1616604062573 0.9010528326034546 1086
1616604097213 0.8923108577728271 1087
1616604132165 0.8605407476425171 1088
1616604166607 0.9035161733627319 1089
1616604206165 0.8888638019561768 1090
1616604240517 0.9019469022750854 1091
1616604274943 0.8843978047370911 1092
1616604309456 0.8777593374252319 1093
1616604343774 0.8990278244018555 1094
1616604378549 0.8853578567504883 1095
1616604413535 0.8845417499542236 1096
1616604447948 0.8927150964736938 1097
1616604482731 0.8815740346908569 1098
1616604517051 0.8813138604164124 1099
1616604556148 0.8936716318130493 1100
1616604591133 0.8908067345619202 1101
1616604626141 0.876213550567627 1102
1616604661005 0.8916566371917725 1103
1616604695638 0.8733436465263367 1104
1616604730252 0.8975453972816467 1105
1616604765402 0.8886969089508057 1106
1616604800185 0.8757508993148804 1107
1616604834645 0.8796113729476929 1108
1616604869392 0.87860107421875 1109
1616604908688 0.8949129581451416 1110
1616604943285 0.8807874917984009 1111
1616604977734 0.8966383934020996 1112
1616605012036 0.8909323811531067 1113
1616605046483 0.8786226511001587 1114
1616605081062 0.867638349533081 1115
1616605115393 0.9109970331192017 1116
1616605150016 0.874626636505127 1117
1616605185015 0.8523311614990234 1118
1616605220070 0.8771865963935852 1119
1616605259395 0.8968855142593384 1120
1616605294367 0.8873167037963867 1121
1616605329469 0.8922117352485657 1122
1616605363827 0.8949337005615234 1123
1616605398804 0.892484188079834 1124
1616605433336 0.8959735631942749 1125
1616605467747 0.8846955299377441 1126
1616605502237 0.872860848903656 1127
1616605537110 0.8714590072631836 1128
1616605572201 0.8918537497520447 1129
1616605611644 0.8726373910903931 1130
1616605645938 0.8719618320465088 1131
1616605680288 0.8718723058700562 1132
1616605714768 0.8873265981674194 1133
1616605749136 0.8814309239387512 1134
1616605783944 0.8950056433677673 1135
1616605818346 0.8807605504989624 1136
1616605853034 0.8948009014129639 1137
1616605887314 0.8708464503288269 1138
1616605921668 0.9024542570114136 1139
1616605960551 0.892414927482605 1140
1616605995837 0.8842270374298096 1141
1616606030846 0.8941391706466675 1142
1616606065937 0.8899006247520447 1143
1616606100997 0.8975880146026611 1144
1616606135491 0.8921867609024048 1145
1616606170429 0.8676426410675049 1146
1616606205414 0.8913885354995728 1147
1616606239821 0.8888862133026123 1148
1616606274151 0.8889831304550171 1149
1616606313308 0.8660837411880493 1150
1616606347980 0.8922708630561829 1151
1616606383060 0.904974102973938 1152
1616606417713 0.8766108751296997 1153
1616606452312 0.8961325883865356 1154
1616606486874 0.8838146328926086 1155
1616606521150 0.8702666759490967 1156
1616606555761 0.8786536455154419 1157
1616606590657 0.8889365196228027 1158
1616606625376 0.8929582238197327 1159
1616606664531 0.8605632185935974 1160
1616606698855 0.8888620734214783 1161
1616606733208 0.8676867485046387 1162
1616606767598 0.8669925332069397 1163
1616606802142 0.9098389148712158 1164
1616606837142 0.9000463485717773 1165
1616606872008 0.9010307788848877 1166
1616606907060 0.8903865814208984 1167
1616606942083 0.8976312875747681 1168
1616606977125 0.8598412275314331 1169
1616607016246 0.8843470215797424 1170
1616607050651 0.8932149410247803 1171
1616607085220 0.8935763835906982 1172
1616607120466 0.8814957141876221 1173
1616607154976 0.8685071468353271 1174
1616607189331 0.8701423406600952 1175
1616607223614 0.8702113032341003 1176
1616607257981 0.8542265892028809 1177
1616607292474 0.8737461566925049 1178
1616607327528 0.8647680282592773 1179
1616607366788 0.8792413473129272 1180
1616607401786 0.8836624622344971 1181
1616607436624 0.9072037935256958 1182
1616607470971 0.8873629570007324 1183
1616607505825 0.8690192699432373 1184
1616607540815 0.8993258476257324 1185
1616607576071 0.8760288953781128 1186
1616607610824 0.8852698802947998 1187
1616607645700 0.8751323223114014 1188
1616607679820 0.8785601258277893 1189
1616607719512 0.8633379936218262 1190
1616607754618 0.8956616520881653 1191
1616607789170 0.8891066312789917 1192
1616607823874 0.8800287246704102 1193
1616607858572 0.8853543996810913 1194
1616607893058 0.8937049508094788 1195
1616607927483 0.8689009547233582 1196
1616607961955 0.8901702165603638 1197
1616607996998 0.9002262353897095 1198
1616608032229 0.8786672353744507 1199
1616608071909 0.9048546552658081 1200
1616608094246 0.8820191621780396 0
1616608094258 0.8820191621780396 0
