1615630582090 0.04158205911517143 1
1615630616575 0.03522332012653351 2
1615630650899 0.03264822065830231 3
1615630685455 0.030819309875369072 4
1615630720072 0.029743358492851257 5
1615630754647 0.028887690976262093 6
1615630788837 0.028646571561694145 7
1615630823105 0.0266451183706522 8
1615630857354 0.02722185105085373 9
1615630896321 0.026852687820792198 10
1615630931065 0.024955380707979202 11
1615630965649 0.025417476892471313 12
1615631000223 0.025487612932920456 13
1615631034729 0.024678513407707214 14
1615631069404 0.023821882903575897 15
1615631104173 0.02373829297721386 16
1615631138903 0.022219307720661163 17
1615631173568 0.023582858964800835 18
1615631207693 0.023707835003733635 19
1615631246477 0.023791344836354256 20
1615631281116 0.02260960452258587 21
1615631315430 0.02700832672417164 22
1615631349801 0.0219696257263422 23
1615631384477 0.021421711891889572 24
1615631419086 0.022741153836250305 25
1615631453626 0.021648887544870377 26
1615631487798 0.022033441811800003 27
1615631521988 0.022288121283054352 28
1615631556360 0.02224786952137947 29
1615631595646 0.022066745907068253 30
1615631630348 0.020664390176534653 31
1615631664687 0.021914027631282806 32
1615631699211 0.02102450467646122 33
1615631733524 0.024814091622829437 34
1615631767886 0.02047272026538849 35
1615631802523 0.021148676052689552 36
1615631837051 0.019920121878385544 37
1615631871581 0.019166704267263412 38
1615631906170 0.020193662494421005 39
1615631944918 0.02039351314306259 40
1615631979156 0.02049112692475319 41
1615632013301 0.021894074976444244 42
1615632047479 0.021695716306567192 43
1615632081693 0.023339953273534775 44
1615632116444 0.020787037909030914 45
1615632151022 0.020698245614767075 46
1615632185978 0.01977507583796978 47
1615632220650 0.019047826528549194 48
1615632254788 0.01964477077126503 49
1615632293075 0.02022133767604828 50
1615632327225 0.019572820514440536 51
1615632361365 0.02278861030936241 52
1615632395812 0.02078958787024021 53
1615632430362 0.021173052489757538 54
1615632465075 0.023378966376185417 55
1615632499752 0.020721228793263435 56
1615632534492 0.02021736465394497 57
1615632569139 0.019656140357255936 58
1615632603440 0.01937752217054367 59
1615632642331 0.018844105303287506 60
1615632676905 0.020106710493564606 61
1615632711396 0.02017023414373398 62
1615632746023 0.01947692595422268 63
1615632780214 0.020668555051088333 64
1615632814454 0.01882944628596306 65
1615632848997 0.018631232902407646 66
1615632883509 0.01907402276992798 67
1615632918174 0.019112467765808105 68
1615632952998 0.01867968589067459 69
1615632991893 0.019213493913412094 70
1615633026638 0.018791384994983673 71
1615633061067 0.02118438109755516 72
1615633095636 0.01899702101945877 73
1615633130035 0.01854604110121727 74
1615633164650 0.018699415028095245 75
1615633199096 0.01823766902089119 76
1615633233597 0.017848297953605652 77
1615633268570 0.018104704096913338 78
1615633303211 0.018974971026182175 79
1615633342175 0.018347548320889473 80
1615633376858 0.01804238185286522 81
1615633411394 0.017977692186832428 82
1615633445550 0.01897597312927246 83
1615633479920 0.01677367463707924 84
1615633514508 0.018250929191708565 85
1615633548977 0.01718832179903984 86
1615633583500 0.017604637891054153 87
1615633618116 0.016975723206996918 88
1615633652446 0.017509492114186287 89
1615633691186 0.0191635824739933 90
1615633725669 0.020013980567455292 91
1615633760313 0.01826762594282627 92
1615633794497 0.017612235620617867 93
1615633829041 0.016844000667333603 94
1615633863701 0.01759718731045723 95
1615633898034 0.021261710673570633 96
1615633932836 0.018366370350122452 97
1615633967121 0.02155175246298313 98
1615634001910 0.018271077424287796 99
1615634040483 0.019607093185186386 100
1615634074864 0.01783648133277893 101
1615634109694 0.01839447021484375 102
1615634144145 0.017377465963363647 103
1615634178533 0.01707649603486061 104
1615634213159 0.018362734466791153 105
1615634247338 0.01837284117937088 106
1615634281489 0.018884046003222466 107
1615634315746 0.01774359494447708 108
1615634350172 0.017403628677129745 109
1615634389078 0.018174730241298676 110
1615634423259 0.015977773815393448 111
1615634458017 0.01905432716012001 112
1615634492363 0.018896324560046196 113
1615634526613 0.01801431179046631 114
1615634561184 0.01689918152987957 115
1615634595655 0.01981254667043686 116
1615634630453 0.017126351594924927 117
1615634664928 0.021116551011800766 118
1615634699842 0.017099488526582718 119
1615634738424 0.017974715679883957 120
1615634772878 0.01638607122004032 121
1615634807343 0.016398264095187187 122
1615634841950 0.02034631371498108 123
1615634876609 0.018564792349934578 124
1615634911140 0.016444001346826553 125
1615634945585 0.017833856865763664 126
1615634980153 0.016315022483468056 127
1615635015039 0.016330145299434662 128
1615635049700 0.017116449773311615 129
1615635088381 0.016642488539218903 130
1615635122556 0.018884997814893723 131
1615635156771 0.017688101157546043 132
1615635191511 0.017003564164042473 133
1615635226253 0.01793155074119568 134
1615635260653 0.01662401109933853 135
1615635295389 0.015306683257222176 136
1615635330186 0.017082925885915756 137
1615635364784 0.01801011897623539 138
1615635399208 0.017312848940491676 139
1615635437942 0.018740061670541763 140
1615635472177 0.017815001308918 141
1615635506841 0.017205607146024704 142
1615635541095 0.01631944812834263 143
1615635575476 0.016842015087604523 144
1615635609587 0.015582217834889889 145
1615635644053 0.016773350536823273 146
1615635678581 0.018261980265378952 147
1615635712952 0.016201237216591835 148
1615635747278 0.016571026295423508 149
1615635785717 0.017163995653390884 150
1615635820396 0.016466964036226273 151
1615635855287 0.015894517302513123 152
1615635890230 0.015996310859918594 153
1615635924828 0.014414727687835693 154
1615635959512 0.01566299982368946 155
1615635994117 0.015724698081612587 156
1615636028792 0.01564580574631691 157
1615636063388 0.015862049534916878 158
1615636097950 0.014770342037081718 159
1615636137229 0.016276482492685318 160
1615636171612 0.0187663696706295 161
1615636206230 0.01606028713285923 162
1615636240395 0.015756096690893173 163
1615636274952 0.016152359545230865 164
1615636309342 0.0163252130150795 165
1615636344225 0.01720188744366169 166
1615636378527 0.016182469204068184 167
1615636412912 0.015643620863556862 168
1615636447272 0.014983219094574451 169
1615636486137 0.015416529960930347 170
1615636520656 0.017682205885648727 171
1615636555586 0.015185280703008175 172
1615636590342 0.016172176226973534 173
1615636624733 0.017141859978437424 174
1615636659087 0.01593165658414364 175
1615636693428 0.015660200268030167 176
1615636728077 0.01824004575610161 177
1615636762473 0.01574813202023506 178
1615636797024 0.016998110339045525 179
1615636835552 0.014151612296700478 180
1615636870088 0.016230054199695587 181
1615636904749 0.01620645634829998 182
1615636938964 0.017431575804948807 183
1615636973059 0.015153933316469193 184
1615637007352 0.016253313049674034 185
1615637041835 0.016134019941091537 186
1615637076084 0.016283171251416206 187
1615637110548 0.018699318170547485 188
1615637145023 0.015432626008987427 189
1615637183956 0.01574723795056343 190
1615637218282 0.014093447476625443 191
1615637253108 0.01629701443016529 192
1615637287765 0.01792537420988083 193
1615637322345 0.017456285655498505 194
1615637357041 0.015560556203126907 195
1615637391547 0.016534382477402687 196
1615637426024 0.01597527787089348 197
1615637460552 0.016918344423174858 198
1615637495101 0.01547850202769041 199
1615637534368 0.01673866994678974 200
1615637568475 0.016981488093733788 201
1615637602941 0.017166804522275925 202
1615637637192 0.016807734966278076 203
1615637671583 0.015725070610642433 204
1615637705898 0.015198875218629837 205
1615637740687 0.015927515923976898 206
1615637775135 0.015181392431259155 207
1615637809537 0.01582208275794983 208
1615637844332 0.015268096700310707 209
1615637883094 0.017315467819571495 210
1615637917587 0.015460232272744179 211
1615637951902 0.015412959270179272 212
1615637986483 0.018515218049287796 213
1615638020700 0.016034958884119987 214
1615638055080 0.015590578317642212 215
1615638089943 0.01671917364001274 216
1615638124343 0.015275995247066021 217
1615638159037 0.01565924659371376 218
1615638193240 0.015650201588869095 219
1615638232260 0.01575998216867447 220
1615638266465 0.01519135944545269 221
1615638300952 0.01622859388589859 222
1615638335188 0.014661798253655434 223
1615638369945 0.014307906851172447 224
1615638404302 0.01651616021990776 225
1615638438892 0.015811122953891754 226
1615638473119 0.016145847737789154 227
1615638507816 0.015977423638105392 228
1615638542201 0.013618089258670807 229
1615638580478 0.013952918350696564 230
1615638614987 0.013648996129631996 231
1615638649553 0.014601033180952072 232
1615638684246 0.01583060622215271 233
1615638718905 0.013422522693872452 234
1615638753572 0.014504890888929367 235
1615638787942 0.015016332268714905 236
1615638822496 0.014331620186567307 237
1615638857018 0.015156488865613937 238
1615638891390 0.01328381709754467 239
1615638930125 0.016504721716046333 240
1615638964678 0.01431967131793499 241
1615638999178 0.015229611657559872 242
1615639033428 0.01394992507994175 243
1615639068172 0.01366853341460228 244
1615639102774 0.013837731443345547 245
1615639137115 0.01464885100722313 246
1615639172153 0.01627444662153721 247
1615639206754 0.013644436374306679 248
1615639241426 0.015686683356761932 249
1615639279861 0.014428255148231983 250
1615639314560 0.015186861157417297 251
1615639348833 0.015001080930233002 252
1615639383061 0.01684313453733921 253
1615639417250 0.016058234497904778 254
1615639451475 0.012866836041212082 255
1615639485746 0.014173243194818497 256
1615639520349 0.012689470313489437 257
1615639554934 0.014100780710577965 258
1615639589451 0.015964895486831665 259
1615639628189 0.01510300301015377 260
1615639662536 0.015150895342230797 261
1615639697141 0.014140713959932327 262
1615639731848 0.016539419069886208 263
1615639767042 0.015591783449053764 264
1615639801700 0.014547757804393768 265
1615639836349 0.015692057088017464 266
1615639870864 0.014565208926796913 267
1615639905407 0.01558601763099432 268
1615639940052 0.013582843355834484 269
1615639978783 0.014332642778754234 270
1615640012985 0.012887710705399513 271
1615640047084 0.014084957540035248 272
1615640081577 0.013835403136909008 273
1615640115825 0.014473572373390198 274
1615640150275 0.014998234808444977 275
1615640184985 0.015415816567838192 276
1615640219380 0.01392178051173687 277
1615640253659 0.013733720406889915 278
1615640288369 0.01414503250271082 279
1615640326918 0.014963710680603981 280
1615640361459 0.013708921149373055 281
1615640396319 0.013072269968688488 282
1615640430932 0.015633266419172287 283
1615640465355 0.013920284807682037 284
1615640500144 0.015507115982472897 285
1615640534678 0.015511899255216122 286
1615640569512 0.014028886333107948 287
1615640603885 0.015227962285280228 288
1615640638486 0.015178561210632324 289
1615640677635 0.01357639767229557 290
1615640711872 0.013107851147651672 291
1615640746445 0.013962036930024624 292
1615640780629 0.013173900544643402 293
1615640815350 0.013809824362397194 294
1615640849766 0.014247013255953789 295
1615640884119 0.015470003709197044 296
1615640918636 0.014339478686451912 297
1615640953005 0.014750896021723747 298
1615640987457 0.01346682757139206 299
1615641026621 0.014370963908731937 300
1615641061051 0.015019241720438004 301
1615641095606 0.014962933026254177 302
1615641130058 0.01195891946554184 303
1615641164625 0.013700321316719055 304
1615641198835 0.01623326539993286 305
1615641233453 0.014363482594490051 306
1615641267718 0.013328758999705315 307
1615641301862 0.010412544012069702 308
1615641336222 0.012377366423606873 309
1615641375137 0.01626739092171192 310
1615641409342 0.015683023259043694 311
1615641443627 0.013451511040329933 312
1615641477839 0.014335576444864273 313
1615641512561 0.0118887759745121 314
1615641546965 0.015048540197312832 315
1615641581465 0.012947425246238708 316
1615641615770 0.013547106646001339 317
1615641650117 0.014626344665884972 318
1615641684759 0.01422722078859806 319
1615641724025 0.015192911028862 320
1615641758614 0.012591801583766937 321
1615641793093 0.013734778389334679 322
1615641827370 0.013740535825490952 323
1615641862268 0.013172050938010216 324
1615641897109 0.014140898361802101 325
1615641931834 0.013934465125203133 326
1615641966542 0.012013958767056465 327
1615642001099 0.012702970765531063 328
1615642035258 0.011652020737528801 329
1615642073965 0.0147402323782444 330
1615642108219 0.01429775170981884 331
1615642142483 0.013214237056672573 332
1615642176767 0.012529375031590462 333
1615642211052 0.014682224951684475 334
1615642245423 0.013536805287003517 335
1615642280249 0.012055691331624985 336
1615642314730 0.013812912628054619 337
1615642349218 0.01401796005666256 338
1615642383512 0.01127039548009634 339
1615642422250 0.01263958215713501 340
1615642456862 0.012459831312298775 341
1615642491442 0.011383922770619392 342
1615642525903 0.013698178343474865 343
1615642560539 0.013378160074353218 344
1615642595050 0.013887837529182434 345
1615642629357 0.015491489320993423 346
1615642664053 0.017673462629318237 347
1615642698823 0.012826040387153625 348
1615642733449 0.011801717802882195 349
1615642772614 0.011969448998570442 350
1615642807420 0.013706240803003311 351
1615642842189 0.014053581282496452 352
1615642876564 0.012972543947398663 353
1615642911613 0.011643357574939728 354
1615642945879 0.013027766719460487 355
1615642980384 0.015038708224892616 356
1615643014513 0.013483651913702488 357
1615643048762 0.011989859864115715 358
1615643083476 0.014139069244265556 359
1615643122043 0.01253045815974474 360
1615643156659 0.01081471424549818 361
1615643191001 0.012171021662652493 362
1615643225332 0.012332876212894917 363
1615643259876 0.013352356851100922 364
1615643294539 0.011617939919233322 365
1615643328871 0.012531612068414688 366
1615643363285 0.013807669281959534 367
1615643398113 0.010818978771567345 368
1615643432811 0.016512082889676094 369
1615643471786 0.014980307780206203 370
1615643506097 0.01087877620011568 371
1615643540412 0.011512174271047115 372
1615643575489 0.013267417438328266 373
1615643609886 0.013637082651257515 374
1615643644126 0.013034757226705551 375
1615643678645 0.013184033334255219 376
1615643713355 0.013995512388646603 377
1615643747818 0.013568676076829433 378
1615643782477 0.01255321130156517 379
1615643821042 0.013645311817526817 380
1615643855673 0.013369107618927956 381
1615643890163 0.011916829273104668 382
1615643924788 0.013948921114206314 383
1615643959074 0.012086883187294006 384
1615643993399 0.01145527046173811 385
1615644028111 0.012402227148413658 386
1615644062715 0.012290209531784058 387
1615644097291 0.012548981234431267 388
1615644131689 0.013161944225430489 389
1615644170591 0.013755843043327332 390
1615644204957 0.01593799702823162 391
1615644239337 0.01367113832384348 392
1615644273829 0.013843010179698467 393
1615644308354 0.014569185674190521 394
1615644343036 0.010299080982804298 395
1615644377568 0.01483483612537384 396
1615644412213 0.012243733741343021 397
1615644446469 0.011766340583562851 398
1615644480795 0.012309230864048004 399
1615644519656 0.012128734961152077 400
1615644553848 0.01315087080001831 401
1615644588080 0.012602046132087708 402
1615644622347 0.014069445431232452 403
1615644656991 0.011160939931869507 404
1615644691405 0.012822944670915604 405
1615644725637 0.011183819733560085 406
1615644760378 0.015068192034959793 407
1615644795045 0.01062934659421444 408
1615644829843 0.012791084125638008 409
1615644868528 0.012397936545312405 410
1615644903010 0.011049443855881691 411
1615644937664 0.01139703020453453 412
1615644971881 0.011920778080821037 413
1615645006324 0.012647096067667007 414
1615645040659 0.014695269986987114 415
1615645075360 0.01185573823750019 416
1615645110288 0.01299862377345562 417
1615645144568 0.011699546128511429 418
1615645179039 0.013489097356796265 419
1615645217711 0.011862803250551224 420
1615645252021 0.011360781267285347 421
1615645286346 0.0130046047270298 422
1615645321164 0.012623799964785576 423
1615645355492 0.011969150975346565 424
1615645389747 0.01308412104845047 425
1615645424486 0.01354433223605156 426
1615645459327 0.010529828257858753 427
1615645493903 0.01329233031719923 428
1615645528761 0.015860846266150475 429
1615645568004 0.01332126371562481 430
1615645602469 0.01236693561077118 431
1615645637221 0.012885432690382004 432
1615645671441 0.016168560832738876 433
1615645705538 0.011052150279283524 434
1615645740136 0.014246009290218353 435
1615645774969 0.012846777215600014 436
1615645809212 0.012639276683330536 437
1615645843821 0.011081825941801071 438
1615645878439 0.01370832696557045 439
1615645917486 0.011125382035970688 440
1615645951801 0.011676177382469177 441
1615645986586 0.012183237820863724 442
1615646021460 0.011892947368323803 443
1615646056457 0.010270049795508385 444
1615646091099 0.013361096382141113 445
1615646125526 0.013196603395044804 446
1615646160763 0.013918079435825348 447
1615646195383 0.012650305405259132 448
1615646229895 0.010290483012795448 449
1615646269613 0.010769788175821304 450
1615646304208 0.011646207422018051 451
1615646338738 0.012594170868396759 452
1615646373137 0.01250135712325573 453
1615646407795 0.012521966360509396 454
1615646442528 0.01001696102321148 455
1615646476985 0.01278618909418583 456
1615646511371 0.013888388872146606 457
1615646545849 0.013565372675657272 458
1615646580492 0.011590425856411457 459
1615646619867 0.010909289121627808 460
1615646654876 0.01245674304664135 461
1615646689111 0.011165892705321312 462
1615646723333 0.012007450684905052 463
1615646757733 0.012759041041135788 464
1615646792038 0.010784592479467392 465
1615646826605 0.015317190438508987 466
1615646861264 0.011988641694188118 467
1615646895522 0.012575897388160229 468
1615646930228 0.01151571236550808 469
1615646969102 0.012737570330500603 470
1615647003798 0.013561451807618141 471
1615647038317 0.012368438765406609 472
1615647073252 0.010572139173746109 473
1615647107763 0.012396575883030891 474
1615647142257 0.011797459796071053 475
1615647176934 0.012757554650306702 476
1615647211379 0.011902576312422752 477
1615647245823 0.011416740715503693 478
1615647280435 0.010459063574671745 479
1615647319748 0.011318037286400795 480
1615647354021 0.01217089407145977 481
1615647388708 0.010750631801784039 482
1615647423497 0.012267185375094414 483
1615647458199 0.011247914284467697 484
1615647492650 0.010468123480677605 485
1615647527507 0.01420542597770691 486
1615647562022 0.012125645764172077 487
1615647596352 0.012274060398340225 488
1615647630979 0.010259748436510563 489
1615647669660 0.011217348277568817 490
1615647703998 0.010720750316977501 491
1615647738823 0.013762220740318298 492
1615647773137 0.009957556612789631 493
1615647808003 0.015457700937986374 494
1615647842731 0.012266511097550392 495
1615647877025 0.012407264672219753 496
1615647911769 0.010395418852567673 497
1615647946219 0.013210145756602287 498
1615647981123 0.011510482057929039 499
1615648020188 0.012220973148941994 500
1615648054810 0.012469182722270489 501
1615648089186 0.012250939384102821 502
1615648123832 0.010813858360052109 503
1615648158468 0.011014355346560478 504
1615648193369 0.012958050705492496 505
1615648228074 0.012004785239696503 506
1615648262330 0.013000641018152237 507
1615648296949 0.012665570713579655 508
1615648331470 0.011916905641555786 509
1615648370422 0.011153008788824081 510
1615648405118 0.009839734062552452 511
1615648439889 0.009724337607622147 512
1615648474323 0.011241106316447258 513
1615648508815 0.009698010981082916 514
1615648543602 0.011387558653950691 515
1615648577907 0.009717360138893127 516
1615648612212 0.011147544719278812 517
1615648646825 0.011842368170619011 518
1615648681182 0.012474775314331055 519
1615648720280 0.011662336066365242 520
1615648754603 0.012667846865952015 521
1615648789420 0.011483607813715935 522
1615648824451 0.011681625619530678 523
1615648859395 0.011007782071828842 524
1615648894081 0.01126809511333704 525
1615648928503 0.009940852411091328 526
1615648962799 0.010762650519609451 527
1615648997659 0.010841893032193184 528
1615649032299 0.011524975299835205 529
1615649071108 0.011711863800883293 530
1615649105414 0.01291663944721222 531
1615649140183 0.01301856804639101 532
1615649174760 0.012653443962335587 533
1615649209009 0.0109543576836586 534
1615649243657 0.011932877823710442 535
1615649278325 0.009382636286318302 536
1615649313094 0.011507606133818626 537
1615649347738 0.011525504291057587 538
1615649382045 0.012252545915544033 539
1615649420900 0.010160628706216812 540
1615649455161 0.011749295517802238 541
1615649489799 0.013221348635852337 542
1615649524164 0.01156875304877758 543
1615649558856 0.009689826518297195 544
1615649593074 0.010503273457288742 545
1615649627367 0.01232103444635868 546
1615649661543 0.00973658636212349 547
1615649695803 0.012087641283869743 548
1615649730461 0.012691276147961617 549
1615649769412 0.010805049911141396 550
1615649803837 0.010278888046741486 551
1615649838676 0.011753739789128304 552
1615649872956 0.010370275005698204 553
1615649907718 0.013528704643249512 554
1615649942262 0.01107428502291441 555
1615649976967 0.010232007130980492 556
1615650011685 0.012095458805561066 557
1615650046643 0.012865645810961723 558
1615650080998 0.013734189793467522 559
1615650119788 0.009427284821867943 560
1615650154138 0.01257309690117836 561
1615650188522 0.01339058205485344 562
1615650222832 0.011884011328220367 563
1615650257147 0.008894787169992924 564
1615650291394 0.013739966787397861 565
1615650326038 0.009685968048870564 566
1615650360731 0.011213518679141998 567
1615650395417 0.009497243911027908 568
1615650429725 0.0107581727206707 569
1615650468760 0.01244698278605938 570
1615650503105 0.011710645630955696 571
1615650537878 0.011325162835419178 572
1615650572905 0.010755715891718864 573
1615650607411 0.010015806183218956 574
1615650642073 0.012209037318825722 575
1615650676764 0.010217392817139626 576
1615650711117 0.009347585961222649 577
1615650745615 0.010576248168945312 578
1615650779905 0.011455321684479713 579
1615650818632 0.010960186831653118 580
1615650853243 0.007989315316081047 581
1615650887694 0.012142006307840347 582
1615650922665 0.011298228055238724 583
1615650956805 0.012998431921005249 584
1615650991418 0.01055707037448883 585
1615651026146 0.011897926218807697 586
1615651060583 0.008508465252816677 587
1615651095336 0.010465214028954506 588
1615651129472 0.010941481217741966 589
1615651167979 0.01133071631193161 590
1615651202207 0.011288948357105255 591
1615651236545 0.011591301299631596 592
1615651270797 0.012432936578989029 593
1615651305076 0.011193245649337769 594
1615651339846 0.010904626920819283 595
1615651374345 0.009955323301255703 596
1615651408936 0.010446546599268913 597
1615651443166 0.011154122650623322 598
1615651477570 0.012338768690824509 599
1615651516315 0.011382441967725754 600
1615651550906 0.008756209164857864 601
1615651585751 0.013036784715950489 602
1615651620051 0.012997733429074287 603
1615651654512 0.012149853631854057 604
1615651689550 0.011078211478888988 605
1615651724215 0.011578734964132309 606
1615651758393 0.011790161952376366 607
1615651792706 0.010608390904963017 608
1615651827493 0.01197850238531828 609
1615651866501 0.010690274648368359 610
1615651901111 0.013223852962255478 611
1615651936077 0.011796749196946621 612
1615651970682 0.011269265785813332 613
1615652005108 0.01134968176484108 614
1615652039574 0.010444136336445808 615
1615652074094 0.010479282587766647 616
1615652108426 0.0121840825304389 617
1615652142723 0.00916416384279728 618
1615652177407 0.011858191341161728 619
1615652216651 0.010944584384560585 620
1615652250867 0.010423152707517147 621
1615652285053 0.01273748092353344 622
1615652319580 0.012146299704909325 623
1615652354122 0.00911625288426876 624
1615652388455 0.009415430948138237 625
1615652422779 0.010581471025943756 626
1615652457616 0.009399253875017166 627
1615652492556 0.010176487267017365 628
1615652526929 0.010880641639232635 629
1615652565911 0.010611386969685555 630
1615652600600 0.01008547656238079 631
1615652634981 0.013066292740404606 632
1615652669503 0.011334134265780449 633
1615652703912 0.011024519801139832 634
1615652738537 0.012449435889720917 635
1615652772721 0.012143595144152641 636
1615652806884 0.008497492410242558 637
1615652841113 0.012286143377423286 638
1615652875864 0.009640414267778397 639
1615652914964 0.010896619409322739 640
1615652949342 0.011092813685536385 641
1615652984177 0.012279612943530083 642
1615653018751 0.009077074006199837 643
1615653053433 0.009981226176023483 644
1615653087865 0.011288944631814957 645
1615653122491 0.008756458759307861 646
1615653157349 0.011655855923891068 647
1615653192222 0.011145289987325668 648
1615653227004 0.009875833056867123 649
1615653266259 0.009562031365931034 650
1615653300544 0.011599419638514519 651
1615653334869 0.010848047211766243 652
1615653369574 0.010586949065327644 653
1615653404604 0.009460054337978363 654
1615653439321 0.010154740884900093 655
1615653473569 0.010105191729962826 656
1615653508168 0.009382400661706924 657
1615653542885 0.011933160945773125 658
1615653577359 0.0112752765417099 659
1615653616269 0.011513487435877323 660
1615653650488 0.009035437367856503 661
1615653684653 0.01222379319369793 662
1615653718929 0.01152908243238926 663
1615653753664 0.011058631353080273 664
1615653788566 0.009545515291392803 665
1615653823430 0.010525942780077457 666
1615653858438 0.01024617813527584 667
1615653893242 0.011161504313349724 668
1615653927563 0.010416092351078987 669
1615653966881 0.0109114870429039 670
1615654001114 0.011979482136666775 671
1615654035893 0.013951027765870094 672
1615654070604 0.013239237479865551 673
1615654105295 0.010841099545359612 674
1615654139486 0.012015772983431816 675
1615654174362 0.01048242673277855 676
1615654208825 0.010083833709359169 677
1615654243421 0.010057313367724419 678
1615654277801 0.01050562970340252 679
1615654316194 0.010562252253293991 680
1615654350819 0.010938268154859543 681
1615654385169 0.009945712983608246 682
1615654419747 0.010207829996943474 683
1615654453979 0.01145226415246725 684
1615654488572 0.01018679328262806 685
1615654523160 0.009813819080591202 686
1615654557477 0.008503558114171028 687
1615654592576 0.01228596642613411 688
1615654627004 0.013358723372220993 689
1615654666434 0.011550030671060085 690
1615654700799 0.009659568779170513 691
1615654735130 0.008365035988390446 692
1615654769360 0.010045640170574188 693
1615654804130 0.010503709316253662 694
1615654838932 0.010482892394065857 695
1615654873374 0.009692830964922905 696
1615654908051 0.00982956774532795 697
1615654942810 0.010001122951507568 698
1615654977584 0.010700171813368797 699
1615655017405 0.00984654389321804 700
1615655052156 0.011395027860999107 701
1615655086861 0.010880384594202042 702
1615655121478 0.00851439405232668 703
1615655156168 0.011504216119647026 704
1615655190871 0.010503681376576424 705
1615655225619 0.010197417810559273 706
1615655260208 0.010751981288194656 707
1615655294833 0.008951198309659958 708
1615655329032 0.010241775773465633 709
1615655367558 0.010195048525929451 710
1615655402223 0.009491071105003357 711
1615655437092 0.009777087718248367 712
1615655471604 0.009707573801279068 713
1615655506197 0.010589167475700378 714
1615655540625 0.01059738826006651 715
1615655575414 0.011584067717194557 716
1615655610196 0.008609149605035782 717
1615655644492 0.008970222435891628 718
1615655678793 0.009627407416701317 719
1615655718094 0.009855817072093487 720
1615655752252 0.010472049936652184 721
1615655786704 0.012589434161782265 722
1615655821043 0.010763073340058327 723
1615655855815 0.009081624448299408 724
1615655890324 0.011706855148077011 725
1615655924927 0.009193295612931252 726
1615655959367 0.00776129774749279 727
1615655994005 0.010599371045827866 728
1615656028400 0.008870766498148441 729
1615656067601 0.008418804034590721 730
1615656102374 0.009583151899278164 731
1615656136955 0.01062731072306633 732
1615656171410 0.00878077931702137 733
1615656206143 0.011409168131649494 734
1615656240712 0.01095583476126194 735
1615656275306 0.010072366334497929 736
1615656310007 0.008815387263894081 737
1615656344432 0.010097790509462357 738
1615656379241 0.008671965450048447 739
1615656418441 0.01180453971028328 740
1615656453602 0.012100089341402054 741
1615656487954 0.009192769415676594 742
1615656522450 0.008778471499681473 743
1615656556932 0.007138771004974842 744
1615656591228 0.011008632369339466 745
1615656625736 0.008621194399893284 746
1615656660540 0.01040599960833788 747
1615656695413 0.009885519742965698 748
1615656730005 0.011096403002738953 749
1615656768967 0.010417161509394646 750
1615656803536 0.011862101033329964 751
1615656837761 0.011166421696543694 752
1615656872445 0.011090777814388275 753
1615656907303 0.009752555750310421 754
1615656941904 0.01048170868307352 755
1615656976573 0.00890134647488594 756
1615657011410 0.012556458823382854 757
1615657046014 0.010165791027247906 758
1615657080815 0.00834061112254858 759
1615657119123 0.01029890775680542 760
1615657153667 0.010837502777576447 761
1615657187996 0.010373021475970745 762
1615657222709 0.011049681343138218 763
1615657257619 0.01038396917283535 764
1615657292251 0.011922440491616726 765
1615657326848 0.00928003154695034 766
1615657361658 0.01007416658103466 767
1615657396464 0.010236015543341637 768
1615657431205 0.008760308846831322 769
1615657469913 0.010297497734427452 770
1615657504371 0.011067654937505722 771
1615657538700 0.010794360190629959 772
1615657573444 0.00898745097219944 773
1615657608130 0.01119170431047678 774
1615657643055 0.012364578433334827 775
1615657677574 0.008622029796242714 776
1615657711770 0.009095624089241028 777
1615657746769 0.009329114109277725 778
1615657781378 0.010464055463671684 779
1615657820186 0.008467848412692547 780
1615657854449 0.013463395647704601 781
1615657888705 0.00874456949532032 782
1615657922929 0.008484197780489922 783
1615657957632 0.009674914181232452 784
1615657992280 0.008496134541928768 785
1615658027143 0.012028029188513756 786
1615658061495 0.010988114401698112 787
1615658096505 0.009951768442988396 788
1615658131390 0.011308664456009865 789
1615658170395 0.01007135957479477 790
1615658205055 0.011003462597727776 791
1615658239465 0.009650084190070629 792
1615658274210 0.011271070688962936 793
1615658308829 0.009014924988150597 794
1615658343184 0.009699453599750996 795
1615658377859 0.009682739153504372 796
1615658412146 0.009593477472662926 797
1615658446743 0.011519864201545715 798
1615658481019 0.007160071283578873 799
1615658519232 0.010329905897378922 800
1615658553620 0.011656280606985092 801
1615658587888 0.010204888880252838 802
1615658622250 0.009382082149386406 803
1615658656738 0.009484058246016502 804
1615658691397 0.01184096559882164 805
1615658726239 0.0098128542304039 806
1615658760596 0.010424581356346607 807
1615658795453 0.01094743050634861 808
1615658830106 0.012128666043281555 809
1615658869298 0.010505964048206806 810
1615658903800 0.0119232889264822 811
1615658938555 0.009466542862355709 812
1615658972820 0.008823568001389503 813
1615659007403 0.008617601357400417 814
1615659041593 0.009343997575342655 815
1615659075924 0.01064101979136467 816
1615659110705 0.00736638717353344 817
1615659145385 0.010636208578944206 818
1615659180068 0.011232011020183563 819
1615659218607 0.013093959540128708 820
1615659252993 0.009403628297150135 821
1615659287456 0.010996131226420403 822
1615659321727 0.010084688663482666 823
1615659356757 0.009819651022553444 824
1615659391001 0.011457638815045357 825
1615659425339 0.009266573935747147 826
1615659460024 0.012012389488518238 827
1615659494502 0.008138701319694519 828
1615659529062 0.009024884551763535 829
1615659567670 0.010326323099434376 830
1615659602107 0.010771054774522781 831
1615659636842 0.009416879154741764 832
1615659671730 0.008128908462822437 833
1615659706399 0.01001824252307415 834
1615659740976 0.01079452596604824 835
1615659775109 0.009387357160449028 836
1615659809413 0.01307731680572033 837
1615659843908 0.0109932916238904 838
1615659878886 0.0100628063082695 839
1615659918038 0.008987309411168098 840
1615659952327 0.011158774606883526 841
1615659986980 0.010586999356746674 842
1615660021387 0.0075519192032516 843
1615660056017 0.009036877192556858 844
1615660090782 0.01046731323003769 845
1615660125155 0.008702833205461502 846
1615660159894 0.008544331416487694 847
1615660194565 0.010552236810326576 848
1615660229390 0.012936086393892765 849
1615660268433 0.010621998459100723 850
1615660302916 0.0075312512926757336 851
1615660337134 0.0066348775289952755 852
1615660371552 0.01194883044809103 853
1615660406229 0.010401984676718712 854
1615660440777 0.010996203869581223 855
1615660475461 0.010857759974896908 856
1615660510413 0.011301614344120026 857
1615660545053 0.009462334215641022 858
1615660579310 0.008566191419959068 859
1615660618051 0.008705873042345047 860
1615660652334 0.011705540120601654 861
1615660686867 0.010946838185191154 862
1615660721443 0.012141106650233269 863
1615660756010 0.012328721582889557 864
1615660790760 0.00891663134098053 865
1615660825387 0.01179462019354105 866
1615660860067 0.007718151435256004 867
1615660895039 0.013353178277611732 868
1615660929364 0.010512778535485268 869
1615660968336 0.007603202480822802 870
1615661003030 0.009625393897294998 871
1615661037722 0.010827519930899143 872
1615661072070 0.012327926233410835 873
1615661106352 0.010849474929273129 874
1615661141249 0.009241066873073578 875
1615661175617 0.009692784398794174 876
1615661209820 0.010105038061738014 877
1615661244093 0.01179727353155613 878
1615661278408 0.008267815224826336 879
1615661316874 0.007549245376139879 880
1615661351493 0.010815697722136974 881
1615661385879 0.009433524683117867 882
1615661420226 0.011192936450242996 883
1615661454547 0.010071368888020515 884
1615661489140 0.012027190998196602 885
1615661523351 0.012533759698271751 886
1615661558172 0.007571829482913017 887
1615661592412 0.009277168661355972 888
1615661626934 0.010796102695167065 889
1615661666037 0.009172472171485424 890
1615661700550 0.007747686468064785 891
1615661735327 0.009503686800599098 892
1615661770063 0.008355372585356236 893
1615661804568 0.00879315659403801 894
1615661838850 0.006613052450120449 895
1615661873428 0.011016417294740677 896
1615661907988 0.011697650887072086 897
1615661942667 0.009298853576183319 898
1615661977170 0.012395347468554974 899
1615662015858 0.00888060312718153 900
1615662050075 0.009157173335552216 901
1615662084787 0.008018244057893753 902
1615662119442 0.009991973638534546 903
1615662153733 0.009128963574767113 904
1615662187997 0.009952761232852936 905
1615662222521 0.010158606804907322 906
1615662256760 0.010583008639514446 907
1615662290972 0.010729257948696613 908
1615662325711 0.010142030194401741 909
1615662364229 0.00823359563946724 910
1615662398733 0.008514614775776863 911
1615662433080 0.012044650502502918 912
1615662467541 0.009882163256406784 913
1615662502560 0.007662740536034107 914
1615662536814 0.011936855502426624 915
1615662571203 0.009198542684316635 916
1615662605612 0.01283317245543003 917
1615662639977 0.01040625013411045 918
1615662674540 0.009525811299681664 919
1615662713729 0.009588843211531639 920
1615662748522 0.010209813714027405 921
1615662783404 0.00938391499221325 922
1615662818218 0.010786185041069984 923
1615662853193 0.008369063958525658 924
1615662887880 0.01048287283629179 925
1615662922632 0.009008613415062428 926
1615662956769 0.008830688893795013 927
1615662991255 0.010302243754267693 928
1615663025719 0.009276273660361767 929
1615663064744 0.012981176376342773 930
1615663099424 0.00971402321010828 931
1615663134224 0.009430383332073689 932
1615663168816 0.01030581071972847 933
1615663203551 0.012047860771417618 934
1615663237860 0.009498709812760353 935
1615663272095 0.012627743184566498 936
1615663307037 0.012614909559488297 937
1615663341568 0.010777400806546211 938
1615663376396 0.01026376336812973 939
1615663415175 0.009983113035559654 940
1615663449750 0.01174052245914936 941
1615663484690 0.010874129831790924 942
1615663519326 0.010282229632139206 943
1615663554014 0.009511927142739296 944
1615663588249 0.008990395814180374 945
1615663622569 0.00808337889611721 946
1615663656976 0.013830998912453651 947
1615663691511 0.008309811353683472 948
1615663726543 0.007985878735780716 949
1615663765860 0.00977438036352396 950
1615663800237 0.010378681123256683 951
1615663834624 0.007975260727107525 952
1615663868835 0.009061357006430626 953
1615663903208 0.008385226130485535 954
1615663937683 0.01104206033051014 955
1615663972460 0.008156678639352322 956
1615664006724 0.010221550241112709 957
1615664041484 0.008519459515810013 958
1615664075859 0.009141666814684868 959
1615664114197 0.01231304183602333 960
1615664148358 0.010380587540566921 961
1615664182823 0.009063199162483215 962
1615664217371 0.01043770182877779 963
1615664251709 0.009138224646449089 964
1615664286343 0.008265931159257889 965
1615664320741 0.010333172045648098 966
1615664355360 0.008675498887896538 967
1615664390190 0.0077937934547662735 968
1615664424947 0.009367657825350761 969
1615664464228 0.011719336733222008 970
1615664498774 0.00867718830704689 971
1615664533303 0.009657008573412895 972
1615664568075 0.009886030107736588 973
1615664602689 0.0099127646535635 974
1615664637579 0.01070074550807476 975
1615664671884 0.00833174493163824 976
1615664706123 0.008650580421090126 977
1615664740495 0.011923862621188164 978
1615664774930 0.01029079221189022 979
1615664813525 0.01281849667429924 980
1615664847821 0.011301534250378609 981
1615664882506 0.010583441704511642 982
1615664917165 0.010920006781816483 983
1615664951480 0.00807995069772005 984
1615664985766 0.009019993245601654 985
1615665020600 0.008951924741268158 986
1615665055026 0.00882244948297739 987
1615665089976 0.00875638797879219 988
1615665124440 0.008291136473417282 989
1615665163952 0.009802346117794514 990
1615665198762 0.010005846619606018 991
1615665233131 0.008735887706279755 992
1615665267552 0.010514535941183567 993
1615665302175 0.008328821510076523 994
1615665337211 0.007823818363249302 995
1615665371910 0.008762279525399208 996
1615665406619 0.0076371412724256516 997
1615665441048 0.009854570031166077 998
1615665475877 0.010236953385174274 999
1615665514391 0.009077059105038643 1000
1615665548750 0.008142859674990177 1001
1615665583140 0.008781221695244312 1002
1615665617340 0.00937175378203392 1003
1615665652036 0.010457871481776237 1004
1615665686636 0.010580729693174362 1005
1615665721037 0.010942194610834122 1006
1615665755497 0.009255781769752502 1007
1615665790396 0.009929172694683075 1008
1615665824742 0.012575678527355194 1009
1615665863629 0.010412067174911499 1010
1615665898402 0.00786352064460516 1011
1615665932988 0.008821213617920876 1012
1615665967723 0.011213215067982674 1013
1615666002483 0.00950915552675724 1014
1615666036948 0.010320298373699188 1015
1615666071085 0.011816300451755524 1016
1615666105757 0.010479925200343132 1017
1615666140622 0.007939726114273071 1018
1615666175017 0.008921565487980843 1019
1615666214219 0.009418055415153503 1020
1615666248928 0.010393739677965641 1021
1615666283254 0.012794235721230507 1022
1615666317473 0.008133676834404469 1023
1615666351743 0.009113745763897896 1024
1615666386014 0.011609157547354698 1025
1615666420327 0.008281143382191658 1026
1615666455000 0.010630637407302856 1027
1615666489697 0.01006881333887577 1028
1615666524062 0.008738154545426369 1029
1615666562912 0.010668553411960602 1030
1615666597550 0.010739702731370926 1031
1615666632364 0.010459665209054947 1032
1615666666900 0.00937830563634634 1033
1615666701555 0.00815505813807249 1034
1615666736545 0.008359969593584538 1035
1615666770950 0.009028575383126736 1036
1615666805732 0.009473918005824089 1037
1615666840319 0.010298237204551697 1038
1615666874596 0.010730741545557976 1039
1615666913480 0.01083318516612053 1040
1615666948674 0.008148400112986565 1041
1615666982913 0.009097684174776077 1042
1615667017370 0.009110755287110806 1043
1615667052160 0.010711731389164925 1044
1615667086919 0.00861227698624134 1045
1615667121574 0.00990520790219307 1046
1615667156054 0.010845288634300232 1047
1615667190416 0.009142372757196426 1048
1615667225070 0.010128478519618511 1049
1615667264060 0.009706716984510422 1050
1615667298512 0.010516364127397537 1051
1615667332905 0.011032704263925552 1052
1615667367436 0.008811961859464645 1053
1615667401869 0.00989973172545433 1054
1615667436729 0.009826679714024067 1055
1615667471070 0.008197832852602005 1056
1615667505827 0.0083010857924819 1057
1615667540527 0.012753995135426521 1058
1615667574822 0.01211641076952219 1059
1615667613911 0.009470785036683083 1060
1615667648200 0.009299272671341896 1061
1615667682547 0.010389411821961403 1062
1615667716731 0.01129967998713255 1063
1615667751453 0.011897742748260498 1064
1615667785760 0.010392187163233757 1065
1615667820414 0.010377842001616955 1066
1615667855124 0.010915891267359257 1067
1615667889435 0.010265806689858437 1068
1615667924160 0.008700722828507423 1069
1615667963101 0.010756098665297031 1070
1615667997875 0.009447281248867512 1071
1615668032172 0.01226871833205223 1072
1615668066921 0.010670892894268036 1073
1615668101424 0.009920429438352585 1074
1615668136005 0.008316587656736374 1075
1615668170807 0.00968610867857933 1076
1615668205841 0.011603517457842827 1077
1615668240832 0.009518072009086609 1078
1615668275221 0.009883839637041092 1079
1615668314501 0.010442809201776981 1080
1615668348834 0.011455526575446129 1081
1615668383696 0.011998862959444523 1082
1615668418501 0.011494738981127739 1083
1615668452896 0.01145336776971817 1084
1615668487130 0.010789367370307446 1085
1615668521258 0.008918504230678082 1086
1615668555902 0.009150851517915726 1087
1615668590088 0.009426148608326912 1088
1615668624977 0.010208211839199066 1089
1615668663644 0.009582032449543476 1090
1615668698134 0.00912301056087017 1091
1615668732700 0.010255934670567513 1092
1615668767092 0.009264882653951645 1093
1615668801804 0.011979838833212852 1094
1615668836431 0.008894865401089191 1095
1615668870677 0.008545911870896816 1096
1615668905344 0.011700214818120003 1097
1615668939828 0.009892821311950684 1098
1615668974215 0.007885601371526718 1099
1615669012604 0.009082959964871407 1100
1615669047504 0.007958232425153255 1101
1615669081922 0.01068255864083767 1102
1615669116701 0.008242085576057434 1103
1615669151359 0.009748496115207672 1104
1615669185897 0.011460840702056885 1105
1615669220566 0.008257954381406307 1106
1615669255233 0.010740654543042183 1107
1615669289554 0.009314564988017082 1108
1615669324185 0.0089024119079113 1109
1615669362869 0.007426435127854347 1110
1615669397551 0.01047275960445404 1111
1615669432281 0.011725354008376598 1112
1615669467024 0.009683022275567055 1113
1615669501682 0.008385801687836647 1114
1615669535936 0.009462127462029457 1115
1615669570181 0.007776896469295025 1116
1615669604872 0.010011207312345505 1117
1615669639637 0.008947350084781647 1118
1615669674040 0.011804891750216484 1119
1615669713056 0.010515178553760052 1120
1615669747704 0.009509185329079628 1121
1615669782067 0.008619464933872223 1122
1615669816368 0.008644532412290573 1123
1615669850703 0.00881056860089302 1124
1615669884938 0.009039429947733879 1125
1615669919500 0.009116828441619873 1126
1615669954128 0.008490368723869324 1127
1615669988822 0.009395452216267586 1128
1615670023184 0.009068621322512627 1129
1615670062504 0.007911620661616325 1130
1615670097270 0.011563924141228199 1131
1615670132008 0.00703565776348114 1132
1615670166716 0.00947942491620779 1133
1615670201247 0.0093065295368433 1134
1615670235566 0.009446403943002224 1135
1615670269810 0.007661257404834032 1136
1615670304600 0.009353749454021454 1137
1615670339100 0.01006186194717884 1138
1615670373236 0.009923908859491348 1139
1615670412054 0.010828793048858643 1140
1615670446723 0.009583445265889168 1141
1615670481391 0.011149615980684757 1142
1615670516128 0.009041184559464455 1143
1615670550302 0.010133782401680946 1144
1615670584539 0.008924795314669609 1145
1615670618854 0.011009625159204006 1146
1615670653198 0.0071560898795723915 1147
1615670687516 0.009882509708404541 1148
1615670722277 0.010668358765542507 1149
1615670760790 0.009912839159369469 1150
1615670795447 0.010500204749405384 1151
1615670830008 0.010031141340732574 1152
1615670864413 0.009621979668736458 1153
1615670898842 0.010982178151607513 1154
1615670933534 0.010269002988934517 1155
1615670968144 0.00858362391591072 1156
1615671002958 0.010156651958823204 1157
1615671037568 0.009885940700769424 1158
1615671072292 0.011813899502158165 1159
1615671111427 0.010241931304335594 1160
1615671146496 0.009553171694278717 1161
1615671180802 0.007231148891150951 1162
1615671215024 0.008014573715627193 1163
1615671249182 0.009642723947763443 1164
1615671283890 0.012002126313745975 1165
1615671318401 0.008891606703400612 1166
1615671352963 0.00964817963540554 1167
1615671387684 0.010993855074048042 1168
1615671422569 0.008624328300356865 1169
1615671461410 0.008558409288525581 1170
1615671495994 0.009243699721992016 1171
1615671530954 0.01045115664601326 1172
1615671565709 0.0115932896733284 1173
1615671600271 0.010021079331636429 1174
1615671634623 0.009654446505010128 1175
1615671669398 0.007508643437176943 1176
1615671703964 0.007269079796969891 1177
1615671738599 0.010421312414109707 1178
1615671772911 0.009371431544423103 1179
1615671811918 0.00964277982711792 1180
1615671846418 0.008592628873884678 1181
1615671880948 0.010295718908309937 1182
1615671915451 0.00994359701871872 1183
1615671949873 0.008573522791266441 1184
1615671984283 0.009940139949321747 1185
1615672018678 0.010081036947667599 1186
1615672053152 0.009476589038968086 1187
1615672087515 0.009793780744075775 1188
1615672122325 0.00751956831663847 1189
1615672161565 0.008891183882951736 1190
1615672195929 0.0085780443623662 1191
1615672230245 0.007420143578201532 1192
1615672265158 0.009905044920742512 1193
1615672299472 0.009419102221727371 1194
1615672334123 0.011355350725352764 1195
1615672368682 0.009411066770553589 1196
1615672402851 0.009274573996663094 1197
1615672437526 0.009957514703273773 1198
1615672471722 0.008647645823657513 1199
1615672510245 0.011699991300702095 1200
1615672533302 0.008332552388310432 0
1615672533314 0.008332552388310432 0
