1615630582090 0.004271230194717646 1
1615630616575 0.0007412050617858768 2
1615630650899 0.001326239202171564 3
1615630685455 0.00027995946584269404 4
1615630720072 0.00014554931840393692 5
1615630754647 0.0004580873064696789 6
1615630788837 6.378519901772961e-05 7
1615630823105 5.619012881652452e-07 8
1615630857354 1.9145558326272294e-05 9
1615630896321 2.825629235303495e-05 10
1615630931065 2.980528108764702e-07 11
1615630965649 0.0 12
1615631000223 0.00014029111480340362 13
1615631034729 6.947442670934834e-06 14
1615631069404 4.795911991095636e-06 15
1615631104173 0.0 16
1615631138903 0.0 17
1615631173568 8.637896371510578e-07 18
1615631207693 0.0 19
1615631246477 0.0 20
1615631281116 0.0 21
1615631315430 0.0 22
1615631349801 0.00015812857600394636 23
1615631384477 1.9186420274763805e-07 24
1615631419086 0.0 25
1615631453626 3.606625398333563e-07 26
1615631487798 0.0 27
1615631521988 0.0 28
1615631556360 0.0 29
1615631595646 0.0 30
1615631630348 0.0 31
1615631664687 0.0 32
1615631699211 0.0 33
1615631733524 0.0 34
1615631767886 0.0 35
1615631802523 7.098315109033138e-07 36
1615631837051 0.0 37
1615631871581 0.0 38
1615631906170 0.0 39
1615631944918 0.0 40
1615631979156 0.0 41
1615632013301 0.0 42
1615632047479 0.0 43
1615632081693 0.0 44
1615632116444 0.0 45
1615632151022 0.0 46
1615632185978 0.0 47
1615632220650 0.0 48
1615632254788 0.0 49
1615632293075 0.0 50
1615632327225 0.0 51
1615632361365 0.0 52
1615632395812 0.0 53
1615632430362 0.0 54
1615632465075 5.1148817874491215e-06 55
1615632499752 0.0 56
1615632534492 0.0 57
1615632569139 0.0 58
1615632603440 0.0 59
1615632642331 0.0 60
1615632676905 0.0 61
1615632711396 0.0 62
1615632746023 0.0 63
1615632780214 0.0 64
1615632814454 0.0 65
1615632848997 0.0 66
1615632883509 2.938216766779078e-06 67
1615632918174 0.0 68
1615632952998 0.0 69
1615632991893 0.0 70
1615633026638 0.0 71
1615633061067 2.767170371953398e-06 72
1615633095636 0.0 73
1615633130035 0.0 74
1615633164650 0.0 75
1615633199096 0.0 76
1615633233597 0.0 77
1615633268570 4.583476425068511e-07 78
1615633303211 0.0 79
1615633342175 0.0 80
1615633376858 0.0 81
1615633411394 0.0 82
1615633445550 1.6974470327113522e-06 83
1615633479920 0.0 84
1615633514508 0.0 85
1615633548977 0.0 86
1615633583500 0.0 87
1615633618116 0.0 88
1615633652446 1.3574137938121567e-06 89
1615633691186 2.8504884539870545e-05 90
1615633725669 0.0 91
1615633760313 0.0 92
1615633794497 0.000727287435438484 93
1615633829041 0.0 94
1615633863701 0.0 95
1615633898034 0.0 96
1615633932836 0.0006587915704585612 97
1615633967121 0.0 98
1615634001910 0.0 99
1615634040483 0.0 100
1615634074864 0.0 101
1615634109694 0.0 102
1615634144145 0.0 103
1615634178533 0.0 104
1615634213159 0.0 105
1615634247338 6.72822989145061e-06 106
1615634281489 5.89939190831501e-07 107
1615634315746 0.0 108
1615634350172 5.506427896762034e-06 109
1615634389078 7.926882403808122e-07 110
1615634423259 0.0 111
1615634458017 0.0 112
1615634492363 6.354220204229932e-06 113
1615634526613 0.0 114
1615634561184 1.792745570128318e-05 115
1615634595655 0.0 116
1615634630453 0.0 117
1615634664928 0.0 118
1615634699842 7.382280455203727e-05 119
1615634738424 8.000127991181216e-07 120
1615634772878 0.00021523292525671422 121
1615634807343 8.813917520456016e-05 122
1615634841950 0.00392215047031641 123
1615634876609 5.565604510593403e-07 124
1615634911140 0.00014365167589858174 125
1615634945585 5.6490265706088394e-05 126
1615634980153 0.0006866357871331275 127
1615635015039 2.7414980650064535e-05 128
1615635049700 0.0 129
1615635088381 7.982969691511244e-05 130
1615635122556 9.258224963559769e-06 131
1615635156771 8.796158113000274e-07 132
1615635191511 0.0006378875696100295 133
1615635226253 0.0 134
1615635260653 9.158441389445215e-05 135
1615635295389 0.0 136
1615635330186 8.570944373786915e-06 137
1615635364784 3.8708883948856965e-05 138
1615635399208 2.858613015632727e-06 139
1615635437942 2.9524651381507283e-06 140
1615635472177 0.0012743411352857947 141
1615635506841 0.0008170027867890894 142
1615635541095 0.0 143
1615635575476 0.00015741819515824318 144
1615635609587 1.9954104573116638e-06 145
1615635644053 0.0 146
1615635678581 0.0 147
1615635712952 9.763938578544185e-06 148
1615635747278 0.0010438623139634728 149
1615635785717 0.0 150
1615635820396 0.0005285328952595592 151
1615635855287 0.0011398334754630923 152
1615635890230 0.0 153
1615635924828 0.0 154
1615635959512 0.0002742095966823399 155
1615635994117 0.00041844110819511116 156
1615636028792 0.001151464763097465 157
1615636063388 0.0061876205727458 158
1615636097950 1.7124561054515652e-05 159
1615636137229 0.0001481458602938801 160
1615636171612 0.0 161
1615636206230 3.137442035949789e-05 162
1615636240395 0.0 163
1615636274952 0.00011307238310109824 164
1615636309342 0.0 165
1615636344225 0.0006053369143046439 166
1615636378527 6.103544365032576e-06 167
1615636412912 0.001768189831636846 168
1615636447272 0.004409728106111288 169
1615636486137 4.859240652876906e-05 170
1615636520656 9.722344839246944e-05 171
1615636555586 0.00225223321467638 172
1615636590342 0.0008972115465439856 173
1615636624733 0.0006060681771486998 174
1615636659087 0.0004066295805387199 175
1615636693428 0.0 176
1615636728077 0.0013798712752759457 177
1615636762473 0.0 178
1615636797024 0.0 179
1615636835552 5.4927364544710144e-05 180
1615636870088 0.0 181
1615636904749 5.365016022551572e-06 182
1615636938964 0.00045842217514291406 183
1615636973059 0.0011683764168992639 184
1615637007352 0.0016382336616516113 185
1615637041835 0.003755795769393444 186
1615637076084 0.006570523604750633 187
1615637110548 0.003804326057434082 188
1615637145023 0.0012435027165338397 189
1615637183956 0.011903427541255951 190
1615637218282 0.013014813885092735 191
1615637253108 0.003502482082694769 192
1615637287765 0.003171240910887718 193
1615637322345 0.003820761339738965 194
1615637357041 0.0005742067005485296 195
1615637391547 0.004826776683330536 196
1615637426024 0.011490028351545334 197
1615637460552 0.0040108137764036655 198
1615637495101 0.001098251435905695 199
1615637534368 0.0001344228076050058 200
1615637568475 0.00014087394811213017 201
1615637602941 0.0011321122292429209 202
1615637637192 0.0002831576275639236 203
1615637671583 0.005102213937789202 204
1615637705898 0.00593471247702837 205
1615637740687 0.013836553320288658 206
1615637775135 0.021456176415085793 207
1615637809537 0.011615440249443054 208
1615637844332 0.008843725547194481 209
1615637883094 0.0009926571510732174 210
1615637917587 0.0014726461376994848 211
1615637951902 0.007386923301964998 212
1615637986483 0.006727899890393019 213
1615638020700 0.00882208812981844 214
1615638055080 0.010293865576386452 215
1615638089943 0.02000858634710312 216
1615638124343 0.012951277196407318 217
1615638159037 0.005477286875247955 218
1615638193240 0.02725503407418728 219
1615638232260 0.012851512059569359 220
1615638266465 0.02990608662366867 221
1615638300952 0.01469682902097702 222
1615638335188 0.003187946742400527 223
1615638369945 0.010345948860049248 224
1615638404302 0.0067862048745155334 225
1615638438892 0.0037900693714618683 226
1615638473119 0.00700895581394434 227
1615638507816 0.012872795574367046 228
1615638542201 0.01024859119206667 229
1615638580478 0.02373013272881508 230
1615638614987 0.02675534039735794 231
1615638649553 0.004593840800225735 232
1615638684246 0.013211298733949661 233
1615638718905 0.02501950040459633 234
1615638753572 0.037048473954200745 235
1615638787942 0.00659884512424469 236
1615638822496 0.032869018614292145 237
1615638857018 0.03401105850934982 238
1615638891390 0.041761644184589386 239
1615638930125 0.017116820439696312 240
1615638964678 0.012308945879340172 241
1615638999178 0.025532372295856476 242
1615639033428 0.036259911954402924 243
1615639068172 0.03553186357021332 244
1615639102774 0.0472002848982811 245
1615639137115 0.039124954491853714 246
1615639172153 0.03613622486591339 247
1615639206754 0.04421508312225342 248
1615639241426 0.014431890100240707 249
1615639279861 0.03973185271024704 250
1615639314560 0.04235311597585678 251
1615639348833 0.026542648673057556 252
1615639383061 0.05080437660217285 253
1615639417250 0.033719420433044434 254
1615639451475 0.052836209535598755 255
1615639485746 0.055314093828201294 256
1615639520349 0.05197878181934357 257
1615639554934 0.037665385752916336 258
1615639589451 0.01879916340112686 259
1615639628189 0.01896217092871666 260
1615639662536 0.021332260221242905 261
1615639697141 0.01961963251233101 262
1615639731848 0.016430120915174484 263
1615639767042 0.04366028308868408 264
1615639801700 0.010210253298282623 265
1615639836349 0.028980419039726257 266
1615639870864 0.033001843839883804 267
1615639905407 0.01886001229286194 268
1615639940052 0.07964745163917542 269
1615639978783 0.044917650520801544 270
1615640012985 0.04147148132324219 271
1615640047084 0.04426071047782898 272
1615640081577 0.06397370249032974 273
1615640115825 0.053437575697898865 274
1615640150275 0.05900995433330536 275
1615640184985 0.03544560447335243 276
1615640219380 0.024420030415058136 277
1615640253659 0.0507710725069046 278
1615640288369 0.031061580404639244 279
1615640326918 0.015252735465765 280
1615640361459 0.029172934591770172 281
1615640396319 0.08239851146936417 282
1615640430932 0.03742748498916626 283
1615640465355 0.02434486523270607 284
1615640500144 0.04993030056357384 285
1615640534678 0.04430179297924042 286
1615640569512 0.048956990242004395 287
1615640603885 0.03661084920167923 288
1615640638486 0.03041877970099449 289
1615640677635 0.05498676747083664 290
1615640711872 0.03119661659002304 291
1615640746445 0.0480295792222023 292
1615640780629 0.04837043583393097 293
1615640815350 0.05544491112232208 294
1615640849766 0.042101383209228516 295
1615640884119 0.08642115443944931 296
1615640918636 0.04562997445464134 297
1615640953005 0.04339542239904404 298
1615640987457 0.048380158841609955 299
1615641026621 0.03890261799097061 300
1615641061051 0.03491721302270889 301
1615641095606 0.06176236271858215 302
1615641130058 0.06341660767793655 303
1615641164625 0.07175156474113464 304
1615641198835 0.04083964228630066 305
1615641233453 0.07034669071435928 306
1615641267718 0.058123618364334106 307
1615641301862 0.059107519686222076 308
1615641336222 0.07800855487585068 309
1615641375137 0.032201725989580154 310
1615641409342 0.07722683995962143 311
1615641443627 0.053877413272857666 312
1615641477839 0.09215884655714035 313
1615641512561 0.03819378465414047 314
1615641546965 0.05580969154834747 315
1615641581465 0.06763921678066254 316
1615641615770 0.032898593693971634 317
1615641650117 0.06617288291454315 318
1615641684759 0.05918610841035843 319
1615641724025 0.051204174757003784 320
1615641758614 0.06348074972629547 321
1615641793093 0.07393759489059448 322
1615641827370 0.09141863882541656 323
1615641862268 0.04440915584564209 324
1615641897109 0.0886165052652359 325
1615641931834 0.09616734087467194 326
1615641966542 0.1055956706404686 327
1615642001099 0.06791388988494873 328
1615642035258 0.12074822187423706 329
1615642073965 0.08148448914289474 330
1615642108219 0.0669260248541832 331
1615642142483 0.07554572820663452 332
1615642176767 0.08240051567554474 333
1615642211052 0.07766197621822357 334
1615642245423 0.06734951585531235 335
1615642280249 0.13262170553207397 336
1615642314730 0.06733044236898422 337
1615642349218 0.08761812746524811 338
1615642383512 0.11200179159641266 339
1615642422250 0.0701318234205246 340
1615642456862 0.11257190257310867 341
1615642491442 0.10920996963977814 342
1615642525903 0.09845280647277832 343
1615642560539 0.07428879290819168 344
1615642595050 0.08896790444850922 345
1615642629357 0.04808130860328674 346
1615642664053 0.05787746608257294 347
1615642698823 0.075564906001091 348
1615642733449 0.12626692652702332 349
1615642772614 0.11397430300712585 350
1615642807420 0.08304385840892792 351
1615642842189 0.12973421812057495 352
1615642876564 0.0633770301938057 353
1615642911613 0.08541660010814667 354
1615642945879 0.08169522881507874 355
1615642980384 0.07147481292486191 356
1615643014513 0.06278763711452484 357
1615643048762 0.11553321033716202 358
1615643083476 0.09629067778587341 359
1615643122043 0.0731133446097374 360
1615643156659 0.11971724033355713 361
1615643191001 0.06986197829246521 362
1615643225332 0.07253223657608032 363
1615643259876 0.09553749859333038 364
1615643294539 0.10798899829387665 365
1615643328871 0.10039730370044708 366
1615643363285 0.07698012888431549 367
1615643398113 0.12285646796226501 368
1615643432811 0.07058705389499664 369
1615643471786 0.07894980162382126 370
1615643506097 0.08895105123519897 371
1615643540412 0.10739179700613022 372
1615643575489 0.10897763073444366 373
1615643609886 0.08429726958274841 374
1615643644126 0.0883302390575409 375
1615643678645 0.07936009764671326 376
1615643713355 0.11443622410297394 377
1615643747818 0.07109386473894119 378
1615643782477 0.09477429836988449 379
1615643821042 0.11525227874517441 380
1615643855673 0.09504638612270355 381
1615643890163 0.12687622010707855 382
1615643924788 0.08321191370487213 383
1615643959074 0.11398317664861679 384
1615643993399 0.10682117938995361 385
1615644028111 0.09762966632843018 386
1615644062715 0.13425499200820923 387
1615644097291 0.07784274220466614 388
1615644131689 0.08479243516921997 389
1615644170591 0.10488155484199524 390
1615644204957 0.035301323980093 391
1615644239337 0.07812103629112244 392
1615644273829 0.08881877362728119 393
1615644308354 0.1010122150182724 394
1615644343036 0.10750837624073029 395
1615644377568 0.10161140561103821 396
1615644412213 0.09734074771404266 397
1615644446469 0.12999995052814484 398
1615644480795 0.1189606636762619 399
1615644519656 0.08096590638160706 400
1615644553848 0.1036430150270462 401
1615644588080 0.0822940468788147 402
1615644622347 0.06557956337928772 403
1615644656991 0.0984395295381546 404
1615644691405 0.08444138616323471 405
1615644725637 0.10974310338497162 406
1615644760378 0.09671784937381744 407
1615644795045 0.09876200556755066 408
1615644829843 0.10376638174057007 409
1615644868528 0.11810609698295593 410
1615644903010 0.10314853489398956 411
1615644937664 0.10681954026222229 412
1615644971881 0.13903340697288513 413
1615645006324 0.09130527079105377 414
1615645040659 0.10006202012300491 415
1615645075360 0.14631527662277222 416
1615645110288 0.054075296968221664 417
1615645144568 0.1305864155292511 418
1615645179039 0.12372712790966034 419
1615645217711 0.11959069967269897 420
1615645252021 0.15594451129436493 421
1615645286346 0.1167585700750351 422
1615645321164 0.11801090836524963 423
1615645355492 0.11468034237623215 424
1615645389747 0.11787635833024979 425
1615645424486 0.09292154759168625 426
1615645459327 0.16919031739234924 427
1615645493903 0.09824208170175552 428
1615645528761 0.1170896589756012 429
1615645568004 0.07045159488916397 430
1615645602469 0.11154109239578247 431
1615645637221 0.1226368099451065 432
1615645671441 0.08978357911109924 433
1615645705538 0.11982160806655884 434
1615645740136 0.1028786301612854 435
1615645774969 0.10800692439079285 436
1615645809212 0.10907280445098877 437
1615645843821 0.12133914977312088 438
1615645878439 0.14222930371761322 439
1615645917486 0.1199723333120346 440
1615645951801 0.10512831807136536 441
1615645986586 0.1324578821659088 442
1615646021460 0.12563450634479523 443
1615646056457 0.15627950429916382 444
1615646091099 0.09962479770183563 445
1615646125526 0.09359367191791534 446
1615646160763 0.11371883004903793 447
1615646195383 0.10602100193500519 448
1615646229895 0.15109935402870178 449
1615646269613 0.09310045093297958 450
1615646304208 0.10949261486530304 451
1615646338738 0.1435336470603943 452
1615646373137 0.11785286664962769 453
1615646407795 0.10496041178703308 454
1615646442528 0.17377570271492004 455
1615646476985 0.11263325810432434 456
1615646511371 0.12682941555976868 457
1615646545849 0.10311555117368698 458
1615646580492 0.148090198636055 459
1615646619867 0.14735260605812073 460
1615646654876 0.1075325757265091 461
1615646689111 0.13083116710186005 462
1615646723333 0.12551870942115784 463
1615646757733 0.09402640163898468 464
1615646792038 0.18209624290466309 465
1615646826605 0.1340157687664032 466
1615646861264 0.16317814588546753 467
1615646895522 0.12572382390499115 468
1615646930228 0.11946894228458405 469
1615646969102 0.11146993935108185 470
1615647003798 0.08975739777088165 471
1615647038317 0.13386830687522888 472
1615647073252 0.15019415318965912 473
1615647107763 0.12923264503479004 474
1615647142257 0.11268492043018341 475
1615647176934 0.1273513287305832 476
1615647211379 0.1007835641503334 477
1615647245823 0.14763973653316498 478
1615647280435 0.13205865025520325 479
1615647319748 0.08940776437520981 480
1615647354021 0.1402643769979477 481
1615647388708 0.14275193214416504 482
1615647423497 0.12189829349517822 483
1615647458199 0.16247838735580444 484
1615647492650 0.1464860737323761 485
1615647527507 0.10049338638782501 486
1615647562022 0.14591489732265472 487
1615647596352 0.11424783617258072 488
1615647630979 0.15013615787029266 489
1615647669660 0.11662711948156357 490
1615647703998 0.17129483819007874 491
1615647738823 0.10741720348596573 492
1615647773137 0.11851543188095093 493
1615647808003 0.1147574931383133 494
1615647842731 0.13045156002044678 495
1615647877025 0.14460264146327972 496
1615647911769 0.15397335588932037 497
1615647946219 0.14417904615402222 498
1615647981123 0.10961128771305084 499
1615648020188 0.14608313143253326 500
1615648054810 0.12997667491436005 501
1615648089186 0.11864390969276428 502
1615648123832 0.11407798528671265 503
1615648158468 0.12554065883159637 504
1615648193369 0.1311587691307068 505
1615648228074 0.10021397471427917 506
1615648262330 0.13115817308425903 507
1615648296949 0.0778210461139679 508
1615648331470 0.14562678337097168 509
1615648370422 0.1357256919145584 510
1615648405118 0.12493714690208435 511
1615648439889 0.16972431540489197 512
1615648474323 0.19533738493919373 513
1615648508815 0.1816931813955307 514
1615648543602 0.129633367061615 515
1615648577907 0.15264831483364105 516
1615648612212 0.11460291594266891 517
1615648646825 0.1374751478433609 518
1615648681182 0.13007909059524536 519
1615648720280 0.15018710494041443 520
1615648754603 0.16874709725379944 521
1615648789420 0.1357649862766266 522
1615648824451 0.1035708636045456 523
1615648859395 0.16009509563446045 524
1615648894081 0.17050394415855408 525
1615648928503 0.11622859537601471 526
1615648962799 0.14203675091266632 527
1615648997659 0.1628873646259308 528
1615649032299 0.15404608845710754 529
1615649071108 0.11020076274871826 530
1615649105414 0.13511314988136292 531
1615649140183 0.1154652088880539 532
1615649174760 0.125407412648201 533
1615649209009 0.13607901334762573 534
1615649243657 0.18656980991363525 535
1615649278325 0.16830548644065857 536
1615649313094 0.1492498517036438 537
1615649347738 0.11580847203731537 538
1615649382045 0.12467730045318604 539
1615649420900 0.16193439066410065 540
1615649455161 0.17204824090003967 541
1615649489799 0.09666942059993744 542
1615649524164 0.16253960132598877 543
1615649558856 0.14653295278549194 544
1615649593074 0.14512589573860168 545
1615649627367 0.11604674160480499 546
1615649661543 0.12372627854347229 547
1615649695803 0.1480804681777954 548
1615649730461 0.15908822417259216 549
1615649769412 0.15981614589691162 550
1615649803837 0.16072562336921692 551
1615649838676 0.143216073513031 552
1615649872956 0.14922484755516052 553
1615649907718 0.16265210509300232 554
1615649942262 0.19103261828422546 555
1615649976967 0.17249512672424316 556
1615650011685 0.14901034533977509 557
1615650046643 0.11195935308933258 558
1615650080998 0.10937649011611938 559
1615650119788 0.1933699995279312 560
1615650154138 0.16265365481376648 561
1615650188522 0.09856116771697998 562
1615650222832 0.13010677695274353 563
1615650257147 0.14820949733257294 564
1615650291394 0.13302823901176453 565
1615650326038 0.15059441328048706 566
1615650360731 0.18994267284870148 567
1615650395417 0.15118375420570374 568
1615650429725 0.188681960105896 569
1615650468760 0.11882930248975754 570
1615650503105 0.16707393527030945 571
1615650537878 0.1929340362548828 572
1615650572905 0.16877874732017517 573
1615650607411 0.15752872824668884 574
1615650642073 0.16550403833389282 575
1615650676764 0.16033200919628143 576
1615650711117 0.16616448760032654 577
1615650745615 0.13613352179527283 578
1615650779905 0.14219534397125244 579
1615650818632 0.12845221161842346 580
1615650853243 0.21298077702522278 581
1615650887694 0.19365014135837555 582
1615650922665 0.16709020733833313 583
1615650956805 0.10082336515188217 584
1615650991418 0.18639028072357178 585
1615651026146 0.14764121174812317 586
1615651060583 0.1491662710905075 587
1615651095336 0.1924925595521927 588
1615651129472 0.16119138896465302 589
1615651167979 0.152018740773201 590
1615651202207 0.1535680890083313 591
1615651236545 0.12430067360401154 592
1615651270797 0.14447659254074097 593
1615651305076 0.1585991233587265 594
1615651339846 0.17676767706871033 595
1615651374345 0.15629026293754578 596
1615651408936 0.1676025092601776 597
1615651443166 0.19155120849609375 598
1615651477570 0.12346115708351135 599
1615651516315 0.17750972509384155 600
1615651550906 0.20330923795700073 601
1615651585751 0.12052536010742188 602
1615651620051 0.14562007784843445 603
1615651654512 0.12190856039524078 604
1615651689550 0.1352512240409851 605
1615651724215 0.15338701009750366 606
1615651758393 0.17944148182868958 607
1615651792706 0.16921311616897583 608
1615651827493 0.1662020981311798 609
1615651866501 0.15425337851047516 610
1615651901111 0.11326328665018082 611
1615651936077 0.1491439938545227 612
1615651970682 0.13779398798942566 613
1615652005108 0.14035294950008392 614
1615652039574 0.19070544838905334 615
1615652074094 0.18210653960704803 616
1615652108426 0.1525024175643921 617
1615652142723 0.19083496928215027 618
1615652177407 0.12484680116176605 619
1615652216651 0.15409663319587708 620
1615652250867 0.1616106629371643 621
1615652285053 0.10674136132001877 622
1615652319580 0.17225679755210876 623
1615652354122 0.22154051065444946 624
1615652388455 0.1605696976184845 625
1615652422779 0.17309585213661194 626
1615652457616 0.16604048013687134 627
1615652492556 0.1766403317451477 628
1615652526929 0.18223538994789124 629
1615652565911 0.16654834151268005 630
1615652600600 0.18994583189487457 631
1615652634981 0.11823254823684692 632
1615652669503 0.11437046527862549 633
1615652703912 0.14014209806919098 634
1615652738537 0.14086408913135529 635
1615652772721 0.12573154270648956 636
1615652806884 0.16673652827739716 637
1615652841113 0.14966803789138794 638
1615652875864 0.2044493854045868 639
1615652914964 0.12797339260578156 640
1615652949342 0.1843242049217224 641
1615652984177 0.16150909662246704 642
1615653018751 0.23787245154380798 643
1615653053433 0.1582210510969162 644
1615653087865 0.15553763508796692 645
1615653122491 0.22922858595848083 646
1615653157349 0.15393292903900146 647
1615653192222 0.17199522256851196 648
1615653227004 0.17265158891677856 649
1615653266259 0.15328162908554077 650
1615653300544 0.1985815167427063 651
1615653334869 0.13666029274463654 652
1615653369574 0.1402224451303482 653
1615653404604 0.21402022242546082 654
1615653439321 0.1775987297296524 655
1615653473569 0.1561424434185028 656
1615653508168 0.17319071292877197 657
1615653542885 0.14151573181152344 658
1615653577359 0.1782180666923523 659
1615653616269 0.15591329336166382 660
1615653650488 0.1601080596446991 661
1615653684653 0.14005792140960693 662
1615653718929 0.17450620234012604 663
1615653753664 0.11344750225543976 664
1615653788566 0.22791391611099243 665
1615653823430 0.1808832883834839 666
1615653858438 0.1739131659269333 667
1615653893242 0.1422874927520752 668
1615653927563 0.23537331819534302 669
1615653966881 0.18427596986293793 670
1615654001114 0.18450713157653809 671
1615654035893 0.14488403499126434 672
1615654070604 0.13572651147842407 673
1615654105295 0.1871732920408249 674
1615654139486 0.16618236899375916 675
1615654174362 0.2049352526664734 676
1615654208825 0.20851941406726837 677
1615654243421 0.1910826861858368 678
1615654277801 0.1986839473247528 679
1615654316194 0.18394044041633606 680
1615654350819 0.1756361424922943 681
1615654385169 0.18201608955860138 682
1615654419747 0.13464225828647614 683
1615654453979 0.16362351179122925 684
1615654488572 0.22645045816898346 685
1615654523160 0.21284741163253784 686
1615654557477 0.19241932034492493 687
1615654592576 0.12527938187122345 688
1615654627004 0.15499365329742432 689
1615654666434 0.14620250463485718 690
1615654700799 0.2093607634305954 691
1615654735130 0.17652660608291626 692
1615654769360 0.18676245212554932 693
1615654804130 0.17528444528579712 694
1615654838932 0.22691188752651215 695
1615654873374 0.1776566505432129 696
1615654908051 0.15672485530376434 697
1615654942810 0.18117377161979675 698
1615654977584 0.13948684930801392 699
1615655017405 0.1681489646434784 700
1615655052156 0.17837440967559814 701
1615655086861 0.17663396894931793 702
1615655121478 0.19976869225502014 703
1615655156168 0.17779606580734253 704
1615655190871 0.19898930191993713 705
1615655225619 0.18889303505420685 706
1615655260208 0.1569908857345581 707
1615655294833 0.2027798444032669 708
1615655329032 0.182090163230896 709
1615655367558 0.1602056324481964 710
1615655402223 0.2240680754184723 711
1615655437092 0.18407264351844788 712
1615655471604 0.20567460358142853 713
1615655506197 0.1316121518611908 714
1615655540625 0.18684600293636322 715
1615655575414 0.17914250493049622 716
1615655610196 0.2012752890586853 717
1615655644492 0.21224449574947357 718
1615655678793 0.22361958026885986 719
1615655718094 0.2093232274055481 720
1615655752252 0.22966480255126953 721
1615655786704 0.17329704761505127 722
1615655821043 0.1945662796497345 723
1615655855815 0.19779004156589508 724
1615655890324 0.1681038737297058 725
1615655924927 0.20795638859272003 726
1615655959367 0.17360427975654602 727
1615655994005 0.16511788964271545 728
1615656028400 0.17723046243190765 729
1615656067601 0.23721128702163696 730
1615656102374 0.18817922472953796 731
1615656136955 0.14175516366958618 732
1615656171410 0.1853557974100113 733
1615656206143 0.1771201491355896 734
1615656240712 0.16454529762268066 735
1615656275306 0.18521273136138916 736
1615656310007 0.1983419954776764 737
1615656344432 0.19302138686180115 738
1615656379241 0.21832498908042908 739
1615656418441 0.1514272689819336 740
1615656453602 0.19470283389091492 741
1615656487954 0.2172771394252777 742
1615656522450 0.19537240266799927 743
1615656556932 0.20675992965698242 744
1615656591228 0.1866811215877533 745
1615656625736 0.22550076246261597 746
1615656660540 0.18703526258468628 747
1615656695413 0.17490527033805847 748
1615656730005 0.13609686493873596 749
1615656768967 0.1487456113100052 750
1615656803536 0.16106003522872925 751
1615656837761 0.14030572772026062 752
1615656872445 0.1809503585100174 753
1615656907303 0.20427559316158295 754
1615656941904 0.1493818163871765 755
1615656976573 0.16866585612297058 756
1615657011410 0.20162203907966614 757
1615657046014 0.2234574407339096 758
1615657080815 0.17325571179389954 759
1615657119123 0.20102143287658691 760
1615657153667 0.18236500024795532 761
1615657187996 0.19623713195323944 762
1615657222709 0.15517055988311768 763
1615657257619 0.17042069137096405 764
1615657292251 0.17979595065116882 765
1615657326848 0.19672054052352905 766
1615657361658 0.19049906730651855 767
1615657396464 0.18553611636161804 768
1615657431205 0.212251678109169 769
1615657469913 0.17674857378005981 770
1615657504371 0.17646898329257965 771
1615657538700 0.19581761956214905 772
1615657573444 0.21796879172325134 773
1615657608130 0.1801992654800415 774
1615657643055 0.16391760110855103 775
1615657677574 0.22724327445030212 776
1615657711770 0.20654022693634033 777
1615657746769 0.23802492022514343 778
1615657781378 0.1807006299495697 779
1615657820186 0.21594610810279846 780
1615657854449 0.21353289484977722 781
1615657888705 0.1969824582338333 782
1615657922929 0.20344984531402588 783
1615657957632 0.1892920434474945 784
1615657992280 0.2219817042350769 785
1615658027143 0.1747351884841919 786
1615658061495 0.20063510537147522 787
1615658096505 0.2149650901556015 788
1615658131390 0.1762292981147766 789
1615658170395 0.1644931137561798 790
1615658205055 0.1448213756084442 791
1615658239465 0.18588170409202576 792
1615658274210 0.17353177070617676 793
1615658308829 0.18984001874923706 794
1615658343184 0.21649378538131714 795
1615658377859 0.21429526805877686 796
1615658412146 0.18650470674037933 797
1615658446743 0.16630147397518158 798
1615658481019 0.2796105146408081 799
1615658519232 0.18147659301757812 800
1615658553620 0.18609198927879333 801
1615658587888 0.22313115000724792 802
1615658622250 0.18016517162322998 803
1615658656738 0.24070289731025696 804
1615658691397 0.18538400530815125 805
1615658726239 0.20592400431632996 806
1615658760596 0.18198265135288239 807
1615658795453 0.16880455613136292 808
1615658830106 0.14341051876544952 809
1615658869298 0.1849273145198822 810
1615658903800 0.15643881261348724 811
1615658938555 0.28840315341949463 812
1615658972820 0.20760101079940796 813
1615659007403 0.20951852202415466 814
1615659041593 0.22180843353271484 815
1615659075924 0.23239699006080627 816
1615659110705 0.21420201659202576 817
1615659145385 0.21899357438087463 818
1615659180068 0.16632694005966187 819
1615659218607 0.1658003330230713 820
1615659252993 0.17384186387062073 821
1615659287456 0.18357673287391663 822
1615659321727 0.19341787695884705 823
1615659356757 0.19192543625831604 824
1615659391001 0.17806124687194824 825
1615659425339 0.23653356730937958 826
1615659460024 0.17992542684078217 827
1615659494502 0.20359572768211365 828
1615659529062 0.18179181218147278 829
1615659567670 0.2075376808643341 830
1615659602107 0.1706639528274536 831
1615659636842 0.2120990753173828 832
1615659671730 0.23585699498653412 833
1615659706399 0.1732841432094574 834
1615659740976 0.20044833421707153 835
1615659775109 0.22595058381557465 836
1615659809413 0.1764865517616272 837
1615659843908 0.16275790333747864 838
1615659878886 0.20087620615959167 839
1615659918038 0.22303104400634766 840
1615659952327 0.1541266143321991 841
1615659986980 0.20638598501682281 842
1615660021387 0.23961827158927917 843
1615660056017 0.19830678403377533 844
1615660090782 0.16796502470970154 845
1615660125155 0.23284122347831726 846
1615660159894 0.23446401953697205 847
1615660194565 0.18743060529232025 848
1615660229390 0.18083332479000092 849
1615660268433 0.21960604190826416 850
1615660302916 0.24348244071006775 851
1615660337134 0.2224920690059662 852
1615660371552 0.17737121880054474 853
1615660406229 0.19983744621276855 854
1615660440777 0.18937163054943085 855
1615660475461 0.2019319236278534 856
1615660510413 0.1532827615737915 857
1615660545053 0.1716511845588684 858
1615660579310 0.20648184418678284 859
1615660618051 0.24667015671730042 860
1615660652334 0.16341516375541687 861
1615660686867 0.17472149431705475 862
1615660721443 0.1510808914899826 863
1615660756010 0.19527798891067505 864
1615660790760 0.22316542267799377 865
1615660825387 0.15873600542545319 866
1615660860067 0.2352207899093628 867
1615660895039 0.18327492475509644 868
1615660929364 0.2067975401878357 869
1615660968336 0.2432519495487213 870
1615661003030 0.25349628925323486 871
1615661037722 0.17192921042442322 872
1615661072070 0.14033544063568115 873
1615661106352 0.15061461925506592 874
1615661141249 0.18792317807674408 875
1615661175617 0.20332913100719452 876
1615661209820 0.2043740451335907 877
1615661244093 0.16435064375400543 878
1615661278408 0.2369159758090973 879
1615661316874 0.22377391159534454 880
1615661351493 0.16236352920532227 881
1615661385879 0.20522578060626984 882
1615661420226 0.1946822702884674 883
1615661454547 0.13449017703533173 884
1615661489140 0.16359123587608337 885
1615661523351 0.2127111554145813 886
1615661558172 0.20769047737121582 887
1615661592412 0.21293339133262634 888
1615661626934 0.19421076774597168 889
1615661666037 0.18621313571929932 890
1615661700550 0.257398784160614 891
1615661735327 0.18888385593891144 892
1615661770063 0.23812812566757202 893
1615661804568 0.19598102569580078 894
1615661838850 0.2533033788204193 895
1615661873428 0.19373798370361328 896
1615661907988 0.1337006539106369 897
1615661942667 0.20302249491214752 898
1615661977170 0.18412616848945618 899
1615662015858 0.2010597586631775 900
1615662050075 0.23958820104599 901
1615662084787 0.22647231817245483 902
1615662119442 0.18696969747543335 903
1615662153733 0.239120751619339 904
1615662187997 0.17729556560516357 905
1615662222521 0.2189672440290451 906
1615662256760 0.18700635433197021 907
1615662290972 0.17892853915691376 908
1615662325711 0.1590968668460846 909
1615662364229 0.21330052614212036 910
1615662398733 0.17365260422229767 911
1615662433080 0.19063974916934967 912
1615662467541 0.18824568390846252 913
1615662502560 0.23502682149410248 914
1615662536814 0.14374978840351105 915
1615662571203 0.22345928847789764 916
1615662605612 0.1721040904521942 917
1615662639977 0.22231978178024292 918
1615662674540 0.22412735223770142 919
1615662713729 0.20721665024757385 920
1615662748522 0.1948571801185608 921
1615662783404 0.17823556065559387 922
1615662818218 0.21605263650417328 923
1615662853193 0.20717746019363403 924
1615662887880 0.2025451958179474 925
1615662922632 0.2121371179819107 926
1615662956769 0.23211482167243958 927
1615662991255 0.19664031267166138 928
1615663025719 0.21155712008476257 929
1615663064744 0.14106439054012299 930
1615663099424 0.20363843441009521 931
1615663134224 0.20993801951408386 932
1615663168816 0.2078271210193634 933
1615663203551 0.1501537412405014 934
1615663237860 0.2195291519165039 935
1615663272095 0.14319691061973572 936
1615663307037 0.1319553703069687 937
1615663341568 0.17248523235321045 938
1615663376396 0.19908906519412994 939
1615663415175 0.14198386669158936 940
1615663449750 0.18157796561717987 941
1615663484690 0.19204723834991455 942
1615663519326 0.19663295149803162 943
1615663554014 0.14977985620498657 944
1615663588249 0.21433159708976746 945
1615663622569 0.22538568079471588 946
1615663656976 0.15736201405525208 947
1615663691511 0.2140105664730072 948
1615663726543 0.18698716163635254 949
1615663765860 0.22714707255363464 950
1615663800237 0.19295018911361694 951
1615663834624 0.20395152270793915 952
1615663868835 0.22598937153816223 953
1615663903208 0.25699904561042786 954
1615663937683 0.18543939292430878 955
1615663972460 0.2405281960964203 956
1615664006724 0.19575382769107819 957
1615664041484 0.2388501763343811 958
1615664075859 0.1770538091659546 959
1615664114197 0.1473117470741272 960
1615664148358 0.21355555951595306 961
1615664182823 0.2526985704898834 962
1615664217371 0.20595622062683105 963
1615664251709 0.24802225828170776 964
1615664286343 0.2231716513633728 965
1615664320741 0.1809716671705246 966
1615664355360 0.21275174617767334 967
1615664390190 0.18318599462509155 968
1615664424947 0.1883573979139328 969
1615664464228 0.15393389761447906 970
1615664498774 0.1835060715675354 971
1615664533303 0.2166096568107605 972
1615664568075 0.19620338082313538 973
1615664602689 0.19562840461730957 974
1615664637579 0.22870542109012604 975
1615664671884 0.20386874675750732 976
1615664706123 0.2081117033958435 977
1615664740495 0.17912235856056213 978
1615664774930 0.18171939253807068 979
1615664813525 0.18485863506793976 980
1615664847821 0.16275803744792938 981
1615664882506 0.18638207018375397 982
1615664917165 0.19756105542182922 983
1615664951480 0.19202634692192078 984
1615664985766 0.21242597699165344 985
1615665020600 0.19392427802085876 986
1615665055026 0.22243842482566833 987
1615665089976 0.2202523797750473 988
1615665124440 0.2458026111125946 989
1615665163952 0.19011467695236206 990
1615665198762 0.20353570580482483 991
1615665233131 0.2146880030632019 992
1615665267552 0.22171597182750702 993
1615665302175 0.21377772092819214 994
1615665337211 0.2260017991065979 995
1615665371910 0.17485761642456055 996
1615665406619 0.2071961909532547 997
1615665441048 0.191999614238739 998
1615665475877 0.22752007842063904 999
1615665514391 0.186444491147995 1000
1615665548750 0.19785469770431519 1001
1615665583140 0.21386930346488953 1002
1615665617340 0.20392903685569763 1003
1615665652036 0.17607223987579346 1004
1615665686636 0.21887895464897156 1005
1615665721037 0.1928178369998932 1006
1615665755497 0.22738580405712128 1007
1615665790396 0.1655091643333435 1008
1615665824742 0.1990669220685959 1009
1615665863629 0.2034616768360138 1010
1615665898402 0.20578502118587494 1011
1615665932988 0.21045008301734924 1012
1615665967723 0.15472152829170227 1013
1615666002483 0.2025923728942871 1014
1615666036948 0.19005385041236877 1015
1615666071085 0.17221108078956604 1016
1615666105757 0.19810304045677185 1017
1615666140622 0.17076808214187622 1018
1615666175017 0.21509364247322083 1019
1615666214219 0.21136599779129028 1020
1615666248928 0.21855774521827698 1021
1615666283254 0.15091483294963837 1022
1615666317473 0.24383306503295898 1023
1615666351743 0.23377716541290283 1024
1615666386014 0.2450249046087265 1025
1615666420327 0.2098287045955658 1026
1615666455000 0.20303261280059814 1027
1615666489697 0.1836250275373459 1028
1615666524062 0.24324023723602295 1029
1615666562912 0.17388112843036652 1030
1615666597550 0.19550496339797974 1031
1615666632364 0.24690388143062592 1032
1615666666900 0.20423009991645813 1033
1615666701555 0.2437487244606018 1034
1615666736545 0.21688814461231232 1035
1615666770950 0.20819754898548126 1036
1615666805732 0.22450043261051178 1037
1615666840319 0.21014028787612915 1038
1615666874596 0.1611381471157074 1039
1615666913480 0.24038836359977722 1040
1615666948674 0.16769254207611084 1041
1615666982913 0.2398221343755722 1042
1615667017370 0.2704737186431885 1043
1615667052160 0.17638948559761047 1044
1615667086919 0.23364797234535217 1045
1615667121574 0.17450153827667236 1046
1615667156054 0.18116678297519684 1047
1615667190416 0.20560738444328308 1048
1615667225070 0.21150363981723785 1049
1615667264060 0.2328578531742096 1050
1615667298512 0.26317721605300903 1051
1615667332905 0.23160958290100098 1052
1615667367436 0.23240426182746887 1053
1615667401869 0.2105310559272766 1054
1615667436729 0.16434694826602936 1055
1615667471070 0.2425822913646698 1056
1615667505827 0.21960186958312988 1057
1615667540527 0.15176445245742798 1058
1615667574822 0.16372141242027283 1059
1615667613911 0.1982789933681488 1060
1615667648200 0.20985212922096252 1061
1615667682547 0.18642282485961914 1062
1615667716731 0.1627134382724762 1063
1615667751453 0.17467918992042542 1064
1615667785760 0.17819920182228088 1065
1615667820414 0.22603356838226318 1066
1615667855124 0.17974522709846497 1067
1615667889435 0.19280779361724854 1068
1615667924160 0.2430494874715805 1069
1615667963101 0.19657574594020844 1070
1615667997875 0.25726351141929626 1071
1615668032172 0.1558607518672943 1072
1615668066921 0.15708258748054504 1073
1615668101424 0.18262258172035217 1074
1615668136005 0.24796362221240997 1075
1615668170807 0.20626042783260345 1076
1615668205841 0.1947367936372757 1077
1615668240832 0.21894009411334991 1078
1615668275221 0.18373331427574158 1079
1615668314501 0.21694299578666687 1080
1615668348834 0.21386933326721191 1081
1615668383696 0.18163138628005981 1082
1615668418501 0.183486670255661 1083
1615668452896 0.16585072875022888 1084
1615668487130 0.20231589674949646 1085
1615668521258 0.20954111218452454 1086
1615668555902 0.24327749013900757 1087
1615668590088 0.19103814661502838 1088
1615668624977 0.1548069715499878 1089
1615668663644 0.1916046440601349 1090
1615668698134 0.2099003791809082 1091
1615668732700 0.19169387221336365 1092
1615668767092 0.173694908618927 1093
1615668801804 0.18356335163116455 1094
1615668836431 0.2098052203655243 1095
1615668870677 0.21180759370326996 1096
1615668905344 0.16139572858810425 1097
1615668939828 0.21145324409008026 1098
1615668974215 0.22572368383407593 1099
1615669012604 0.17939920723438263 1100
1615669047504 0.24052637815475464 1101
1615669081922 0.1730385720729828 1102
1615669116701 0.206991046667099 1103
1615669151359 0.23372116684913635 1104
1615669185897 0.1650809645652771 1105
1615669220566 0.22265096008777618 1106
1615669255233 0.1786312311887741 1107
1615669289554 0.19600257277488708 1108
1615669324185 0.24190399050712585 1109
1615669362869 0.24116995930671692 1110
1615669397551 0.19503991305828094 1111
1615669432281 0.1724204421043396 1112
1615669467024 0.19211065769195557 1113
1615669501682 0.19867995381355286 1114
1615669535936 0.17643511295318604 1115
1615669570181 0.27701637148857117 1116
1615669604872 0.2101704478263855 1117
1615669639637 0.21577578783035278 1118
1615669674040 0.15044215321540833 1119
1615669713056 0.20791485905647278 1120
1615669747704 0.1748407483100891 1121
1615669782067 0.21904677152633667 1122
1615669816368 0.24134859442710876 1123
1615669850703 0.20379388332366943 1124
1615669884938 0.19265508651733398 1125
1615669919500 0.18741264939308167 1126
1615669954128 0.21814359724521637 1127
1615669988822 0.17619428038597107 1128
1615670023184 0.22038152813911438 1129
1615670062504 0.24511224031448364 1130
1615670097270 0.19107577204704285 1131
1615670132008 0.2147323489189148 1132
1615670166716 0.23736393451690674 1133
1615670201247 0.202065110206604 1134
1615670235566 0.22084060311317444 1135
1615670269810 0.23377424478530884 1136
1615670304600 0.195718914270401 1137
1615670339100 0.21306940913200378 1138
1615670373236 0.20615066587924957 1139
1615670412054 0.18365478515625 1140
1615670446723 0.16630828380584717 1141
1615670481391 0.1538623869419098 1142
1615670516128 0.22169998288154602 1143
1615670550302 0.19172045588493347 1144
1615670584539 0.17349809408187866 1145
1615670618854 0.15986251831054688 1146
1615670653198 0.22131004929542542 1147
1615670687516 0.26899081468582153 1148
1615670722277 0.19860930740833282 1149
1615670760790 0.19318486750125885 1150
1615670795447 0.21158143877983093 1151
1615670830008 0.21743816137313843 1152
1615670864413 0.24891996383666992 1153
1615670898842 0.18499478697776794 1154
1615670933534 0.18255341053009033 1155
1615670968144 0.21769261360168457 1156
1615671002958 0.20310339331626892 1157
1615671037568 0.1706225574016571 1158
1615671072292 0.16014564037322998 1159
1615671111427 0.19392447173595428 1160
1615671146496 0.2026343047618866 1161
1615671180802 0.21264848113059998 1162
1615671215024 0.20564867556095123 1163
1615671249182 0.1944279670715332 1164
1615671283890 0.15423233807086945 1165
1615671318401 0.24990424513816833 1166
1615671352963 0.18909098207950592 1167
1615671387684 0.16148239374160767 1168
1615671422569 0.19261851906776428 1169
1615671461410 0.21799062192440033 1170
1615671495994 0.21318286657333374 1171
1615671530954 0.19210094213485718 1172
1615671565709 0.16944625973701477 1173
1615671600271 0.21135537326335907 1174
1615671634623 0.19773808121681213 1175
1615671669398 0.25097453594207764 1176
1615671703964 0.24142016470432281 1177
1615671738599 0.23888123035430908 1178
1615671772911 0.18033629655838013 1179
1615671811918 0.2069792002439499 1180
1615671846418 0.20032747089862823 1181
1615671880948 0.17879272997379303 1182
1615671915451 0.21905800700187683 1183
1615671949873 0.1980917751789093 1184
1615671984283 0.19905397295951843 1185
1615672018678 0.19648683071136475 1186
1615672053152 0.21881072223186493 1187
1615672087515 0.20921796560287476 1188
1615672122325 0.22655385732650757 1189
1615672161565 0.26891741156578064 1190
1615672195929 0.19540509581565857 1191
1615672230245 0.20957687497138977 1192
1615672265158 0.1789208948612213 1193
1615672299472 0.15923303365707397 1194
1615672334123 0.16944937407970428 1195
1615672368682 0.21638192236423492 1196
1615672402851 0.14834414422512054 1197
1615672437526 0.18091170489788055 1198
1615672471722 0.22417163848876953 1199
1615672510245 0.17297512292861938 1200
1615672533306 0.2175411581993103 0
1615672533317 0.2175411581993103 0
