1615630582090 0.30640605092048645 1
1615630616575 0.4040740132331848 2
1615630650899 0.5483154058456421 3
1615630685455 0.6489046812057495 4
1615630720072 0.6537541151046753 5
1615630754647 0.673065185546875 6
1615630788837 0.6846179962158203 7
1615630823105 0.6817253828048706 8
1615630857354 0.70172119140625 9
1615630896321 0.7135508060455322 10
1615630931065 0.7336552143096924 11
1615630965649 0.7023454904556274 12
1615631000223 0.7066732048988342 13
1615631034729 0.7119880318641663 14
1615631069404 0.7238321900367737 15
1615631104173 0.7204663753509521 16
1615631138903 0.751083493232727 17
1615631173568 0.7746424674987793 18
1615631207693 0.7424141764640808 19
1615631246477 0.7544200420379639 20
1615631281116 0.7525153756141663 21
1615631315430 0.7790533304214478 22
1615631349801 0.782645583152771 23
1615631384477 0.7749816179275513 24
1615631419086 0.7462077140808105 25
1615631453626 0.7822525501251221 26
1615631487798 0.7698234915733337 27
1615631521988 0.7848386764526367 28
1615631556360 0.7616535425186157 29
1615631595646 0.7650929689407349 30
1615631630348 0.778195858001709 31
1615631664687 0.7813314199447632 32
1615631699211 0.7965902090072632 33
1615631733524 0.7603579759597778 34
1615631767886 0.7823977470397949 35
1615631802523 0.791305422782898 36
1615631837051 0.8149875402450562 37
1615631871581 0.8252742290496826 38
1615631906170 0.8082571029663086 39
1615631944918 0.8032655715942383 40
1615631979156 0.8084872961044312 41
1615632013301 0.7859315276145935 42
1615632047479 0.7992140054702759 43
1615632081693 0.783890962600708 44
1615632116444 0.7853251695632935 45
1615632151022 0.790452778339386 46
1615632185978 0.8056344389915466 47
1615632220650 0.831754744052887 48
1615632254788 0.8162453174591064 49
1615632293075 0.8080755472183228 50
1615632327225 0.8323642611503601 51
1615632361365 0.7592040300369263 52
1615632395812 0.7739713191986084 53
1615632430362 0.7949874401092529 54
1615632465075 0.7888393402099609 55
1615632499752 0.7861553430557251 56
1615632534492 0.7843824625015259 57
1615632569139 0.7926910519599915 58
1615632603440 0.8056694269180298 59
1615632642331 0.8216471076011658 60
1615632676905 0.7898472547531128 61
1615632711396 0.7894914150238037 62
1615632746023 0.7856922149658203 63
1615632780214 0.783900260925293 64
1615632814454 0.7962567806243896 65
1615632848997 0.8106446266174316 66
1615632883509 0.821138858795166 67
1615632918174 0.8302007913589478 68
1615632952998 0.8068325519561768 69
1615632991893 0.8050874471664429 70
1615633026638 0.8024699091911316 71
1615633061067 0.7894717454910278 72
1615633095636 0.7948814630508423 73
1615633130035 0.7917606830596924 74
1615633164650 0.8285576701164246 75
1615633199096 0.8222572803497314 76
1615633233597 0.8316429853439331 77
1615633268570 0.8289670944213867 78
1615633303211 0.824318528175354 79
1615633342175 0.811514139175415 80
1615633376858 0.8199503421783447 81
1615633411394 0.8324477672576904 82
1615633445550 0.8075805306434631 83
1615633479920 0.835931122303009 84
1615633514508 0.8438388705253601 85
1615633548977 0.8400559425354004 86
1615633583500 0.8479055762290955 87
1615633618116 0.8488243818283081 88
1615633652446 0.8411861658096313 89
1615633691186 0.8306170701980591 90
1615633725669 0.7967424392700195 91
1615633760313 0.8178050518035889 92
1615633794497 0.8491734266281128 93
1615633829041 0.8464480638504028 94
1615633863701 0.8462836742401123 95
1615633898034 0.8170639276504517 96
1615633932836 0.8405662775039673 97
1615633967121 0.7965576648712158 98
1615634001910 0.8073402643203735 99
1615634040483 0.8023918867111206 100
1615634074864 0.8011243343353271 101
1615634109694 0.8154816627502441 102
1615634144145 0.8514696359634399 103
1615634178533 0.83758944272995 104
1615634213159 0.824772834777832 105
1615634247338 0.7868806719779968 106
1615634281489 0.8100306987762451 107
1615634315746 0.8065086603164673 108
1615634350172 0.8281341791152954 109
1615634389078 0.8161788582801819 110
1615634423259 0.844622790813446 111
1615634458017 0.8332546949386597 112
1615634492363 0.81337970495224 113
1615634526613 0.8169624209403992 114
1615634561184 0.8405360579490662 115
1615634595655 0.8099991679191589 116
1615634630453 0.8422797322273254 117
1615634664928 0.7798980474472046 118
1615634699842 0.8630735874176025 119
1615634738424 0.8212522864341736 120
1615634772878 0.8526085615158081 121
1615634807343 0.8391045928001404 122
1615634841950 0.7951638698577881 123
1615634876609 0.8183873295783997 124
1615634911140 0.8350379467010498 125
1615634945585 0.8305741548538208 126
1615634980153 0.8456161022186279 127
1615635015039 0.8520959615707397 128
1615635049700 0.8449807167053223 129
1615635088381 0.846330463886261 130
1615635122556 0.8221927285194397 131
1615635156771 0.8205741047859192 132
1615635191511 0.861537516117096 133
1615635226253 0.8198490142822266 134
1615635260653 0.8490602374076843 135
1615635295389 0.8558305501937866 136
1615635330186 0.8430794477462769 137
1615635364784 0.8253589868545532 138
1615635399208 0.822857141494751 139
1615635437942 0.8123247623443604 140
1615635472177 0.8166064023971558 141
1615635506841 0.845180869102478 142
1615635541095 0.8432116508483887 143
1615635575476 0.8426833152770996 144
1615635609587 0.8626791834831238 145
1615635644053 0.8338584899902344 146
1615635678581 0.8272454142570496 147
1615635712952 0.8373948335647583 148
1615635747278 0.8469135761260986 149
1615635785717 0.8363984823226929 150
1615635820396 0.8451353311538696 151
1615635855287 0.857776939868927 152
1615635890230 0.8626139760017395 153
1615635924828 0.8820408582687378 154
1615635959512 0.8566427826881409 155
1615635994117 0.8685140609741211 156
1615636028792 0.8768013715744019 157
1615636063388 0.8436015248298645 158
1615636097950 0.8737339973449707 159
1615636137229 0.8638894557952881 160
1615636171612 0.7903578281402588 161
1615636206230 0.8314909934997559 162
1615636240395 0.8471865653991699 163
1615636274952 0.8506029844284058 164
1615636309342 0.835137128829956 165
1615636344225 0.8238643407821655 166
1615636378527 0.8391538858413696 167
1615636412912 0.8474986553192139 168
1615636447272 0.8970881104469299 169
1615636486137 0.8546678423881531 170
1615636520656 0.84278404712677 171
1615636555586 0.8608759641647339 172
1615636590342 0.8620803952217102 173
1615636624733 0.8306933641433716 174
1615636659087 0.8502531051635742 175
1615636693428 0.8465195894241333 176
1615636728077 0.817898154258728 177
1615636762473 0.8537833094596863 178
1615636797024 0.8367490172386169 179
1615636835552 0.8884281516075134 180
1615636870088 0.8476645946502686 181
1615636904749 0.8336772322654724 182
1615636938964 0.82009357213974 183
1615636973059 0.8693113327026367 184
1615637007352 0.8399993777275085 185
1615637041835 0.8527224063873291 186
1615637076084 0.8206873536109924 187
1615637110548 0.831470787525177 188
1615637145023 0.841376543045044 189
1615637183956 0.8582398891448975 190
1615637218282 0.8812224864959717 191
1615637253108 0.8398414850234985 192
1615637287765 0.83331298828125 193
1615637322345 0.8382399082183838 194
1615637357041 0.8473302125930786 195
1615637391547 0.8249338865280151 196
1615637426024 0.8485233783721924 197
1615637460552 0.8568975925445557 198
1615637495101 0.8463121056556702 199
1615637534368 0.8331311941146851 200
1615637568475 0.8335986137390137 201
1615637602941 0.8188338279724121 202
1615637637192 0.8307746648788452 203
1615637671583 0.8560832738876343 204
1615637705898 0.8643511533737183 205
1615637740687 0.8569994568824768 206
1615637775135 0.8599628210067749 207
1615637809537 0.8556966781616211 208
1615637844332 0.8723263740539551 209
1615637883094 0.8215632438659668 210
1615637917587 0.8643758296966553 211
1615637951902 0.8565577268600464 212
1615637986483 0.8100535869598389 213
1615638020700 0.8416519165039062 214
1615638055080 0.8563132882118225 215
1615638089943 0.821929395198822 216
1615638124343 0.853827714920044 217
1615638159037 0.8539314270019531 218
1615638193240 0.8415161967277527 219
1615638232260 0.8442456722259521 220
1615638266465 0.8558158874511719 221
1615638300952 0.8423112630844116 222
1615638335188 0.8620799779891968 223
1615638369945 0.8586042523384094 224
1615638404302 0.8467377424240112 225
1615638438892 0.8598588705062866 226
1615638473119 0.8335229158401489 227
1615638507816 0.8513894081115723 228
1615638542201 0.8880879878997803 229
1615638580478 0.871817946434021 230
1615638614987 0.8892778158187866 231
1615638649553 0.8639156222343445 232
1615638684246 0.838300883769989 233
1615638718905 0.8704156875610352 234
1615638753572 0.8533390760421753 235
1615638787942 0.868750274181366 236
1615638822496 0.8698651790618896 237
1615638857018 0.847028374671936 238
1615638891390 0.8810547590255737 239
1615638930125 0.8389936685562134 240
1615638964678 0.8497902750968933 241
1615638999178 0.8642075061798096 242
1615639033428 0.8623397946357727 243
1615639068172 0.876778244972229 244
1615639102774 0.8641186952590942 245
1615639137115 0.8619033098220825 246
1615639172153 0.8455501198768616 247
1615639206754 0.8698471784591675 248
1615639241426 0.8513484597206116 249
1615639279861 0.8625895977020264 250
1615639314560 0.877554178237915 251
1615639348833 0.8445738554000854 252
1615639383061 0.827335000038147 253
1615639417250 0.859764814376831 254
1615639451475 0.8805849552154541 255
1615639485746 0.8586068749427795 256
1615639520349 0.8995404243469238 257
1615639554934 0.8738830089569092 258
1615639589451 0.846261203289032 259
1615639628189 0.8437020778656006 260
1615639662536 0.8753983974456787 261
1615639697141 0.8778824806213379 262
1615639731848 0.8642547130584717 263
1615639767042 0.8422412872314453 264
1615639801700 0.8619630336761475 265
1615639836349 0.8421995639801025 266
1615639870864 0.8647653460502625 267
1615639905407 0.8477349281311035 268
1615639940052 0.8714707493782043 269
1615639978783 0.8632760643959045 270
1615640012985 0.8857993483543396 271
1615640047084 0.8648532629013062 272
1615640081577 0.85356605052948 273
1615640115825 0.8634811043739319 274
1615640150275 0.8566340208053589 275
1615640184985 0.8203057050704956 276
1615640219380 0.888124942779541 277
1615640253659 0.839655876159668 278
1615640288369 0.8853161334991455 279
1615640326918 0.8863142132759094 280
1615640361459 0.8727420568466187 281
1615640396319 0.8859606981277466 282
1615640430932 0.8661481142044067 283
1615640465355 0.8692156672477722 284
1615640500144 0.8300564289093018 285
1615640534678 0.8645068407058716 286
1615640569512 0.8528208136558533 287
1615640603885 0.835888683795929 288
1615640638486 0.8604986071586609 289
1615640677635 0.8648589849472046 290
1615640711872 0.8858339786529541 291
1615640746445 0.866623044013977 292
1615640780629 0.8655062317848206 293
1615640815350 0.8633714914321899 294
1615640849766 0.8549150228500366 295
1615640884119 0.8549143075942993 296
1615640918636 0.8576754331588745 297
1615640953005 0.857974648475647 298
1615640987457 0.8957539200782776 299
1615641026621 0.8576081991195679 300
1615641061051 0.846077561378479 301
1615641095606 0.8608539700508118 302
1615641130058 0.8988834619522095 303
1615641164625 0.8756833672523499 304
1615641198835 0.8515191078186035 305
1615641233453 0.8517391085624695 306
1615641267718 0.876587986946106 307
1615641301862 0.9170968532562256 308
1615641336222 0.8923380374908447 309
1615641375137 0.8333250880241394 310
1615641409342 0.8509054183959961 311
1615641443627 0.8641123175621033 312
1615641477839 0.864178478717804 313
1615641512561 0.8943531513214111 314
1615641546965 0.847427487373352 315
1615641581465 0.8722133636474609 316
1615641615770 0.8852728605270386 317
1615641650117 0.860622227191925 318
1615641684759 0.8581164479255676 319
1615641724025 0.8627709150314331 320
1615641758614 0.8574775457382202 321
1615641793093 0.85761958360672 322
1615641827370 0.8405698537826538 323
1615641862268 0.8764098882675171 324
1615641897109 0.8485657572746277 325
1615641931834 0.866779088973999 326
1615641966542 0.8718909025192261 327
1615642001099 0.8910008668899536 328
1615642035258 0.8896154761314392 329
1615642073965 0.8400189876556396 330
1615642108219 0.8590455055236816 331
1615642142483 0.866915225982666 332
1615642176767 0.8847566843032837 333
1615642211052 0.8548452258110046 334
1615642245423 0.862741231918335 335
1615642280249 0.8583768010139465 336
1615642314730 0.8794022798538208 337
1615642349218 0.833554744720459 338
1615642383512 0.894802451133728 339
1615642422250 0.8853480815887451 340
1615642456862 0.8631130456924438 341
1615642491442 0.8891452550888062 342
1615642525903 0.8565791249275208 343
1615642560539 0.8748907446861267 344
1615642595050 0.8439159393310547 345
1615642629357 0.837742805480957 346
1615642664053 0.8129686713218689 347
1615642698823 0.8671872615814209 348
1615642733449 0.888440728187561 349
1615642772614 0.8872064352035522 350
1615642807420 0.8733403086662292 351
1615642842189 0.8763447999954224 352
1615642876564 0.8840745687484741 353
1615642911613 0.8968378305435181 354
1615642945879 0.8816875219345093 355
1615642980384 0.8529320955276489 356
1615643014513 0.8719850778579712 357
1615643048762 0.8948461413383484 358
1615643083476 0.8553087711334229 359
1615643122043 0.8766099810600281 360
1615643156659 0.891603946685791 361
1615643191001 0.8885253667831421 362
1615643225332 0.8896633386611938 363
1615643259876 0.8693591356277466 364
1615643294539 0.8902627825737 365
1615643328871 0.874311089515686 366
1615643363285 0.8768607378005981 367
1615643398113 0.8956654667854309 368
1615643432811 0.851889967918396 369
1615643471786 0.8478555679321289 370
1615643506097 0.896155834197998 371
1615643540412 0.8884764313697815 372
1615643575489 0.8762009143829346 373
1615643609886 0.87126624584198 374
1615643644126 0.8714307546615601 375
1615643678645 0.8560190200805664 376
1615643713355 0.8438289165496826 377
1615643747818 0.8533138036727905 378
1615643782477 0.872038722038269 379
1615643821042 0.8608085513114929 380
1615643855673 0.8739219903945923 381
1615643890163 0.8863406777381897 382
1615643924788 0.851049542427063 383
1615643959074 0.880522608757019 384
1615643993399 0.8873597383499146 385
1615644028111 0.8708971738815308 386
1615644062715 0.8650438785552979 387
1615644097291 0.8914514780044556 388
1615644131689 0.8848673105239868 389
1615644170591 0.8584822416305542 390
1615644204957 0.8568691611289978 391
1615644239337 0.8464730978012085 392
1615644273829 0.8581933975219727 393
1615644308354 0.8345527648925781 394
1615644343036 0.9148887991905212 395
1615644377568 0.8589522838592529 396
1615644412213 0.8881739377975464 397
1615644446469 0.8954323530197144 398
1615644480795 0.879024863243103 399
1615644519656 0.8834437131881714 400
1615644553848 0.8745837807655334 401
1615644588080 0.8727772235870361 402
1615644622347 0.844221293926239 403
1615644656991 0.8963499069213867 404
1615644691405 0.8821620345115662 405
1615644725637 0.8863958120346069 406
1615644760378 0.8371359705924988 407
1615644795045 0.890428364276886 408
1615644829843 0.8735052943229675 409
1615644868528 0.8735724687576294 410
1615644903010 0.8774236440658569 411
1615644937664 0.9089124798774719 412
1615644971881 0.8968964219093323 413
1615645006324 0.8634514808654785 414
1615645040659 0.8666804432868958 415
1615645075360 0.8736644983291626 416
1615645110288 0.8689164519309998 417
1615645144568 0.8873725533485413 418
1615645179039 0.8752309083938599 419
1615645217711 0.8778970241546631 420
1615645252021 0.8777941465377808 421
1615645286346 0.883349597454071 422
1615645321164 0.8573059439659119 423
1615645355492 0.8606605529785156 424
1615645389747 0.8884252309799194 425
1615645424486 0.8677166700363159 426
1615645459327 0.8950519561767578 427
1615645493903 0.8715644478797913 428
1615645528761 0.8324606418609619 429
1615645568004 0.865242063999176 430
1615645602469 0.8914099931716919 431
1615645637221 0.8663601875305176 432
1615645671441 0.8671466112136841 433
1615645705538 0.891099214553833 434
1615645740136 0.8379645347595215 435
1615645774969 0.8810909390449524 436
1615645809212 0.8762129545211792 437
1615645843821 0.8866947889328003 438
1615645878439 0.8533375263214111 439
1615645917486 0.9052921533584595 440
1615645951801 0.8922577500343323 441
1615645986586 0.8590858578681946 442
1615646021460 0.8792135715484619 443
1615646056457 0.8945703506469727 444
1615646091099 0.872581958770752 445
1615646125526 0.8682460188865662 446
1615646160763 0.847302258014679 447
1615646195383 0.8735499382019043 448
1615646229895 0.8887172937393188 449
1615646269613 0.8981705904006958 450
1615646304208 0.8845091462135315 451
1615646338738 0.8736718893051147 452
1615646373137 0.8730068206787109 453
1615646407795 0.8675994873046875 454
1615646442528 0.8959068655967712 455
1615646476985 0.8718845844268799 456
1615646511371 0.8493332862854004 457
1615646545849 0.8500708341598511 458
1615646580492 0.8838750123977661 459
1615646619867 0.8884007930755615 460
1615646654876 0.8844032883644104 461
1615646689111 0.8991168737411499 462
1615646723333 0.8815511465072632 463
1615646757733 0.8694247007369995 464
1615646792038 0.8765900135040283 465
1615646826605 0.8813021183013916 466
1615646861264 0.8492963910102844 467
1615646895522 0.8521507978439331 468
1615646930228 0.8705780506134033 469
1615646969102 0.8746776580810547 470
1615647003798 0.8692413568496704 471
1615647038317 0.8788257837295532 472
1615647073252 0.8689061999320984 473
1615647107763 0.8746747970581055 474
1615647142257 0.8930257558822632 475
1615647176934 0.8751415610313416 476
1615647211379 0.8776053190231323 477
1615647245823 0.8875976800918579 478
1615647280435 0.9059309363365173 479
1615647319748 0.9110854864120483 480
1615647354021 0.8718125820159912 481
1615647388708 0.8840601444244385 482
1615647423497 0.8778918981552124 483
1615647458199 0.8855381011962891 484
1615647492650 0.8822288513183594 485
1615647527507 0.8708839416503906 486
1615647562022 0.8726534843444824 487
1615647596352 0.8807766437530518 488
1615647630979 0.8956316709518433 489
1615647669660 0.9033319354057312 490
1615647703998 0.888943076133728 491
1615647738823 0.8551068305969238 492
1615647773137 0.9120343327522278 493
1615647808003 0.8490960001945496 494
1615647842731 0.8736628293991089 495
1615647877025 0.8692936897277832 496
1615647911769 0.903814435005188 497
1615647946219 0.8679474592208862 498
1615647981123 0.8939305543899536 499
1615648020188 0.8714923858642578 500
1615648054810 0.8491400480270386 501
1615648089186 0.8910039663314819 502
1615648123832 0.9030113220214844 503
1615648158468 0.8931768536567688 504
1615648193369 0.8778078556060791 505
1615648228074 0.8926264047622681 506
1615648262330 0.8616344928741455 507
1615648296949 0.8735331296920776 508
1615648331470 0.887800931930542 509
1615648370422 0.8906333446502686 510
1615648405118 0.9221220016479492 511
1615648439889 0.8960648775100708 512
1615648474323 0.8949561715126038 513
1615648508815 0.9005261659622192 514
1615648543602 0.8807238340377808 515
1615648577907 0.9033061861991882 516
1615648612212 0.908134937286377 517
1615648646825 0.8799996376037598 518
1615648681182 0.8695931434631348 519
1615648720280 0.8692469596862793 520
1615648754603 0.8659290075302124 521
1615648789420 0.8850054740905762 522
1615648824451 0.8938976526260376 523
1615648859395 0.889751672744751 524
1615648894081 0.8874408006668091 525
1615648928503 0.9214717149734497 526
1615648962799 0.8899022936820984 527
1615648997659 0.8949204683303833 528
1615649032299 0.9080941677093506 529
1615649071108 0.8858194351196289 530
1615649105414 0.8713562488555908 531
1615649140183 0.8723403215408325 532
1615649174760 0.8666411638259888 533
1615649209009 0.8925261497497559 534
1615649243657 0.8779643774032593 535
1615649278325 0.9135154485702515 536
1615649313094 0.8738242387771606 537
1615649347738 0.8845483064651489 538
1615649382045 0.8872206211090088 539
1615649420900 0.9058489203453064 540
1615649455161 0.8748408555984497 541
1615649489799 0.8613553643226624 542
1615649524164 0.8868142366409302 543
1615649558856 0.8946495056152344 544
1615649593074 0.8910678029060364 545
1615649627367 0.8957023620605469 546
1615649661543 0.9138548374176025 547
1615649695803 0.8636436462402344 548
1615649730461 0.8699741959571838 549
1615649769412 0.8961001634597778 550
1615649803837 0.8981325626373291 551
1615649838676 0.8976415991783142 552
1615649872956 0.8964132070541382 553
1615649907718 0.852527379989624 554
1615649942262 0.8888680934906006 555
1615649976967 0.9002997279167175 556
1615650011685 0.8773583173751831 557
1615650046643 0.8854957222938538 558
1615650080998 0.8621664047241211 559
1615650119788 0.8996440172195435 560
1615650154138 0.8776158094406128 561
1615650188522 0.8806594610214233 562
1615650222832 0.8801437020301819 563
1615650257147 0.9263951778411865 564
1615650291394 0.865647554397583 565
1615650326038 0.9034978151321411 566
1615650360731 0.8904932737350464 567
1615650395417 0.9119160771369934 568
1615650429725 0.8916172981262207 569
1615650468760 0.8873305320739746 570
1615650503105 0.8591820001602173 571
1615650537878 0.8814550638198853 572
1615650572905 0.882307767868042 573
1615650607411 0.9027566909790039 574
1615650642073 0.8757946491241455 575
1615650676764 0.891914427280426 576
1615650711117 0.9103778600692749 577
1615650745615 0.908246636390686 578
1615650779905 0.8850816488265991 579
1615650818632 0.9001339673995972 580
1615650853243 0.925306499004364 581
1615650887694 0.8739722967147827 582
1615650922665 0.8767166137695312 583
1615650956805 0.8962713479995728 584
1615650991418 0.8910002112388611 585
1615651026146 0.8789064884185791 586
1615651060583 0.9184494018554688 587
1615651095336 0.8937604427337646 588
1615651129472 0.8833780884742737 589
1615651167979 0.9080215692520142 590
1615651202207 0.886162519454956 591
1615651236545 0.8789771795272827 592
1615651270797 0.8756978511810303 593
1615651305076 0.8846346139907837 594
1615651339846 0.893033504486084 595
1615651374345 0.8893074989318848 596
1615651408936 0.9014489054679871 597
1615651443166 0.8862248659133911 598
1615651477570 0.8938241600990295 599
1615651516315 0.8630114793777466 600
1615651550906 0.9181268215179443 601
1615651585751 0.8865079879760742 602
1615651620051 0.8645412921905518 603
1615651654512 0.8815011978149414 604
1615651689550 0.8970257043838501 605
1615651724215 0.8799587488174438 606
1615651758393 0.8765966892242432 607
1615651792706 0.8959912061691284 608
1615651827493 0.8916090726852417 609
1615651866501 0.9015364646911621 610
1615651901111 0.8630378246307373 611
1615651936077 0.8829644322395325 612
1615651970682 0.8905333876609802 613
1615652005108 0.8960327506065369 614
1615652039574 0.8808917999267578 615
1615652074094 0.8956804275512695 616
1615652108426 0.8760740160942078 617
1615652142723 0.9124654531478882 618
1615652177407 0.8959821462631226 619
1615652216651 0.8756965398788452 620
1615652250867 0.9005160927772522 621
1615652285053 0.8744958639144897 622
1615652319580 0.8725556135177612 623
1615652354122 0.8911904692649841 624
1615652388455 0.912123441696167 625
1615652422779 0.9046907424926758 626
1615652457616 0.907284140586853 627
1615652492556 0.8909039497375488 628
1615652526929 0.8707612752914429 629
1615652565911 0.894230842590332 630
1615652600600 0.9158178567886353 631
1615652634981 0.861477792263031 632
1615652669503 0.9062038660049438 633
1615652703912 0.8839930295944214 634
1615652738537 0.8598473072052002 635
1615652772721 0.8808267712593079 636
1615652806884 0.9157829284667969 637
1615652841113 0.8898526430130005 638
1615652875864 0.8982793688774109 639
1615652914964 0.8979039192199707 640
1615652949342 0.899482250213623 641
1615652984177 0.8871493339538574 642
1615653018751 0.8910481929779053 643
1615653053433 0.9049687385559082 644
1615653087865 0.8948472738265991 645
1615653122491 0.8950040936470032 646
1615653157349 0.895169734954834 647
1615653192222 0.8760347962379456 648
1615653227004 0.8973996639251709 649
1615653266259 0.9203153848648071 650
1615653300544 0.8740806579589844 651
1615653334869 0.8919222354888916 652
1615653369574 0.8818928003311157 653
1615653404604 0.907563328742981 654
1615653439321 0.8886786699295044 655
1615653473569 0.894005537033081 656
1615653508168 0.8918670415878296 657
1615653542885 0.8784291744232178 658
1615653577359 0.8849313259124756 659
1615653616269 0.8909876942634583 660
1615653650488 0.9088428020477295 661
1615653684653 0.8844181299209595 662
1615653718929 0.8750289678573608 663
1615653753664 0.8883688449859619 664
1615653788566 0.9050724506378174 665
1615653823430 0.8945522904396057 666
1615653858438 0.9018709063529968 667
1615653893242 0.8832669258117676 668
1615653927563 0.8824751377105713 669
1615653966881 0.8946564793586731 670
1615654001114 0.8952876329421997 671
1615654035893 0.871590256690979 672
1615654070604 0.8700475096702576 673
1615654105295 0.8806799650192261 674
1615654139486 0.8724676370620728 675
1615654174362 0.8981186747550964 676
1615654208825 0.8852233290672302 677
1615654243421 0.8959486484527588 678
1615654277801 0.8957305550575256 679
1615654316194 0.8933637142181396 680
1615654350819 0.8934762477874756 681
1615654385169 0.9013668298721313 682
1615654419747 0.9077978730201721 683
1615654453979 0.8868659734725952 684
1615654488572 0.8933767080307007 685
1615654523160 0.8902989029884338 686
1615654557477 0.9239232540130615 687
1615654592576 0.8795784711837769 688
1615654627004 0.8618240356445312 689
1615654666434 0.8952407836914062 690
1615654700799 0.8972389698028564 691
1615654735130 0.9203774929046631 692
1615654769360 0.9077184200286865 693
1615654804130 0.8914508819580078 694
1615654838932 0.8871729969978333 695
1615654873374 0.898070752620697 696
1615654908051 0.9068868160247803 697
1615654942810 0.8945316076278687 698
1615654977584 0.9165098667144775 699
1615655017405 0.9020020961761475 700
1615655052156 0.8877581357955933 701
1615655086861 0.890937089920044 702
1615655121478 0.9173582792282104 703
1615655156168 0.8944755792617798 704
1615655190871 0.8767054080963135 705
1615655225619 0.8927788734436035 706
1615655260208 0.8974234461784363 707
1615655294833 0.9052633047103882 708
1615655329032 0.8832235336303711 709
1615655367558 0.9063543081283569 710
1615655402223 0.9003491401672363 711
1615655437092 0.892541229724884 712
1615655471604 0.9040139317512512 713
1615655506197 0.9133317470550537 714
1615655540625 0.8947521448135376 715
1615655575414 0.8761692047119141 716
1615655610196 0.9188050627708435 717
1615655644492 0.9096078872680664 718
1615655678793 0.8957020044326782 719
1615655718094 0.9034589529037476 720
1615655752252 0.8865219950675964 721
1615655786704 0.8716188669204712 722
1615655821043 0.8869450688362122 723
1615655855815 0.9025445580482483 724
1615655890324 0.8801275491714478 725
1615655924927 0.9148858785629272 726
1615655959367 0.9297301769256592 727
1615655994005 0.89350426197052 728
1615656028400 0.9263724684715271 729
1615656067601 0.9192361831665039 730
1615656102374 0.8997968435287476 731
1615656136955 0.904577374458313 732
1615656171410 0.9161165952682495 733
1615656206143 0.8824290037155151 734
1615656240712 0.8986973166465759 735
1615656275306 0.9108491539955139 736
1615656310007 0.9113368391990662 737
1615656344432 0.9045648574829102 738
1615656379241 0.9011813402175903 739
1615656418441 0.8770089149475098 740
1615656453602 0.8662536144256592 741
1615656487954 0.9046962857246399 742
1615656522450 0.9163641929626465 743
1615656556932 0.9345047473907471 744
1615656591228 0.8843021392822266 745
1615656625736 0.9064289331436157 746
1615656660540 0.8805893659591675 747
1615656695413 0.8833948969841003 748
1615656730005 0.8975268602371216 749
1615656768967 0.9250242114067078 750
1615656803536 0.8839223384857178 751
1615656837761 0.8920549750328064 752
1615656872445 0.8820868730545044 753
1615656907303 0.8906863927841187 754
1615656941904 0.8969936966896057 755
1615656976573 0.9121948480606079 756
1615657011410 0.8931188583374023 757
1615657046014 0.8879505395889282 758
1615657080815 0.9290711283683777 759
1615657119123 0.8878015279769897 760
1615657153667 0.8842412233352661 761
1615657187996 0.8894559144973755 762
1615657222709 0.9038937091827393 763
1615657257619 0.91033935546875 764
1615657292251 0.8915114402770996 765
1615657326848 0.9046119451522827 766
1615657361658 0.8996385335922241 767
1615657396464 0.8878781795501709 768
1615657431205 0.9069641828536987 769
1615657469913 0.8910393714904785 770
1615657504371 0.883818507194519 771
1615657538700 0.8956695795059204 772
1615657573444 0.9051322937011719 773
1615657608130 0.895765483379364 774
1615657643055 0.8741734027862549 775
1615657677574 0.9100382924079895 776
1615657711770 0.8978517055511475 777
1615657746769 0.8850593566894531 778
1615657781378 0.8747119903564453 779
1615657820186 0.9146299362182617 780
1615657854449 0.8527601957321167 781
1615657888705 0.9113224148750305 782
1615657922929 0.9197241067886353 783
1615657957632 0.905921220779419 784
1615657992280 0.9085336923599243 785
1615658027143 0.8798099756240845 786
1615658061495 0.8918577432632446 787
1615658096505 0.9142117500305176 788
1615658131390 0.8951455354690552 789
1615658170395 0.8954965472221375 790
1615658205055 0.8917396068572998 791
1615658239465 0.9131125211715698 792
1615658274210 0.8857318162918091 793
1615658308829 0.9168565273284912 794
1615658343184 0.8868670463562012 795
1615658377859 0.8845490217208862 796
1615658412146 0.9100325107574463 797
1615658446743 0.8775659799575806 798
1615658481019 0.9231991767883301 799
1615658519232 0.8884953856468201 800
1615658553620 0.8817486763000488 801
1615658587888 0.8903216123580933 802
1615658622250 0.9036422967910767 803
1615658656738 0.8865188956260681 804
1615658691397 0.8946256041526794 805
1615658726239 0.8957003355026245 806
1615658760596 0.8984065055847168 807
1615658795453 0.8952028751373291 808
1615658830106 0.8802298307418823 809
1615658869298 0.9029890894889832 810
1615658903800 0.874423086643219 811
1615658938555 0.8925700187683105 812
1615658972820 0.9187995195388794 813
1615659007403 0.9220436215400696 814
1615659041593 0.8994571566581726 815
1615659075924 0.8810031414031982 816
1615659110705 0.925549328327179 817
1615659145385 0.883347749710083 818
1615659180068 0.8845144510269165 819
1615659218607 0.8513023853302002 820
1615659252993 0.908568263053894 821
1615659287456 0.8894234895706177 822
1615659321727 0.8990060687065125 823
1615659356757 0.895246684551239 824
1615659391001 0.8833813667297363 825
1615659425339 0.8869709372520447 826
1615659460024 0.8822188377380371 827
1615659494502 0.9171264171600342 828
1615659529062 0.9065561294555664 829
1615659567670 0.8903120756149292 830
1615659602107 0.8997868299484253 831
1615659636842 0.9050977230072021 832
1615659671730 0.9135124087333679 833
1615659706399 0.8995602130889893 834
1615659740976 0.8773219585418701 835
1615659775109 0.9072526693344116 836
1615659809413 0.8563148975372314 837
1615659843908 0.9073641300201416 838
1615659878886 0.909599781036377 839
1615659918038 0.903490424156189 840
1615659952327 0.8844586610794067 841
1615659986980 0.9105373620986938 842
1615660021387 0.9221762418746948 843
1615660056017 0.9090757369995117 844
1615660090782 0.8964525461196899 845
1615660125155 0.8993608951568604 846
1615660159894 0.905309796333313 847
1615660194565 0.881595253944397 848
1615660229390 0.8687865734100342 849
1615660268433 0.8887360095977783 850
1615660302916 0.9204735159873962 851
1615660337134 0.936000406742096 852
1615660371552 0.8780030608177185 853
1615660406229 0.8904834985733032 854
1615660440777 0.891459584236145 855
1615660475461 0.8987016677856445 856
1615660510413 0.8846348524093628 857
1615660545053 0.9055119752883911 858
1615660579310 0.9050521850585938 859
1615660618051 0.9087719321250916 860
1615660652334 0.875889778137207 861
1615660686867 0.8974419832229614 862
1615660721443 0.8928076028823853 863
1615660756010 0.8736940622329712 864
1615660790760 0.8958480358123779 865
1615660825387 0.8727957010269165 866
1615660860067 0.917566180229187 867
1615660895039 0.8771059513092041 868
1615660929364 0.8828333616256714 869
1615660968336 0.9180625677108765 870
1615661003030 0.8869919776916504 871
1615661037722 0.9140149354934692 872
1615661072070 0.8909611701965332 873
1615661106352 0.9132061004638672 874
1615661141249 0.8971371650695801 875
1615661175617 0.9088417291641235 876
1615661209820 0.8890261650085449 877
1615661244093 0.8720334768295288 878
1615661278408 0.9134289622306824 879
1615661316874 0.9168370366096497 880
1615661351493 0.883198618888855 881
1615661385879 0.897719144821167 882
1615661420226 0.8802114725112915 883
1615661454547 0.9128862619400024 884
1615661489140 0.8787914514541626 885
1615661523351 0.8658982515335083 886
1615661558172 0.9159718155860901 887
1615661592412 0.8977463245391846 888
1615661626934 0.8629111051559448 889
1615661666037 0.898281991481781 890
1615661700550 0.9229503870010376 891
1615661735327 0.9081783890724182 892
1615661770063 0.8995832204818726 893
1615661804568 0.9092748165130615 894
1615661838850 0.9282335042953491 895
1615661873428 0.8764975070953369 896
1615661907988 0.8862099647521973 897
1615661942667 0.9019962549209595 898
1615661977170 0.8592631816864014 899
1615662015858 0.9252644777297974 900
1615662050075 0.8941956758499146 901
1615662084787 0.9138985276222229 902
1615662119442 0.9017478227615356 903
1615662153733 0.9068204760551453 904
1615662187997 0.9013644456863403 905
1615662222521 0.8770318031311035 906
1615662256760 0.8840534687042236 907
1615662290972 0.8819386959075928 908
1615662325711 0.9017484784126282 909
1615662364229 0.9158722162246704 910
1615662398733 0.9142130613327026 911
1615662433080 0.868428111076355 912
1615662467541 0.898728609085083 913
1615662502560 0.916702389717102 914
1615662536814 0.8812342882156372 915
1615662571203 0.9126495122909546 916
1615662605612 0.8625085353851318 917
1615662639977 0.8942756652832031 918
1615662674540 0.9047189950942993 919
1615662713729 0.8989529609680176 920
1615662748522 0.9016121625900269 921
1615662783404 0.8994020223617554 922
1615662818218 0.8949683308601379 923
1615662853193 0.9194597005844116 924
1615662887880 0.8886405229568481 925
1615662922632 0.91228848695755 926
1615662956769 0.9102665185928345 927
1615662991255 0.8977656364440918 928
1615663025719 0.904166042804718 929
1615663064744 0.8677444458007812 930
1615663099424 0.896909773349762 931
1615663134224 0.9055984020233154 932
1615663168816 0.8938034772872925 933
1615663203551 0.8699932098388672 934
1615663237860 0.8912190198898315 935
1615663272095 0.8745391964912415 936
1615663307037 0.8812532424926758 937
1615663341568 0.8875023722648621 938
1615663376396 0.893694281578064 939
1615663415175 0.9059925079345703 940
1615663449750 0.8812792301177979 941
1615663484690 0.8871614933013916 942
1615663519326 0.8821584582328796 943
1615663554014 0.9181579351425171 944
1615663588249 0.9047344923019409 945
1615663622569 0.9222394824028015 946
1615663656976 0.8516656160354614 947
1615663691511 0.9078514575958252 948
1615663726543 0.9260088205337524 949
1615663765860 0.8906978964805603 950
1615663800237 0.8879376649856567 951
1615663834624 0.9282760620117188 952
1615663868835 0.9103127121925354 953
1615663903208 0.896077036857605 954
1615663937683 0.8908645510673523 955
1615663972460 0.897518515586853 956
1615664006724 0.8998790979385376 957
1615664041484 0.8999343514442444 958
1615664075859 0.9103257656097412 959
1615664114197 0.8899235725402832 960
1615664148358 0.8899545669555664 961
1615664182823 0.8967378735542297 962
1615664217371 0.8923972845077515 963
1615664251709 0.8999128341674805 964
1615664286343 0.9222341179847717 965
1615664320741 0.8880217671394348 966
1615664355360 0.9086403846740723 967
1615664390190 0.9336854219436646 968
1615664424947 0.8962525129318237 969
1615664464228 0.9005100131034851 970
1615664498774 0.9141836166381836 971
1615664533303 0.896278977394104 972
1615664568075 0.8936445116996765 973
1615664602689 0.9067891240119934 974
1615664637579 0.8718926906585693 975
1615664671884 0.9122662544250488 976
1615664706123 0.9126324653625488 977
1615664740495 0.8745020627975464 978
1615664774930 0.9034128189086914 979
1615664813525 0.8570349216461182 980
1615664847821 0.8952919244766235 981
1615664882506 0.886476993560791 982
1615664917165 0.8878449201583862 983
1615664951480 0.9309384822845459 984
1615664985766 0.9093804359436035 985
1615665020600 0.9200813174247742 986
1615665055026 0.8956303000450134 987
1615665089976 0.9108626246452332 988
1615665124440 0.9028845429420471 989
1615665163952 0.888106107711792 990
1615665198762 0.9044946432113647 991
1615665233131 0.915519654750824 992
1615665267552 0.8753780722618103 993
1615665302175 0.9223511219024658 994
1615665337211 0.9200787544250488 995
1615665371910 0.9130783677101135 996
1615665406619 0.929193377494812 997
1615665441048 0.9025009870529175 998
1615665475877 0.8818775415420532 999
1615665514391 0.927271842956543 1000
1615665548750 0.9216291904449463 1001
1615665583140 0.9233741164207458 1002
1615665617340 0.9124618768692017 1003
1615665652036 0.9059277176856995 1004
1615665686636 0.8931111097335815 1005
1615665721037 0.8955639600753784 1006
1615665755497 0.8957021236419678 1007
1615665790396 0.9048901200294495 1008
1615665824742 0.8753151893615723 1009
1615665863629 0.8740456104278564 1010
1615665898402 0.9231284856796265 1011
1615665932988 0.9054136276245117 1012
1615665967723 0.8880878686904907 1013
1615666002483 0.9011591672897339 1014
1615666036948 0.897720456123352 1015
1615666071085 0.8988914489746094 1016
1615666105757 0.8820172548294067 1017
1615666140622 0.9259781837463379 1018
1615666175017 0.911864161491394 1019
1615666214219 0.9128916263580322 1020
1615666248928 0.8931459784507751 1021
1615666283254 0.8711621165275574 1022
1615666317473 0.9187741875648499 1023
1615666351743 0.8922162055969238 1024
1615666386014 0.8484219908714294 1025
1615666420327 0.9178011417388916 1026
1615666455000 0.8782934546470642 1027
1615666489697 0.8994287252426147 1028
1615666524062 0.9139581918716431 1029
1615666562912 0.8834909796714783 1030
1615666597550 0.8843050599098206 1031
1615666632364 0.8877469301223755 1032
1615666666900 0.9152305126190186 1033
1615666701555 0.9036442041397095 1034
1615666736545 0.9119118452072144 1035
1615666770950 0.9060705900192261 1036
1615666805732 0.9063358902931213 1037
1615666840319 0.8881875276565552 1038
1615666874596 0.9033279418945312 1039
1615666913480 0.8879156112670898 1040
1615666948674 0.9309946298599243 1041
1615666982913 0.896069347858429 1042
1615667017370 0.8841532468795776 1043
1615667052160 0.894650936126709 1044
1615667086919 0.9223854541778564 1045
1615667121574 0.8861862421035767 1046
1615667156054 0.8771868348121643 1047
1615667190416 0.9139907956123352 1048
1615667225070 0.9019615650177002 1049
1615667264060 0.9047349095344543 1050
1615667298512 0.8867794275283813 1051
1615667332905 0.8607611656188965 1052
1615667367436 0.9045709371566772 1053
1615667401869 0.8984867334365845 1054
1615667436729 0.9022624492645264 1055
1615667471070 0.9208880662918091 1056
1615667505827 0.9140864610671997 1057
1615667540527 0.8727084398269653 1058
1615667574822 0.8655877113342285 1059
1615667613911 0.9019548892974854 1060
1615667648200 0.8976073265075684 1061
1615667682547 0.8850494027137756 1062
1615667716731 0.8802202939987183 1063
1615667751453 0.8759416937828064 1064
1615667785760 0.8916248083114624 1065
1615667820414 0.9110360145568848 1066
1615667855124 0.8829152584075928 1067
1615667889435 0.8902944326400757 1068
1615667924160 0.9091696739196777 1069
1615667963101 0.8833687901496887 1070
1615667997875 0.8983731269836426 1071
1615668032172 0.8740654587745667 1072
1615668066921 0.8977242708206177 1073
1615668101424 0.899706244468689 1074
1615668136005 0.91506427526474 1075
1615668170807 0.8956311941146851 1076
1615668205841 0.8722665309906006 1077
1615668240832 0.9071309566497803 1078
1615668275221 0.9093550443649292 1079
1615668314501 0.8734776973724365 1080
1615668348834 0.8719278573989868 1081
1615668383696 0.8816040754318237 1082
1615668418501 0.8702176213264465 1083
1615668452896 0.8951489925384521 1084
1615668487130 0.8840336799621582 1085
1615668521258 0.9035642147064209 1086
1615668555902 0.8970590233802795 1087
1615668590088 0.898572564125061 1088
1615668624977 0.9066023826599121 1089
1615668663644 0.9012770652770996 1090
1615668698134 0.9079738855361938 1091
1615668732700 0.8962538838386536 1092
1615668767092 0.9067949056625366 1093
1615668801804 0.8803921937942505 1094
1615668836431 0.9030211567878723 1095
1615668870677 0.9093738198280334 1096
1615668905344 0.8788174390792847 1097
1615668939828 0.887929379940033 1098
1615668974215 0.9211974143981934 1099
1615669012604 0.9138511419296265 1100
1615669047504 0.9113233089447021 1101
1615669081922 0.8847142457962036 1102
1615669116701 0.9270579814910889 1103
1615669151359 0.9012385606765747 1104
1615669185897 0.8865184783935547 1105
1615669220566 0.9082362651824951 1106
1615669255233 0.8855364322662354 1107
1615669289554 0.9115244150161743 1108
1615669324185 0.9154180288314819 1109
1615669362869 0.9233013391494751 1110
1615669397551 0.8963267207145691 1111
1615669432281 0.892356276512146 1112
1615669467024 0.9010152816772461 1113
1615669501682 0.9210144281387329 1114
1615669535936 0.9031332731246948 1115
1615669570181 0.915614664554596 1116
1615669604872 0.905545711517334 1117
1615669639637 0.9159510731697083 1118
1615669674040 0.8776983022689819 1119
1615669713056 0.9055485725402832 1120
1615669747704 0.899202823638916 1121
1615669782067 0.8905410766601562 1122
1615669816368 0.8953394889831543 1123
1615669850703 0.8921316266059875 1124
1615669884938 0.9024008512496948 1125
1615669919500 0.8992555737495422 1126
1615669954128 0.9153592586517334 1127
1615669988822 0.9168025255203247 1128
1615670023184 0.902674674987793 1129
1615670062504 0.9191296696662903 1130
1615670097270 0.8845621347427368 1131
1615670132008 0.9247770309448242 1132
1615670166716 0.8913851380348206 1133
1615670201247 0.8984239101409912 1134
1615670235566 0.8988479375839233 1135
1615670269810 0.9275391101837158 1136
1615670304600 0.9154667854309082 1137
1615670339100 0.8928085565567017 1138
1615670373236 0.8880224227905273 1139
1615670412054 0.8989386558532715 1140
1615670446723 0.8920915126800537 1141
1615670481391 0.8926659822463989 1142
1615670516128 0.9116111397743225 1143
1615670550302 0.8977016806602478 1144
1615670584539 0.9145179390907288 1145
1615670618854 0.9051288962364197 1146
1615670653198 0.9368345737457275 1147
1615670687516 0.8977317810058594 1148
1615670722277 0.8898026943206787 1149
1615670760790 0.894843578338623 1150
1615670795447 0.9001214504241943 1151
1615670830008 0.8932379484176636 1152
1615670864413 0.8843925595283508 1153
1615670898842 0.8831616044044495 1154
1615670933534 0.8912181258201599 1155
1615670968144 0.9155282974243164 1156
1615671002958 0.9008710384368896 1157
1615671037568 0.9074298143386841 1158
1615671072292 0.8759728074073792 1159
1615671111427 0.8940590620040894 1160
1615671146496 0.90204918384552 1161
1615671180802 0.9382292032241821 1162
1615671215024 0.9173367023468018 1163
1615671249182 0.9090861082077026 1164
1615671283890 0.8841469883918762 1165
1615671318401 0.8953337073326111 1166
1615671352963 0.8872191905975342 1167
1615671387684 0.8939265012741089 1168
1615671422569 0.9110736846923828 1169
1615671461410 0.8987212181091309 1170
1615671495994 0.9033069610595703 1171
1615671530954 0.9022597670555115 1172
1615671565709 0.8731487989425659 1173
1615671600271 0.9019675850868225 1174
1615671634623 0.8882107734680176 1175
1615671669398 0.9123924970626831 1176
1615671703964 0.9254783391952515 1177
1615671738599 0.8706157207489014 1178
1615671772911 0.9029258489608765 1179
1615671811918 0.8892921209335327 1180
1615671846418 0.9361106157302856 1181
1615671880948 0.8894995450973511 1182
1615671915451 0.8912587761878967 1183
1615671949873 0.9000595808029175 1184
1615671984283 0.8966165781021118 1185
1615672018678 0.9004170298576355 1186
1615672053152 0.9009208679199219 1187
1615672087515 0.8925377130508423 1188
1615672122325 0.9255030155181885 1189
1615672161565 0.8890421390533447 1190
1615672195929 0.9103144407272339 1191
1615672230245 0.9269013404846191 1192
1615672265158 0.8895255327224731 1193
1615672299472 0.9103791117668152 1194
1615672334123 0.9034509658813477 1195
1615672368682 0.8973495960235596 1196
1615672402851 0.9162819981575012 1197
1615672437526 0.9078102707862854 1198
1615672471722 0.9132930636405945 1199
1615672510245 0.8762233257293701 1200
1615672533303 0.9191387891769409 0
1615672533315 0.9191387891769409 0
