1615441674416 0.08581596612930298 1
1615441708339 0.1072956845164299 2
1615441742543 0.1490873396396637 3
1615441776808 0.20195554196834564 4
1615441811192 0.23325303196907043 5
1615441845177 0.2688518166542053 6
1615441879320 0.2798749804496765 7
1615441913486 0.30041006207466125 8
1615441948099 0.2938617467880249 9
1615441986211 0.3103909492492676 10
1615442020562 0.30102935433387756 11
1615442054880 0.3174566626548767 12
1615442088978 0.3229929804801941 13
1615442123369 0.33449167013168335 14
1615442157703 0.33842045068740845 15
1615442191728 0.3301936686038971 16
1615442225918 0.34333521127700806 17
1615442260167 0.3477836847305298 18
1615442294506 0.37290480732917786 19
1615442333260 0.341446191072464 20
1615442367379 0.3479756712913513 21
1615442401437 0.3426048755645752 22
1615442435540 0.360310435295105 23
1615442469923 0.3588113486766815 24
1615442504167 0.37023553252220154 25
1615442538579 0.36316487193107605 26
1615442572696 0.3716575503349304 27
1615442606907 0.37238848209381104 28
1615442641283 0.38536423444747925 29
1615442679837 0.37861818075180054 30
1615442714421 0.36603647470474243 31
1615442748673 0.3630565404891968 32
1615442782716 0.3797348141670227 33
1615442817117 0.3944317102432251 34
1615442851679 0.3909856081008911 35
1615442886117 0.3656388521194458 36
1615442920352 0.36249297857284546 37
1615442954708 0.384895384311676 38
1615442989123 0.36262190341949463 39
1615443027449 0.38134241104125977 40
1615443061884 0.3915708363056183 41
1615443096108 0.37447288632392883 42
1615443130615 0.37646663188934326 43
1615443165042 0.36232346296310425 44
1615443199117 0.3984123766422272 45
1615443233199 0.3844129741191864 46
1615443267586 0.37867796421051025 47
1615443302076 0.39948374032974243 48
1615443336523 0.3942413628101349 49
1615443374890 0.4141102731227875 50
1615443409327 0.4000275135040283 51
1615443443361 0.3819028437137604 52
1615443477284 0.36858075857162476 53
1615443511681 0.39468812942504883 54
1615443545620 0.40071016550064087 55
1615443579856 0.3887236714363098 56
1615443614288 0.38175562024116516 57
1615443648451 0.37893110513687134 58
1615443682685 0.37539541721343994 59
1615443720848 0.3738330602645874 60
1615443755270 0.3989163041114807 61
1615443789399 0.39232146739959717 62
1615443823572 0.3790351152420044 63
1615443857778 0.39363282918930054 64
1615443892208 0.3781452775001526 65
1615443926610 0.399769127368927 66
1615443961011 0.38002893328666687 67
1615443995102 0.38776683807373047 68
1615444029477 0.39948850870132446 69
1615444067883 0.39256900548934937 70
1615444101866 0.3867931365966797 71
1615444135856 0.39690160751342773 72
1615444170171 0.37972474098205566 73
1615444204447 0.40796613693237305 74
1615444238841 0.38882508873939514 75
1615444273083 0.4042981266975403 76
1615444307363 0.3871959447860718 77
1615444341881 0.4179403781890869 78
1615444376167 0.39912745356559753 79
1615444414731 0.39959847927093506 80
1615444448979 0.4038616716861725 81
1615444483402 0.40022528171539307 82
1615444517682 0.41161954402923584 83
1615444552161 0.4021148383617401 84
1615444586145 0.4109451174736023 85
1615444620607 0.40259820222854614 86
1615444654775 0.42165887355804443 87
1615444689213 0.413804829120636 88
1615444723411 0.39192599058151245 89
1615444762058 0.40649545192718506 90
1615444796398 0.4151481091976166 91
1615444830781 0.4112018942832947 92
1615444864797 0.3970434069633484 93
1615444899102 0.43047991394996643 94
1615444933237 0.40838661789894104 95
1615444967320 0.41280514001846313 96
1615445001848 0.40897345542907715 97
1615445036215 0.3983744978904724 98
1615445070376 0.4034540057182312 99
1615445108594 0.41345086693763733 100
1615445143149 0.4154219329357147 101
1615445177610 0.43288499116897583 102
1615445211752 0.4329798221588135 103
1615445246149 0.429729163646698 104
1615445280387 0.41299349069595337 105
1615445314856 0.4086518883705139 106
1615445348898 0.41641759872436523 107
1615445383048 0.4077799916267395 108
1615445417506 0.42623642086982727 109
1615445455574 0.4270261526107788 110
1615445489537 0.4219089448451996 111
1615445524001 0.4150768518447876 112
1615445558586 0.41643720865249634 113
1615445593126 0.412815660238266 114
1615445627464 0.42066752910614014 115
1615445661683 0.4373428225517273 116
1615445696151 0.42230936884880066 117
1615445730332 0.4056476950645447 118
1615445764556 0.42363300919532776 119
1615445803244 0.43845492601394653 120
1615445837439 0.4345695376396179 121
1615445871414 0.42906343936920166 122
1615445905653 0.4215344786643982 123
1615445939553 0.40507176518440247 124
1615445974181 0.42879197001457214 125
1615446008431 0.4130685329437256 126
1615446042349 0.4351111650466919 127
1615446076432 0.4206398129463196 128
1615446110803 0.4232223629951477 129
1615446148841 0.43192920088768005 130
1615446183038 0.4269113540649414 131
1615446216993 0.4474175274372101 132
1615446251331 0.4132326543331146 133
1615446285763 0.42909374833106995 134
1615446319756 0.4319978654384613 135
1615446353832 0.4328618049621582 136
1615446388372 0.427090048789978 137
1615446422529 0.4430553913116455 138
1615446457111 0.4255658984184265 139
1615446495546 0.41335082054138184 140
1615446530332 0.4317762851715088 141
1615446564563 0.4512842297554016 142
1615446598827 0.43195176124572754 143
1615446633071 0.43899601697921753 144
1615446667523 0.42887642979621887 145
1615446701517 0.4557439386844635 146
1615446735848 0.43649983406066895 147
1615446770192 0.43262356519699097 148
1615446804274 0.44395387172698975 149
1615446842601 0.4311046004295349 150
1615446876887 0.4442674517631531 151
1615446911021 0.4202422499656677 152
1615446945198 0.426699161529541 153
1615446979222 0.42410144209861755 154
1615447013762 0.4361633062362671 155
1615447048144 0.4408394992351532 156
1615447082585 0.41325998306274414 157
1615447117050 0.4292399287223816 158
1615447151548 0.40325236320495605 159
1615447189879 0.43298447132110596 160
1615447223961 0.42864230275154114 161
1615447258436 0.42922866344451904 162
1615447292534 0.44882118701934814 163
1615447326568 0.461748868227005 164
1615447360990 0.4178556799888611 165
1615447395433 0.42201727628707886 166
1615447429325 0.44981372356414795 167
1615447463488 0.4483417868614197 168
1615447497415 0.4377627968788147 169
1615447535964 0.4245620369911194 170
1615447569928 0.42299214005470276 171
1615447604484 0.4339534044265747 172
1615447638760 0.42623764276504517 173
1615447673220 0.43878987431526184 174
1615447707837 0.4342871308326721 175
1615447742044 0.4494033455848694 176
1615447776634 0.43814617395401 177
1615447810768 0.44515252113342285 178
1615447845197 0.429304838180542 179
1615447883376 0.43564504384994507 180
1615447917493 0.44702011346817017 181
1615447951693 0.44882717728614807 182
1615447986076 0.42654502391815186 183
1615448020575 0.4327855110168457 184
1615448054705 0.444413423538208 185
1615448089111 0.452387273311615 186
1615448123536 0.45716363191604614 187
1615448157474 0.43978843092918396 188
1615448191613 0.44699031114578247 189
1615448229460 0.45006880164146423 190
1615448263613 0.4481496214866638 191
1615448298075 0.44916924834251404 192
1615448332366 0.4284757375717163 193
1615448366764 0.4399961829185486 194
1615448401278 0.41633397340774536 195
1615448435572 0.4460897445678711 196
1615448469904 0.4539054036140442 197
1615448504440 0.46521899104118347 198
1615448538911 0.43533414602279663 199
1615448577562 0.4589042663574219 200
1615448611962 0.4614627957344055 201
1615448646046 0.44040578603744507 202
1615448680284 0.42724496126174927 203
1615448714423 0.463015615940094 204
1615448748757 0.44614124298095703 205
1615448783232 0.457490473985672 206
1615448817180 0.44829270243644714 207
1615448851603 0.4581887423992157 208
1615448886073 0.4671533703804016 209
1615448924628 0.42848482728004456 210
1615448959052 0.4584319591522217 211
1615448993416 0.44815799593925476 212
1615449027624 0.4662631154060364 213
1615449062129 0.46141570806503296 214
1615449096607 0.4546664357185364 215
1615449130559 0.4694996178150177 216
1615449164953 0.4569781422615051 217
1615449199182 0.47423818707466125 218
1615449233277 0.44984155893325806 219
1615449271876 0.4749438166618347 220
1615449305859 0.45551788806915283 221
1615449340265 0.4557627737522125 222
1615449374318 0.4254179000854492 223
1615449408305 0.4504796862602234 224
1615449442417 0.4492368698120117 225
1615449476762 0.442666232585907 226
1615449511169 0.44548457860946655 227
1615449545082 0.44856759905815125 228
1615449579287 0.47492337226867676 229
1615449617598 0.4638460576534271 230
1615449651935 0.4555664658546448 231
1615449686196 0.4602981209754944 232
1615449720668 0.46532756090164185 233
1615449754980 0.48572808504104614 234
1615449789346 0.45178061723709106 235
1615449823629 0.45265233516693115 236
1615449857692 0.47507548332214355 237
1615449891944 0.45429253578186035 238
1615449926081 0.4539955258369446 239
1615449964842 0.46204379200935364 240
1615449999246 0.45030513405799866 241
1615450033540 0.4637051820755005 242
1615450067844 0.46331024169921875 243
1615450102161 0.4865226149559021 244
1615450136094 0.4700152277946472 245
1615450170084 0.48335009813308716 246
1615450204203 0.4683992564678192 247
1615450238976 0.44573652744293213 248
1615450273010 0.49637913703918457 249
1615450311354 0.4810378849506378 250
1615450345694 0.4705328643321991 251
1615450379687 0.4546114504337311 252
1615450414147 0.4746149778366089 253
1615450448521 0.45250973105430603 254
1615450482938 0.45384353399276733 255
1615450516981 0.45252764225006104 256
1615450551022 0.4678259491920471 257
1615450585423 0.45606720447540283 258
1615450619851 0.4708283841609955 259
1615450658786 0.45149505138397217 260
1615450692953 0.46204960346221924 261
1615450727474 0.485299289226532 262
1615450761998 0.47233685851097107 263
1615450796101 0.48469293117523193 264
1615450830486 0.4803166389465332 265
1615450864405 0.4846786856651306 266
1615450898694 0.47592997550964355 267
1615450932769 0.4821324348449707 268
1615450967199 0.45298242568969727 269
1615451005596 0.4496873617172241 270
1615451039984 0.4673675000667572 271
1615451074455 0.48028290271759033 272
1615451108911 0.4718613624572754 273
1615451143275 0.4454182982444763 274
1615451177300 0.48253941535949707 275
1615451211382 0.4684516191482544 276
1615451245717 0.4777456521987915 277
1615451280475 0.471602201461792 278
1615451314846 0.4782504141330719 279
1615451353059 0.48527926206588745 280
1615451387439 0.463128924369812 281
1615451421812 0.460493266582489 282
1615451456349 0.4640926718711853 283
1615451490645 0.4661816954612732 284
1615451524858 0.4772246479988098 285
1615451558874 0.5063868761062622 286
1615451593117 0.46759533882141113 287
1615451627122 0.46336936950683594 288
1615451661169 0.49387606978416443 289
1615451699567 0.48705217242240906 290
1615451734003 0.4898480176925659 291
1615451768503 0.46224114298820496 292
1615451802853 0.4647282361984253 293
1615451837267 0.48027366399765015 294
1615451871754 0.4727485179901123 295
1615451905916 0.4687917232513428 296
1615451940038 0.48235195875167847 297
1615451974634 0.4818490743637085 298
1615452009217 0.4827704429626465 299
1615452048017 0.4911513328552246 300
1615452082838 0.4794046878814697 301
1615452117388 0.4990774393081665 302
1615452151928 0.49554115533828735 303
1615452186608 0.48302072286605835 304
1615452221370 0.47629314661026 305
1615452255864 0.4710032343864441 306
1615452290481 0.49848324060440063 307
1615452325871 0.5087004899978638 308
1615452359976 0.5430423021316528 309
1615452398270 0.48249268531799316 310
1615452432410 0.47710442543029785 311
1615452466406 0.4589434862136841 312
1615452500375 0.48749208450317383 313
1615452534645 0.4990357756614685 314
1615452568993 0.45927053689956665 315
1615452603335 0.5009055137634277 316
1615452637700 0.47490519285202026 317
1615452671802 0.4418235421180725 318
1615452706116 0.4966232478618622 319
1615452745952 0.49467355012893677 320
1615452781085 0.499953031539917 321
1615452815402 0.46566951274871826 322
1615452850300 0.45998233556747437 323
1615452884588 0.4798072576522827 324
1615452918554 0.4555635154247284 325
1615452952793 0.4934011697769165 326
1615452987783 0.47257089614868164 327
1615453021784 0.4894911050796509 328
1615453056293 0.4761154353618622 329
1615453094326 0.47435230016708374 330
1615453128354 0.47862064838409424 331
1615453162472 0.5029417872428894 332
1615453196559 0.4573405086994171 333
1615453230605 0.4999402165412903 334
1615453265009 0.4917423129081726 335
1615453299366 0.49549591541290283 336
1615453333547 0.4956520199775696 337
1615453367673 0.5037893056869507 338
1615453402698 0.4801669716835022 339
1615453442986 0.5242377519607544 340
1615453477223 0.4835953712463379 341
1615453511677 0.48099303245544434 342
1615453546050 0.5187113285064697 343
1615453580409 0.4749514162540436 344
1615453615488 0.478959858417511 345
1615453649516 0.5099928975105286 346
1615453683963 0.4733864367008209 347
1615453718331 0.4814313054084778 348
1615453752457 0.47015202045440674 349
1615453790740 0.4609352946281433 350
1615453824970 0.46087485551834106 351
1615453859501 0.4929066300392151 352
1615453894053 0.5013018250465393 353
1615453928520 0.49634045362472534 354
1615453962971 0.4907596707344055 355
1615453997212 0.49958521127700806 356
1615454031761 0.5109682679176331 357
1615454066064 0.4867608845233917 358
1615454100598 0.4884088337421417 359
1615454139627 0.5004892349243164 360
1615454174359 0.49639075994491577 361
1615454208746 0.5050473213195801 362
1615454242920 0.5029199719429016 363
1615454277290 0.5151946544647217 364
1615454312559 0.4845902919769287 365
1615454347163 0.49761176109313965 366
1615454381263 0.4865785539150238 367
1615454415331 0.5032916069030762 368
1615454449301 0.47935599088668823 369
1615454487526 0.5276544094085693 370
1615454521784 0.48685887455940247 371
1615454556021 0.4957592487335205 372
1615454590534 0.524262011051178 373
1615454624954 0.5331685543060303 374
1615454659704 0.5179296731948853 375
1615454695489 0.4961169362068176 376
1615454730513 0.49472329020500183 377
1615454764916 0.49100351333618164 378
1615454799613 0.4958518147468567 379
1615454838171 0.46084070205688477 380
1615454873084 0.5023958683013916 381
1615454907513 0.5151881575584412 382
1615454941593 0.5036112070083618 383
1615454975656 0.4878615736961365 384
1615455009752 0.4813036322593689 385
1615455043901 0.5162063241004944 386
1615455078212 0.4936726689338684 387
1615455112431 0.49793481826782227 388
1615455146450 0.5293402671813965 389
1615455184934 0.5246511101722717 390
1615455219680 0.5026225447654724 391
1615455254542 0.49453485012054443 392
1615455289801 0.5052811503410339 393
1615455325402 0.4768536388874054 394
1615455360812 0.4891679883003235 395
1615455395480 0.4895218312740326 396
1615455430048 0.508521318435669 397
1615455464819 0.5002881288528442 398
1615455499268 0.5172346234321594 399
1615455538038 0.5146493911743164 400
1615455572188 0.5053915977478027 401
1615455606259 0.49321991205215454 402
1615455640350 0.5071960687637329 403
1615455674772 0.5205575823783875 404
1615455708824 0.5100963115692139 405
1615455743192 0.5049499273300171 406
1615455777557 0.5083931088447571 407
1615455811807 0.48248279094696045 408
1615455847330 0.5433144569396973 409
1615455887051 0.5197004079818726 410
1615455921907 0.5174593329429626 411
1615455956485 0.5324413776397705 412
1615455991370 0.5110214948654175 413
1615456025800 0.49521946907043457 414
1615456059922 0.49653947353363037 415
1615456094631 0.5210556983947754 416
1615456129122 0.5029131174087524 417
1615456163481 0.4806649684906006 418
1615456197427 0.4862726330757141 419
1615456235802 0.48061177134513855 420
1615456269796 0.48017895221710205 421
1615456303738 0.5333739519119263 422
1615456338176 0.5349368453025818 423
1615456372482 0.5311996936798096 424
1615456406499 0.4858332872390747 425
1615456440627 0.5303026437759399 426
1615456474852 0.5332618951797485 427
1615456509622 0.5390082597732544 428
1615456544536 0.5168526768684387 429
1615456583785 0.49790269136428833 430
1615456618575 0.5000795125961304 431
1615456652788 0.5191034078598022 432
1615456687420 0.516335129737854 433
1615456722282 0.5054198503494263 434
1615456756832 0.49264317750930786 435
1615456790967 0.51495760679245 436
1615456825069 0.5133010745048523 437
1615456859213 0.5284910798072815 438
1615456893421 0.5085620880126953 439
1615456931615 0.48529350757598877 440
1615456966099 0.4969688355922699 441
1615457000662 0.509545624256134 442
1615457035447 0.5197939872741699 443
1615457070039 0.49631792306900024 444
1615457104943 0.505362331867218 445
1615457139913 0.49406957626342773 446
1615457174323 0.5024504661560059 447
1615457208679 0.5118122696876526 448
1615457243964 0.5158147811889648 449
1615457282817 0.5118975639343262 450
1615457316946 0.5301945805549622 451
1615457351246 0.524067759513855 452
1615457385607 0.5136446356773376 453
1615457419669 0.4943360686302185 454
1615457453663 0.49411970376968384 455
1615457487736 0.5194947719573975 456
1615457522069 0.5176272392272949 457
1615457556371 0.5084550380706787 458
1615457590547 0.4830336570739746 459
1615457629027 0.5273651480674744 460
1615457664180 0.527698278427124 461
1615457698867 0.4916011691093445 462
1615457734233 0.4964406490325928 463
1615457768644 0.5136663913726807 464
1615457803200 0.5286867618560791 465
1615457837523 0.5285618305206299 466
1615457872396 0.5328361988067627 467
1615457906594 0.5222209692001343 468
1615457940845 0.4921686053276062 469
1615457978796 0.5099863409996033 470
1615458013259 0.5048115253448486 471
1615458047594 0.5288220047950745 472
1615458081553 0.5065420866012573 473
1615458115975 0.5113020539283752 474
1615458150134 0.5038968920707703 475
1615458184160 0.5076280832290649 476
1615458218342 0.5055578947067261 477
1615458252740 0.518334150314331 478
1615458287180 0.532130241394043 479
1615458325798 0.49140745401382446 480
1615458360942 0.5120177268981934 481
1615458395961 0.5315577983856201 482
1615458430703 0.5179744362831116 483
1615458465415 0.5093300342559814 484
1615458499609 0.5272901654243469 485
1615458534362 0.5334324240684509 486
1615458568875 0.5119520425796509 487
1615458602838 0.5263866186141968 488
1615458637609 0.5107979774475098 489
1615458675687 0.5171857476234436 490
1615458709738 0.5335935354232788 491
1615458743698 0.5142804384231567 492
1615458777745 0.5244688987731934 493
1615458811990 0.5137250423431396 494
1615458846187 0.49712425470352173 495
1615458880470 0.5211073160171509 496
1615458914503 0.4993525743484497 497
1615458948858 0.5222635865211487 498
1615458983156 0.508431077003479 499
1615459021322 0.5525039434432983 500
1615459055956 0.5192813277244568 501
1615459090443 0.5305132269859314 502
1615459125077 0.5173003673553467 503
1615459160282 0.5301427841186523 504
1615459195118 0.5230324268341064 505
1615459229878 0.5352017283439636 506
1615459263946 0.5199928283691406 507
1615459298611 0.499492347240448 508
1615459333237 0.5140655040740967 509
1615459371718 0.5128786563873291 510
1615459406493 0.4942864775657654 511
1615459441283 0.5441228151321411 512
1615459475645 0.5446995496749878 513
1615459509677 0.5084792375564575 514
1615459543954 0.5251802206039429 515
1615459578215 0.49888676404953003 516
1615459612224 0.5452879667282104 517
1615459646595 0.5208582282066345 518
1615459680573 0.49720728397369385 519
1615459718917 0.5042654275894165 520
1615459752950 0.5379118919372559 521
1615459787002 0.5273230075836182 522
1615459821505 0.5320721864700317 523
1615459855593 0.5318582653999329 524
1615459890361 0.5016921758651733 525
1615459926053 0.5247163772583008 526
1615459960712 0.5548551678657532 527
1615459994993 0.5507116913795471 528
1615460029610 0.5328646898269653 529
1615460068099 0.5254722833633423 530
1615460102472 0.5149011611938477 531
1615460137565 0.5292645692825317 532
1615460171994 0.5260259509086609 533
1615460206465 0.5131387114524841 534
1615460240936 0.5164862275123596 535
1615460275047 0.5372786521911621 536
1615460310248 0.5470280051231384 537
1615460346368 0.5477343797683716 538
1615460381140 0.5471734404563904 539
1615460419487 0.5289413332939148 540
1615460453762 0.5372775197029114 541
1615460489131 0.5492749214172363 542
1615460523629 0.5439342260360718 543
1615460557674 0.5466457605361938 544
1615460591911 0.5492294430732727 545
1615460626183 0.5364928841590881 546
1615460660585 0.5324119925498962 547
1615460694634 0.5389906167984009 548
1615460728605 0.5302668809890747 549
1615460766820 0.554401159286499 550
1615460801060 0.5298510789871216 551
1615460835560 0.5197330117225647 552
1615460870716 0.5301157236099243 553
1615460905917 0.5096399188041687 554
1615460940605 0.5399388074874878 555
1615460975447 0.5449039936065674 556
1615461009851 0.5275440216064453 557
1615461044576 0.523620069026947 558
1615461079786 0.5253620147705078 559
1615461118705 0.5034680962562561 560
1615461153117 0.5177875757217407 561
1615461187099 0.5596225261688232 562
1615461221158 0.5413923263549805 563
1615461255578 0.5115115642547607 564
1615461289785 0.5594910383224487 565
1615461323827 0.5451683402061462 566
1615461358135 0.5268645286560059 567
1615461392287 0.5594760179519653 568
1615461426785 0.5194412469863892 569
1615461466297 0.5175296664237976 570
1615461501229 0.5595559477806091 571
1615461535939 0.5457363724708557 572
1615461571177 0.5309421420097351 573
1615461605741 0.5367672443389893 574
1615461640479 0.532402515411377 575
1615461674869 0.5610188841819763 576
1615461708931 0.515617847442627 577
1615461743123 0.5440574884414673 578
1615461777119 0.5195647478103638 579
1615461815463 0.5115740299224854 580
1615461850018 0.5791060328483582 581
1615461884627 0.5476167798042297 582
1615461919976 0.5332815647125244 583
1615461954810 0.5255928039550781 584
1615461989384 0.5294497609138489 585
1615462023958 0.5093656778335571 586
1615462058131 0.526146650314331 587
1615462092299 0.5026023387908936 588
1615462126372 0.5242024064064026 589
1615462165321 0.541094183921814 590
1615462199853 0.5053114891052246 591
1615462233995 0.5472512245178223 592
1615462268147 0.5482779741287231 593
1615462302351 0.5564221143722534 594
1615462336592 0.5480325222015381 595
1615462370638 0.5270145535469055 596
1615462404665 0.5444604158401489 597
1615462438674 0.5273709297180176 598
1615462473030 0.562625527381897 599
1615462511296 0.5298399925231934 600
1615462545671 0.5295650959014893 601
1615462579744 0.5015009045600891 602
1615462613851 0.5774606466293335 603
1615462648358 0.5100418329238892 604
1615462683170 0.5438555479049683 605
1615462717899 0.5393478870391846 606
1615462753540 0.5408340692520142 607
1615462788378 0.5536418557167053 608
1615462823028 0.533740758895874 609
1615462861326 0.5338510274887085 610
1615462896636 0.5517833232879639 611
1615462931278 0.5516973733901978 612
1615462965553 0.5370616912841797 613
1615462999798 0.5271697640419006 614
1615463034277 0.5157617926597595 615
1615463068277 0.5349225401878357 616
1615463102698 0.5236042737960815 617
1615463137003 0.5384718775749207 618
1615463171037 0.5247582197189331 619
1615463209083 0.5492509007453918 620
1615463243389 0.5248994827270508 621
1615463277511 0.5400954484939575 622
1615463311704 0.5309825539588928 623
1615463346438 0.5230700969696045 624
1615463380556 0.5165011882781982 625
1615463415012 0.5177790522575378 626
1615463449252 0.5551280379295349 627
1615463484097 0.5171698927879333 628
1615463518602 0.5266735553741455 629
1615463557346 0.5397728681564331 630
1615463592322 0.525945246219635 631
1615463627004 0.5463728308677673 632
1615463661601 0.5403423309326172 633
1615463695824 0.5426275730133057 634
1615463730659 0.5261818170547485 635
1615463765351 0.5308379530906677 636
1615463800846 0.5556617975234985 637
1615463835146 0.5528051853179932 638
1615463869546 0.5530714392662048 639
1615463908311 0.546564519405365 640
1615463942410 0.564836859703064 641
1615463976666 0.5532798171043396 642
1615464010835 0.5031179189682007 643
1615464044992 0.5509452223777771 644
1615464079082 0.5490102171897888 645
1615464113514 0.5388798713684082 646
1615464147571 0.5315194129943848 647
1615464181683 0.5176697969436646 648
1615464216359 0.5427223443984985 649
1615464255094 0.5253772735595703 650
1615464289417 0.5163569450378418 651
1615464323918 0.5175556540489197 652
1615464358591 0.5308149456977844 653
1615464393682 0.5232328176498413 654
1615464428595 0.5393600463867188 655
1615464463293 0.5377784967422485 656
1615464499731 0.5512650012969971 657
1615464534488 0.5445240139961243 658
1615464568800 0.5129749774932861 659
1615464607302 0.5363404750823975 660
1615464641514 0.561131477355957 661
1615464675971 0.5615612268447876 662
1615464710355 0.5324467420578003 663
1615464744711 0.5285900831222534 664
1615464779177 0.5213567018508911 665
1615464813279 0.5347352027893066 666
1615464847570 0.5071201324462891 667
1615464882368 0.5439441204071045 668
1615464916901 0.5251374244689941 669
1615464955302 0.5115569829940796 670
1615464989726 0.5045778155326843 671
1615465024428 0.5682909488677979 672
1615465059426 0.5453751087188721 673
1615465094706 0.5626740455627441 674
1615465129396 0.5659876465797424 675
1615465164048 0.5550498962402344 676
1615465198802 0.541973352432251 677
1615465233168 0.5364105701446533 678
1615465267852 0.5221563577651978 679
1615465306702 0.5230430960655212 680
1615465341156 0.561866044998169 681
1615465375301 0.5227922797203064 682
1615465409634 0.529139518737793 683
1615465444106 0.5305495262145996 684
1615465478158 0.5372639894485474 685
1615465512588 0.5321404933929443 686
1615465546981 0.535508930683136 687
1615465581155 0.5220329761505127 688
1615465615273 0.5396604537963867 689
1615465653895 0.5494492650032043 690
1615465687993 0.5005319118499756 691
1615465722362 0.549156904220581 692
1615465756629 0.5313796997070312 693
1615465791040 0.5698867440223694 694
1615465826000 0.5669418573379517 695
1615465860666 0.5587515830993652 696
1615465895660 0.5040369629859924 697
1615465930396 0.5626225471496582 698
1615465964673 0.5400854349136353 699
1615466003133 0.5097078680992126 700
1615466037556 0.5385878086090088 701
1615466072229 0.5694684982299805 702
1615466106727 0.5552868843078613 703
1615466140722 0.5519054532051086 704
1615466175030 0.5601838827133179 705
1615466209082 0.5554917454719543 706
1615466243410 0.5582189559936523 707
1615466277449 0.5290433168411255 708
1615466311767 0.5459535717964172 709
1615466350265 0.5375135540962219 710
1615466384140 0.5608100891113281 711
1615466418337 0.5305939316749573 712
1615466452803 0.528253436088562 713
1615466487041 0.5810033082962036 714
1615466521398 0.566044270992279 715
1615466555528 0.5492926239967346 716
1615466590044 0.5405953526496887 717
1615466625001 0.5543614625930786 718
1615466659596 0.5331516861915588 719
1615466698209 0.5388743281364441 720
1615466732510 0.5109539031982422 721
1615466767634 0.5684460401535034 722
1615466802184 0.5696252584457397 723
1615466836653 0.5231459736824036 724
1615466871025 0.5371850728988647 725
1615466906149 0.5258431434631348 726
1615466940605 0.5641921758651733 727
1615466975052 0.534054160118103 728
1615467009548 0.568386971950531 729
1615467047837 0.5619953870773315 730
1615467081855 0.5683883428573608 731
1615467116122 0.530967116355896 732
1615467150354 0.5271539092063904 733
1615467184395 0.5303758382797241 734
1615467218603 0.528798520565033 735
1615467252737 0.5123306512832642 736
1615467287517 0.5220430493354797 737
1615467322805 0.5545048713684082 738
1615467357351 0.5291280746459961 739
1615467397253 0.5271482467651367 740
1615467431788 0.5514081120491028 741
1615467466911 0.5434890389442444 742
1615467501376 0.5223313570022583 743
1615467535966 0.5553196668624878 744
1615467570351 0.5644112825393677 745
1615467604840 0.5480431318283081 746
1615467639236 0.5262275338172913 747
1615467673511 0.518314003944397 748
1615467707587 0.5339117050170898 749
1615467745740 0.5307896137237549 750
1615467781195 0.5284621715545654 751
1615467817031 0.5516291856765747 752
1615467851674 0.5661917924880981 753
1615467886608 0.5226024389266968 754
1615467921054 0.5459022521972656 755
1615467955584 0.5206325054168701 756
1615467990000 0.540513277053833 757
1615468024986 0.5249404907226562 758
1615468059148 0.51715087890625 759
1615468098087 0.5759303569793701 760
1615468132096 0.5467759966850281 761
1615468166385 0.5506013631820679 762
1615468200896 0.5694347023963928 763
1615468235138 0.5588980913162231 764
1615468269315 0.5611023902893066 765
1615468303466 0.531799852848053 766
1615468337423 0.5487826466560364 767
1615468371742 0.521773099899292 768
1615468406326 0.551828920841217 769
1615468444607 0.5636622905731201 770
1615468479100 0.5132280588150024 771
1615468513578 0.5213477611541748 772
1615468548116 0.5158172845840454 773
1615468582529 0.5326526165008545 774
1615468616999 0.5540300011634827 775
1615468652267 0.5428735017776489 776
1615468687280 0.5281585454940796 777
1615468721705 0.5370770692825317 778
1615468755897 0.5333185195922852 779
1615468794301 0.5483883619308472 780
1615468828589 0.5375024080276489 781
1615468862732 0.5512173175811768 782
1615468897555 0.5538980960845947 783
1615468931747 0.554434597492218 784
1615468965836 0.5076208114624023 785
1615468999912 0.572058916091919 786
1615469033961 0.5372210741043091 787
1615469067964 0.5385722517967224 788
1615469102318 0.5222455859184265 789
1615469140853 0.5187626481056213 790
1615469175280 0.5220416784286499 791
1615469209786 0.5362186431884766 792
1615469244301 0.5489543676376343 793
1615469278922 0.5688391923904419 794
1615469313110 0.5582208633422852 795
1615469347258 0.5616316795349121 796
1615469381283 0.5671824216842651 797
1615469415728 0.5429377555847168 798
1615469450160 0.5485929250717163 799
1615469488739 0.5443003177642822 800
1615469524623 0.5523571968078613 801
1615469559691 0.5297500491142273 802
1615469594203 0.5528860688209534 803
1615469629252 0.5700112581253052 804
1615469663747 0.5429850816726685 805
1615469698305 0.5115166902542114 806
1615469732380 0.5186624526977539 807
1615469766800 0.5204866528511047 808
1615469800725 0.528055727481842 809
1615469839093 0.5504798889160156 810
1615469873489 0.5641605854034424 811
1615469908127 0.5911999940872192 812
1615469942898 0.5274583101272583 813
1615469977788 0.5458447337150574 814
1615470012486 0.5740769505500793 815
1615470047210 0.5262120962142944 816
1615470081984 0.5470700860023499 817
1615470116553 0.5530917644500732 818
1615470150700 0.5714677572250366 819
1615470189531 0.5475233197212219 820
1615470223614 0.5463669300079346 821
1615470258442 0.5244940519332886 822
1615470292976 0.5342426300048828 823
1615470327459 0.5329242944717407 824
1615470361558 0.5639522075653076 825
1615470395595 0.5054252743721008 826
1615470430044 0.5653623342514038 827
1615470464567 0.5204029083251953 828
1615470498576 0.5408985614776611 829
1615470536876 0.537142813205719 830
1615470571099 0.5615789890289307 831
1615470605772 0.5322175621986389 832
1615470640362 0.5429039001464844 833
1615470675121 0.5289283990859985 834
1615470709631 0.5452042818069458 835
1615470744226 0.5442752838134766 836
1615470779037 0.5321949124336243 837
1615470813376 0.5320898294448853 838
1615470848026 0.5394493341445923 839
1615470886888 0.5017050504684448 840
1615470922520 0.5625095367431641 841
1615470956810 0.5208331346511841 842
1615470990829 0.5518535375595093 843
1615471024885 0.5324333906173706 844
1615471059136 0.5370998978614807 845
1615471093548 0.5535972714424133 846
1615471127982 0.5320587158203125 847
1615471162130 0.5445985794067383 848
1615471196635 0.5390896797180176 849
1615471235365 0.5224177837371826 850
1615471270282 0.5611451864242554 851
1615471305530 0.5180299282073975 852
1615471340147 0.565324068069458 853
1615471375082 0.5548244118690491 854
1615471409926 0.5537947416305542 855
1615471444552 0.5557147264480591 856
1615471478808 0.5463026762008667 857
1615471513863 0.5584923028945923 858
1615471548040 0.5404114723205566 859
1615471586189 0.5183684229850769 860
1615471620316 0.5724080801010132 861
1615471654409 0.5630719661712646 862
1615471688853 0.5468552112579346 863
1615471722986 0.5558556318283081 864
1615471757070 0.547126293182373 865
1615471791452 0.5347859263420105 866
1615471826057 0.5416120886802673 867
1615471860909 0.5522270202636719 868
1615471895502 0.5663453936576843 869
1615471935174 0.5517088770866394 870
1615471970289 0.5622338056564331 871
1615472005279 0.5625044703483582 872
1615472039507 0.5561342239379883 873
1615472073647 0.536509096622467 874
1615472108193 0.5211631059646606 875
1615472142741 0.542036235332489 876
1615472176776 0.5373392105102539 877
1615472211274 0.5766472220420837 878
1615472245627 0.5373505353927612 879
1615472283923 0.5490965247154236 880
1615472318463 0.5579966306686401 881
1615472352407 0.5581566095352173 882
1615472386669 0.5292167067527771 883
1615472421116 0.5328797101974487 884
1615472455348 0.505767822265625 885
1615472489897 0.5341963768005371 886
1615472524332 0.5540214776992798 887
1615472559009 0.5455186367034912 888
1615472593790 0.5400546193122864 889
1615472632820 0.5388249158859253 890
1615472667485 0.5361335277557373 891
1615472702197 0.5498852133750916 892
1615472736450 0.54702228307724 893
1615472771181 0.5424691438674927 894
1615472805444 0.5612269639968872 895
1615472839622 0.5425963401794434 896
1615472874431 0.5174028873443604 897
1615472908738 0.5719602108001709 898
1615472942801 0.5335087776184082 899
1615472981528 0.5421045422554016 900
1615473015578 0.5273914337158203 901
1615473049596 0.5254696607589722 902
1615473084012 0.5354632139205933 903
1615473118125 0.5539770722389221 904
1615473152264 0.5314652323722839 905
1615473186508 0.5204323530197144 906
1615473221144 0.5709500312805176 907
1615473255734 0.5335264801979065 908
1615473290539 0.5432276725769043 909
1615473329260 0.5091593265533447 910
1615473363615 0.5130842924118042 911
1615473398196 0.5413759350776672 912
1615473432528 0.5561419725418091 913
1615473467466 0.5358549356460571 914
1615473501816 0.5373767614364624 915
1615473536336 0.5488819479942322 916
1615473570387 0.5734951496124268 917
1615473604595 0.5351418256759644 918
1615473638705 0.5428405404090881 919
1615473676934 0.5644347667694092 920
1615473711356 0.5692471265792847 921
1615473745390 0.5436674356460571 922
1615473779936 0.5504032373428345 923
1615473814243 0.5654790997505188 924
1615473848646 0.5237687826156616 925
1615473882904 0.5717595219612122 926
1615473917717 0.5459492206573486 927
1615473952426 0.5382603406906128 928
1615473987412 0.5611535310745239 929
1615474027020 0.5564752817153931 930
1615474061927 0.5784803032875061 931
1615474096719 0.5565680265426636 932
1615474131162 0.5460109710693359 933
1615474166737 0.5559049844741821 934
1615474200921 0.5492070317268372 935
1615474235423 0.5524977445602417 936
1615474269694 0.5459185838699341 937
1615474303807 0.5285351276397705 938
1615474337904 0.5774372220039368 939
1615474376503 0.5592273473739624 940
1615474410517 0.5541656017303467 941
1615474444766 0.5526559352874756 942
1615474479061 0.5295113325119019 943
1615474513962 0.5222440958023071 944
1615474549113 0.5799264907836914 945
1615474583831 0.5242486000061035 946
1615474618970 0.5423247814178467 947
1615474653589 0.554000198841095 948
1615474688200 0.5434830188751221 949
1615474727106 0.5576494336128235 950
1615474762265 0.5188795328140259 951
1615474796813 0.5376121401786804 952
1615474831001 0.5258156061172485 953
1615474865100 0.5199273824691772 954
1615474899113 0.5633783340454102 955
1615474933387 0.5527353286743164 956
1615474967515 0.5300222039222717 957
1615475001892 0.5511751174926758 958
1615475036430 0.5079949498176575 959
1615475075131 0.5378899574279785 960
1615475109520 0.5200134515762329 961
1615475143759 0.5218360424041748 962
1615475178503 0.5430050492286682 963
1615475213522 0.5266425609588623 964
1615475248046 0.5526593923568726 965
1615475282863 0.5487303733825684 966
1615475317452 0.5423558950424194 967
1615475351790 0.5448945760726929 968
1615475385854 0.5408656597137451 969
1615475424596 0.5142480731010437 970
1615475458896 0.5538439750671387 971
1615475493360 0.5627104640007019 972
1615475528564 0.5502569079399109 973
1615475563059 0.5524212121963501 974
1615475597497 0.5538471341133118 975
1615475631726 0.549724817276001 976
1615475666124 0.5381145477294922 977
1615475700239 0.5295711159706116 978
1615475734916 0.5522215962409973 979
1615475773851 0.5505114793777466 980
1615475809519 0.5319106578826904 981
1615475844494 0.5334360599517822 982
1615475879163 0.5493118166923523 983
1615475914053 0.5420942306518555 984
1615475948469 0.5469831824302673 985
1615475983009 0.5402277708053589 986
1615476017251 0.5269927382469177 987
1615476051365 0.4999224543571472 988
1615476085436 0.5756649971008301 989
1615476123897 0.5249161720275879 990
1615476158329 0.5440313816070557 991
1615476192753 0.5613788366317749 992
1615476227543 0.5557160377502441 993
1615476262473 0.5453904867172241 994
1615476297275 0.5342949032783508 995
1615476332065 0.5485488176345825 996
1615476366782 0.5159366130828857 997
1615476401180 0.5478155612945557 998
1615476436183 0.5492339134216309 999
1615476475325 0.5475764274597168 1000
1615476509789 0.5378000140190125 1001
1615476543831 0.5640568733215332 1002
1615476578314 0.5496844053268433 1003
1615476612754 0.5406572818756104 1004
1615476647201 0.5564473867416382 1005
1615476681374 0.5600845813751221 1006
1615476716121 0.532610297203064 1007
1615476750479 0.5699623823165894 1008
1615476784877 0.5536190271377563 1009
1615476823831 0.5546404123306274 1010
1615476858861 0.5407096147537231 1011
1615476893368 0.5267477631568909 1012
1615476928121 0.5463684797286987 1013
1615476962943 0.5567468404769897 1014
1615476997458 0.5586026906967163 1015
1615477031631 0.5395789742469788 1016
1615477065648 0.5694860816001892 1017
1615477099656 0.5342274904251099 1018
1615477134096 0.5652720928192139 1019
1615477172584 0.5684346556663513 1020
1615477206935 0.5549899339675903 1021
1615477241269 0.5276150703430176 1022
1615477275966 0.579169511795044 1023
1615477311417 0.5595372915267944 1024
1615477346267 0.552711009979248 1025
1615477380881 0.5368018746376038 1026
1615477415557 0.5499049425125122 1027
1615477450171 0.5417957305908203 1028
1615477484577 0.5499321818351746 1029
1615477522958 0.5563020706176758 1030
1615477557026 0.5435129404067993 1031
1615477591375 0.5570785999298096 1032
1615477625805 0.5225416421890259 1033
1615477660195 0.5300890207290649 1034
1615477694714 0.5710177421569824 1035
1615477728987 0.5331599712371826 1036
1615477763435 0.5163931846618652 1037
1615477797398 0.5550699830055237 1038
1615477831493 0.554027795791626 1039
1615477869965 0.5483758449554443 1040
1615477904157 0.5432192087173462 1041
1615477938996 0.5266454815864563 1042
1615477973843 0.5412302017211914 1043
1615478009023 0.5541484355926514 1044
1615478043929 0.5269497632980347 1045
1615478078835 0.5484659671783447 1046
1615478113247 0.5536048412322998 1047
1615478148387 0.553029477596283 1048
1615478182514 0.5699443817138672 1049
1615478220748 0.560431957244873 1050
1615478255029 0.5617707371711731 1051
1615478289455 0.5542717576026917 1052
1615478323985 0.48434433341026306 1053
1615478358430 0.540038526058197 1054
1615478392939 0.5180367827415466 1055
1615478427477 0.5733615159988403 1056
1615478462675 0.5586260557174683 1057
1615478497613 0.5432389378547668 1058
1615478532259 0.5543555021286011 1059
1615478572088 0.5245874524116516 1060
1615478606840 0.5542852282524109 1061
1615478641310 0.5564438104629517 1062
1615478676635 0.5272445678710938 1063
1615478710749 0.5485894680023193 1064
1615478744778 0.5621470212936401 1065
1615478778835 0.5405168533325195 1066
1615478812962 0.5247116684913635 1067
1615478847362 0.5142679810523987 1068
1615478881810 0.5653051733970642 1069
1615478919960 0.5468317270278931 1070
1615478954050 0.5512612462043762 1071
1615478988001 0.5297415256500244 1072
1615479022432 0.5398542881011963 1073
1615479056799 0.5585827827453613 1074
1615479090918 0.5537706613540649 1075
1615479125318 0.5605683326721191 1076
1615479159643 0.5374685525894165 1077
1615479193793 0.5503873825073242 1078
1615479228250 0.557708203792572 1079
1615479267603 0.5551915168762207 1080
1615479302733 0.5470610857009888 1081
1615479337762 0.559917688369751 1082
1615479372299 0.5266817808151245 1083
1615479406756 0.5357942581176758 1084
1615479441125 0.5478618144989014 1085
1615479475357 0.5486173033714294 1086
1615479510434 0.5865577459335327 1087
1615479544598 0.5408164262771606 1088
1615479578854 0.5401614308357239 1089
1615479617317 0.5528605580329895 1090
1615479651535 0.5363620519638062 1091
1615479685978 0.5702978372573853 1092
1615479720433 0.5324157476425171 1093
1615479754738 0.5277189016342163 1094
1615479789216 0.5403609275817871 1095
1615479823618 0.5530349016189575 1096
1615479857733 0.5389773845672607 1097
1615479891992 0.5284703969955444 1098
1615479926713 0.554405152797699 1099
1615479966146 0.5327444076538086 1100
1615480000996 0.5500186681747437 1101
1615480035634 0.5442032814025879 1102
1615480070504 0.5687859058380127 1103
1615480105076 0.5425211191177368 1104
1615480139587 0.560606837272644 1105
1615480174595 0.5309727191925049 1106
1615480208675 0.5583000183105469 1107
1615480243215 0.5616306066513062 1108
1615480277430 0.5770650506019592 1109
1615480316330 0.5477811098098755 1110
1615480350384 0.5624034404754639 1111
1615480384602 0.5443437099456787 1112
1615480418883 0.5862894058227539 1113
1615480453127 0.5584900379180908 1114
1615480487627 0.5325160026550293 1115
1615480522901 0.5443223714828491 1116
1615480557865 0.5360703468322754 1117
1615480593105 0.5637139678001404 1118
1615480628182 0.5549196600914001 1119
1615480667292 0.518398642539978 1120
1615480702126 0.5275187492370605 1121
1615480736728 0.5595760345458984 1122
1615480771534 0.5380340814590454 1123
1615480805922 0.5692594051361084 1124
1615480840596 0.5689226388931274 1125
1615480874612 0.5331107974052429 1126
1615480908644 0.5750617384910583 1127
1615480943028 0.546871542930603 1128
1615480977403 0.5156216621398926 1129
1615481015808 0.5442545413970947 1130
1615481050189 0.5644419193267822 1131
1615481084650 0.5463752150535583 1132
1615481118998 0.5238979458808899 1133
1615481154015 0.5477851629257202 1134
1615481189541 0.5465560555458069 1135
1615481224586 0.5669056177139282 1136
1615481259002 0.5771827697753906 1137
1615481293910 0.5437421798706055 1138
1615481329330 0.545863926410675 1139
1615481368072 0.5746455788612366 1140
1615481402522 0.5550426840782166 1141
1615481437041 0.5635855197906494 1142
1615481471023 0.5687354207038879 1143
1615481505384 0.5720196962356567 1144
1615481539468 0.5308185815811157 1145
1615481574064 0.5554813146591187 1146
1615481608540 0.5417499542236328 1147
1615481642969 0.5372366905212402 1148
1615481678291 0.5769572257995605 1149
1615481717538 0.5557332038879395 1150
1615481752182 0.5335777401924133 1151
1615481787193 0.5651236772537231 1152
1615481821577 0.5104595422744751 1153
1615481856165 0.5615911483764648 1154
1615481890212 0.5342098474502563 1155
1615481924801 0.5452932715415955 1156
1615481958882 0.5223679542541504 1157
1615481993205 0.5323172211647034 1158
1615482027743 0.557198166847229 1159
1615482066626 0.5465101003646851 1160
1615482101443 0.5385284423828125 1161
1615482136413 0.5672773122787476 1162
1615482171289 0.5409592390060425 1163
1615482205830 0.5357216000556946 1164
1615482240290 0.5306183099746704 1165
1615482274989 0.5312567353248596 1166
1615482310004 0.5328232049942017 1167
1615482344041 0.5504597425460815 1168
1615482378477 0.5292704701423645 1169
1615482416552 0.5530467629432678 1170
1615482451068 0.5423500537872314 1171
1615482485555 0.5293242931365967 1172
1615482519858 0.5568810701370239 1173
1615482554171 0.5608893632888794 1174
1615482588398 0.536880612373352 1175
1615482622752 0.5436116456985474 1176
1615482657333 0.5467206239700317 1177
1615482691736 0.5556380748748779 1178
1615482726222 0.5528531670570374 1179
1615482764552 0.5888020992279053 1180
1615482799058 0.5500099658966064 1181
1615482833909 0.5505396127700806 1182
1615482868801 0.5335572957992554 1183
1615482903987 0.5598752498626709 1184
1615482938947 0.5649869441986084 1185
1615482972985 0.5744915008544922 1186
1615483007558 0.5670843720436096 1187
1615483042533 0.5526211261749268 1188
1615483076761 0.5385944843292236 1189
1615483115224 0.523522675037384 1190
1615483149160 0.5565782785415649 1191
1615483183599 0.5559465885162354 1192
1615483217760 0.5563580989837646 1193
1615483252151 0.5461533069610596 1194
1615483286474 0.5630292892456055 1195
1615483320653 0.5350683331489563 1196
1615483355115 0.5389469861984253 1197
1615483389511 0.5825259685516357 1198
1615483423903 0.5603369474411011 1199
1615483462424 0.5294302701950073 1200
1615483490742 0.5627849102020264 0
1615483490762 0.5627849102020264 0
