1615441674416 0.10400626063346863 1
1615441708339 0.16002178192138672 2
1615441742543 0.26854121685028076 3
1615441776808 0.40532147884368896 4
1615441811192 0.47524914145469666 5
1615441845177 0.5505614280700684 6
1615441879320 0.5808051824569702 7
1615441913486 0.6210771799087524 8
1615441948099 0.6116650104522705 9
1615441986211 0.6464791297912598 10
1615442020562 0.6187922954559326 11
1615442054880 0.6597151756286621 12
1615442088978 0.6707485914230347 13
1615442123369 0.6946258544921875 14
1615442157703 0.6994031667709351 15
1615442191728 0.6864312291145325 16
1615442225918 0.705127477645874 17
1615442260167 0.7292025089263916 18
1615442294506 0.7683067321777344 19
1615442333260 0.7059797048568726 20
1615442367379 0.7267583608627319 21
1615442401437 0.7101402282714844 22
1615442435540 0.7403867244720459 23
1615442469923 0.7396755218505859 24
1615442504167 0.7484889626502991 25
1615442538579 0.7476555109024048 26
1615442572696 0.7565697431564331 27
1615442606907 0.7541483640670776 28
1615442641283 0.7831850051879883 29
1615442679837 0.7711101770401001 30
1615442714421 0.7549518346786499 31
1615442748673 0.7392024993896484 32
1615442782716 0.7682210206985474 33
1615442817117 0.7959794998168945 34
1615442851679 0.7841001152992249 35
1615442886117 0.762213945388794 36
1615442920352 0.7416313290596008 37
1615442954708 0.7823930978775024 38
1615442989123 0.7515586614608765 39
1615443027449 0.7694952487945557 40
1615443061884 0.7919393181800842 41
1615443096108 0.7819753885269165 42
1615443130615 0.7658542394638062 43
1615443165042 0.7431179285049438 44
1615443199117 0.8077012300491333 45
1615443233199 0.7832565307617188 46
1615443267586 0.7760769128799438 47
1615443302076 0.7976278066635132 48
1615443336523 0.7848343849182129 49
1615443374890 0.8206816911697388 50
1615443409327 0.8018423318862915 51
1615443443361 0.7667154669761658 52
1615443477284 0.759284257888794 53
1615443511681 0.7944393754005432 54
1615443545620 0.8015882968902588 55
1615443579856 0.7815775871276855 56
1615443614288 0.7722394466400146 57
1615443648451 0.7731913328170776 58
1615443682685 0.7633215188980103 59
1615443720848 0.7676153182983398 60
1615443755270 0.7952749133110046 61
1615443789399 0.7854737043380737 62
1615443823572 0.7690844535827637 63
1615443857778 0.7935916781425476 64
1615443892208 0.7618995904922485 65
1615443926610 0.7996718883514404 66
1615443961011 0.7717267870903015 67
1615443995102 0.7788708209991455 68
1615444029477 0.7938658595085144 69
1615444067883 0.7853939533233643 70
1615444101866 0.771303653717041 71
1615444135856 0.7955176830291748 72
1615444170171 0.7706270217895508 73
1615444204447 0.804105818271637 74
1615444238841 0.786418080329895 75
1615444273083 0.8002152442932129 76
1615444307363 0.7810519337654114 77
1615444341881 0.8118931651115417 78
1615444376167 0.7915260791778564 79
1615444414731 0.801973283290863 80
1615444448979 0.8003942966461182 81
1615444483402 0.7883777618408203 82
1615444517682 0.8086650371551514 83
1615444552161 0.7991539835929871 84
1615444586145 0.8047378063201904 85
1615444620607 0.793410062789917 86
1615444654775 0.821875810623169 87
1615444689213 0.8170063495635986 88
1615444723411 0.7850518226623535 89
1615444762058 0.8034233450889587 90
1615444796398 0.8150872588157654 91
1615444830781 0.8118062615394592 92
1615444864797 0.800347089767456 93
1615444899102 0.8311075568199158 94
1615444933237 0.80327969789505 95
1615444967320 0.8118009567260742 96
1615445001848 0.8075057864189148 97
1615445036215 0.7931249141693115 98
1615445070376 0.8063132762908936 99
1615445108594 0.8105971813201904 100
1615445143149 0.8162504434585571 101
1615445177610 0.8372119665145874 102
1615445211752 0.8428769111633301 103
1615445246149 0.8352173566818237 104
1615445280387 0.8116163015365601 105
1615445314856 0.8037084937095642 106
1615445348898 0.8130067586898804 107
1615445383048 0.8044300079345703 108
1615445417506 0.8286556005477905 109
1615445455574 0.8288341760635376 110
1615445489537 0.8228381276130676 111
1615445524001 0.8118876218795776 112
1615445558586 0.8171104192733765 113
1615445593126 0.81636643409729 114
1615445627464 0.8265255689620972 115
1615445661683 0.842869758605957 116
1615445696151 0.828829824924469 117
1615445730332 0.8029987812042236 118
1615445764556 0.8274279236793518 119
1615445803244 0.8411598205566406 120
1615445837439 0.8370705842971802 121
1615445871414 0.8304463028907776 122
1615445905653 0.8224387764930725 123
1615445939553 0.8002831935882568 124
1615445974181 0.8289927244186401 125
1615446008431 0.8108170032501221 126
1615446042349 0.8370391130447388 127
1615446076432 0.8176287412643433 128
1615446110803 0.8207473754882812 129
1615446148841 0.8320443630218506 130
1615446183038 0.8251566886901855 131
1615446216993 0.8577302098274231 132
1615446251331 0.8159730434417725 133
1615446285763 0.8271371126174927 134
1615446319756 0.8308427333831787 135
1615446353832 0.8315731287002563 136
1615446388372 0.8268616199493408 137
1615446422529 0.8412320613861084 138
1615446457111 0.8280981779098511 139
1615446495546 0.8055535554885864 140
1615446530332 0.8353076577186584 141
1615446564563 0.8549718260765076 142
1615446598827 0.8371779322624207 143
1615446633071 0.8419160842895508 144
1615446667523 0.8282192945480347 145
1615446701517 0.8589617609977722 146
1615446735848 0.8461402654647827 147
1615446770192 0.8402295708656311 148
1615446804274 0.8451451063156128 149
1615446842601 0.8302526473999023 150
1615446876887 0.8528950214385986 151
1615446911021 0.8152663707733154 152
1615446945198 0.8258272409439087 153
1615446979222 0.8185834884643555 154
1615447013762 0.8416167497634888 155
1615447048144 0.8478251695632935 156
1615447082585 0.8059916496276855 157
1615447117050 0.8283044695854187 158
1615447151548 0.800127387046814 159
1615447189879 0.8330771327018738 160
1615447223961 0.829075813293457 161
1615447258436 0.8302302360534668 162
1615447292534 0.8477911353111267 163
1615447326568 0.8675797581672668 164
1615447360990 0.818111002445221 165
1615447395433 0.8203257322311401 166
1615447429325 0.8436955213546753 167
1615447463488 0.8493450880050659 168
1615447497415 0.8419226408004761 169
1615447535964 0.824083685874939 170
1615447569928 0.8178399801254272 171
1615447604484 0.8325921297073364 172
1615447638760 0.8261225819587708 173
1615447673220 0.8416519165039062 174
1615447707837 0.8360488414764404 175
1615447742044 0.8529192209243774 176
1615447776634 0.8400329351425171 177
1615447810768 0.8446615934371948 178
1615447845197 0.8268914222717285 179
1615447883376 0.8344230651855469 180
1615447917493 0.8455415964126587 181
1615447951693 0.855574369430542 182
1615447986076 0.8247817754745483 183
1615448020575 0.8273921012878418 184
1615448054705 0.8467860817909241 185
1615448089111 0.8474535942077637 186
1615448123536 0.8617487549781799 187
1615448157474 0.8403269648551941 188
1615448191613 0.8454926013946533 189
1615448229460 0.8503215312957764 190
1615448263613 0.8494308590888977 191
1615448298075 0.8452582359313965 192
1615448332366 0.8319069147109985 193
1615448366764 0.8462551832199097 194
1615448401278 0.8130704760551453 195
1615448435572 0.8400022983551025 196
1615448469904 0.8639299869537354 197
1615448504440 0.8667315244674683 198
1615448538911 0.8313415050506592 199
1615448577562 0.859998345375061 200
1615448611962 0.8648052215576172 201
1615448646046 0.8390804529190063 202
1615448680284 0.8282058835029602 203
1615448714423 0.8634263277053833 204
1615448748757 0.8481411933898926 205
1615448783232 0.8624979257583618 206
1615448817180 0.8336544632911682 207
1615448851603 0.8529641032218933 208
1615448886073 0.8570297956466675 209
1615448924628 0.8161149024963379 210
1615448959052 0.8479589223861694 211
1615448993416 0.8507875204086304 212
1615449027624 0.8592864871025085 213
1615449062129 0.8450764417648315 214
1615449096607 0.8421624898910522 215
1615449130559 0.8536413908004761 216
1615449164953 0.8583997488021851 217
1615449199182 0.864222526550293 218
1615449233277 0.8481709957122803 219
1615449271876 0.8657453060150146 220
1615449305859 0.8458131551742554 221
1615449340265 0.8540172576904297 222
1615449374318 0.814092755317688 223
1615449408305 0.8367133140563965 224
1615449442417 0.8310736417770386 225
1615449476762 0.8378052711486816 226
1615449511169 0.8319758176803589 227
1615449545082 0.8515931963920593 228
1615449579287 0.8726879358291626 229
1615449617598 0.8589128255844116 230
1615449651935 0.855469822883606 231
1615449686196 0.852649450302124 232
1615449720668 0.8602465391159058 233
1615449754980 0.8790128231048584 234
1615449789346 0.843684732913971 235
1615449823629 0.8415380716323853 236
1615449857692 0.8675243854522705 237
1615449891944 0.844662070274353 238
1615449926081 0.8474608659744263 239
1615449964842 0.8544069528579712 240
1615449999246 0.833217442035675 241
1615450033540 0.858779788017273 242
1615450067844 0.8477727174758911 243
1615450102161 0.8710026144981384 244
1615450136094 0.8635019659996033 245
1615450170084 0.8682844638824463 246
1615450204203 0.8459255695343018 247
1615450238976 0.8298870325088501 248
1615450273010 0.880352258682251 249
1615450311354 0.8600142598152161 250
1615450345694 0.8585697412490845 251
1615450379687 0.8471392393112183 252
1615450414147 0.8661258220672607 253
1615450448521 0.8469377756118774 254
1615450482938 0.844718873500824 255
1615450516981 0.8477075099945068 256
1615450551022 0.8634816408157349 257
1615450585423 0.844276487827301 258
1615450619851 0.8651803731918335 259
1615450658786 0.8402292132377625 260
1615450692953 0.8521931171417236 261
1615450727474 0.8656864762306213 262
1615450761998 0.860159158706665 263
1615450796101 0.8762471675872803 264
1615450830486 0.860099196434021 265
1615450864405 0.8706004619598389 266
1615450898694 0.8570286631584167 267
1615450932769 0.8676289319992065 268
1615450967199 0.8415797352790833 269
1615451005596 0.8386791944503784 270
1615451039984 0.8578575849533081 271
1615451074455 0.868736743927002 272
1615451108911 0.8562333583831787 273
1615451143275 0.8309811353683472 274
1615451177300 0.860107958316803 275
1615451211382 0.8530631065368652 276
1615451245717 0.8581334352493286 277
1615451280475 0.8429983854293823 278
1615451314846 0.8599298000335693 279
1615451353059 0.8686037063598633 280
1615451387439 0.8528797626495361 281
1615451421812 0.8419269323348999 282
1615451456349 0.848574161529541 283
1615451490645 0.8493266105651855 284
1615451524858 0.8620267510414124 285
1615451558874 0.8833316564559937 286
1615451593117 0.8526397347450256 287
1615451627122 0.8379051089286804 288
1615451661169 0.8700533509254456 289
1615451699567 0.8675424456596375 290
1615451734003 0.8688721656799316 291
1615451768503 0.8396788835525513 292
1615451802853 0.8401913642883301 293
1615451837267 0.8756281733512878 294
1615451871754 0.8557889461517334 295
1615451905916 0.8549737930297852 296
1615451940038 0.8720042705535889 297
1615451974634 0.8725640773773193 298
1615452009217 0.8678072690963745 299
1615452048017 0.8696954250335693 300
1615452082838 0.8616467714309692 301
1615452117388 0.8756375312805176 302
1615452151928 0.8739062547683716 303
1615452186608 0.8592566251754761 304
1615452221370 0.8594748973846436 305
1615452255864 0.8499405384063721 306
1615452290481 0.8759649991989136 307
1615452325871 0.8752589821815491 308
1615452359976 0.910197377204895 309
1615452398270 0.8547143936157227 310
1615452432410 0.8593361377716064 311
1615452466406 0.8387805819511414 312
1615452500375 0.8607139587402344 313
1615452534645 0.8668153285980225 314
1615452568993 0.8216694593429565 315
1615452603335 0.87300705909729 316
1615452637700 0.849847137928009 317
1615452671802 0.8108053803443909 318
1615452706116 0.8678712844848633 319
1615452745952 0.8659905195236206 320
1615452781085 0.8679848313331604 321
1615452815402 0.8325306177139282 322
1615452850300 0.843361496925354 323
1615452884588 0.8647051453590393 324
1615452918554 0.8244233131408691 325
1615452952793 0.855592668056488 326
1615452987783 0.8459393382072449 327
1615453021784 0.864995539188385 328
1615453056293 0.856420636177063 329
1615453094326 0.8530155420303345 330
1615453128354 0.8564695715904236 331
1615453162472 0.87872314453125 332
1615453196559 0.8334664106369019 333
1615453230605 0.8738341331481934 334
1615453265009 0.8677244186401367 335
1615453299366 0.8658734560012817 336
1615453333547 0.8707073926925659 337
1615453367673 0.8785147070884705 338
1615453402698 0.8556548357009888 339
1615453442986 0.8828340172767639 340
1615453477223 0.8623706102371216 341
1615453511677 0.8540655374526978 342
1615453546050 0.8689008355140686 343
1615453580409 0.8572242259979248 344
1615453615488 0.8595274686813354 345
1615453649516 0.8777103424072266 346
1615453683963 0.8492370247840881 347
1615453718331 0.8527438640594482 348
1615453752457 0.84755539894104 349
1615453790740 0.8329422473907471 350
1615453824970 0.8414371013641357 351
1615453859501 0.8657492995262146 352
1615453894053 0.8749813437461853 353
1615453928520 0.8742175698280334 354
1615453962971 0.8678563833236694 355
1615453997212 0.8646323084831238 356
1615454031761 0.8719393610954285 357
1615454066064 0.8645703196525574 358
1615454100598 0.8551213145256042 359
1615454139627 0.8730826377868652 360
1615454174359 0.866797149181366 361
1615454208746 0.8770067691802979 362
1615454242920 0.8738656044006348 363
1615454277290 0.8778548240661621 364
1615454312559 0.846701979637146 365
1615454347163 0.8619817495346069 366
1615454381263 0.8515620231628418 367
1615454415331 0.8784652352333069 368
1615454449301 0.8533616662025452 369
1615454487526 0.8916027545928955 370
1615454521784 0.8605819940567017 371
1615454556021 0.8510271310806274 372
1615454590534 0.8820023536682129 373
1615454624954 0.903077244758606 374
1615454659704 0.8734064698219299 375
1615454695489 0.856420636177063 376
1615454730513 0.8720272183418274 377
1615454764916 0.8579298257827759 378
1615454799613 0.8729438781738281 379
1615454838171 0.8367464542388916 380
1615454873084 0.8728535175323486 381
1615454907513 0.8836778402328491 382
1615454941593 0.8807299137115479 383
1615454975656 0.8509484529495239 384
1615455009752 0.8481082916259766 385
1615455043901 0.8854403495788574 386
1615455078212 0.8644793033599854 387
1615455112431 0.8628720641136169 388
1615455146450 0.8890373706817627 389
1615455184934 0.8906927108764648 390
1615455219680 0.8668140769004822 391
1615455254542 0.8676257133483887 392
1615455289801 0.8636441230773926 393
1615455325402 0.8640385866165161 394
1615455360812 0.846009373664856 395
1615455395480 0.850609302520752 396
1615455430048 0.8770706653594971 397
1615455464819 0.8544406890869141 398
1615455499268 0.8882575035095215 399
1615455538038 0.8779392838478088 400
1615455572188 0.8729236125946045 401
1615455606259 0.8642995357513428 402
1615455640350 0.8742372989654541 403
1615455674772 0.8827760219573975 404
1615455708824 0.867537260055542 405
1615455743192 0.8702808022499084 406
1615455777557 0.8689891695976257 407
1615455811807 0.8554177284240723 408
1615455847330 0.9064337611198425 409
1615455887051 0.8823932409286499 410
1615455921907 0.8790997266769409 411
1615455956485 0.883857011795044 412
1615455991370 0.8865216970443726 413
1615456025800 0.8706400394439697 414
1615456059922 0.8694556355476379 415
1615456094631 0.8745247721672058 416
1615456129122 0.8689334392547607 417
1615456163481 0.8452121019363403 418
1615456197427 0.8559403419494629 419
1615456235802 0.8565930128097534 420
1615456269796 0.8449610471725464 421
1615456303738 0.8955879211425781 422
1615456338176 0.901239275932312 423
1615456372482 0.8768422603607178 424
1615456406499 0.8479496240615845 425
1615456440627 0.8852880001068115 426
1615456474852 0.8876581192016602 427
1615456509622 0.8896775245666504 428
1615456544536 0.8757463693618774 429
1615456583785 0.8659842014312744 430
1615456618575 0.8561044931411743 431
1615456652788 0.8797880411148071 432
1615456687420 0.8792626857757568 433
1615456722282 0.8561701774597168 434
1615456756832 0.8519315719604492 435
1615456790967 0.8855849504470825 436
1615456825069 0.8669635057449341 437
1615456859213 0.8904649019241333 438
1615456893421 0.8620761632919312 439
1615456931615 0.8561990261077881 440
1615456966099 0.8586258292198181 441
1615457000662 0.8662354946136475 442
1615457035447 0.8852940201759338 443
1615457070039 0.8633551597595215 444
1615457104943 0.87904953956604 445
1615457139913 0.8730067014694214 446
1615457174323 0.8601130247116089 447
1615457208679 0.8759642243385315 448
1615457243964 0.8631991147994995 449
1615457282817 0.8716139793395996 450
1615457316946 0.8805126547813416 451
1615457351246 0.8805158138275146 452
1615457385607 0.8751071691513062 453
1615457419669 0.8544081449508667 454
1615457453663 0.8484991192817688 455
1615457487736 0.8685133457183838 456
1615457522069 0.8752093315124512 457
1615457556371 0.8766425251960754 458
1615457590547 0.8554378151893616 459
1615457629027 0.8822382092475891 460
1615457664180 0.8802474737167358 461
1615457698867 0.858090877532959 462
1615457734233 0.8585573434829712 463
1615457768644 0.8661185503005981 464
1615457803200 0.871788740158081 465
1615457837523 0.883013129234314 466
1615457872396 0.8800238370895386 467
1615457906594 0.8659300208091736 468
1615457940845 0.8650645017623901 469
1615457978796 0.8642327189445496 470
1615458013259 0.8767386674880981 471
1615458047594 0.8802671432495117 472
1615458081553 0.862385630607605 473
1615458115975 0.8710849285125732 474
1615458150134 0.8759291172027588 475
1615458184160 0.8686163425445557 476
1615458218342 0.8541183471679688 477
1615458252740 0.8793094158172607 478
1615458287180 0.8930016756057739 479
1615458325798 0.8595465421676636 480
1615458360942 0.8570749759674072 481
1615458395961 0.8795524835586548 482
1615458430703 0.88118577003479 483
1615458465415 0.8574784398078918 484
1615458499609 0.8741134405136108 485
1615458534362 0.8785579800605774 486
1615458568875 0.874302864074707 487
1615458602838 0.8734680414199829 488
1615458637609 0.8714941740036011 489
1615458675687 0.8699429035186768 490
1615458709738 0.8892113566398621 491
1615458743698 0.8700527548789978 492
1615458777745 0.8828266859054565 493
1615458811990 0.8800162076950073 494
1615458846187 0.8510443568229675 495
1615458880470 0.8763673305511475 496
1615458914503 0.8646156787872314 497
1615458948858 0.8764498829841614 498
1615458983156 0.8670039176940918 499
1615459021322 0.9050745368003845 500
1615459055956 0.8708698749542236 501
1615459090443 0.8781337738037109 502
1615459125077 0.8606663942337036 503
1615459160282 0.8806149959564209 504
1615459195118 0.8677172064781189 505
1615459229878 0.881323516368866 506
1615459263946 0.8859899640083313 507
1615459298611 0.8644938468933105 508
1615459333237 0.8675340414047241 509
1615459371718 0.8720139265060425 510
1615459406493 0.8556525707244873 511
1615459441283 0.8948443531990051 512
1615459475645 0.8806667327880859 513
1615459509677 0.8656407594680786 514
1615459543954 0.8719657063484192 515
1615459578215 0.8641908764839172 516
1615459612224 0.9030157923698425 517
1615459646595 0.8754828572273254 518
1615459680573 0.8513724207878113 519
1615459718917 0.8671470880508423 520
1615459752950 0.8804311752319336 521
1615459787002 0.8832507729530334 522
1615459821505 0.8788082003593445 523
1615459855593 0.8785665035247803 524
1615459890361 0.8561916351318359 525
1615459926053 0.8687232732772827 526
1615459960712 0.893134593963623 527
1615459994993 0.8929352164268494 528
1615460029610 0.8606936931610107 529
1615460068099 0.8792719841003418 530
1615460102472 0.869635283946991 531
1615460137565 0.87611985206604 532
1615460171994 0.8690873384475708 533
1615460206465 0.8635382652282715 534
1615460240936 0.8791342973709106 535
1615460275047 0.8816869258880615 536
1615460310248 0.886986255645752 537
1615460346368 0.8864702582359314 538
1615460381140 0.885706901550293 539
1615460419487 0.8830889463424683 540
1615460453762 0.8782712817192078 541
1615460489131 0.8912816047668457 542
1615460523629 0.888713002204895 543
1615460557674 0.8786919713020325 544
1615460591911 0.8926348686218262 545
1615460626183 0.881439208984375 546
1615460660585 0.8783811330795288 547
1615460694634 0.8799349069595337 548
1615460728605 0.8932685852050781 549
1615460766820 0.897925853729248 550
1615460801060 0.8738632202148438 551
1615460835560 0.8694659471511841 552
1615460870716 0.8818978667259216 553
1615460905917 0.8655605316162109 554
1615460940605 0.8808205127716064 555
1615460975447 0.8736789226531982 556
1615461009851 0.8788459300994873 557
1615461044576 0.8683357238769531 558
1615461079786 0.876842737197876 559
1615461118705 0.8629469275474548 560
1615461153117 0.8786792755126953 561
1615461187099 0.8888023495674133 562
1615461221158 0.875497579574585 563
1615461255578 0.864801287651062 564
1615461289785 0.8879777193069458 565
1615461323827 0.8826516270637512 566
1615461358135 0.8644298315048218 567
1615461392287 0.8994542360305786 568
1615461426785 0.8687516450881958 569
1615461466297 0.8680725693702698 570
1615461501229 0.8877785205841064 571
1615461535939 0.8856192231178284 572
1615461571177 0.8790287971496582 573
1615461605741 0.8732746839523315 574
1615461640479 0.869073748588562 575
1615461674869 0.9057593941688538 576
1615461708931 0.8685779571533203 577
1615461743123 0.8950053453445435 578
1615461777119 0.8660106658935547 579
1615461815463 0.8670122623443604 580
1615461850018 0.9037177562713623 581
1615461884627 0.8822978734970093 582
1615461919976 0.8774831295013428 583
1615461954810 0.8622486591339111 584
1615461989384 0.8734613656997681 585
1615462023958 0.8600301742553711 586
1615462058131 0.863242506980896 587
1615462092299 0.8545395135879517 588
1615462126372 0.8764770030975342 589
1615462165321 0.8976942300796509 590
1615462199853 0.8602803945541382 591
1615462233995 0.8695345520973206 592
1615462268147 0.8764602541923523 593
1615462302351 0.8868181705474854 594
1615462336592 0.8925086259841919 595
1615462370638 0.8795105814933777 596
1615462404665 0.8916535377502441 597
1615462438674 0.8751636743545532 598
1615462473030 0.8949800729751587 599
1615462511296 0.8818389177322388 600
1615462545671 0.876370370388031 601
1615462579744 0.866855263710022 602
1615462613851 0.9040603637695312 603
1615462648358 0.8601023554801941 604
1615462683170 0.8753686547279358 605
1615462717899 0.8879167437553406 606
1615462753540 0.8738824129104614 607
1615462788378 0.9013786911964417 608
1615462823028 0.8764073848724365 609
1615462861326 0.8762485980987549 610
1615462896636 0.8821815848350525 611
1615462931278 0.8927886486053467 612
1615462965553 0.8759784698486328 613
1615462999798 0.8852561712265015 614
1615463034277 0.8575892448425293 615
1615463068277 0.8763550519943237 616
1615463102698 0.8667030334472656 617
1615463137003 0.8856576681137085 618
1615463171037 0.884374737739563 619
1615463209083 0.8992142677307129 620
1615463243389 0.8720254898071289 621
1615463277511 0.8770483136177063 622
1615463311704 0.8755946755409241 623
1615463346438 0.8627156019210815 624
1615463380556 0.8620562553405762 625
1615463415012 0.8651692867279053 626
1615463449252 0.8990006446838379 627
1615463484097 0.8620172739028931 628
1615463518602 0.8836715221405029 629
1615463557346 0.8828017115592957 630
1615463592322 0.8758342266082764 631
1615463627004 0.8848354816436768 632
1615463661601 0.8855142593383789 633
1615463695824 0.8842782974243164 634
1615463730659 0.8801203370094299 635
1615463765351 0.8805464506149292 636
1615463800846 0.8941981792449951 637
1615463835146 0.8958336114883423 638
1615463869546 0.8983885645866394 639
1615463908311 0.8676798343658447 640
1615463942410 0.8926630020141602 641
1615463976666 0.8842524290084839 642
1615464010835 0.8512369394302368 643
1615464044992 0.8786965608596802 644
1615464079082 0.8807556629180908 645
1615464113514 0.8817111253738403 646
1615464147571 0.8821114897727966 647
1615464181683 0.8743222951889038 648
1615464216359 0.8820505142211914 649
1615464255094 0.8778681755065918 650
1615464289417 0.8751177787780762 651
1615464323918 0.86434406042099 652
1615464358591 0.8650861978530884 653
1615464393682 0.8720429539680481 654
1615464428595 0.880745530128479 655
1615464463293 0.8708070516586304 656
1615464499731 0.8921726942062378 657
1615464534488 0.8896361589431763 658
1615464568800 0.864769458770752 659
1615464607302 0.8801788091659546 660
1615464641514 0.89837646484375 661
1615464675971 0.8952202796936035 662
1615464710355 0.8832573294639587 663
1615464744711 0.876861572265625 664
1615464779177 0.876424252986908 665
1615464813279 0.8719933032989502 666
1615464847570 0.8621386885643005 667
1615464882368 0.8899909257888794 668
1615464916901 0.8747843503952026 669
1615464955302 0.860417366027832 670
1615464989726 0.8583561778068542 671
1615465024428 0.9076788425445557 672
1615465059426 0.8893002271652222 673
1615465094706 0.8904009461402893 674
1615465129396 0.9022564888000488 675
1615465164048 0.8916364908218384 676
1615465198802 0.8870372772216797 677
1615465233168 0.886483907699585 678
1615465267852 0.8641899824142456 679
1615465306702 0.8769053220748901 680
1615465341156 0.9018243551254272 681
1615465375301 0.8700613975524902 682
1615465409634 0.8753513097763062 683
1615465444106 0.8778516054153442 684
1615465478158 0.8849045634269714 685
1615465512588 0.8803316950798035 686
1615465546981 0.8795782327651978 687
1615465581155 0.8727736473083496 688
1615465615273 0.8809751272201538 689
1615465653895 0.888428807258606 690
1615465687993 0.8566670417785645 691
1615465722362 0.8827946186065674 692
1615465756629 0.8699215054512024 693
1615465791040 0.9085277915000916 694
1615465826000 0.8849362730979919 695
1615465860666 0.8931331634521484 696
1615465895660 0.8571131229400635 697
1615465930396 0.910502016544342 698
1615465964673 0.8933277130126953 699
1615466003133 0.8722598552703857 700
1615466037556 0.8888750076293945 701
1615466072229 0.8918983936309814 702
1615466106727 0.8902488946914673 703
1615466140722 0.9001528024673462 704
1615466175030 0.8969618082046509 705
1615466209082 0.8850454092025757 706
1615466243410 0.8887643814086914 707
1615466277449 0.8740003108978271 708
1615466311767 0.8885226845741272 709
1615466350265 0.8797642588615417 710
1615466384140 0.8908782005310059 711
1615466418337 0.8701574802398682 712
1615466452803 0.8709903359413147 713
1615466487041 0.9098488092422485 714
1615466521398 0.9012815952301025 715
1615466555528 0.8932586908340454 716
1615466590044 0.8837660551071167 717
1615466625001 0.8992210626602173 718
1615466659596 0.8757171630859375 719
1615466698209 0.8663469552993774 720
1615466732510 0.8577326536178589 721
1615466767634 0.897849977016449 722
1615466802184 0.908416748046875 723
1615466836653 0.8791807889938354 724
1615466871025 0.8797315359115601 725
1615466906149 0.8749548196792603 726
1615466940605 0.9001345634460449 727
1615466975052 0.8868081569671631 728
1615467009548 0.8983930349349976 729
1615467047837 0.8924353122711182 730
1615467081855 0.9030791521072388 731
1615467116122 0.8719111680984497 732
1615467150354 0.877443253993988 733
1615467184395 0.866719126701355 734
1615467218603 0.8785094618797302 735
1615467252737 0.8701943159103394 736
1615467287517 0.879239559173584 737
1615467322805 0.8844050168991089 738
1615467357351 0.8789569735527039 739
1615467397253 0.8671547174453735 740
1615467431788 0.8880122900009155 741
1615467466911 0.8922979831695557 742
1615467501376 0.8747742176055908 743
1615467535966 0.881439745426178 744
1615467570351 0.9078037738800049 745
1615467604840 0.8771135210990906 746
1615467639236 0.8780999183654785 747
1615467673511 0.866843581199646 748
1615467707587 0.8770902156829834 749
1615467745740 0.8731911182403564 750
1615467781195 0.8783345222473145 751
1615467817031 0.8904983997344971 752
1615467851674 0.8979950547218323 753
1615467886608 0.8740843534469604 754
1615467921054 0.8853781223297119 755
1615467955584 0.8615924119949341 756
1615467990000 0.8892481327056885 757
1615468024986 0.8732308149337769 758
1615468059148 0.8654999732971191 759
1615468098087 0.9043354988098145 760
1615468132096 0.8903404474258423 761
1615468166385 0.8924771547317505 762
1615468200896 0.9025421142578125 763
1615468235138 0.8895708918571472 764
1615468269315 0.8932145833969116 765
1615468303466 0.8734792470932007 766
1615468337423 0.8889306783676147 767
1615468371742 0.8541423678398132 768
1615468406326 0.8773213624954224 769
1615468444607 0.894635021686554 770
1615468479100 0.8652096390724182 771
1615468513578 0.8633469343185425 772
1615468548116 0.8545794486999512 773
1615468582529 0.8759739398956299 774
1615468616999 0.8950809240341187 775
1615468652267 0.8843719959259033 776
1615468687280 0.8668476343154907 777
1615468721705 0.8733417987823486 778
1615468755897 0.8858851790428162 779
1615468794301 0.8796390295028687 780
1615468828589 0.8730456233024597 781
1615468862732 0.8764446377754211 782
1615468897555 0.8761378526687622 783
1615468931747 0.8817040324211121 784
1615468965836 0.8469434976577759 785
1615468999912 0.9118738174438477 786
1615469033961 0.876360297203064 787
1615469067964 0.8802574872970581 788
1615469102318 0.8679819107055664 789
1615469140853 0.8623318672180176 790
1615469175280 0.8686372637748718 791
1615469209786 0.8776353597640991 792
1615469244301 0.8920272588729858 793
1615469278922 0.9056054949760437 794
1615469313110 0.8970804214477539 795
1615469347258 0.8884197473526001 796
1615469381283 0.8947039842605591 797
1615469415728 0.888750433921814 798
1615469450160 0.8824602365493774 799
1615469488739 0.8904823660850525 800
1615469524623 0.8963796496391296 801
1615469559691 0.872510552406311 802
1615469594203 0.8843313455581665 803
1615469629252 0.898344874382019 804
1615469663747 0.8876223564147949 805
1615469698305 0.8684508204460144 806
1615469732380 0.8692291975021362 807
1615469766800 0.8702479600906372 808
1615469800725 0.8680936694145203 809
1615469839093 0.8829057216644287 810
1615469873489 0.8994905352592468 811
1615469908127 0.9037361145019531 812
1615469942898 0.8640857934951782 813
1615469977788 0.8760215044021606 814
1615470012486 0.904870867729187 815
1615470047210 0.8729541897773743 816
1615470081984 0.895133376121521 817
1615470116553 0.8871303796768188 818
1615470150700 0.8979766964912415 819
1615470189531 0.8876534700393677 820
1615470223614 0.8777011036872864 821
1615470258442 0.8603399991989136 822
1615470292976 0.8716413974761963 823
1615470327459 0.869156002998352 824
1615470361558 0.8996492624282837 825
1615470395595 0.8752398490905762 826
1615470430044 0.898374617099762 827
1615470464567 0.8766846656799316 828
1615470498576 0.8892146348953247 829
1615470536876 0.8786389827728271 830
1615470571099 0.9019788503646851 831
1615470605772 0.8846552968025208 832
1615470640362 0.8792697787284851 833
1615470675121 0.8869082927703857 834
1615470709631 0.8735760450363159 835
1615470744226 0.8887581825256348 836
1615470779037 0.8791055679321289 837
1615470813376 0.8786357641220093 838
1615470848026 0.8752256035804749 839
1615470886888 0.8409358263015747 840
1615470922520 0.8943028450012207 841
1615470956810 0.8776125907897949 842
1615470990829 0.8783544301986694 843
1615471024885 0.8815662860870361 844
1615471059136 0.8863131999969482 845
1615471093548 0.8957146406173706 846
1615471127982 0.8865582942962646 847
1615471162130 0.8904542922973633 848
1615471196635 0.8722488880157471 849
1615471235365 0.8612314462661743 850
1615471270282 0.889092206954956 851
1615471305530 0.8572688698768616 852
1615471340147 0.8925023078918457 853
1615471375082 0.8885048627853394 854
1615471409926 0.8782252073287964 855
1615471444552 0.8946510553359985 856
1615471478808 0.8918100595474243 857
1615471513863 0.8923700451850891 858
1615471548040 0.8762011528015137 859
1615471586189 0.8770288228988647 860
1615471620316 0.8972241282463074 861
1615471654409 0.9002104997634888 862
1615471688853 0.873984694480896 863
1615471722986 0.8948471546173096 864
1615471757070 0.8840885162353516 865
1615471791452 0.8757418394088745 866
1615471826057 0.8804154396057129 867
1615471860909 0.893413782119751 868
1615471895502 0.8914539813995361 869
1615471935174 0.8967793583869934 870
1615471970289 0.9002182483673096 871
1615472005279 0.8939627408981323 872
1615472039507 0.8899450302124023 873
1615472073647 0.877723217010498 874
1615472108193 0.878307044506073 875
1615472142741 0.8713595271110535 876
1615472176776 0.8855280876159668 877
1615472211274 0.9096386432647705 878
1615472245627 0.8873684406280518 879
1615472283923 0.8793752193450928 880
1615472318463 0.9032301902770996 881
1615472352407 0.8998657464981079 882
1615472386669 0.8692494630813599 883
1615472421116 0.8829634189605713 884
1615472455348 0.8587043285369873 885
1615472489897 0.8777185678482056 886
1615472524332 0.8970409631729126 887
1615472559009 0.8921995162963867 888
1615472593790 0.8940384984016418 889
1615472632820 0.86751389503479 890
1615472667485 0.8782893419265747 891
1615472702197 0.8925175666809082 892
1615472736450 0.8894644975662231 893
1615472771181 0.8844763040542603 894
1615472805444 0.892299234867096 895
1615472839622 0.8837581872940063 896
1615472874431 0.8600504994392395 897
1615472908738 0.8982055187225342 898
1615472942801 0.8825706243515015 899
1615472981528 0.8805690407752991 900
1615473015578 0.8786206841468811 901
1615473049596 0.8683395981788635 902
1615473084012 0.8801244497299194 903
1615473118125 0.8816640973091125 904
1615473152264 0.8825850486755371 905
1615473186508 0.874818742275238 906
1615473221144 0.9065366983413696 907
1615473255734 0.8887782096862793 908
1615473290539 0.8766705989837646 909
1615473329260 0.860369086265564 910
1615473363615 0.8674303889274597 911
1615473398196 0.8819118738174438 912
1615473432528 0.899233341217041 913
1615473467466 0.87624192237854 914
1615473501816 0.8852452039718628 915
1615473536336 0.8861255049705505 916
1615473570387 0.894298791885376 917
1615473604595 0.8752548694610596 918
1615473638705 0.8876570463180542 919
1615473676934 0.8857003450393677 920
1615473711356 0.8964281678199768 921
1615473745390 0.8861186504364014 922
1615473779936 0.8816587924957275 923
1615473814243 0.8943157196044922 924
1615473848646 0.8739086389541626 925
1615473882904 0.9019777178764343 926
1615473917717 0.8894510269165039 927
1615473952426 0.8816603422164917 928
1615473987412 0.8921990990638733 929
1615474027020 0.877682089805603 930
1615474061927 0.895297646522522 931
1615474096719 0.8871650099754333 932
1615474131162 0.8844584226608276 933
1615474166737 0.8931654691696167 934
1615474200921 0.8910624384880066 935
1615474235423 0.8903512954711914 936
1615474269694 0.8930763602256775 937
1615474303807 0.8742901682853699 938
1615474337904 0.90645831823349 939
1615474376503 0.8926934003829956 940
1615474410517 0.8842592239379883 941
1615474444766 0.8797526359558105 942
1615474479061 0.8816983699798584 943
1615474513962 0.8675663471221924 944
1615474549113 0.8996975421905518 945
1615474583831 0.8827073574066162 946
1615474618970 0.8845720291137695 947
1615474653589 0.8788760900497437 948
1615474688200 0.8899766206741333 949
1615474727106 0.8946733474731445 950
1615474762265 0.8695003986358643 951
1615474796813 0.8825041055679321 952
1615474831001 0.8741832971572876 953
1615474865100 0.8669523596763611 954
1615474899113 0.8905781507492065 955
1615474933387 0.8895516991615295 956
1615474967515 0.8668489456176758 957
1615475001892 0.8960813283920288 958
1615475036430 0.8640415072441101 959
1615475075131 0.8691294193267822 960
1615475109520 0.8637144565582275 961
1615475143759 0.8665409088134766 962
1615475178503 0.8811553716659546 963
1615475213522 0.8776090145111084 964
1615475248046 0.8917639851570129 965
1615475282863 0.8805984258651733 966
1615475317452 0.8848811388015747 967
1615475351790 0.875451922416687 968
1615475385854 0.8902229070663452 969
1615475424596 0.8615560531616211 970
1615475458896 0.8864908218383789 971
1615475493360 0.8950963020324707 972
1615475528564 0.888596773147583 973
1615475563059 0.89573073387146 974
1615475597497 0.8888981342315674 975
1615475631726 0.889898419380188 976
1615475666124 0.8890427350997925 977
1615475700239 0.872201681137085 978
1615475734916 0.8889814019203186 979
1615475773851 0.8853664398193359 980
1615475809519 0.8850966691970825 981
1615475844494 0.8758275508880615 982
1615475879163 0.8778221607208252 983
1615475914053 0.8761425018310547 984
1615475948469 0.8860834836959839 985
1615475983009 0.8871548175811768 986
1615476017251 0.8767331838607788 987
1615476051365 0.8562376499176025 988
1615476085436 0.9010562896728516 989
1615476123897 0.870991587638855 990
1615476158329 0.8717201948165894 991
1615476192753 0.8901479244232178 992
1615476227543 0.8952804803848267 993
1615476262473 0.8821190595626831 994
1615476297275 0.8790258169174194 995
1615476332065 0.8885477185249329 996
1615476366782 0.8683116436004639 997
1615476401180 0.8949270248413086 998
1615476436183 0.8897758722305298 999
1615476475325 0.8865590691566467 1000
1615476509789 0.8863718509674072 1001
1615476543831 0.9027857184410095 1002
1615476578314 0.8869163990020752 1003
1615476612754 0.8850195407867432 1004
1615476647201 0.8938068747520447 1005
1615476681374 0.8999711275100708 1006
1615476716121 0.8569024801254272 1007
1615476750479 0.9111599922180176 1008
1615476784877 0.8836694359779358 1009
1615476823831 0.8944079875946045 1010
1615476858861 0.8759158849716187 1011
1615476893368 0.8680312037467957 1012
1615476928121 0.8845053911209106 1013
1615476962943 0.8907570838928223 1014
1615476997458 0.8833816051483154 1015
1615477031631 0.8820035457611084 1016
1615477065648 0.8984153270721436 1017
1615477099656 0.8914029598236084 1018
1615477134096 0.8963693380355835 1019
1615477172584 0.8989381790161133 1020
1615477206935 0.8873542547225952 1021
1615477241269 0.8676372766494751 1022
1615477275966 0.9055259227752686 1023
1615477311417 0.8942221999168396 1024
1615477346267 0.9002490043640137 1025
1615477380881 0.8753341436386108 1026
1615477415557 0.8818488121032715 1027
1615477450171 0.8864915370941162 1028
1615477484577 0.8871939778327942 1029
1615477522958 0.8776102066040039 1030
1615477557026 0.8817522525787354 1031
1615477591375 0.8859734535217285 1032
1615477625805 0.8662008047103882 1033
1615477660195 0.8802433013916016 1034
1615477694714 0.897037148475647 1035
1615477728987 0.8658157587051392 1036
1615477763435 0.8641799688339233 1037
1615477797398 0.8820488452911377 1038
1615477831493 0.8898918628692627 1039
1615477869965 0.8783190250396729 1040
1615477904157 0.893566370010376 1041
1615477938996 0.8641641139984131 1042
1615477973843 0.8823493719100952 1043
1615478009023 0.8848527073860168 1044
1615478043929 0.8792139887809753 1045
1615478078835 0.9000988006591797 1046
1615478113247 0.8824446797370911 1047
1615478148387 0.8743679523468018 1048
1615478182514 0.8983688354492188 1049
1615478220748 0.9027092456817627 1050
1615478255029 0.8866404294967651 1051
1615478289455 0.8798511028289795 1052
1615478323985 0.8528019785881042 1053
1615478358430 0.8770514726638794 1054
1615478392939 0.8803787231445312 1055
1615478427477 0.8983504176139832 1056
1615478462675 0.8889251947402954 1057
1615478497613 0.8788278102874756 1058
1615478532259 0.8987712860107422 1059
1615478572088 0.865781307220459 1060
1615478606840 0.8886300325393677 1061
1615478641310 0.90296471118927 1062
1615478676635 0.8856533169746399 1063
1615478710749 0.8857367634773254 1064
1615478744778 0.9005705118179321 1065
1615478778835 0.8757258653640747 1066
1615478812962 0.8697723150253296 1067
1615478847362 0.8676216006278992 1068
1615478881810 0.8991917371749878 1069
1615478919960 0.8883127570152283 1070
1615478954050 0.887667179107666 1071
1615478988001 0.8711951971054077 1072
1615479022432 0.8883473873138428 1073
1615479056799 0.8900785446166992 1074
1615479090918 0.8857036828994751 1075
1615479125318 0.8882272839546204 1076
1615479159643 0.8781661987304688 1077
1615479193793 0.8905639052391052 1078
1615479228250 0.8979783058166504 1079
1615479267603 0.888100266456604 1080
1615479302733 0.8872160911560059 1081
1615479337762 0.901413083076477 1082
1615479372299 0.8824697732925415 1083
1615479406756 0.8833563327789307 1084
1615479441125 0.8891895413398743 1085
1615479475357 0.8886575102806091 1086
1615479510434 0.9105647802352905 1087
1615479544598 0.8758525848388672 1088
1615479578854 0.8979384303092957 1089
1615479617317 0.8922214508056641 1090
1615479651535 0.8831535577774048 1091
1615479685978 0.8965739011764526 1092
1615479720433 0.8758858442306519 1093
1615479754738 0.868607759475708 1094
1615479789216 0.8756979703903198 1095
1615479823618 0.8834266662597656 1096
1615479857733 0.882168173789978 1097
1615479891992 0.8706505298614502 1098
1615479926713 0.8857989311218262 1099
1615479966146 0.8720141649246216 1100
1615480000996 0.8870707750320435 1101
1615480035634 0.8799943923950195 1102
1615480070504 0.899000883102417 1103
1615480105076 0.8691683411598206 1104
1615480139587 0.8976812362670898 1105
1615480174595 0.8839020729064941 1106
1615480208675 0.893403172492981 1107
1615480243215 0.9008356332778931 1108
1615480277430 0.8963736295700073 1109
1615480316330 0.8769334554672241 1110
1615480350384 0.8950759172439575 1111
1615480384602 0.8863226175308228 1112
1615480418883 0.9076732397079468 1113
1615480453127 0.8973007202148438 1114
1615480487627 0.8899840116500854 1115
1615480522901 0.8774828910827637 1116
1615480557865 0.8733350038528442 1117
1615480593105 0.8907793760299683 1118
1615480628182 0.8945914506912231 1119
1615480667292 0.8585202693939209 1120
1615480702126 0.8802708387374878 1121
1615480736728 0.8879603147506714 1122
1615480771534 0.8853307366371155 1123
1615480805922 0.9101967811584473 1124
1615480840596 0.9079142212867737 1125
1615480874612 0.8709771633148193 1126
1615480908644 0.9034582376480103 1127
1615480943028 0.8890091180801392 1128
1615480977403 0.8621079921722412 1129
1615481015808 0.8906884789466858 1130
1615481050189 0.8856416940689087 1131
1615481084650 0.8867172002792358 1132
1615481118998 0.8772871494293213 1133
1615481154015 0.8878027200698853 1134
1615481189541 0.8799272775650024 1135
1615481224586 0.890620768070221 1136
1615481259002 0.9045025110244751 1137
1615481293910 0.8837523460388184 1138
1615481329330 0.8801355957984924 1139
1615481368072 0.894974946975708 1140
1615481402522 0.8843438625335693 1141
1615481437041 0.8976981043815613 1142
1615481471023 0.9011690616607666 1143
1615481505384 0.892432689666748 1144
1615481539468 0.872072696685791 1145
1615481574064 0.8897249698638916 1146
1615481608540 0.8845161199569702 1147
1615481642969 0.8860406875610352 1148
1615481678291 0.9048049449920654 1149
1615481717538 0.8783310651779175 1150
1615481752182 0.8760608434677124 1151
1615481787193 0.898955762386322 1152
1615481821577 0.8672163486480713 1153
1615481856165 0.904521107673645 1154
1615481890212 0.8798834085464478 1155
1615481924801 0.8807125091552734 1156
1615481958882 0.8653919696807861 1157
1615481993205 0.8919038772583008 1158
1615482027743 0.878136157989502 1159
1615482066626 0.8859444856643677 1160
1615482101443 0.8818530440330505 1161
1615482136413 0.8948112726211548 1162
1615482171289 0.887228786945343 1163
1615482205830 0.8826299905776978 1164
1615482240290 0.8903505802154541 1165
1615482274989 0.8699100017547607 1166
1615482310004 0.8771103620529175 1167
1615482344041 0.8890015482902527 1168
1615482378477 0.8703171014785767 1169
1615482416552 0.8868215084075928 1170
1615482451068 0.8766351938247681 1171
1615482485555 0.8750160336494446 1172
1615482519858 0.8950498700141907 1173
1615482554171 0.8977488279342651 1174
1615482588398 0.886197030544281 1175
1615482622752 0.8827731609344482 1176
1615482657333 0.894545316696167 1177
1615482691736 0.8866525888442993 1178
1615482726222 0.9024986624717712 1179
1615482764552 0.9066951274871826 1180
1615482799058 0.895148754119873 1181
1615482833909 0.8836691975593567 1182
1615482868801 0.8875761032104492 1183
1615482903987 0.8920987844467163 1184
1615482938947 0.8950084447860718 1185
1615482972985 0.9007207751274109 1186
1615483007558 0.8899135589599609 1187
1615483042533 0.8937965631484985 1188
1615483076761 0.8690105676651001 1189
1615483115224 0.8721713423728943 1190
1615483149160 0.8923825621604919 1191
1615483183599 0.8933460712432861 1192
1615483217760 0.9020479917526245 1193
1615483252151 0.8863083720207214 1194
1615483286474 0.8947885036468506 1195
1615483320653 0.8781648874282837 1196
1615483355115 0.8812344670295715 1197
1615483389511 0.9136252403259277 1198
1615483423903 0.8899306654930115 1199
1615483462424 0.8642100095748901 1200
1615483490743 0.8839249610900879 0
1615483490763 0.8839249610900879 0
