1615441674416 0.04174709692597389 1
1615441708339 0.03729959577322006 2
1615441742543 0.033092573285102844 3
1615441776808 0.030411269515752792 4
1615441811192 0.028965119272470474 5
1615441845177 0.027030035853385925 6
1615441879320 0.026830457150936127 7
1615441913486 0.025174327194690704 8
1615441948099 0.026002034544944763 9
1615441986211 0.02607143297791481 10
1615442020562 0.02525673806667328 11
1615442054880 0.024679239839315414 12
1615442088978 0.02401045337319374 13
1615442123369 0.023418448865413666 14
1615442157703 0.023277420550584793 15
1615442191728 0.023179389536380768 16
1615442225918 0.022143449634313583 17
1615442260167 0.023193631321191788 18
1615442294506 0.022018535062670708 19
1615442333260 0.02257322520017624 20
1615442367379 0.022835418581962585 21
1615442401437 0.022166017442941666 22
1615442435540 0.021833540871739388 23
1615442469923 0.021708056330680847 24
1615442504167 0.020434545353055 25
1615442538579 0.022015981376171112 26
1615442572696 0.021076753735542297 27
1615442606907 0.02110304683446884 28
1615442641283 0.02079649828374386 29
1615442679837 0.021500978618860245 30
1615442714421 0.021531593054533005 31
1615442748673 0.02127016708254814 32
1615442782716 0.020821142941713333 33
1615442817117 0.019501492381095886 34
1615442851679 0.020306238904595375 35
1615442886117 0.02252395637333393 36
1615442920352 0.021116483956575394 37
1615442954708 0.020000115036964417 38
1615442989123 0.021981626749038696 39
1615443027449 0.02067416161298752 40
1615443061884 0.019957520067691803 41
1615443096108 0.021053265780210495 42
1615443130615 0.02040395885705948 43
1615443165042 0.01990492269396782 44
1615443199117 0.01949869841337204 45
1615443233199 0.020904768258333206 46
1615443267586 0.020721713081002235 47
1615443302076 0.019059767946600914 48
1615443336523 0.018941756337881088 49
1615443374890 0.01820182055234909 50
1615443409327 0.018816163763403893 51
1615443443361 0.019478224217891693 52
1615443477284 0.021738283336162567 53
1615443511681 0.019441232085227966 54
1615443545620 0.019098108634352684 55
1615443579856 0.020061295479536057 56
1615443614288 0.019794035702943802 57
1615443648451 0.019243918359279633 58
1615443682685 0.019877329468727112 59
1615443720848 0.020787641406059265 60
1615443755270 0.018944337964057922 61
1615443789399 0.018161887302994728 62
1615443823572 0.019289124757051468 63
1615443857778 0.01859425939619541 64
1615443892208 0.019214503467082977 65
1615443926610 0.019271519035100937 66
1615443961011 0.01993837207555771 67
1615443995102 0.019615065306425095 68
1615444029477 0.018251121044158936 69
1615444067883 0.017870251089334488 70
1615444101866 0.01881783828139305 71
1615444135856 0.019261764362454414 72
1615444170171 0.018561845645308495 73
1615444204447 0.017849542200565338 74
1615444238841 0.01945887878537178 75
1615444273083 0.018183033913373947 76
1615444307363 0.019199201837182045 77
1615444341881 0.017684921622276306 78
1615444376167 0.018002213910222054 79
1615444414731 0.018807629123330116 80
1615444448979 0.017694339156150818 81
1615444483402 0.018641715869307518 82
1615444517682 0.017749013379216194 83
1615444552161 0.01772899180650711 84
1615444586145 0.016854137182235718 85
1615444620607 0.01733355224132538 86
1615444654775 0.01631113328039646 87
1615444689213 0.017868388444185257 88
1615444723411 0.017276732251048088 89
1615444762058 0.01821942999958992 90
1615444796398 0.01705261319875717 91
1615444830781 0.018023498356342316 92
1615444864797 0.01952265575528145 93
1615444899102 0.016678955405950546 94
1615444933237 0.01816922053694725 95
1615444967320 0.017688367515802383 96
1615445001848 0.018507391214370728 97
1615445036215 0.019503414630889893 98
1615445070376 0.018733374774456024 99
1615445108594 0.018243547528982162 100
1615445143149 0.017221178859472275 101
1615445177610 0.01641659252345562 102
1615445211752 0.01780644990503788 103
1615445246149 0.017359409481287003 104
1615445280387 0.018744634464383125 105
1615445314856 0.01791185885667801 106
1615445348898 0.01738051511347294 107
1615445383048 0.017535334452986717 108
1615445417506 0.016773724928498268 109
1615445455574 0.016887690871953964 110
1615445489537 0.017344515770673752 111
1615445524001 0.017690543085336685 112
1615445558586 0.018868550658226013 113
1615445593126 0.01789327897131443 114
1615445627464 0.016719939187169075 115
1615445661683 0.017055712640285492 116
1615445696151 0.01714559644460678 117
1615445730332 0.017901290208101273 118
1615445764556 0.017372366040945053 119
1615445803244 0.016561025753617287 120
1615445837439 0.016076046973466873 121
1615445871414 0.015739988535642624 122
1615445905653 0.01763405092060566 123
1615445939553 0.018326230347156525 124
1615445974181 0.01606043241918087 125
1615446008431 0.016853030771017075 126
1615446042349 0.01601506397128105 127
1615446076432 0.01698289066553116 128
1615446110803 0.017356563359498978 129
1615446148841 0.016318880021572113 130
1615446183038 0.01609809324145317 131
1615446216993 0.015539024956524372 132
1615446251331 0.017123308032751083 133
1615446285763 0.016459031030535698 134
1615446319756 0.016344843432307243 135
1615446353832 0.015447456389665604 136
1615446388372 0.01664656773209572 137
1615446422529 0.016185740008950233 138
1615446457111 0.01644292101264 139
1615446495546 0.01754293404519558 140
1615446530332 0.01650141179561615 141
1615446564563 0.016068723052740097 142
1615446598827 0.016213754191994667 143
1615446633071 0.015377761796116829 144
1615446667523 0.017107374966144562 145
1615446701517 0.014492744579911232 146
1615446735848 0.016653314232826233 147
1615446770192 0.01629621535539627 148
1615446804274 0.015479632653295994 149
1615446842601 0.015514614060521126 150
1615446876887 0.015518633648753166 151
1615446911021 0.017763875424861908 152
1615446945198 0.01630225218832493 153
1615446979222 0.01698566973209381 154
1615447013762 0.016242019832134247 155
1615447048144 0.015576220117509365 156
1615447082585 0.017242882400751114 157
1615447117050 0.01556097436696291 158
1615447151548 0.019194750115275383 159
1615447189879 0.01492574717849493 160
1615447223961 0.0162653885781765 161
1615447258436 0.016361014917492867 162
1615447292534 0.014277175068855286 163
1615447326568 0.015205059200525284 164
1615447360990 0.01741502806544304 165
1615447395433 0.015069760382175446 166
1615447429325 0.016058020293712616 167
1615447463488 0.014924969524145126 168
1615447497415 0.01685335487127304 169
1615447535964 0.016432370990514755 170
1615447569928 0.015615049749612808 171
1615447604484 0.015810074284672737 172
1615447638760 0.017634261399507523 173
1615447673220 0.016671806573867798 174
1615447707837 0.015293410047888756 175
1615447742044 0.01524817943572998 176
1615447776634 0.015265445224940777 177
1615447810768 0.015168341808021069 178
1615447845197 0.015364255756139755 179
1615447883376 0.015098059549927711 180
1615447917493 0.014809325337409973 181
1615447951693 0.01506410539150238 182
1615447986076 0.014828070998191833 183
1615448020575 0.015270214527845383 184
1615448054705 0.015263095498085022 185
1615448089111 0.014584243297576904 186
1615448123536 0.015381776727735996 187
1615448157474 0.01582663133740425 188
1615448191613 0.01560763455927372 189
1615448229460 0.016163915395736694 190
1615448263613 0.015734095126390457 191
1615448298075 0.01523524522781372 192
1615448332366 0.016514848917722702 193
1615448366764 0.01614103652536869 194
1615448401278 0.01661430485546589 195
1615448435572 0.014440025202929974 196
1615448469904 0.014850448817014694 197
1615448504440 0.01310482807457447 198
1615448538911 0.01608918607234955 199
1615448577562 0.013999966904520988 200
1615448611962 0.015452366322278976 201
1615448646046 0.01534836646169424 202
1615448680284 0.016430089250206947 203
1615448714423 0.014369452372193336 204
1615448748757 0.015327146276831627 205
1615448783232 0.014589957892894745 206
1615448817180 0.015534508973360062 207
1615448851603 0.01545702014118433 208
1615448886073 0.013721685856580734 209
1615448924628 0.016078084707260132 210
1615448959052 0.015252390876412392 211
1615448993416 0.014821715652942657 212
1615449027624 0.013621561229228973 213
1615449062129 0.014256110414862633 214
1615449096607 0.01500766258686781 215
1615449130559 0.01562083512544632 216
1615449164953 0.01527797244489193 217
1615449199182 0.013650570064783096 218
1615449233277 0.014880392700433731 219
1615449271876 0.013832912780344486 220
1615449305859 0.01491956040263176 221
1615449340265 0.015393923968076706 222
1615449374318 0.015256230719387531 223
1615449408305 0.01481266226619482 224
1615449442417 0.015671031549572945 225
1615449476762 0.015568269416689873 226
1615449511169 0.014164023101329803 227
1615449545082 0.016200322657823563 228
1615449579287 0.013314240612089634 229
1615449617598 0.014548180624842644 230
1615449651935 0.015302186831831932 231
1615449686196 0.01362061407417059 232
1615449720668 0.014202877879142761 233
1615449754980 0.01307368278503418 234
1615449789346 0.01484648510813713 235
1615449823629 0.013973062857985497 236
1615449857692 0.014127322472631931 237
1615449891944 0.014814665541052818 238
1615449926081 0.014006673358380795 239
1615449964842 0.015383640304207802 240
1615449999246 0.01423082035034895 241
1615450033540 0.014959486201405525 242
1615450067844 0.013840870931744576 243
1615450102161 0.014543449506163597 244
1615450136094 0.013216895051300526 245
1615450170084 0.01293700747191906 246
1615450204203 0.013124778866767883 247
1615450238976 0.014844780787825584 248
1615450273010 0.011630499735474586 249
1615450311354 0.013929910957813263 250
1615450345694 0.013749323785305023 251
1615450379687 0.014853068627417088 252
1615450414147 0.014928748831152916 253
1615450448521 0.014574688859283924 254
1615450482938 0.013948442414402962 255
1615450516981 0.014014629647135735 256
1615450551022 0.013411502353847027 257
1615450585423 0.014696935191750526 258
1615450619851 0.013945509679615498 259
1615450658786 0.014436153694987297 260
1615450692953 0.013730468228459358 261
1615450727474 0.013757918030023575 262
1615450761998 0.013564101420342922 263
1615450796101 0.014682921580970287 264
1615450830486 0.012972487136721611 265
1615450864405 0.012816186062991619 266
1615450898694 0.013925672508776188 267
1615450932769 0.014030078426003456 268
1615450967199 0.016231555491685867 269
1615451005596 0.01471574604511261 270
1615451039984 0.013492478057742119 271
1615451074455 0.013356948271393776 272
1615451108911 0.013579536229372025 273
1615451143275 0.01569194160401821 274
1615451177300 0.012387651018798351 275
1615451211382 0.013985490426421165 276
1615451245717 0.014107270166277885 277
1615451280475 0.014191946014761925 278
1615451314846 0.01299208588898182 279
1615451353059 0.014152646996080875 280
1615451387439 0.014363262802362442 281
1615451421812 0.014828749001026154 282
1615451456349 0.014020852744579315 283
1615451490645 0.014112606644630432 284
1615451524858 0.01316592562943697 285
1615451558874 0.011979149654507637 286
1615451593117 0.014273705892264843 287
1615451627122 0.013622362166643143 288
1615451661169 0.01301638688892126 289
1615451699567 0.012609357014298439 290
1615451734003 0.012278015725314617 291
1615451768503 0.01390458270907402 292
1615451802853 0.013205619528889656 293
1615451837267 0.014312051236629486 294
1615451871754 0.012958844192326069 295
1615451905916 0.01404075138270855 296
1615451940038 0.013146141543984413 297
1615451974634 0.012777050025761127 298
1615452009217 0.013798115774989128 299
1615452048017 0.012818941846489906 300
1615452082838 0.01314044464379549 301
1615452117388 0.013251426629722118 302
1615452151928 0.012006053701043129 303
1615452186608 0.013073836453258991 304
1615452221370 0.01372973807156086 305
1615452255864 0.013071572408080101 306
1615452290481 0.012700765393674374 307
1615452325871 0.011736110784113407 308
1615452359976 0.01018235832452774 309
1615452398270 0.013667816296219826 310
1615452432410 0.013680539093911648 311
1615452466406 0.014280815608799458 312
1615452500375 0.012794452719390392 313
1615452534645 0.012187115848064423 314
1615452568993 0.015616567805409431 315
1615452603335 0.012611990794539452 316
1615452637700 0.014595074579119682 317
1615452671802 0.01569373905658722 318
1615452706116 0.012351905927062035 319
1615452745952 0.014347191900014877 320
1615452781085 0.012199807912111282 321
1615452815402 0.013963140547275543 322
1615452850300 0.0148471649736166 323
1615452884588 0.013667266815900803 324
1615452918554 0.01429738663136959 325
1615452952793 0.01310660969465971 326
1615452987783 0.013789651915431023 327
1615453021784 0.013237218372523785 328
1615453056293 0.013323121704161167 329
1615453094326 0.01392399612814188 330
1615453128354 0.014410413801670074 331
1615453162472 0.012347113341093063 332
1615453196559 0.01361178606748581 333
1615453230605 0.014091403223574162 334
1615453265009 0.013057821430265903 335
1615453299366 0.012800410389900208 336
1615453333547 0.013640498742461205 337
1615453367673 0.013463836163282394 338
1615453402698 0.013470863923430443 339
1615453442986 0.011400386691093445 340
1615453477223 0.013466931879520416 341
1615453511677 0.014617452397942543 342
1615453546050 0.01235792227089405 343
1615453580409 0.01383286528289318 344
1615453615488 0.013736503198742867 345
1615453649516 0.011435652151703835 346
1615453683963 0.01462692953646183 347
1615453718331 0.01397949643433094 348
1615453752457 0.013676224276423454 349
1615453790740 0.015340123325586319 350
1615453824970 0.013773782178759575 351
1615453859501 0.012819033116102219 352
1615453894053 0.013343007303774357 353
1615453928520 0.012960739433765411 354
1615453962971 0.01248013973236084 355
1615453997212 0.012113334611058235 356
1615454031761 0.012898723594844341 357
1615454066064 0.012868532910943031 358
1615454100598 0.012966614216566086 359
1615454139627 0.013384779915213585 360
1615454174359 0.011794010177254677 361
1615454208746 0.01311123464256525 362
1615454242920 0.011798825114965439 363
1615454277290 0.011582789942622185 364
1615454312559 0.013902969658374786 365
1615454347163 0.012717832811176777 366
1615454381263 0.013393283821642399 367
1615454415331 0.012274366803467274 368
1615454449301 0.01364973746240139 369
1615454487526 0.01144557073712349 370
1615454521784 0.012944437563419342 371
1615454556021 0.013373060151934624 372
1615454590534 0.01170399971306324 373
1615454624954 0.010878074914216995 374
1615454659704 0.010496354661881924 375
1615454695489 0.013621790334582329 376
1615454730513 0.012890356592833996 377
1615454764916 0.01315460167825222 378
1615454799613 0.01276006456464529 379
1615454838171 0.013747183606028557 380
1615454873084 0.012500024400651455 381
1615454907513 0.012776065617799759 382
1615454941593 0.01263744942843914 383
1615454975656 0.01317921094596386 384
1615455009752 0.013791652396321297 385
1615455043901 0.011378674767911434 386
1615455078212 0.012618543580174446 387
1615455112431 0.012364618480205536 388
1615455146450 0.011646447703242302 389
1615455184934 0.011885164305567741 390
1615455219680 0.01219654269516468 391
1615455254542 0.012906953692436218 392
1615455289801 0.012283014133572578 393
1615455325402 0.014946559444069862 394
1615455360812 0.012684682384133339 395
1615455395480 0.012748578563332558 396
1615455430048 0.013050086796283722 397
1615455464819 0.012264186516404152 398
1615455499268 0.012101913802325726 399
1615455538038 0.012162919156253338 400
1615455572188 0.011899522505700588 401
1615455606259 0.01325293630361557 402
1615455640350 0.012865756638348103 403
1615455674772 0.011297924444079399 404
1615455708824 0.01279527973383665 405
1615455743192 0.01337660476565361 406
1615455777557 0.011736195534467697 407
1615455811807 0.012148447334766388 408
1615455847330 0.010438704863190651 409
1615455887051 0.010886667296290398 410
1615455921907 0.011262367479503155 411
1615455956485 0.01064581423997879 412
1615455991370 0.012014228850603104 413
1615456025800 0.012400327250361443 414
1615456059922 0.012296753004193306 415
1615456094631 0.01081906259059906 416
1615456129122 0.011460133828222752 417
1615456163481 0.013316739350557327 418
1615456197427 0.012420175597071648 419
1615456235802 0.01253973226994276 420
1615456269796 0.012659797444939613 421
1615456303738 0.010702447965741158 422
1615456338176 0.01003436092287302 423
1615456372482 0.01213544886559248 424
1615456406499 0.013272076845169067 425
1615456440627 0.010750804096460342 426
1615456474852 0.011074790731072426 427
1615456509622 0.010592948645353317 428
1615456544536 0.011806614696979523 429
1615456583785 0.012543749995529652 430
1615456618575 0.01283077709376812 431
1615456652788 0.011355141177773476 432
1615456687420 0.01307380385696888 433
1615456722282 0.012028109282255173 434
1615456756832 0.012555673718452454 435
1615456790967 0.012648720294237137 436
1615456825069 0.012194358743727207 437
1615456859213 0.010584169067442417 438
1615456893421 0.012549582868814468 439
1615456931615 0.01320616900920868 440
1615456966099 0.013471681624650955 441
1615457000662 0.012378092855215073 442
1615457035447 0.01221310906112194 443
1615457070039 0.01280331052839756 444
1615457104943 0.012690408155322075 445
1615457139913 0.01159890741109848 446
1615457174323 0.011514516547322273 447
1615457208679 0.011593343690037727 448
1615457243964 0.011652389541268349 449
1615457282817 0.012694288045167923 450
1615457316946 0.013276854529976845 451
1615457351246 0.011665839701890945 452
1615457385607 0.012841196730732918 453
1615457419669 0.012974372133612633 454
1615457453663 0.01304148230701685 455
1615457487736 0.01077229343354702 456
1615457522069 0.011700784787535667 457
1615457556371 0.012509424239397049 458
1615457590547 0.013664593920111656 459
1615457629027 0.011827496811747551 460
1615457664180 0.0122609231621027 461
1615457698867 0.013084817677736282 462
1615457734233 0.011723073199391365 463
1615457768644 0.011621392332017422 464
1615457803200 0.012296987697482109 465
1615457837523 0.011312928050756454 466
1615457872396 0.010494081303477287 467
1615457906594 0.01193060539662838 468
1615457940845 0.013701414689421654 469
1615457978796 0.012592216953635216 470
1615458013259 0.012026505544781685 471
1615458047594 0.01238254364579916 472
1615458081553 0.012485792860388756 473
1615458115975 0.012171098962426186 474
1615458150134 0.012922821566462517 475
1615458184160 0.012875795364379883 476
1615458218342 0.011689658276736736 477
1615458252740 0.011438900604844093 478
1615458287180 0.011477540247142315 479
1615458325798 0.014048637822270393 480
1615458360942 0.011154604144394398 481
1615458395961 0.010730543173849583 482
1615458430703 0.012289892882108688 483
1615458465415 0.011838174425065517 484
1615458499609 0.010661379434168339 485
1615458534362 0.011421715840697289 486
1615458568875 0.012762127444148064 487
1615458602838 0.011481755413115025 488
1615458637609 0.012486828491091728 489
1615458675687 0.011439450085163116 490
1615458709738 0.010481361299753189 491
1615458743698 0.012653976678848267 492
1615458777745 0.011923519894480705 493
1615458811990 0.012543119490146637 494
1615458846187 0.012126697227358818 495
1615458880470 0.011801045387983322 496
1615458914503 0.013994180597364902 497
1615458948858 0.011067358776926994 498
1615458983156 0.010876414366066456 499
1615459021322 0.010891474783420563 500
1615459055956 0.012362032197415829 501
1615459090443 0.011706721037626266 502
1615459125077 0.011962750926613808 503
1615459160282 0.011671710759401321 504
1615459195118 0.013311094604432583 505
1615459229878 0.010970523580908775 506
1615459263946 0.011826349422335625 507
1615459298611 0.012889398261904716 508
1615459333237 0.012619085609912872 509
1615459371718 0.011769328266382217 510
1615459406493 0.01242709532380104 511
1615459441283 0.010344663634896278 512
1615459475645 0.010867899283766747 513
1615459509677 0.012492242269217968 514
1615459543954 0.011866495013237 515
1615459578215 0.012986029498279095 516
1615459612224 0.011152391321957111 517
1615459646595 0.011967733502388 518
1615459680573 0.012875308282673359 519
1615459718917 0.011966455727815628 520
1615459752950 0.010055525228381157 521
1615459787002 0.011025585234165192 522
1615459821505 0.01082425843924284 523
1615459855593 0.011747959069907665 524
1615459890361 0.013141464442014694 525
1615459926053 0.011197511106729507 526
1615459960712 0.009996231645345688 527
1615459994993 0.010362902656197548 528
1615460029610 0.011373244225978851 529
1615460068099 0.011202759109437466 530
1615460102472 0.01096034049987793 531
1615460137565 0.010702833533287048 532
1615460171994 0.011986855417490005 533
1615460206465 0.01289407443255186 534
1615460240936 0.012052984908223152 535
1615460275047 0.011446049436926842 536
1615460310248 0.010923882015049458 537
1615460346368 0.009784635156393051 538
1615460381140 0.010688855312764645 539
1615460419487 0.011242545209825039 540
1615460453762 0.011396879330277443 541
1615460489131 0.010063757188618183 542
1615460523629 0.011328941211104393 543
1615460557674 0.010125959292054176 544
1615460591911 0.01016676239669323 545
1615460626183 0.010440109297633171 546
1615460660585 0.010331518016755581 547
1615460694634 0.010123629122972488 548
1615460728605 0.011232612654566765 549
1615460766820 0.010886447504162788 550
1615460801060 0.011749433353543282 551
1615460835560 0.012222574092447758 552
1615460870716 0.011477842926979065 553
1615460905917 0.012304497882723808 554
1615460940605 0.010510440915822983 555
1615460975447 0.012200435623526573 556
1615461009851 0.012056268751621246 557
1615461044576 0.012077515944838524 558
1615461079786 0.012188617140054703 559
1615461118705 0.013740617781877518 560
1615461153117 0.012288790196180344 561
1615461187099 0.00931532308459282 562
1615461221158 0.010721385478973389 563
1615461255578 0.011861957609653473 564
1615461289785 0.010198240168392658 565
1615461323827 0.010881989262998104 566
1615461358135 0.010698770172894001 567
1615461392287 0.009887810796499252 568
1615461426785 0.011856792494654655 569
1615461466297 0.012061430141329765 570
1615461501229 0.010334299877285957 571
1615461535939 0.010614810511469841 572
1615461571177 0.011410092003643513 573
1615461605741 0.011234315112233162 574
1615461640479 0.01181293185800314 575
1615461674869 0.009852681308984756 576
1615461708931 0.011542730033397675 577
1615461743123 0.010586878284811974 578
1615461777119 0.01149192824959755 579
1615461815463 0.013163559138774872 580
1615461850018 0.008598806336522102 581
1615461884627 0.011389321647584438 582
1615461919976 0.010439201258122921 583
1615461954810 0.012684226036071777 584
1615461989384 0.011123898439109325 585
1615462023958 0.012436404824256897 586
1615462058131 0.010717997327446938 587
1615462092299 0.013491146266460419 588
1615462126372 0.011148979887366295 589
1615462165321 0.010202331468462944 590
1615462199853 0.012281944043934345 591
1615462233995 0.009795770049095154 592
1615462268147 0.009428109973669052 593
1615462302351 0.00990663468837738 594
1615462336592 0.01070547103881836 595
1615462370638 0.01034530159085989 596
1615462404665 0.010564049705862999 597
1615462438674 0.012452451512217522 598
1615462473030 0.009526832029223442 599
1615462511296 0.01173260435461998 600
1615462545671 0.012189853936433792 601
1615462579744 0.013458006083965302 602
1615462613851 0.009174764156341553 603
1615462648358 0.01213299110531807 604
1615462683170 0.00981905311346054 605
1615462717899 0.010517360642552376 606
1615462753540 0.010399469174444675 607
1615462788378 0.010441599413752556 608
1615462823028 0.010809805244207382 609
1615462861326 0.011827688664197922 610
1615462896636 0.010381748899817467 611
1615462931278 0.010779168456792831 612
1615462965553 0.0114601394161582 613
1615462999798 0.011305047199130058 614
1615463034277 0.01224779523909092 615
1615463068277 0.011138618923723698 616
1615463102698 0.011180547997355461 617
1615463137003 0.011063629761338234 618
1615463171037 0.011798158288002014 619
1615463209083 0.00968188513070345 620
1615463243389 0.011741513386368752 621
1615463277511 0.011230614967644215 622
1615463311704 0.012110322713851929 623
1615463346438 0.011506490409374237 624
1615463380556 0.012388957664370537 625
1615463415012 0.01203469093888998 626
1615463449252 0.010194018483161926 627
1615463484097 0.011243043467402458 628
1615463518602 0.01140044815838337 629
1615463557346 0.010819803923368454 630
1615463592322 0.010889466851949692 631
1615463627004 0.01100142952054739 632
1615463661601 0.010502690449357033 633
1615463695824 0.011423937045037746 634
1615463730659 0.011966751888394356 635
1615463765351 0.010670995339751244 636
1615463800846 0.009890057146549225 637
1615463835146 0.009709848091006279 638
1615463869546 0.010833187028765678 639
1615463908311 0.011418846435844898 640
1615463942410 0.009745769202709198 641
1615463976666 0.009850988164544106 642
1615464010835 0.012557169422507286 643
1615464044992 0.009765980765223503 644
1615464079082 0.010168228298425674 645
1615464113514 0.012007956393063068 646
1615464147571 0.01098148338496685 647
1615464181683 0.01134467776864767 648
1615464216359 0.01002359576523304 649
1615464255094 0.01233968511223793 650
1615464289417 0.011757897213101387 651
1615464323918 0.012406105175614357 652
1615464358591 0.012032503262162209 653
1615464393682 0.011756382882595062 654
1615464428595 0.010977238416671753 655
1615464463293 0.011240433901548386 656
1615464499731 0.010024989023804665 657
1615464534488 0.010464554652571678 658
1615464568800 0.012916023842990398 659
1615464607302 0.01240247767418623 660
1615464641514 0.009923908859491348 661
1615464675971 0.009217909537255764 662
1615464710355 0.010906115174293518 663
1615464744711 0.011281781829893589 664
1615464779177 0.012008871883153915 665
1615464813279 0.010339727625250816 666
1615464847570 0.013460744172334671 667
1615464882368 0.010442085564136505 668
1615464916901 0.011597966775298119 669
1615464955302 0.01227511279284954 670
1615464989726 0.013509818352758884 671
1615465024428 0.008993257768452168 672
1615465059426 0.00984526239335537 673
1615465094706 0.009784330613911152 674
1615465129396 0.009051102213561535 675
1615465164048 0.011003070510923862 676
1615465198802 0.01167379878461361 677
1615465233168 0.011852884665131569 678
1615465267852 0.01231512799859047 679
1615465306702 0.012529438361525536 680
1615465341156 0.010012912563979626 681
1615465375301 0.010900817811489105 682
1615465409634 0.011742260307073593 683
1615465444106 0.011224675923585892 684
1615465478158 0.010578133165836334 685
1615465512588 0.01162722334265709 686
1615465546981 0.011277821846306324 687
1615465581155 0.011608298867940903 688
1615465615273 0.010212479159235954 689
1615465653895 0.009944985620677471 690
1615465687993 0.012860815040767193 691
1615465722362 0.009395967237651348 692
1615465756629 0.01083948090672493 693
1615465791040 0.009312625974416733 694
1615465826000 0.00953503604978323 695
1615465860666 0.009951842948794365 696
1615465895660 0.012600688263773918 697
1615465930396 0.010035719722509384 698
1615465964673 0.011965937912464142 699
1615466003133 0.013111667707562447 700
1615466037556 0.010531515814363956 701
1615466072229 0.009606944397091866 702
1615466106727 0.010247142985463142 703
1615466140722 0.010432826355099678 704
1615466175030 0.010821094736456871 705
1615466209082 0.009844206273555756 706
1615466243410 0.010227624326944351 707
1615466277449 0.011737007647752762 708
1615466311767 0.010285455733537674 709
1615466350265 0.011688688769936562 710
1615466384140 0.010738595388829708 711
1615466418337 0.01153176836669445 712
1615466452803 0.011355428025126457 713
1615466487041 0.008861735463142395 714
1615466521398 0.009892148897051811 715
1615466555528 0.00937680620700121 716
1615466590044 0.010229647159576416 717
1615466625001 0.01108875684440136 718
1615466659596 0.010707365348935127 719
1615466698209 0.010782831348478794 720
1615466732510 0.013300244696438313 721
1615466767634 0.009948980063199997 722
1615466802184 0.009004907682538033 723
1615466836653 0.011292435228824615 724
1615466871025 0.011013204231858253 725
1615466906149 0.01122686080634594 726
1615466940605 0.008946497924625874 727
1615466975052 0.011450386606156826 728
1615467009548 0.009001126512885094 729
1615467047837 0.011254673823714256 730
1615467081855 0.00972716137766838 731
1615467116122 0.010723482817411423 732
1615467150354 0.012084390968084335 733
1615467184395 0.011283621191978455 734
1615467218603 0.011546102352440357 735
1615467252737 0.011982801370322704 736
1615467287517 0.011988653801381588 737
1615467322805 0.009584140032529831 738
1615467357351 0.013313332572579384 739
1615467397253 0.011325683444738388 740
1615467431788 0.010215344838798046 741
1615467466911 0.011504150927066803 742
1615467501376 0.01147664338350296 743
1615467535966 0.010247454047203064 744
1615467570351 0.009790468029677868 745
1615467604840 0.009708553552627563 746
1615467639236 0.011977256275713444 747
1615467673511 0.011157087981700897 748
1615467707587 0.011240830644965172 749
1615467745740 0.011944450438022614 750
1615467781195 0.011516932398080826 751
1615467817031 0.010054534301161766 752
1615467851674 0.009650240652263165 753
1615467886608 0.01125776395201683 754
1615467921054 0.00984526053071022 755
1615467955584 0.011669715866446495 756
1615467990000 0.010604714043438435 757
1615468024986 0.012478755787014961 758
1615468059148 0.012678233906626701 759
1615468098087 0.008579746820032597 760
1615468132096 0.011115617118775845 761
1615468166385 0.01051943376660347 762
1615468200896 0.009445872157812119 763
1615468235138 0.009617885574698448 764
1615468269315 0.00976971723139286 765
1615468303466 0.010823439806699753 766
1615468337423 0.010334983468055725 767
1615468371742 0.011658089235424995 768
1615468406326 0.011989675462245941 769
1615468444607 0.009369769133627415 770
1615468479100 0.013019446283578873 771
1615468513578 0.01231522485613823 772
1615468548116 0.011565249413251877 773
1615468582529 0.011746739968657494 774
1615468616999 0.010254163295030594 775
1615468652267 0.009777070954442024 776
1615468687280 0.010825938545167446 777
1615468721705 0.011356955394148827 778
1615468755897 0.01030927337706089 779
1615468794301 0.010559318587183952 780
1615468828589 0.010816109366714954 781
1615468862732 0.010028790682554245 782
1615468897555 0.010194535367190838 783
1615468931747 0.009819688275456429 784
1615468965836 0.011777320876717567 785
1615468999912 0.009979547932744026 786
1615469033961 0.010724226012825966 787
1615469067964 0.01057475432753563 788
1615469102318 0.011836890131235123 789
1615469140853 0.011490432545542717 790
1615469175280 0.011504054069519043 791
1615469209786 0.010117200203239918 792
1615469244301 0.010129649192094803 793
1615469278922 0.00949180033057928 794
1615469313110 0.009580790996551514 795
1615469347258 0.011345235630869865 796
1615469381283 0.009067368693649769 797
1615469415728 0.011049747467041016 798
1615469450160 0.010218897834420204 799
1615469488739 0.010755009949207306 800
1615469524623 0.010169108398258686 801
1615469559691 0.010916827246546745 802
1615469594203 0.010650906711816788 803
1615469629252 0.009028078988194466 804
1615469663747 0.010306170210242271 805
1615469698305 0.012353327125310898 806
1615469732380 0.012959275394678116 807
1615469766800 0.011963309720158577 808
1615469800725 0.011458522640168667 809
1615469839093 0.009965093806385994 810
1615469873489 0.010252788662910461 811
1615469908127 0.008655342273414135 812
1615469942898 0.011609241366386414 813
1615469977788 0.010548584163188934 814
1615470012486 0.009189575910568237 815
1615470047210 0.011043536476790905 816
1615470081984 0.010943570174276829 817
1615470116553 0.009983668103814125 818
1615470150700 0.008873349986970425 819
1615470189531 0.010807382874190807 820
1615470223614 0.010670211166143417 821
1615470258442 0.012314153835177422 822
1615470292976 0.011261429637670517 823
1615470327459 0.012004800140857697 824
1615470361558 0.009888548403978348 825
1615470395595 0.013715243898332119 826
1615470430044 0.008715223520994186 827
1615470464567 0.012559313327074051 828
1615470498576 0.01115298829972744 829
1615470536876 0.012508081272244453 830
1615470571099 0.008918533101677895 831
1615470605772 0.011143537238240242 832
1615470640362 0.010487117804586887 833
1615470675121 0.01199529878795147 834
1615470709631 0.010030267760157585 835
1615470744226 0.011165786534547806 836
1615470779037 0.0108057651668787 837
1615470813376 0.011428618803620338 838
1615470848026 0.010381573811173439 839
1615470886888 0.01397688128054142 840
1615470922520 0.010499188676476479 841
1615470956810 0.012585210613906384 842
1615470990829 0.009414782747626305 843
1615471024885 0.011828799732029438 844
1615471059136 0.011317139491438866 845
1615471093548 0.010799813084304333 846
1615471127982 0.011227300390601158 847
1615471162130 0.010852928273379803 848
1615471196635 0.012893018312752247 849
1615471235365 0.010915549471974373 850
1615471270282 0.009326520375907421 851
1615471305530 0.011987417005002499 852
1615471340147 0.009686009958386421 853
1615471375082 0.01042819581925869 854
1615471409926 0.010318337939679623 855
1615471444552 0.009582825005054474 856
1615471478808 0.010826335288584232 857
1615471513863 0.009518329054117203 858
1615471548040 0.011008626781404018 859
1615471586189 0.011514689773321152 860
1615471620316 0.008603913709521294 861
1615471654409 0.0090915746986866 862
1615471688853 0.010713955387473106 863
1615471722986 0.010324806906282902 864
1615471757070 0.010340388864278793 865
1615471791452 0.011229855939745903 866
1615471826057 0.010836318135261536 867
1615471860909 0.010053826496005058 868
1615471895502 0.009535015560686588 869
1615471935174 0.010759716853499413 870
1615471970289 0.010029667988419533 871
1615472005279 0.010362749919295311 872
1615472039507 0.010066408663988113 873
1615472073647 0.012409993447363377 874
1615472108193 0.013039210811257362 875
1615472142741 0.01032146718353033 876
1615472176776 0.010185746476054192 877
1615472211274 0.00895064789801836 878
1615472245627 0.011527439579367638 879
1615472283923 0.009638961404561996 880
1615472318463 0.009454654529690742 881
1615472352407 0.009686581790447235 882
1615472386669 0.011362291872501373 883
1615472421116 0.010868648067116737 884
1615472455348 0.011947108432650566 885
1615472489897 0.012737099081277847 886
1615472524332 0.010581215843558311 887
1615472559009 0.010859692469239235 888
1615472593790 0.011558279395103455 889
1615472632820 0.011229045689105988 890
1615472667485 0.012479952536523342 891
1615472702197 0.009584380313754082 892
1615472736450 0.010841620154678822 893
1615472771181 0.010539455339312553 894
1615472805444 0.010494998656213284 895
1615472839622 0.010624511167407036 896
1615472874431 0.01326807215809822 897
1615472908738 0.008920032531023026 898
1615472942801 0.01143235806375742 899
1615472981528 0.010638467036187649 900
1615473015578 0.012623394839465618 901
1615473049596 0.012249212712049484 902
1615473084012 0.01242178026586771 903
1615473118125 0.010861441493034363 904
1615473152264 0.011150913313031197 905
1615473186508 0.012321887537837029 906
1615473221144 0.008707016706466675 907
1615473255734 0.01190196443349123 908
1615473290539 0.010850843042135239 909
1615473329260 0.011611184105277061 910
1615473363615 0.011358979158103466 911
1615473398196 0.011554494500160217 912
1615473432528 0.010159429162740707 913
1615473467466 0.011344275437295437 914
1615473501816 0.010516739450395107 915
1615473536336 0.00989888608455658 916
1615473570387 0.009480416774749756 917
1615473604595 0.011438068002462387 918
1615473638705 0.011291278526186943 919
1615473676934 0.009861566126346588 920
1615473711356 0.00940633937716484 921
1615473745390 0.010801473632454872 922
1615473779936 0.01152111403644085 923
1615473814243 0.010477392002940178 924
1615473848646 0.010912610217928886 925
1615473882904 0.010552868247032166 926
1615473917717 0.01127057895064354 927
1615473952426 0.011002723127603531 928
1615473987412 0.009710095822811127 929
1615474027020 0.010370772331953049 930
1615474061927 0.008714601397514343 931
1615474096719 0.01017843559384346 932
1615474131162 0.010398229584097862 933
1615474166737 0.010373040102422237 934
1615474200921 0.011385897174477577 935
1615474235423 0.010354535654187202 936
1615474269694 0.010309552773833275 937
1615474303807 0.011610480025410652 938
1615474337904 0.009122059680521488 939
1615474376503 0.009908432140946388 940
1615474410517 0.010937068611383438 941
1615474444766 0.009796766564249992 942
1615474479061 0.011282995343208313 943
1615474513962 0.011859346181154251 944
1615474549113 0.009760601446032524 945
1615474583831 0.01224881038069725 946
1615474618970 0.011182200163602829 947
1615474653589 0.009735631756484509 948
1615474688200 0.010836753062903881 949
1615474727106 0.010229317471385002 950
1615474762265 0.011253711767494678 951
1615474796813 0.011093152686953545 952
1615474831001 0.012291932478547096 953
1615474865100 0.012145843356847763 954
1615474899113 0.009996818378567696 955
1615474933387 0.009793123230338097 956
1615474967515 0.012472858652472496 957
1615475001892 0.01123850792646408 958
1615475036430 0.013106605038046837 959
1615475075131 0.010247942060232162 960
1615475109520 0.012402599677443504 961
1615475143759 0.012657895684242249 962
1615475178503 0.009818116202950478 963
1615475213522 0.011448267847299576 964
1615475248046 0.010356452316045761 965
1615475282863 0.009678421542048454 966
1615475317452 0.011268865317106247 967
1615475351790 0.01052077580243349 968
1615475385854 0.011636096984148026 969
1615475424596 0.011537483893334866 970
1615475458896 0.01036706194281578 971
1615475493360 0.00965883769094944 972
1615475528564 0.010322483256459236 973
1615475563059 0.010128702037036419 974
1615475597497 0.010249330662190914 975
1615475631726 0.010541309602558613 976
1615475666124 0.009768826887011528 977
1615475700239 0.011777255684137344 978
1615475734916 0.009946784004569054 979
1615475773851 0.010541762225329876 980
1615475809519 0.01176702044904232 981
1615475844494 0.009983662515878677 982
1615475879163 0.010213274508714676 983
1615475914053 0.010814584791660309 984
1615475948469 0.009441661648452282 985
1615475983009 0.011089248582720757 986
1615476017251 0.011387139558792114 987
1615476051365 0.0140728410333395 988
1615476085436 0.008864564821124077 989
1615476123897 0.010626332834362984 990
1615476158329 0.010554404929280281 991
1615476192753 0.010171974077820778 992
1615476227543 0.010532265529036522 993
1615476262473 0.01089955773204565 994
1615476297275 0.01107928529381752 995
1615476332065 0.009306445717811584 996
1615476366782 0.011411406099796295 997
1615476401180 0.01084903534501791 998
1615476436183 0.011359110474586487 999
1615476475325 0.010106254369020462 1000
1615476509789 0.010684119537472725 1001
1615476543831 0.009592822752892971 1002
1615476578314 0.010408301837742329 1003
1615476612754 0.011394079774618149 1004
1615476647201 0.009787533432245255 1005
1615476681374 0.009518444538116455 1006
1615476716121 0.011498447507619858 1007
1615476750479 0.009678703732788563 1008
1615476784877 0.009995571337640285 1009
1615476823831 0.01095113717019558 1010
1615476858861 0.010778003372251987 1011
1615476893368 0.011990733444690704 1012
1615476928121 0.010590317659080029 1013
1615476962943 0.010760446079075336 1014
1615476997458 0.010170526802539825 1015
1615477031631 0.009865961968898773 1016
1615477065648 0.009831124916672707 1017
1615477099656 0.010976318269968033 1018
1615477134096 0.00958434771746397 1019
1615477172584 0.009619012475013733 1020
1615477206935 0.010280546732246876 1021
1615477241269 0.010860222391784191 1022
1615477275966 0.00865284726023674 1023
1615477311417 0.00991998240351677 1024
1615477346267 0.010999374091625214 1025
1615477380881 0.01087375171482563 1026
1615477415557 0.010937051847577095 1027
1615477450171 0.011049872264266014 1028
1615477484577 0.01111797895282507 1029
1615477522958 0.010163767263293266 1030
1615477557026 0.012111708521842957 1031
1615477591375 0.010959286242723465 1032
1615477625805 0.01260862685739994 1033
1615477660195 0.011773576959967613 1034
1615477694714 0.009434443898499012 1035
1615477728987 0.01045244187116623 1036
1615477763435 0.011444400064647198 1037
1615477797398 0.009584691375494003 1038
1615477831493 0.010306879878044128 1039
1615477869965 0.0097392238676548 1040
1615477904157 0.010582974180579185 1041
1615477938996 0.01184164360165596 1042
1615477973843 0.010027742013335228 1043
1615478009023 0.00946250930428505 1044
1615478043929 0.01230183057487011 1045
1615478078835 0.010652776807546616 1046
1615478113247 0.010481812991201878 1047
1615478148387 0.010028572753071785 1048
1615478182514 0.010008824989199638 1049
1615478220748 0.010442063212394714 1050
1615478255029 0.010123040527105331 1051
1615478289455 0.010259777307510376 1052
1615478323985 0.01411069929599762 1053
1615478358430 0.011327343992888927 1054
1615478392939 0.01124443020671606 1055
1615478427477 0.009383859112858772 1056
1615478462675 0.010757867246866226 1057
1615478497613 0.011019924655556679 1058
1615478532259 0.00909300334751606 1059
1615478572088 0.010642550885677338 1060
1615478606840 0.010310241021215916 1061
1615478641310 0.010686545632779598 1062
1615478676635 0.01241579931229353 1063
1615478710749 0.010559935122728348 1064
1615478744778 0.010128125548362732 1065
1615478778835 0.01016741432249546 1066
1615478812962 0.011458294466137886 1067
1615478847362 0.012697381898760796 1068
1615478881810 0.010000324808061123 1069
1615478919960 0.010681313462555408 1070
1615478954050 0.009199947118759155 1071
1615478988001 0.010791315697133541 1072
1615479022432 0.011973802000284195 1073
1615479056799 0.011362198740243912 1074
1615479090918 0.011016668751835823 1075
1615479125318 0.009982654824852943 1076
1615479159643 0.012493958696722984 1077
1615479193793 0.009926043450832367 1078
1615479228250 0.010336736217141151 1079
1615479267603 0.00970187596976757 1080
1615479302733 0.011503916233778 1081
1615479337762 0.010953815653920174 1082
1615479372299 0.011601682752370834 1083
1615479406756 0.010538694448769093 1084
1615479441125 0.011964961886405945 1085
1615479475357 0.009836944751441479 1086
1615479510434 0.008851761929690838 1087
1615479544598 0.010916028171777725 1088
1615479578854 0.010991217568516731 1089
1615479617317 0.00974293239414692 1090
1615479651535 0.0121964355930686 1091
1615479685978 0.008943865075707436 1092
1615479720433 0.011532476171851158 1093
1615479754738 0.01160711795091629 1094
1615479789216 0.010807398706674576 1095
1615479823618 0.010714569129049778 1096
1615479857733 0.011101366020739079 1097
1615479891992 0.012168080545961857 1098
1615479926713 0.010244173929095268 1099
1615479966146 0.01132076233625412 1100
1615480000996 0.009433884173631668 1101
1615480035634 0.011120672337710857 1102
1615480070504 0.008801104500889778 1103
1615480105076 0.011130011640489101 1104
1615480139587 0.009803218767046928 1105
1615480174595 0.01157458871603012 1106
1615480208675 0.010694989003241062 1107
1615480243215 0.009746996685862541 1108
1615480277430 0.009527962654829025 1109
1615480316330 0.01107041910290718 1110
1615480350384 0.009934742003679276 1111
1615480384602 0.010702051222324371 1112
1615480418883 0.007731678895652294 1113
1615480453127 0.010058090090751648 1114
1615480487627 0.010651649907231331 1115
1615480522901 0.010904219001531601 1116
1615480557865 0.010171165689826012 1117
1615480593105 0.009475748054683208 1118
1615480628182 0.010194998234510422 1119
1615480667292 0.011450344696640968 1120
1615480702126 0.011617313139140606 1121
1615480736728 0.009611023589968681 1122
1615480771534 0.011318208649754524 1123
1615480805922 0.009168380871415138 1124
1615480840596 0.009628767147660255 1125
1615480874612 0.010561507195234299 1126
1615480908644 0.009262535721063614 1127
1615480943028 0.01054922305047512 1128
1615480977403 0.012208789587020874 1129
1615481015808 0.011099306866526604 1130
1615481050189 0.010062158107757568 1131
1615481084650 0.010887041687965393 1132
1615481118998 0.01200708094984293 1133
1615481154015 0.009893935173749924 1134
1615481189541 0.011851655319333076 1135
1615481224586 0.010110024362802505 1136
1615481259002 0.008987091481685638 1137
1615481293910 0.010723240673542023 1138
1615481329330 0.00987595971673727 1139
1615481368072 0.008884454146027565 1140
1615481402522 0.010567829012870789 1141
1615481437041 0.01020803116261959 1142
1615481471023 0.009852875024080276 1143
1615481505384 0.008637340739369392 1144
1615481539468 0.01093052513897419 1145
1615481574064 0.010523414239287376 1146
1615481608540 0.011289553716778755 1147
1615481642969 0.011653067544102669 1148
1615481678291 0.010198218747973442 1149
1615481717538 0.010818197391927242 1150
1615481752182 0.011121781542897224 1151
1615481787193 0.009443498216569424 1152
1615481821577 0.013602565973997116 1153
1615481856165 0.01072112936526537 1154
1615481890212 0.012867407873272896 1155
1615481924801 0.010325899347662926 1156
1615481958882 0.011431318707764149 1157
1615481993205 0.011690188199281693 1158
1615482027743 0.009611682966351509 1159
1615482066626 0.010604691691696644 1160
1615482101443 0.009796123951673508 1161
1615482136413 0.00952962227165699 1162
1615482171289 0.009927473962306976 1163
1615482205830 0.011715811677277088 1164
1615482240290 0.012121513485908508 1165
1615482274989 0.01177863497287035 1166
1615482310004 0.011268330737948418 1167
1615482344041 0.01047923881560564 1168
1615482378477 0.010332997888326645 1169
1615482416552 0.009667161852121353 1170
1615482451068 0.011338897049427032 1171
1615482485555 0.011926153674721718 1172
1615482519858 0.010207248851656914 1173
1615482554171 0.010043296031653881 1174
1615482588398 0.011340256780385971 1175
1615482622752 0.010349120944738388 1176
1615482657333 0.011001449078321457 1177
1615482691736 0.010044638067483902 1178
1615482726222 0.010226394049823284 1179
1615482764552 0.008828392252326012 1180
1615482799058 0.010317882522940636 1181
1615482833909 0.010262864641845226 1182
1615482868801 0.011204416863620281 1183
1615482903987 0.009723072871565819 1184
1615482938947 0.009167598560452461 1185
1615482972985 0.009470227174460888 1186
1615483007558 0.009125186130404472 1187
1615483042533 0.01067672111093998 1188
1615483076761 0.011067306622862816 1189
1615483115224 0.01240137591958046 1190
1615483149160 0.009683309122920036 1191
1615483183599 0.009768743067979813 1192
1615483217760 0.009748594835400581 1193
1615483252151 0.010625682771205902 1194
1615483286474 0.009908040054142475 1195
1615483320653 0.01156649924814701 1196
1615483355115 0.010467850603163242 1197
1615483389511 0.008636183105409145 1198
1615483423903 0.009368905797600746 1199
1615483462424 0.010942341759800911 1200
1615483490741 0.010467275977134705 0
1615483490761 0.010467275977134705 0
