1615441674416 0.22499313950538635 1
1615441708339 0.27465739846229553 2
1615441742543 0.3680760860443115 3
1615441776808 0.479871541261673 4
1615441811192 0.5410270690917969 5
1615441845177 0.6044031977653503 6
1615441879320 0.6295948028564453 7
1615441913486 0.6641346216201782 8
1615441948099 0.6548283100128174 9
1615441986211 0.6839706897735596 10
1615442020562 0.6609863042831421 11
1615442054880 0.698462963104248 12
1615442088978 0.7052077054977417 13
1615442123369 0.7261707782745361 14
1615442157703 0.7309508919715881 15
1615442191728 0.7182775735855103 16
1615442225918 0.7362105846405029 17
1615442260167 0.7536956071853638 18
1615442294506 0.7898790836334229 19
1615442333260 0.7366350889205933 20
1615442367379 0.7520550489425659 21
1615442401437 0.7396917343139648 22
1615442435540 0.7646495699882507 23
1615442469923 0.7648253440856934 24
1615442504167 0.7738196849822998 25
1615442538579 0.7709338665008545 26
1615442572696 0.7796127200126648 27
1615442606907 0.7783368825912476 28
1615442641283 0.80301433801651 29
1615442679837 0.7918318510055542 30
1615442714421 0.7775721549987793 31
1615442748673 0.7660068273544312 32
1615442782716 0.791375994682312 33
1615442817117 0.81441330909729 34
1615442851679 0.8043280243873596 35
1615442886117 0.7814168930053711 36
1615442920352 0.7669107913970947 37
1615442954708 0.8025046586990356 38
1615442989123 0.7737417221069336 39
1615443027449 0.7903398871421814 40
1615443061884 0.8099319338798523 41
1615443096108 0.8006089925765991 42
1615443130615 0.7872676849365234 43
1615443165042 0.769615888595581 44
1615443199117 0.8231658935546875 45
1615443233199 0.8027410507202148 46
1615443267586 0.7963520288467407 47
1615443302076 0.8160816431045532 48
1615443336523 0.8056718707084656 49
1615443374890 0.8355158567428589 50
1615443409327 0.8195002675056458 51
1615443443361 0.7903963327407837 52
1615443477284 0.7796671390533447 53
1615443511681 0.8118475675582886 54
1615443545620 0.8192453384399414 55
1615443579856 0.8019897937774658 56
1615443614288 0.7933678030967712 57
1615443648451 0.7942980527877808 58
1615443682685 0.7844628095626831 59
1615443720848 0.7885808944702148 60
1615443755270 0.8146936893463135 61
1615443789399 0.8055464029312134 62
1615443823572 0.789665699005127 63
1615443857778 0.8116625547409058 64
1615443892208 0.786079466342926 65
1615443926610 0.8175914287567139 66
1615443961011 0.7931292057037354 67
1615443995102 0.8002467155456543 68
1615444029477 0.8130859732627869 69
1615444067883 0.8057335615158081 70
1615444101866 0.7937934994697571 71
1615444135856 0.8148107528686523 72
1615444170171 0.7918596863746643 73
1615444204447 0.822248101234436 74
1615444238841 0.8053480386734009 75
1615444273083 0.819618821144104 76
1615444307363 0.8016660213470459 77
1615444341881 0.8295718431472778 78
1615444376167 0.8106614351272583 79
1615444414731 0.8194282650947571 80
1615444448979 0.8174474239349365 81
1615444483402 0.8088552951812744 82
1615444517682 0.8270605206489563 83
1615444552161 0.8184455633163452 84
1615444586145 0.8237466216087341 85
1615444620607 0.8132214546203613 86
1615444654775 0.8379439115524292 87
1615444689213 0.8329107761383057 88
1615444723411 0.8063492774963379 89
1615444762058 0.8209830522537231 90
1615444796398 0.8328333497047424 91
1615444830781 0.827925443649292 92
1615444864797 0.8179751634597778 93
1615444899102 0.8464215397834778 94
1615444933237 0.8211206197738647 95
1615444967320 0.8287690877914429 96
1615445001848 0.8246708512306213 97
1615445036215 0.8112276196479797 98
1615445070376 0.8240950107574463 99
1615445108594 0.8282750844955444 100
1615445143149 0.8330799341201782 101
1615445177610 0.8513691425323486 102
1615445211752 0.8558202981948853 103
1615445246149 0.849956750869751 104
1615445280387 0.8276118040084839 105
1615445314856 0.8233340382575989 106
1615445348898 0.831363320350647 107
1615445383048 0.822609543800354 108
1615445417506 0.8442865610122681 109
1615445455574 0.8446775674819946 110
1615445489537 0.8389948606491089 111
1615445524001 0.8289934992790222 112
1615445558586 0.8332579135894775 113
1615445593126 0.8319892883300781 114
1615445627464 0.8403359651565552 115
1615445661683 0.8566148281097412 116
1615445696151 0.8443773984909058 117
1615445730332 0.8202330470085144 118
1615445764556 0.84230637550354 119
1615445803244 0.8553817272186279 120
1615445837439 0.8514569401741028 121
1615445871414 0.8448804616928101 122
1615445905653 0.8386485576629639 123
1615445939553 0.8184974193572998 124
1615445974181 0.844946026802063 125
1615446008431 0.8286371231079102 126
1615446042349 0.8519030809402466 127
1615446076432 0.8351147770881653 128
1615446110803 0.8377400636672974 129
1615446148841 0.8464494943618774 130
1615446183038 0.8417316675186157 131
1615446216993 0.8687087297439575 132
1615446251331 0.8325947523117065 133
1615446285763 0.8438176512718201 134
1615446319756 0.8463382720947266 135
1615446353832 0.846946120262146 136
1615446388372 0.8422046899795532 137
1615446422529 0.855120062828064 138
1615446457111 0.8437249660491943 139
1615446495546 0.8244972229003906 140
1615446530332 0.8496683239936829 141
1615446564563 0.8671914339065552 142
1615446598827 0.8506714105606079 143
1615446633071 0.8560490608215332 144
1615446667523 0.8433111310005188 145
1615446701517 0.8700377941131592 146
1615446735848 0.8586940765380859 147
1615446770192 0.8531783819198608 148
1615446804274 0.8583439588546753 149
1615446842601 0.8459810018539429 150
1615446876887 0.864540696144104 151
1615446911021 0.8314816951751709 152
1615446945198 0.8418552875518799 153
1615446979222 0.8362420201301575 154
1615447013762 0.854564905166626 155
1615447048144 0.8601261377334595 156
1615447082585 0.824749231338501 157
1615447117050 0.8441597819328308 158
1615447151548 0.8188406229019165 159
1615447189879 0.8473485708236694 160
1615447223961 0.844430685043335 161
1615447258436 0.8451180458068848 162
1615447292534 0.8611433506011963 163
1615447326568 0.8783602714538574 164
1615447360990 0.8334817886352539 165
1615447395433 0.8376998901367188 166
1615447429325 0.8575786352157593 167
1615447463488 0.8617150187492371 168
1615447497415 0.8562705516815186 169
1615447535964 0.8407183289527893 170
1615447569928 0.8355525732040405 171
1615447604484 0.8475061058998108 172
1615447638760 0.841138482093811 173
1615447673220 0.8554379343986511 174
1615447707837 0.8503170609474182 175
1615447742044 0.864159345626831 176
1615447776634 0.8545240163803101 177
1615447810768 0.8597058057785034 178
1615447845197 0.8437375426292419 179
1615447883376 0.8504234552383423 180
1615447917493 0.8601070642471313 181
1615447951693 0.8678759336471558 182
1615447986076 0.84210604429245 183
1615448020575 0.8434779644012451 184
1615448054705 0.86003577709198 185
1615448089111 0.8609542846679688 186
1615448123536 0.8721306324005127 187
1615448157474 0.8539086580276489 188
1615448191613 0.85887610912323 189
1615448229460 0.8620226979255676 190
1615448263613 0.861713171005249 191
1615448298075 0.8581525683403015 192
1615448332366 0.8473708629608154 193
1615448366764 0.8585949540138245 194
1615448401278 0.8308871984481812 195
1615448435572 0.8540863990783691 196
1615448469904 0.8745527267456055 197
1615448504440 0.8780264854431152 198
1615448538911 0.847278356552124 199
1615448577562 0.8723281621932983 200
1615448611962 0.8750941753387451 201
1615448646046 0.8534978628158569 202
1615448680284 0.842564582824707 203
1615448714423 0.8738706111907959 204
1615448748757 0.8599339723587036 205
1615448783232 0.873542845249176 206
1615448817180 0.8494921922683716 207
1615448851603 0.8656018376350403 208
1615448886073 0.8677955865859985 209
1615448924628 0.8323261737823486 210
1615448959052 0.8621077537536621 211
1615448993416 0.8630124926567078 212
1615449027624 0.8704933524131775 213
1615449062129 0.8590142726898193 214
1615449096607 0.8561710119247437 215
1615449130559 0.866181492805481 216
1615449164953 0.8707095384597778 217
1615449199182 0.8749650716781616 218
1615449233277 0.8620787858963013 219
1615449271876 0.8742245435714722 220
1615449305859 0.860005259513855 221
1615449340265 0.8656408190727234 222
1615449374318 0.8316550254821777 223
1615449408305 0.8523142337799072 224
1615449442417 0.8452115058898926 225
1615449476762 0.850351095199585 226
1615449511169 0.8481345176696777 227
1615449545082 0.8624876141548157 228
1615449579287 0.8822594881057739 229
1615449617598 0.86993408203125 230
1615449651935 0.867751955986023 231
1615449686196 0.8652026057243347 232
1615449720668 0.8709001541137695 233
1615449754980 0.8858614563941956 234
1615449789346 0.8563389778137207 235
1615449823629 0.8558126091957092 236
1615449857692 0.8788466453552246 237
1615449891944 0.8577569723129272 238
1615449926081 0.8597073554992676 239
1615449964842 0.8662099838256836 240
1615449999246 0.8491513729095459 241
1615450033540 0.871222972869873 242
1615450067844 0.8617019653320312 243
1615450102161 0.8791944980621338 244
1615450136094 0.8746463060379028 245
1615450170084 0.8792475461959839 246
1615450204203 0.859431803226471 247
1615450238976 0.8445978164672852 248
1615450273010 0.8906124830245972 249
1615450311354 0.8717591166496277 250
1615450345694 0.8699052333831787 251
1615450379687 0.8603913187980652 252
1615450414147 0.8770357370376587 253
1615450448521 0.8598252534866333 254
1615450482938 0.8588294982910156 255
1615450516981 0.8624417781829834 256
1615450551022 0.8757832050323486 257
1615450585423 0.8574537038803101 258
1615450619851 0.8752923011779785 259
1615450658786 0.8552083969116211 260
1615450692953 0.8639043569564819 261
1615450727474 0.8776482343673706 262
1615450761998 0.8711484670639038 263
1615450796101 0.8866485357284546 264
1615450830486 0.8717476725578308 265
1615450864405 0.8801680207252502 266
1615450898694 0.8692154884338379 267
1615450932769 0.878064751625061 268
1615450967199 0.8556469678878784 269
1615451005596 0.8537001609802246 270
1615451039984 0.8702561259269714 271
1615451074455 0.8796164989471436 272
1615451108911 0.8685112595558167 273
1615451143275 0.8469210267066956 274
1615451177300 0.8715388774871826 275
1615451211382 0.8653863072395325 276
1615451245717 0.8707924485206604 277
1615451280475 0.8574861288070679 278
1615451314846 0.8716192245483398 279
1615451353059 0.8792598247528076 280
1615451387439 0.8656749725341797 281
1615451421812 0.856751561164856 282
1615451456349 0.8616845607757568 283
1615451490645 0.8615913391113281 284
1615451524858 0.8734016418457031 285
1615451558874 0.892678439617157 286
1615451593117 0.8650692701339722 287
1615451627122 0.8536927700042725 288
1615451661169 0.8801374435424805 289
1615451699567 0.877885103225708 290
1615451734003 0.8795400857925415 291
1615451768503 0.8533999919891357 292
1615451802853 0.8554998636245728 293
1615451837267 0.8829201459884644 294
1615451871754 0.8674179315567017 295
1615451905916 0.8682509064674377 296
1615451940038 0.8799833655357361 297
1615451974634 0.8831766843795776 298
1615452009217 0.877876877784729 299
1615452048017 0.8802917003631592 300
1615452082838 0.8743747472763062 301
1615452117388 0.885968804359436 302
1615452151928 0.8835853338241577 303
1615452186608 0.8715670108795166 304
1615452221370 0.871821403503418 305
1615452255864 0.8633562326431274 306
1615452290481 0.8862355947494507 307
1615452325871 0.8856326341629028 308
1615452359976 0.9142352938652039 309
1615452398270 0.8679990768432617 310
1615452432410 0.8709518909454346 311
1615452466406 0.852419376373291 312
1615452500375 0.8719547986984253 313
1615452534645 0.8778637647628784 314
1615452568993 0.8391305208206177 315
1615452603335 0.8829432725906372 316
1615452637700 0.8637572526931763 317
1615452671802 0.8298264741897583 318
1615452706116 0.8781628608703613 319
1615452745952 0.8757058382034302 320
1615452781085 0.8784213066101074 321
1615452815402 0.8480861186981201 322
1615452850300 0.8575974106788635 323
1615452884588 0.8759022951126099 324
1615452918554 0.8420168161392212 325
1615452952793 0.868096113204956 326
1615452987783 0.8588706851005554 327
1615453021784 0.8757157325744629 328
1615453056293 0.869556188583374 329
1615453094326 0.8661651611328125 330
1615453128354 0.8678809404373169 331
1615453162472 0.8888578414916992 332
1615453196559 0.8488898277282715 333
1615453230605 0.8835134506225586 334
1615453265009 0.8777504563331604 335
1615453299366 0.8772727251052856 336
1615453333547 0.88115394115448 337
1615453367673 0.8881616592407227 338
1615453402698 0.8667441606521606 339
1615453442986 0.8924238681793213 340
1615453477223 0.8746356964111328 341
1615453511677 0.8676711916923523 342
1615453546050 0.8802843689918518 343
1615453580409 0.8689919114112854 344
1615453615488 0.8726793527603149 345
1615453649516 0.8873044848442078 346
1615453683963 0.8628746867179871 347
1615453718331 0.8662183284759521 348
1615453752457 0.8604730367660522 349
1615453790740 0.8480551242828369 350
1615453824970 0.8557181358337402 351
1615453859501 0.8773569464683533 352
1615453894053 0.8829881548881531 353
1615453928520 0.8847517371177673 354
1615453962971 0.8795398473739624 355
1615453997212 0.8767958879470825 356
1615454031761 0.8814231157302856 357
1615454066064 0.874456524848938 358
1615454100598 0.8672583699226379 359
1615454139627 0.8825184106826782 360
1615454174359 0.8779215216636658 361
1615454208746 0.8866688013076782 362
1615454242920 0.8838606476783752 363
1615454277290 0.8876723051071167 364
1615454312559 0.8587870597839355 365
1615454347163 0.8733915090560913 366
1615454381263 0.8647204637527466 367
1615454415331 0.8859579563140869 368
1615454449301 0.8673126101493835 369
1615454487526 0.8999276757240295 370
1615454521784 0.873693585395813 371
1615454556021 0.8642196655273438 372
1615454590534 0.8913846611976624 373
1615454624954 0.9087206125259399 374
1615454659704 0.883194625377655 375
1615454695489 0.8681735992431641 376
1615454730513 0.8823788166046143 377
1615454764916 0.87009596824646 378
1615454799613 0.8836105465888977 379
1615454838171 0.8511328101158142 380
1615454873084 0.8844256401062012 381
1615454907513 0.8912044763565063 382
1615454941593 0.8910940885543823 383
1615454975656 0.8646388649940491 384
1615455009752 0.8609175682067871 385
1615455043901 0.8944893479347229 386
1615455078212 0.8749464750289917 387
1615455112431 0.8752648234367371 388
1615455146450 0.8980154991149902 389
1615455184934 0.8982731103897095 390
1615455219680 0.8776555061340332 391
1615455254542 0.8786638975143433 392
1615455289801 0.8762387037277222 393
1615455325402 0.8757120370864868 394
1615455360812 0.8603806495666504 395
1615455395480 0.8646117448806763 396
1615455430048 0.8860296010971069 397
1615455464819 0.8667578101158142 398
1615455499268 0.8971247673034668 399
1615455538038 0.8870730400085449 400
1615455572188 0.8832918405532837 401
1615455606259 0.8760371804237366 402
1615455640350 0.8836884498596191 403
1615455674772 0.8923426866531372 404
1615455708824 0.878014326095581 405
1615455743192 0.8804829120635986 406
1615455777557 0.8804446458816528 407
1615455811807 0.8683325052261353 408
1615455847330 0.9105069041252136 409
1615455887051 0.8922442197799683 410
1615455921907 0.8884572982788086 411
1615455956485 0.8929245471954346 412
1615455991370 0.8949843645095825 413
1615456025800 0.8803335428237915 414
1615456059922 0.880937397480011 415
1615456094631 0.8845394849777222 416
1615456129122 0.8776076436042786 417
1615456163481 0.8591485619544983 418
1615456197427 0.8671879768371582 419
1615456235802 0.8666142225265503 420
1615456269796 0.86046302318573 421
1615456303738 0.9019388556480408 422
1615456338176 0.908001184463501 423
1615456372482 0.8870616555213928 424
1615456406499 0.8625468015670776 425
1615456440627 0.8948853015899658 426
1615456474852 0.8965840339660645 427
1615456509622 0.8978229761123657 428
1615456544536 0.8864350318908691 429
1615456583785 0.8756043910980225 430
1615456618575 0.8686550855636597 431
1615456652788 0.8895303010940552 432
1615456687420 0.8875936269760132 433
1615456722282 0.8708662986755371 434
1615456756832 0.8660464286804199 435
1615456790967 0.8928408026695251 436
1615456825069 0.879166841506958 437
1615456859213 0.898025631904602 438
1615456893421 0.8742141723632812 439
1615456931615 0.8674685955047607 440
1615456966099 0.8708873987197876 441
1615457000662 0.8775398135185242 442
1615457035447 0.8941821455955505 443
1615457070039 0.8761242628097534 444
1615457104943 0.8888449668884277 445
1615457139913 0.8824962377548218 446
1615457174323 0.8723375201225281 447
1615457208679 0.8855515718460083 448
1615457243964 0.8747580051422119 449
1615457282817 0.8816430568695068 450
1615457316946 0.8902548551559448 451
1615457351246 0.8903651237487793 452
1615457385607 0.8855466842651367 453
1615457419669 0.867743968963623 454
1615457453663 0.8623045682907104 455
1615457487736 0.8799092769622803 456
1615457522069 0.883952260017395 457
1615457556371 0.8864413499832153 458
1615457590547 0.8681052327156067 459
1615457629027 0.8926008939743042 460
1615457664180 0.8912721276283264 461
1615457698867 0.8708537220954895 462
1615457734233 0.8701813817024231 463
1615457768644 0.8785914182662964 464
1615457803200 0.8820443749427795 465
1615457837523 0.8920124173164368 466
1615457872396 0.8901386260986328 467
1615457906594 0.8782795667648315 468
1615457940845 0.8767431378364563 469
1615457978796 0.8767292499542236 470
1615458013259 0.8854835033416748 471
1615458047594 0.8900449275970459 472
1615458081553 0.8754407167434692 473
1615458115975 0.8830256462097168 474
1615458150134 0.885225772857666 475
1615458184160 0.8794971704483032 476
1615458218342 0.8689945340156555 477
1615458252740 0.8887466192245483 478
1615458287180 0.9002827405929565 479
1615458325798 0.8723461627960205 480
1615458360942 0.8704302310943604 481
1615458395961 0.8891913890838623 482
1615458430703 0.8909752368927002 483
1615458465415 0.8718380928039551 484
1615458499609 0.8856413960456848 485
1615458534362 0.8861238956451416 486
1615458568875 0.8850911855697632 487
1615458602838 0.8844223618507385 488
1615458637609 0.8817253112792969 489
1615458675687 0.8805394172668457 490
1615458709738 0.8972437381744385 491
1615458743698 0.881730318069458 492
1615458777745 0.8910267353057861 493
1615458811990 0.8893276453018188 494
1615458846187 0.8644349575042725 495
1615458880470 0.8856730461120605 496
1615458914503 0.8760703802108765 497
1615458948858 0.8862342834472656 498
1615458983156 0.8787612915039062 499
1615459021322 0.9110729694366455 500
1615459055956 0.8814722299575806 501
1615459090443 0.8885740637779236 502
1615459125077 0.8718832731246948 503
1615459160282 0.8911545872688293 504
1615459195118 0.8780606985092163 505
1615459229878 0.8896524906158447 506
1615459263946 0.8958525657653809 507
1615459298611 0.8773984313011169 508
1615459333237 0.878913402557373 509
1615459371718 0.883703351020813 510
1615459406493 0.8692900538444519 511
1615459441283 0.9023574590682983 512
1615459475645 0.8909959197044373 513
1615459509677 0.8762723803520203 514
1615459543954 0.8831344842910767 515
1615459578215 0.8767116069793701 516
1615459612224 0.9101109504699707 517
1615459646595 0.8869686126708984 518
1615459680573 0.8642941117286682 519
1615459718917 0.8789643049240112 520
1615459752950 0.8905913829803467 521
1615459787002 0.8935275077819824 522
1615459821505 0.8890446424484253 523
1615459855593 0.8887354135513306 524
1615459890361 0.868628978729248 525
1615459926053 0.8807724714279175 526
1615459960712 0.9019756317138672 527
1615459994993 0.9020938277244568 528
1615460029610 0.874352216720581 529
1615460068099 0.889477014541626 530
1615460102472 0.8793367147445679 531
1615460137565 0.8866547346115112 532
1615460171994 0.8809610605239868 533
1615460206465 0.8759682178497314 534
1615460240936 0.8882339000701904 535
1615460275047 0.8914639949798584 536
1615460310248 0.894837498664856 537
1615460346368 0.8963937759399414 538
1615460381140 0.8956012725830078 539
1615460419487 0.8918405175209045 540
1615460453762 0.8885595202445984 541
1615460489131 0.9004281759262085 542
1615460523629 0.896188497543335 543
1615460557674 0.8892459869384766 544
1615460591911 0.9012677669525146 545
1615460626183 0.8916175365447998 546
1615460660585 0.8892508745193481 547
1615460694634 0.8909950256347656 548
1615460728605 0.9011221528053284 549
1615460766820 0.9048896431922913 550
1615460801060 0.8847431540489197 551
1615460835560 0.8801404237747192 552
1615460870716 0.8914180994033813 553
1615460905917 0.8773190975189209 554
1615460940605 0.8926527500152588 555
1615460975447 0.8831640481948853 556
1615461009851 0.8886451125144958 557
1615461044576 0.8801934719085693 558
1615461079786 0.8872362375259399 559
1615461118705 0.8747931718826294 560
1615461153117 0.8888823986053467 561
1615461187099 0.8987376689910889 562
1615461221158 0.8871968388557434 563
1615461255578 0.8774449825286865 564
1615461289785 0.8974616527557373 565
1615461323827 0.8935633301734924 566
1615461358135 0.876850426197052 567
1615461392287 0.9084993600845337 568
1615461426785 0.880882203578949 569
1615461466297 0.8802906274795532 570
1615461501229 0.8971492052078247 571
1615461535939 0.8945235013961792 572
1615461571177 0.8897406458854675 573
1615461605741 0.8858989477157593 574
1615461640479 0.8824493288993835 575
1615461674869 0.9127759337425232 576
1615461708931 0.8806060552597046 577
1615461743123 0.9038535356521606 578
1615461777119 0.877537190914154 579
1615461815463 0.8787931203842163 580
1615461850018 0.9107075929641724 581
1615461884627 0.8925914168357849 582
1615461919976 0.8882249593734741 583
1615461954810 0.8744321465492249 584
1615461989384 0.8835632801055908 585
1615462023958 0.8735594153404236 586
1615462058131 0.8766204118728638 587
1615462092299 0.8672172427177429 588
1615462126372 0.8869723677635193 589
1615462165321 0.9045504927635193 590
1615462199853 0.8731780648231506 591
1615462233995 0.8824050426483154 592
1615462268147 0.8870443105697632 593
1615462302351 0.897051215171814 594
1615462336592 0.9019178152084351 595
1615462370638 0.8897296190261841 596
1615462404665 0.9008166193962097 597
1615462438674 0.8867679834365845 598
1615462473030 0.903312087059021 599
1615462511296 0.8902488946914673 600
1615462545671 0.8865306973457336 601
1615462579744 0.8788149952888489 602
1615462613851 0.9107694625854492 603
1615462648358 0.8734452724456787 604
1615462683170 0.8877530097961426 605
1615462717899 0.8968636989593506 606
1615462753540 0.8853908777236938 607
1615462788378 0.9073318243026733 608
1615462823028 0.8872396945953369 609
1615462861326 0.8869661688804626 610
1615462896636 0.8917875289916992 611
1615462931278 0.9014987945556641 612
1615462965553 0.886718213558197 613
1615462999798 0.8938579559326172 614
1615463034277 0.8702816963195801 615
1615463068277 0.8863897919654846 616
1615463102698 0.8790334463119507 617
1615463137003 0.8955076932907104 618
1615463171037 0.8940543532371521 619
1615463209083 0.907511830329895 620
1615463243389 0.8835920095443726 621
1615463277511 0.887484610080719 622
1615463311704 0.8868567943572998 623
1615463346438 0.8752213716506958 624
1615463380556 0.8736003637313843 625
1615463415012 0.8780524730682373 626
1615463449252 0.907459020614624 627
1615463484097 0.8750898838043213 628
1615463518602 0.8921889066696167 629
1615463557346 0.8928309679031372 630
1615463592322 0.886591911315918 631
1615463627004 0.893342137336731 632
1615463661601 0.8956298828125 633
1615463695824 0.8941619396209717 634
1615463730659 0.8894540071487427 635
1615463765351 0.8896926641464233 636
1615463800846 0.9028782844543457 637
1615463835146 0.9040195345878601 638
1615463869546 0.905612587928772 639
1615463908311 0.8796913027763367 640
1615463942410 0.9024521708488464 641
1615463976666 0.8941500186920166 642
1615464010835 0.8646942377090454 643
1615464044992 0.8897335529327393 644
1615464079082 0.8912066221237183 645
1615464113514 0.8906923532485962 646
1615464147571 0.8921180963516235 647
1615464181683 0.8852756023406982 648
1615464216359 0.8912553787231445 649
1615464255094 0.8883402347564697 650
1615464289417 0.8864877223968506 651
1615464323918 0.8772789239883423 652
1615464358591 0.8772929906845093 653
1615464393682 0.8834404945373535 654
1615464428595 0.8904392719268799 655
1615464463293 0.881742537021637 656
1615464499731 0.9017359018325806 657
1615464534488 0.8996331691741943 658
1615464568800 0.8767021894454956 659
1615464607302 0.8895293474197388 660
1615464641514 0.9063071012496948 661
1615464675971 0.902445375919342 662
1615464710355 0.8928978443145752 663
1615464744711 0.8876698613166809 664
1615464779177 0.8876436948776245 665
1615464813279 0.8844077587127686 666
1615464847570 0.8741003274917603 667
1615464882368 0.9001960754394531 668
1615464916901 0.8850500583648682 669
1615464955302 0.8736865520477295 670
1615464989726 0.8700297474861145 671
1615465024428 0.9141737222671509 672
1615465059426 0.8985605835914612 673
1615465094706 0.8999109268188477 674
1615465129396 0.9094802141189575 675
1615465164048 0.9009785652160645 676
1615465198802 0.8968644142150879 677
1615465233168 0.8955613970756531 678
1615465267852 0.8767520785331726 679
1615465306702 0.8867616057395935 680
1615465341156 0.9090107679367065 681
1615465375301 0.881499707698822 682
1615465409634 0.885159432888031 683
1615465444106 0.889157235622406 684
1615465478158 0.895463228225708 685
1615465512588 0.8906188011169434 686
1615465546981 0.8887674808502197 687
1615465581155 0.8841596245765686 688
1615465615273 0.8900238275527954 689
1615465653895 0.8978928327560425 690
1615465687993 0.8694482445716858 691
1615465722362 0.8934268951416016 692
1615465756629 0.8827025294303894 693
1615465791040 0.9148529767990112 694
1615465826000 0.895503044128418 695
1615465860666 0.9022685289382935 696
1615465895660 0.8685775995254517 697
1615465930396 0.9161444902420044 698
1615465964673 0.9006340503692627 699
1615466003133 0.8830188512802124 700
1615466037556 0.8989477157592773 701
1615466072229 0.8998831510543823 702
1615466106727 0.8995364904403687 703
1615466140722 0.9079592227935791 704
1615466175030 0.9046809673309326 705
1615466209082 0.895363450050354 706
1615466243410 0.8985955715179443 707
1615466277449 0.8832480907440186 708
1615466311767 0.8980167508125305 709
1615466350265 0.8899632692337036 710
1615466384140 0.899797797203064 711
1615466418337 0.8812577724456787 712
1615466452803 0.8836089372634888 713
1615466487041 0.9166015386581421 714
1615466521398 0.908139705657959 715
1615466555528 0.9018062353134155 716
1615466590044 0.8942689895629883 717
1615466625001 0.9066148996353149 718
1615466659596 0.8860833644866943 719
1615466698209 0.8783172965049744 720
1615466732510 0.8707767128944397 721
1615466767634 0.9067051410675049 722
1615466802184 0.9153544902801514 723
1615466836653 0.8889809846878052 724
1615466871025 0.891343891620636 725
1615466906149 0.8838973641395569 726
1615466940605 0.9077891111373901 727
1615466975052 0.8959255218505859 728
1615467009548 0.9072380065917969 729
1615467047837 0.9017608165740967 730
1615467081855 0.9099653959274292 731
1615467116122 0.8834784030914307 732
1615467150354 0.8875808715820312 733
1615467184395 0.8782455921173096 734
1615467218603 0.8897051215171814 735
1615467252737 0.8815674781799316 736
1615467287517 0.888142466545105 737
1615467322805 0.8947689533233643 738
1615467357351 0.8884809017181396 739
1615467397253 0.8795313239097595 740
1615467431788 0.8968274593353271 741
1615467466911 0.900850236415863 742
1615467501376 0.8849645853042603 743
1615467535966 0.8927233815193176 744
1615467570351 0.9134133458137512 745
1615467604840 0.888946533203125 746
1615467639236 0.8882939219474792 747
1615467673511 0.8785498142242432 748
1615467707587 0.886128306388855 749
1615467745740 0.8839814066886902 750
1615467781195 0.8902381658554077 751
1615467817031 0.8991652131080627 752
1615467851674 0.9054378271102905 753
1615467886608 0.885310173034668 754
1615467921054 0.8959441781044006 755
1615467955584 0.8747458457946777 756
1615467990000 0.8977704048156738 757
1615468024986 0.8842536211013794 758
1615468059148 0.8778202533721924 759
1615468098087 0.9108917713165283 760
1615468132096 0.8991034030914307 761
1615468166385 0.9018886685371399 762
1615468200896 0.9104346036911011 763
1615468235138 0.8991243243217468 764
1615468269315 0.901423454284668 765
1615468303466 0.8853672742843628 766
1615468337423 0.8982919454574585 767
1615468371742 0.867719292640686 768
1615468406326 0.8890511989593506 769
1615468444607 0.9029731154441833 770
1615468479100 0.8754740953445435 771
1615468513578 0.8749322891235352 772
1615468548116 0.8686476945877075 773
1615468582529 0.8869073390960693 774
1615468616999 0.9035238027572632 775
1615468652267 0.8940865993499756 776
1615468687280 0.8786352872848511 777
1615468721705 0.8849624991416931 778
1615468755897 0.894986093044281 779
1615468794301 0.8904008865356445 780
1615468828589 0.8842719793319702 781
1615468862732 0.886473536491394 782
1615468897555 0.8883174061775208 783
1615468931747 0.8934082388877869 784
1615468965836 0.8618519306182861 785
1615468999912 0.9183351397514343 786
1615469033961 0.8872392177581787 787
1615469067964 0.8898855447769165 788
1615469102318 0.8775722980499268 789
1615469140853 0.8743107318878174 790
1615469175280 0.8802396059036255 791
1615469209786 0.8887156248092651 792
1615469244301 0.9006024599075317 793
1615469278922 0.9133942127227783 794
1615469313110 0.904971718788147 795
1615469347258 0.8973796367645264 796
1615469381283 0.9033493995666504 797
1615469415728 0.8970310688018799 798
1615469450160 0.8925061821937561 799
1615469488739 0.8993463516235352 800
1615469524623 0.9047642946243286 801
1615469559691 0.8840274810791016 802
1615469594203 0.8942794799804688 803
1615469629252 0.9058950543403625 804
1615469663747 0.897131085395813 805
1615469698305 0.8800386190414429 806
1615469732380 0.8811675906181335 807
1615469766800 0.881249725818634 808
1615469800725 0.8798582553863525 809
1615469839093 0.8931547403335571 810
1615469873489 0.9076756238937378 811
1615469908127 0.912049412727356 812
1615469942898 0.8775990009307861 813
1615469977788 0.887927770614624 814
1615470012486 0.9133470058441162 815
1615470047210 0.8837526440620422 816
1615470081984 0.9033217430114746 817
1615470116553 0.8956644535064697 818
1615470150700 0.9073428511619568 819
1615470189531 0.8970575332641602 820
1615470223614 0.8889870643615723 821
1615470258442 0.8730189204216003 822
1615470292976 0.8829321265220642 823
1615470327459 0.880543053150177 824
1615470361558 0.9077472686767578 825
1615470395595 0.8853510618209839 826
1615470430044 0.9072878956794739 827
1615470464567 0.8876564502716064 828
1615470498576 0.8976461291313171 829
1615470536876 0.8886328935623169 830
1615470571099 0.9102357625961304 831
1615470605772 0.893684983253479 832
1615470640362 0.8896510601043701 833
1615470675121 0.895667314529419 834
1615470709631 0.8847315311431885 835
1615470744226 0.8982222080230713 836
1615470779037 0.8890742063522339 837
1615470813376 0.8882430791854858 838
1615470848026 0.8876588344573975 839
1615470886888 0.8571898937225342 840
1615470922520 0.9037967920303345 841
1615470956810 0.8877484798431396 842
1615470990829 0.8899411559104919 843
1615471024885 0.8927277326583862 844
1615471059136 0.895614743232727 845
1615471093548 0.9037919044494629 846
1615471127982 0.8951362371444702 847
1615471162130 0.9001060724258423 848
1615471196635 0.88353431224823 849
1615471235365 0.8744368553161621 850
1615471270282 0.8992917537689209 851
1615471305530 0.8705170750617981 852
1615471340147 0.901262104511261 853
1615471375082 0.8978458642959595 854
1615471409926 0.8894863128662109 855
1615471444552 0.9035810232162476 856
1615471478808 0.8986358046531677 857
1615471513863 0.9022029638290405 858
1615471548040 0.8876972198486328 859
1615471586189 0.8870036602020264 860
1615471620316 0.905774712562561 861
1615471654409 0.9081220626831055 862
1615471688853 0.8848020434379578 863
1615471722986 0.9026342630386353 864
1615471757070 0.8942861557006836 865
1615471791452 0.885634183883667 866
1615471826057 0.8909944295883179 867
1615471860909 0.9027278423309326 868
1615471895502 0.900273323059082 869
1615471935174 0.9047256708145142 870
1615471970289 0.9078253507614136 871
1615472005279 0.9029405117034912 872
1615472039507 0.8985621929168701 873
1615472073647 0.888938307762146 874
1615472108193 0.8892990350723267 875
1615472142741 0.8837686777114868 876
1615472176776 0.895742654800415 877
1615472211274 0.9157681465148926 878
1615472245627 0.8957960605621338 879
1615472283923 0.8908751010894775 880
1615472318463 0.911502480506897 881
1615472352407 0.9079515933990479 882
1615472386669 0.8817249536514282 883
1615472421116 0.8927909135818481 884
1615472455348 0.872321367263794 885
1615472489897 0.8876768350601196 886
1615472524332 0.9055379033088684 887
1615472559009 0.9019417762756348 888
1615472593790 0.9025293588638306 889
1615472632820 0.8808646202087402 890
1615472667485 0.8882839679718018 891
1615472702197 0.9012736678123474 892
1615472736450 0.8992372751235962 893
1615472771181 0.8924281597137451 894
1615472805444 0.900671124458313 895
1615472839622 0.8937467336654663 896
1615472874431 0.8733510971069336 897
1615472908738 0.906496524810791 898
1615472942801 0.8917657136917114 899
1615472981528 0.8908742666244507 900
1615473015578 0.8890354633331299 901
1615473049596 0.8798729181289673 902
1615473084012 0.8895769715309143 903
1615473118125 0.8914189338684082 904
1615473152264 0.8925900459289551 905
1615473186508 0.8851672410964966 906
1615473221144 0.9133589863777161 907
1615473255734 0.896715521812439 908
1615473290539 0.887311577796936 909
1615473329260 0.8745400309562683 910
1615473363615 0.8787426352500916 911
1615473398196 0.892235517501831 912
1615473432528 0.9070397615432739 913
1615473467466 0.8866976499557495 914
1615473501816 0.8948882222175598 915
1615473536336 0.8951787948608398 916
1615473570387 0.9034000635147095 917
1615473604595 0.8853310942649841 918
1615473638705 0.8968496918678284 919
1615473676934 0.896223783493042 920
1615473711356 0.9046505689620972 921
1615473745390 0.8965029120445251 922
1615473779936 0.8913726806640625 923
1615473814243 0.9038721919059753 924
1615473848646 0.885168194770813 925
1615473882904 0.9097867608070374 926
1615473917717 0.8983379602432251 927
1615473952426 0.8920924663543701 928
1615473987412 0.9015564322471619 929
1615474027020 0.8888713121414185 930
1615474061927 0.9034873247146606 931
1615474096719 0.89586341381073 932
1615474131162 0.8947916030883789 933
1615474166737 0.9015289545059204 934
1615474200921 0.8999325037002563 935
1615474235423 0.8987985849380493 936
1615474269694 0.9026838541030884 937
1615474303807 0.8859151601791382 938
1615474337904 0.9137700796127319 939
1615474376503 0.9023414850234985 940
1615474410517 0.8955453634262085 941
1615474444766 0.8906015157699585 942
1615474479061 0.8904614448547363 943
1615474513962 0.8790674209594727 944
1615474549113 0.9077880382537842 945
1615474583831 0.8902551531791687 946
1615474618970 0.8940108418464661 947
1615474653589 0.8908888101577759 948
1615474688200 0.8986464738845825 949
1615474727106 0.9033539295196533 950
1615474762265 0.8810989260673523 951
1615474796813 0.8922288417816162 952
1615474831001 0.8844360113143921 953
1615474865100 0.8784172534942627 954
1615474899113 0.8999075293540955 955
1615474933387 0.899797797203064 956
1615474967515 0.8781018853187561 957
1615475001892 0.9047644138336182 958
1615475036430 0.8761028051376343 959
1615475075131 0.879837155342102 960
1615475109520 0.8758165836334229 961
1615475143759 0.878829836845398 962
1615475178503 0.8909882307052612 963
1615475213522 0.8865057826042175 964
1615475248046 0.9000023603439331 965
1615475282863 0.8913503885269165 966
1615475317452 0.8949868083000183 967
1615475351790 0.8872535228729248 968
1615475385854 0.8982972502708435 969
1615475424596 0.8743306398391724 970
1615475458896 0.8965907096862793 971
1615475493360 0.9033797979354858 972
1615475528564 0.8986542224884033 973
1615475563059 0.9040664434432983 974
1615475597497 0.8986936807632446 975
1615475631726 0.8994336128234863 976
1615475666124 0.8989161849021912 977
1615475700239 0.8835253715515137 978
1615475734916 0.8985385894775391 979
1615475773851 0.8953026533126831 980
1615475809519 0.8929523229598999 981
1615475844494 0.8869525194168091 982
1615475879163 0.8887356519699097 983
1615475914053 0.8866753578186035 984
1615475948469 0.8956408500671387 985
1615475983009 0.8974049091339111 986
1615476017251 0.8881677389144897 987
1615476051365 0.8699476718902588 988
1615476085436 0.9086616635322571 989
1615476123897 0.8828353881835938 990
1615476158329 0.8843275904655457 991
1615476192753 0.9001461267471313 992
1615476227543 0.902616560459137 993
1615476262473 0.8928909301757812 994
1615476297275 0.8902642130851746 995
1615476332065 0.8975117802619934 996
1615476366782 0.8799782991409302 997
1615476401180 0.9033571481704712 998
1615476436183 0.898327112197876 999
1615476475325 0.8946027755737305 1000
1615476509789 0.895263135433197 1001
1615476543831 0.9108679294586182 1002
1615476578314 0.8958704471588135 1003
1615476612754 0.8952107429504395 1004
1615476647201 0.9022066593170166 1005
1615476681374 0.9077721834182739 1006
1615476716121 0.8708059191703796 1007
1615476750479 0.917280912399292 1008
1615476784877 0.8951094150543213 1009
1615476823831 0.9026896953582764 1010
1615476858861 0.8870484828948975 1011
1615476893368 0.8804849982261658 1012
1615476928121 0.8941237926483154 1013
1615476962943 0.9003684520721436 1014
1615476997458 0.8939259648323059 1015
1615477031631 0.8912577033042908 1016
1615477065648 0.9068590402603149 1017
1615477099656 0.8992682695388794 1018
1615477134096 0.9036298990249634 1019
1615477172584 0.9072261452674866 1020
1615477206935 0.8960073590278625 1021
1615477241269 0.879441499710083 1022
1615477275966 0.9135960340499878 1023
1615477311417 0.9030908346176147 1024
1615477346267 0.906770646572113 1025
1615477380881 0.8867730498313904 1026
1615477415557 0.8917988538742065 1027
1615477450171 0.8960301876068115 1028
1615477484577 0.8961172103881836 1029
1615477522958 0.889297604560852 1030
1615477557026 0.8917440176010132 1031
1615477591375 0.8957788348197937 1032
1615477625805 0.8782541751861572 1033
1615477660195 0.8889997005462646 1034
1615477694714 0.9055995941162109 1035
1615477728987 0.8783009052276611 1036
1615477763435 0.8761924505233765 1037
1615477797398 0.891219437122345 1038
1615477831493 0.8997280597686768 1039
1615477869965 0.8889100551605225 1040
1615477904157 0.9019526839256287 1041
1615477938996 0.8763353228569031 1042
1615477973843 0.8931941986083984 1043
1615478009023 0.8941948413848877 1044
1615478043929 0.8882212042808533 1045
1615478078835 0.9075891971588135 1046
1615478113247 0.8908239603042603 1047
1615478148387 0.8861616849899292 1048
1615478182514 0.9064408540725708 1049
1615478220748 0.9093828797340393 1050
1615478255029 0.895602822303772 1051
1615478289455 0.8915318250656128 1052
1615478323985 0.8655295372009277 1053
1615478358430 0.8878426551818848 1054
1615478392939 0.8890937566757202 1055
1615478427477 0.907305896282196 1056
1615478462675 0.8987746238708496 1057
1615478497613 0.8898472785949707 1058
1615478532259 0.9071509838104248 1059
1615478572088 0.8785960078239441 1060
1615478606840 0.8973585367202759 1061
1615478641310 0.910247802734375 1062
1615478676635 0.8950936794281006 1063
1615478710749 0.8955464363098145 1064
1615478744778 0.9085724353790283 1065
1615478778835 0.8866235017776489 1066
1615478812962 0.8809986710548401 1067
1615478847362 0.8786348104476929 1068
1615478881810 0.9069063663482666 1069
1615478919960 0.8982115983963013 1070
1615478954050 0.8952020406723022 1071
1615478988001 0.882536768913269 1072
1615479022432 0.8971701860427856 1073
1615479056799 0.9000105857849121 1074
1615479090918 0.8953035473823547 1075
1615479125318 0.8981468677520752 1076
1615479159643 0.8888397216796875 1077
1615479193793 0.8994904160499573 1078
1615479228250 0.9056669473648071 1079
1615479267603 0.8977020978927612 1080
1615479302733 0.8968187570571899 1081
1615479337762 0.9093263149261475 1082
1615479372299 0.8914975523948669 1083
1615479406756 0.8933107852935791 1084
1615479441125 0.8973900675773621 1085
1615479475357 0.8983379602432251 1086
1615479510434 0.9179711937904358 1087
1615479544598 0.8874600529670715 1088
1615479578854 0.9061360359191895 1089
1615479617317 0.9005006551742554 1090
1615479651535 0.8931028246879578 1091
1615479685978 0.9053593277931213 1092
1615479720433 0.8873438835144043 1093
1615479754738 0.8812390565872192 1094
1615479789216 0.8861644864082336 1095
1615479823618 0.8944950699806213 1096
1615479857733 0.8905389904975891 1097
1615479891992 0.8812954425811768 1098
1615479926713 0.8960644006729126 1099
1615479966146 0.8833155632019043 1100
1615480000996 0.8971909284591675 1101
1615480035634 0.8907976746559143 1102
1615480070504 0.9070929288864136 1103
1615480105076 0.8813616037368774 1104
1615480139587 0.9043338298797607 1105
1615480174595 0.8933827877044678 1106
1615480208675 0.9019241333007812 1107
1615480243215 0.9086833000183105 1108
1615480277430 0.9045304656028748 1109
1615480316330 0.8876222372055054 1110
1615480350384 0.9032282829284668 1111
1615480384602 0.8960051536560059 1112
1615480418883 0.9151089191436768 1113
1615480453127 0.9059348702430725 1114
1615480487627 0.8989222645759583 1115
1615480522901 0.8880301713943481 1116
1615480557865 0.885769784450531 1117
1615480593105 0.900340735912323 1118
1615480628182 0.902259349822998 1119
1615480667292 0.8717837929725647 1120
1615480702126 0.8899239301681519 1121
1615480736728 0.8966858983039856 1122
1615480771534 0.8943403363227844 1123
1615480805922 0.915989339351654 1124
1615480840596 0.9146442413330078 1125
1615480874612 0.8816685080528259 1126
1615480908644 0.9111911654472351 1127
1615480943028 0.8990229964256287 1128
1615480977403 0.8746988773345947 1129
1615481015808 0.8992080092430115 1130
1615481050189 0.8965317010879517 1131
1615481084650 0.8962993621826172 1132
1615481118998 0.8878827095031738 1133
1615481154015 0.8978230953216553 1134
1615481189541 0.8899153470993042 1135
1615481224586 0.8996816873550415 1136
1615481259002 0.9105603694915771 1137
1615481293910 0.89374840259552 1138
1615481329330 0.8903965950012207 1139
1615481368072 0.9037266969680786 1140
1615481402522 0.8941621780395508 1141
1615481437041 0.9067668914794922 1142
1615481471023 0.909537672996521 1143
1615481505384 0.9023734927177429 1144
1615481539468 0.8836057186126709 1145
1615481574064 0.8986788988113403 1146
1615481608540 0.8950284123420715 1147
1615481642969 0.8953498601913452 1148
1615481678291 0.9128496050834656 1149
1615481717538 0.8903396129608154 1150
1615481752182 0.8861457109451294 1151
1615481787193 0.9075391888618469 1152
1615481821577 0.8766459822654724 1153
1615481856165 0.9122778177261353 1154
1615481890212 0.8889757990837097 1155
1615481924801 0.8918148279190063 1156
1615481958882 0.8767833709716797 1157
1615481993205 0.9002960920333862 1158
1615482027743 0.8894489407539368 1159
1615482066626 0.8962136507034302 1160
1615482101443 0.8927209377288818 1161
1615482136413 0.903893232345581 1162
1615482171289 0.8964825868606567 1163
1615482205830 0.8928596377372742 1164
1615482240290 0.9001358151435852 1165
1615482274989 0.8823423981666565 1166
1615482310004 0.8878456354141235 1167
1615482344041 0.8983249664306641 1168
1615482378477 0.882327675819397 1169
1615482416552 0.8965684175491333 1170
1615482451068 0.8873167634010315 1171
1615482485555 0.8852612972259521 1172
1615482519858 0.9032645225524902 1173
1615482554171 0.9056212902069092 1174
1615482588398 0.895969033241272 1175
1615482622752 0.8928196430206299 1176
1615482657333 0.9032995700836182 1177
1615482691736 0.8968626260757446 1178
1615482726222 0.9102597236633301 1179
1615482764552 0.913329005241394 1180
1615482799058 0.9028946161270142 1181
1615482833909 0.8937623500823975 1182
1615482868801 0.8967866897583008 1183
1615482903987 0.9014742374420166 1184
1615482938947 0.9029524922370911 1185
1615482972985 0.9090603590011597 1186
1615483007558 0.8992354869842529 1187
1615483042533 0.9014041423797607 1188
1615483076761 0.8811622858047485 1189
1615483115224 0.8828458189964294 1190
1615483149160 0.9020584225654602 1191
1615483183599 0.9016350507736206 1192
1615483217760 0.9081960320472717 1193
1615483252151 0.8956619501113892 1194
1615483286474 0.9033952355384827 1195
1615483320653 0.8888719081878662 1196
1615483355115 0.8916197419166565 1197
1615483389511 0.9189895987510681 1198
1615483423903 0.899298906326294 1199
1615483462424 0.8775097131729126 1200
1615483490742 0.8937820792198181 0
1615483490762 0.8937820792198181 0
