1615441674416 0.001396471168845892 1
1615441708339 0.0009832846699282527 2
1615441742543 3.9935617678565904e-05 3
1615441776808 1.5084712003954337e-06 4
1615441811192 0.0 5
1615441845177 0.0 6
1615441879320 0.0 7
1615441913486 0.0 8
1615441948099 0.0 9
1615441986211 0.0 10
1615442020562 0.0 11
1615442054880 0.0 12
1615442088978 0.0 13
1615442123369 0.0 14
1615442157703 0.0 15
1615442191728 0.0 16
1615442225918 0.0 17
1615442260167 0.0 18
1615442294506 0.0 19
1615442333260 0.0 20
1615442367379 0.0 21
1615442401437 0.0 22
1615442435540 0.0 23
1615442469923 0.0 24
1615442504167 0.0 25
1615442538579 0.0 26
1615442572696 0.0 27
1615442606907 0.0 28
1615442641283 0.0 29
1615442679837 0.0 30
1615442714421 0.0 31
1615442748673 0.0 32
1615442782716 0.0 33
1615442817117 0.0 34
1615442851679 0.0 35
1615442886117 0.0 36
1615442920352 0.0 37
1615442954708 0.0 38
1615442989123 0.0 39
1615443027449 0.0 40
1615443061884 0.0 41
1615443096108 0.0 42
1615443130615 0.0 43
1615443165042 0.0 44
1615443199117 0.0 45
1615443233199 0.0 46
1615443267586 0.0 47
1615443302076 0.0 48
1615443336523 0.0 49
1615443374890 0.0 50
1615443409327 0.0 51
1615443443361 0.0 52
1615443477284 0.0 53
1615443511681 0.0 54
1615443545620 0.0 55
1615443579856 0.0 56
1615443614288 0.0 57
1615443648451 0.0 58
1615443682685 0.0 59
1615443720848 0.0 60
1615443755270 0.0 61
1615443789399 0.0 62
1615443823572 0.0 63
1615443857778 0.0 64
1615443892208 0.0 65
1615443926610 0.0 66
1615443961011 0.0 67
1615443995102 0.0 68
1615444029477 0.0 69
1615444067883 0.0 70
1615444101866 0.0 71
1615444135856 0.0 72
1615444170171 0.0 73
1615444204447 0.0 74
1615444238841 0.0 75
1615444273083 0.0 76
1615444307363 0.0 77
1615444341881 0.0 78
1615444376167 0.0 79
1615444414731 0.0 80
1615444448979 0.0 81
1615444483402 0.0 82
1615444517682 0.0 83
1615444552161 0.0 84
1615444586145 0.0 85
1615444620607 0.0 86
1615444654775 0.0 87
1615444689213 0.0 88
1615444723411 0.0 89
1615444762058 0.0 90
1615444796398 0.0 91
1615444830781 0.0 92
1615444864797 0.0 93
1615444899102 0.0 94
1615444933237 6.160367775009945e-05 95
1615444967320 3.225763066438958e-05 96
1615445001848 2.7857740860781632e-05 97
1615445036215 2.6730820536613464e-05 98
1615445070376 0.0 99
1615445108594 0.0 100
1615445143149 0.0 101
1615445177610 0.0 102
1615445211752 0.0 103
1615445246149 0.0 104
1615445280387 0.0 105
1615445314856 0.0 106
1615445348898 0.0 107
1615445383048 0.0 108
1615445417506 0.0 109
1615445455574 0.0 110
1615445489537 0.0 111
1615445524001 0.0 112
1615445558586 0.0 113
1615445593126 0.0 114
1615445627464 0.0 115
1615445661683 0.0 116
1615445696151 0.0 117
1615445730332 0.0 118
1615445764556 0.0 119
1615445803244 0.0 120
1615445837439 0.0 121
1615445871414 0.0 122
1615445905653 0.0 123
1615445939553 0.0 124
1615445974181 0.0 125
1615446008431 0.0 126
1615446042349 0.0 127
1615446076432 0.0 128
1615446110803 0.0 129
1615446148841 0.0 130
1615446183038 0.0 131
1615446216993 0.0 132
1615446251331 0.0 133
1615446285763 0.0 134
1615446319756 0.0 135
1615446353832 0.0 136
1615446388372 0.0 137
1615446422529 0.0 138
1615446457111 0.0 139
1615446495546 0.0 140
1615446530332 0.0 141
1615446564563 0.0 142
1615446598827 0.0 143
1615446633071 0.0 144
1615446667523 0.0 145
1615446701517 0.0 146
1615446735848 0.0 147
1615446770192 0.0 148
1615446804274 4.03536574822283e-07 149
1615446842601 0.0 150
1615446876887 0.0004982033860869706 151
1615446911021 0.0 152
1615446945198 0.0 153
1615446979222 0.0 154
1615447013762 0.0 155
1615447048144 0.0 156
1615447082585 0.0 157
1615447117050 0.0 158
1615447151548 0.0 159
1615447189879 0.0 160
1615447223961 0.0 161
1615447258436 4.860825811192626e-06 162
1615447292534 1.1446722965047229e-05 163
1615447326568 1.8326396400425438e-07 164
1615447360990 0.002007618546485901 165
1615447395433 3.100198591710068e-05 166
1615447429325 0.0 167
1615447463488 0.0 168
1615447497415 0.0 169
1615447535964 0.0 170
1615447569928 0.0 171
1615447604484 0.0 172
1615447638760 0.0 173
1615447673220 4.622658707376104e-06 174
1615447707837 0.0 175
1615447742044 0.0 176
1615447776634 0.0 177
1615447810768 0.0 178
1615447845197 4.881529093836434e-06 179
1615447883376 0.0 180
1615447917493 1.235653235198697e-05 181
1615447951693 7.617306891916087e-06 182
1615447986076 0.0 183
1615448020575 0.006239781621843576 184
1615448054705 0.0038072119932621717 185
1615448089111 0.009102479554712772 186
1615448123536 0.008053801022469997 187
1615448157474 0.006568925455212593 188
1615448191613 0.0055732461623847485 189
1615448229460 0.003457173239439726 190
1615448263613 0.00215299054980278 191
1615448298075 0.017490146681666374 192
1615448332366 0.0031904049683362246 193
1615448366764 0.0009834904922172427 194
1615448401278 0.0043889544904232025 195
1615448435572 0.008002163842320442 196
1615448469904 7.744662070763297e-06 197
1615448504440 0.0036856995429843664 198
1615448538911 0.004380443133413792 199
1615448577562 0.006459190975874662 200
1615448611962 2.4887422114261426e-05 201
1615448646046 1.807743615245272e-06 202
1615448680284 1.1018920531569165e-06 203
1615448714423 0.008470297791063786 204
1615448748757 0.012751828879117966 205
1615448783232 0.006023031659424305 206
1615448817180 0.02794044278562069 207
1615448851603 0.01856226474046707 208
1615448886073 0.027988094836473465 209
1615448924628 0.01860339194536209 210
1615448959052 0.03525766357779503 211
1615448993416 0.002103856299072504 212
1615449027624 0.009324127808213234 213
1615449062129 0.036371953785419464 214
1615449096607 0.03974366560578346 215
1615449130559 0.04416704550385475 216
1615449164953 0.005476468708366156 217
1615449199182 0.02849973365664482 218
1615449233277 0.013702278025448322 219
1615449271876 0.04843299835920334 220
1615449305859 0.027424387633800507 221
1615449340265 0.013516703620553017 222
1615449374318 0.015587965026497841 223
1615449408305 0.021531280130147934 224
1615449442417 0.03581531345844269 225
1615449476762 0.010382439009845257 226
1615449511169 0.034137509763240814 227
1615449545082 0.008885907009243965 228
1615449579287 0.020289352163672447 229
1615449617598 0.008442924357950687 230
1615449651935 0.015344101935625076 231
1615449686196 0.020194891840219498 232
1615449720668 0.02668098732829094 233
1615449754980 0.042797692120075226 234
1615449789346 0.025090212002396584 235
1615449823629 0.023489464074373245 236
1615449857692 0.02164526656270027 237
1615449891944 0.021956080570816994 238
1615449926081 0.01956525631248951 239
1615449964842 0.022002466022968292 240
1615449999246 0.03077629581093788 241
1615450033540 0.027370821684598923 242
1615450067844 0.03665546327829361 243
1615450102161 0.04349298030138016 244
1615450136094 0.03325553610920906 245
1615450170084 0.04375052452087402 246
1615450204203 0.06415130198001862 247
1615450238976 0.024328362196683884 248
1615450273010 0.030570343136787415 249
1615450311354 0.06546063721179962 250
1615450345694 0.027230720967054367 251
1615450379687 0.01835577003657818 252
1615450414147 0.0272475928068161 253
1615450448521 0.014391150325536728 254
1615450482938 0.01862228661775589 255
1615450516981 0.01566973142325878 256
1615450551022 0.017859600484371185 257
1615450585423 0.04012417793273926 258
1615450619851 0.028184037655591965 259
1615450658786 0.02659340761601925 260
1615450692953 0.01719314232468605 261
1615450727474 0.04521337151527405 262
1615450761998 0.034734029322862625 263
1615450796101 0.029917389154434204 264
1615450830486 0.04346742853522301 265
1615450864405 0.045255716890096664 266
1615450898694 0.04859963059425354 267
1615450932769 0.04595049470663071 268
1615450967199 0.02891586720943451 269
1615451005596 0.02288900315761566 270
1615451039984 0.03625824674963951 271
1615451074455 0.028713896870613098 272
1615451108911 0.048224590718746185 273
1615451143275 0.018601035699248314 274
1615451177300 0.05442054569721222 275
1615451211382 0.04164953902363777 276
1615451245717 0.06634540855884552 277
1615451280475 0.07430008053779602 278
1615451314846 0.045471690595149994 279
1615451353059 0.04756439849734306 280
1615451387439 0.02313518524169922 281
1615451421812 0.039145130664110184 282
1615451456349 0.04379300773143768 283
1615451490645 0.03993717208504677 284
1615451524858 0.04097133129835129 285
1615451558874 0.05942687392234802 286
1615451593117 0.05338207632303238 287
1615451627122 0.0677395910024643 288
1615451661169 0.0792171061038971 289
1615451699567 0.05917428061366081 290
1615451734003 0.048552416265010834 291
1615451768503 0.07233127951622009 292
1615451802853 0.06049796938896179 293
1615451837267 0.030966943129897118 294
1615451871754 0.051018036901950836 295
1615451905916 0.032929178327322006 296
1615451940038 0.03736202046275139 297
1615451974634 0.031003419309854507 298
1615452009217 0.06104831025004387 299
1615452048017 0.06370293349027634 300
1615452082838 0.05321988835930824 301
1615452117388 0.05665493756532669 302
1615452151928 0.059031277894973755 303
1615452186608 0.06306683272123337 304
1615452221370 0.056707337498664856 305
1615452255864 0.04599347710609436 306
1615452290481 0.05827978253364563 307
1615452325871 0.08955072611570358 308
1615452359976 0.09425055980682373 309
1615452398270 0.0793115645647049 310
1615452432410 0.046742819249629974 311
1615452466406 0.04739384353160858 312
1615452500375 0.08644594997167587 313
1615452534645 0.0938025414943695 314
1615452568993 0.09955315291881561 315
1615452603335 0.08241574466228485 316
1615452637700 0.0727798193693161 317
1615452671802 0.0723276287317276 318
1615452706116 0.07774761319160461 319
1615452745952 0.08471449464559555 320
1615452781085 0.09343096613883972 321
1615452815402 0.06978251039981842 322
1615452850300 0.05965781211853027 323
1615452884588 0.05628310889005661 324
1615452918554 0.08428271114826202 325
1615452952793 0.10018886625766754 326
1615452987783 0.07868757843971252 327
1615453021784 0.0717286765575409 328
1615453056293 0.056082092225551605 329
1615453094326 0.06164193153381348 330
1615453128354 0.06924183666706085 331
1615453162472 0.062367815524339676 332
1615453196559 0.0491463802754879 333
1615453230605 0.059183795005083084 334
1615453265009 0.07817521691322327 335
1615453299366 0.08102685213088989 336
1615453333547 0.06672723591327667 337
1615453367673 0.06613963842391968 338
1615453402698 0.0626569390296936 339
1615453442986 0.1151532530784607 340
1615453477223 0.05540359392762184 341
1615453511677 0.0708547905087471 342
1615453546050 0.1373278647661209 343
1615453580409 0.06383990496397018 344
1615453615488 0.05613149702548981 345
1615453649516 0.08763770014047623 346
1615453683963 0.06996127218008041 347
1615453718331 0.07346969842910767 348
1615453752457 0.06052100658416748 349
1615453790740 0.06488288938999176 350
1615453824970 0.04957902058959007 351
1615453859501 0.07594773173332214 352
1615453894053 0.07813198119401932 353
1615453928520 0.059752993285655975 354
1615453962971 0.0755774974822998 355
1615453997212 0.09168461710214615 356
1615454031761 0.11805330216884613 357
1615454066064 0.06474614143371582 358
1615454100598 0.09989698231220245 359
1615454139627 0.07725633680820465 360
1615454174359 0.08617782592773438 361
1615454208746 0.07125210016965866 362
1615454242920 0.08671555668115616 363
1615454277290 0.10232415795326233 364
1615454312559 0.11795505881309509 365
1615454347163 0.10114478319883347 366
1615454381263 0.082278311252594 367
1615454415331 0.08792829513549805 368
1615454449301 0.06714251637458801 369
1615454487526 0.10264313220977783 370
1615454521784 0.08059245347976685 371
1615454556021 0.114044189453125 372
1615454590534 0.11605824530124664 373
1615454624954 0.09031959623098373 374
1615454659704 0.11419236660003662 375
1615454695489 0.10317866504192352 376
1615454730513 0.06494981795549393 377
1615454764916 0.07831702381372452 378
1615454799613 0.05541766807436943 379
1615454838171 0.06106799840927124 380
1615454873084 0.0792921707034111 381
1615454907513 0.08884376287460327 382
1615454941593 0.06940943002700806 383
1615454975656 0.10776828229427338 384
1615455009752 0.08759868144989014 385
1615455043901 0.08547578752040863 386
1615455078212 0.07305912673473358 387
1615455112431 0.08759573101997375 388
1615455146450 0.10228373855352402 389
1615455184934 0.09355992078781128 390
1615455219680 0.09330201894044876 391
1615455254542 0.08063095062971115 392
1615455289801 0.10975252091884613 393
1615455325402 0.036934301257133484 394
1615455360812 0.12163877487182617 395
1615455395480 0.11118315160274506 396
1615455430048 0.08897382766008377 397
1615455464819 0.13104519248008728 398
1615455499268 0.0726589635014534 399
1615455538038 0.10453009605407715 400
1615455572188 0.08947491645812988 401
1615455606259 0.07510487735271454 402
1615455640350 0.08974714577198029 403
1615455674772 0.10373009741306305 404
1615455708824 0.1282632052898407 405
1615455743192 0.10424045473337173 406
1615455777557 0.100828155875206 407
1615455811807 0.07204204797744751 408
1615455847330 0.10906345397233963 409
1615455887051 0.09418275952339172 410
1615455921907 0.10893624275922775 411
1615455956485 0.13795748353004456 412
1615455991370 0.07776881009340286 413
1615456025800 0.06470947712659836 414
1615456059922 0.08093217015266418 415
1615456094631 0.11683759838342667 416
1615456129122 0.10037899017333984 417
1615456163481 0.0925353467464447 418
1615456197427 0.0818285197019577 419
1615456235802 0.07837912440299988 420
1615456269796 0.0856037512421608 421
1615456303738 0.0965280532836914 422
1615456338176 0.0899658128619194 423
1615456372482 0.15404880046844482 424
1615456406499 0.10719668865203857 425
1615456440627 0.12587976455688477 426
1615456474852 0.12113744020462036 427
1615456509622 0.12767131626605988 428
1615456544536 0.12442788481712341 429
1615456583785 0.0929105132818222 430
1615456618575 0.10329404473304749 431
1615456652788 0.10247860103845596 432
1615456687420 0.10873198509216309 433
1615456722282 0.12417620420455933 434
1615456756832 0.11072546243667603 435
1615456790967 0.08617450296878815 436
1615456825069 0.13396292924880981 437
1615456859213 0.10608122497797012 438
1615456893421 0.12547418475151062 439
1615456931615 0.08555787056684494 440
1615456966099 0.09603579342365265 441
1615457000662 0.11674869805574417 442
1615457035447 0.10176988691091537 443
1615457070039 0.08148056268692017 444
1615457104943 0.07944799214601517 445
1615457139913 0.062198664993047714 446
1615457174323 0.11652416735887527 447
1615457208679 0.09126412868499756 448
1615457243964 0.13656510412693024 449
1615457282817 0.11013384163379669 450
1615457316946 0.13042525947093964 451
1615457351246 0.13189637660980225 452
1615457385607 0.11241786181926727 453
1615457419669 0.1163383424282074 454
1615457453663 0.1241878867149353 455
1615457487736 0.14213931560516357 456
1615457522069 0.13174985349178314 457
1615457556371 0.08898163586854935 458
1615457590547 0.06936521828174591 459
1615457629027 0.12011760473251343 460
1615457664180 0.12724456191062927 461
1615457698867 0.09205319732427597 462
1615457734233 0.1058674156665802 463
1615457768644 0.12613773345947266 464
1615457803200 0.15833547711372375 465
1615457837523 0.1368706226348877 466
1615457872396 0.14938566088676453 467
1615457906594 0.1615845412015915 468
1615457940845 0.06582078337669373 469
1615457978796 0.12286072969436646 470
1615458013259 0.08918981999158859 471
1615458047594 0.1436266154050827 472
1615458081553 0.11225870251655579 473
1615458115975 0.10974149405956268 474
1615458150134 0.08325253427028656 475
1615458184160 0.1028750091791153 476
1615458218342 0.14418840408325195 477
1615458252740 0.12154895812273026 478
1615458287180 0.1239597350358963 479
1615458325798 0.0878123790025711 480
1615458360942 0.140186607837677 481
1615458395961 0.15002933144569397 482
1615458430703 0.10411043465137482 483
1615458465415 0.1345769762992859 484
1615458499609 0.14952632784843445 485
1615458534362 0.1461746096611023 486
1615458568875 0.10993450880050659 487
1615458602838 0.1495935618877411 488
1615458637609 0.11468680202960968 489
1615458675687 0.1285487413406372 490
1615458709738 0.12192995101213455 491
1615458743698 0.11685812473297119 492
1615458777745 0.12023117393255234 493
1615458811990 0.10927140712738037 494
1615458846187 0.13315528631210327 495
1615458880470 0.13048511743545532 496
1615458914503 0.087578684091568 497
1615458948858 0.1339101344347 498
1615458983156 0.11154109239578247 499
1615459021322 0.12411324679851532 500
1615459055956 0.13500195741653442 501
1615459090443 0.14129824936389923 502
1615459125077 0.14874759316444397 503
1615459160282 0.13369806110858917 504
1615459195118 0.14769691228866577 505
1615459229878 0.15240472555160522 506
1615459263946 0.08840660750865936 507
1615459298611 0.09809117019176483 508
1615459333237 0.13109609484672546 509
1615459371718 0.11469407379627228 510
1615459406493 0.10358685255050659 511
1615459441283 0.12693274021148682 512
1615459475645 0.17899201810359955 513
1615459509677 0.1207168698310852 514
1615459543954 0.13786160945892334 515
1615459578215 0.09615582227706909 516
1615459612224 0.1138937920331955 517
1615459646595 0.11619864404201508 518
1615459680573 0.10254260897636414 519
1615459718917 0.09650102257728577 520
1615459752950 0.1630595475435257 521
1615459787002 0.12656378746032715 522
1615459821505 0.14431272447109222 523
1615459855593 0.15120045840740204 524
1615459890361 0.1154649630188942 525
1615459926053 0.14908775687217712 526
1615459960712 0.16182824969291687 527
1615459994993 0.1552225947380066 528
1615460029610 0.20323796570301056 529
1615460068099 0.12623298168182373 530
1615460102472 0.13051347434520721 531
1615460137565 0.14967091381549835 532
1615460171994 0.1578739583492279 533
1615460206465 0.13660046458244324 534
1615460240936 0.11669842898845673 535
1615460275047 0.1477014124393463 536
1615460310248 0.16247671842575073 537
1615460346368 0.17213314771652222 538
1615460381140 0.1509495973587036 539
1615460419487 0.13767535984516144 540
1615460453762 0.15780045092105865 541
1615460489131 0.16608314216136932 542
1615460523629 0.14165180921554565 543
1615460557674 0.20683327317237854 544
1615460591911 0.1541023999452591 545
1615460626183 0.15035824477672577 546
1615460660585 0.14289973676204681 547
1615460694634 0.1591876745223999 548
1615460728605 0.09953632950782776 549
1615460766820 0.14146332442760468 550
1615460801060 0.14404693245887756 551
1615460835560 0.12008191645145416 552
1615460870716 0.13213002681732178 553
1615460905917 0.12092113494873047 554
1615460940605 0.14857953786849976 555
1615460975447 0.20746684074401855 556
1615461009851 0.13684874773025513 557
1615461044576 0.16015209257602692 558
1615461079786 0.12696573138237 559
1615461118705 0.11747497320175171 560
1615461153117 0.1124449074268341 561
1615461187099 0.1927049607038498 562
1615461221158 0.17596575617790222 563
1615461255578 0.12857823073863983 564
1615461289785 0.19999925792217255 565
1615461323827 0.1688929796218872 566
1615461358135 0.17958490550518036 567
1615461392287 0.16111981868743896 568
1615461426785 0.1466505527496338 569
1615461466297 0.13130296766757965 570
1615461501229 0.20546332001686096 571
1615461535939 0.16391631960868835 572
1615461571177 0.1554829478263855 573
1615461605741 0.18092772364616394 574
1615461640479 0.18072167038917542 575
1615461674869 0.143057718873024 576
1615461708931 0.13289733231067657 577
1615461743123 0.13833019137382507 578
1615461777119 0.14462749660015106 579
1615461815463 0.13991621136665344 580
1615461850018 0.19635742902755737 581
1615461884627 0.1680890917778015 582
1615461919976 0.1521906852722168 583
1615461954810 0.1753295361995697 584
1615461989384 0.1503111720085144 585
1615462023958 0.12504348158836365 586
1615462058131 0.16696390509605408 587
1615462092299 0.12805487215518951 588
1615462126372 0.13662667572498322 589
1615462165321 0.1156499832868576 590
1615462199853 0.12446264922618866 591
1615462233995 0.21172800660133362 592
1615462268147 0.19419164955615997 593
1615462302351 0.19742441177368164 594
1615462336592 0.15229356288909912 595
1615462370638 0.1342790424823761 596
1615462404665 0.14745892584323883 597
1615462438674 0.14032183587551117 598
1615462473030 0.1911327987909317 599
1615462511296 0.14064140617847443 600
1615462545671 0.15032878518104553 601
1615462579744 0.09367051720619202 602
1615462613851 0.2007286548614502 603
1615462648358 0.130782350897789 604
1615462683170 0.189894437789917 605
1615462717899 0.13557663559913635 606
1615462753540 0.18125395476818085 607
1615462788378 0.1420232057571411 608
1615462823028 0.16455963253974915 609
1615462861326 0.15749689936637878 610
1615462896636 0.1938929408788681 611
1615462931278 0.15418775379657745 612
1615462965553 0.16274215281009674 613
1615462999798 0.12100455909967422 614
1615463034277 0.16625937819480896 615
1615463068277 0.1753225326538086 616
1615463102698 0.16026395559310913 617
1615463137003 0.15178708732128143 618
1615463171037 0.09839905798435211 619
1615463209083 0.14115923643112183 620
1615463243389 0.14122658967971802 621
1615463277511 0.1805742383003235 622
1615463311704 0.1549854576587677 623
1615463346438 0.18829801678657532 624
1615463380556 0.1484871208667755 625
1615463415012 0.14482349157333374 626
1615463449252 0.15045255422592163 627
1615463484097 0.16251462697982788 628
1615463518602 0.1252300888299942 629
1615463557346 0.16312026977539062 630
1615463592322 0.14538735151290894 631
1615463627004 0.1745275855064392 632
1615463661601 0.1572890281677246 633
1615463695824 0.1498904824256897 634
1615463730659 0.11989469826221466 635
1615463765351 0.15642644464969635 636
1615463800846 0.17277708649635315 637
1615463835146 0.16313236951828003 638
1615463869546 0.15364545583724976 639
1615463908311 0.21683144569396973 640
1615463942410 0.18546637892723083 641
1615463976666 0.19124160706996918 642
1615464010835 0.15522560477256775 643
1615464044992 0.19774314761161804 644
1615464079082 0.1877647340297699 645
1615464113514 0.1523524820804596 646
1615464147571 0.12338268756866455 647
1615464181683 0.12541362643241882 648
1615464216359 0.17078717052936554 649
1615464255094 0.1386675387620926 650
1615464289417 0.10884213447570801 651
1615464323918 0.1406618058681488 652
1615464358591 0.18199147284030914 653
1615464393682 0.1563268005847931 654
1615464428595 0.17209270596504211 655
1615464463293 0.20553019642829895 656
1615464499731 0.16447344422340393 657
1615464534488 0.13375714421272278 658
1615464568800 0.13581044971942902 659
1615464607302 0.14825761318206787 660
1615464641514 0.16933783888816833 661
1615464675971 0.18428082764148712 662
1615464710355 0.13384081423282623 663
1615464744711 0.14760345220565796 664
1615464779177 0.11725837737321854 665
1615464813279 0.18558228015899658 666
1615464847570 0.12019729614257812 667
1615464882368 0.1419728696346283 668
1615464916901 0.1474655121564865 669
1615464955302 0.14055460691452026 670
1615464989726 0.13488399982452393 671
1615465024428 0.16712842881679535 672
1615465059426 0.16730451583862305 673
1615465094706 0.20122270286083221 674
1615465129396 0.17394044995307922 675
1615465164048 0.1789589673280716 676
1615465198802 0.1607896089553833 677
1615465233168 0.1399775594472885 678
1615465267852 0.15268398821353912 679
1615465306702 0.13312381505966187 680
1615465341156 0.15356051921844482 681
1615465375301 0.14961253106594086 682
1615465409634 0.15572139620780945 683
1615465444106 0.15895748138427734 684
1615465478158 0.14081653952598572 685
1615465512588 0.13578645884990692 686
1615465546981 0.14774960279464722 687
1615465581155 0.15035371482372284 688
1615465615273 0.16575147211551666 689
1615465653895 0.167026087641716 690
1615465687993 0.12273730337619781 691
1615465722362 0.19228991866111755 692
1615465756629 0.1751527488231659 693
1615465791040 0.16078485548496246 694
1615465826000 0.23098883032798767 695
1615465860666 0.1748718023300171 696
1615465895660 0.14138458669185638 697
1615465930396 0.1402771770954132 698
1615465964673 0.13848888874053955 699
1615466003133 0.10963843762874603 700
1615466037556 0.14289161562919617 701
1615466072229 0.20680773258209229 702
1615466106727 0.1779077649116516 703
1615466140722 0.1464412957429886 704
1615466175030 0.18004098534584045 705
1615466209082 0.20091462135314941 706
1615466243410 0.19186639785766602 707
1615466277449 0.15095320343971252 708
1615466311767 0.14071696996688843 709
1615466350265 0.1519913524389267 710
1615466384140 0.20132195949554443 711
1615466418337 0.16947363317012787 712
1615466452803 0.15255224704742432 713
1615466487041 0.19396692514419556 714
1615466521398 0.19269567728042603 715
1615466555528 0.1529661864042282 716
1615466590044 0.15867173671722412 717
1615466625001 0.14995864033699036 718
1615466659596 0.17052146792411804 719
1615466698209 0.19699396193027496 720
1615466732510 0.1394493728876114 721
1615466767634 0.19014281034469604 722
1615466802184 0.16486582159996033 723
1615466836653 0.12901119887828827 724
1615466871025 0.16236612200737 725
1615466906149 0.14839014410972595 726
1615466940605 0.16875651478767395 727
1615466975052 0.12051732838153839 728
1615467009548 0.18497776985168457 729
1615467047837 0.20734477043151855 730
1615467081855 0.16246846318244934 731
1615467116122 0.15743771195411682 732
1615467150354 0.1307419389486313 733
1615467184395 0.1806505173444748 734
1615467218603 0.1426354944705963 735
1615467252737 0.11713718622922897 736
1615467287517 0.11056030541658401 737
1615467322805 0.2069547176361084 738
1615467357351 0.14596027135849 739
1615467397253 0.17703700065612793 740
1615467431788 0.1735829859972 741
1615467466911 0.13704583048820496 742
1615467501376 0.13311082124710083 743
1615467535966 0.19267791509628296 744
1615467570351 0.1577931046485901 745
1615467604840 0.20230239629745483 746
1615467639236 0.14218103885650635 747
1615467673511 0.1416635513305664 748
1615467707587 0.15994538366794586 749
1615467745740 0.1545902043581009 750
1615467781195 0.15130379796028137 751
1615467817031 0.17798805236816406 752
1615467851674 0.18451911211013794 753
1615467886608 0.13742583990097046 754
1615467921054 0.16537690162658691 755
1615467955584 0.166001558303833 756
1615467990000 0.14618845283985138 757
1615468024986 0.15185576677322388 758
1615468059148 0.14522036910057068 759
1615468098087 0.19041119515895844 760
1615468132096 0.15838204324245453 761
1615468166385 0.1577243059873581 762
1615468200896 0.17644727230072021 763
1615468235138 0.19167445600032806 764
1615468269315 0.18716669082641602 765
1615468303466 0.16679751873016357 766
1615468337423 0.15302586555480957 767
1615468371742 0.18037594854831696 768
1615468406326 0.2146511971950531 769
1615468444607 0.18761058151721954 770
1615468479100 0.13281074166297913 771
1615468513578 0.15081080794334412 772
1615468548116 0.18080687522888184 773
1615468582529 0.1657911241054535 774
1615468616999 0.16135315597057343 775
1615468652267 0.15786251425743103 776
1615468687280 0.1633257120847702 777
1615468721705 0.16820989549160004 778
1615468755897 0.13510499894618988 779
1615468794301 0.18339085578918457 780
1615468828589 0.1773744523525238 781
1615468862732 0.2129654586315155 782
1615468897555 0.21415925025939941 783
1615468931747 0.19781512022018433 784
1615468965836 0.17186981439590454 785
1615468999912 0.15463030338287354 786
1615469033961 0.18303662538528442 787
1615469067964 0.16312697529792786 788
1615469102318 0.16090339422225952 789
1615469140853 0.15987756848335266 790
1615469175280 0.1573828160762787 791
1615469209786 0.16218939423561096 792
1615469244301 0.1547894924879074 793
1615469278922 0.17720888555049896 794
1615469313110 0.17660954594612122 795
1615469347258 0.20578569173812866 796
1615469381283 0.20308491587638855 797
1615469415728 0.16025996208190918 798
1615469450160 0.182048037648201 799
1615469488739 0.14966236054897308 800
1615469524623 0.16359251737594604 801
1615469559691 0.1622297465801239 802
1615469594203 0.19027338922023773 803
1615469629252 0.18826723098754883 804
1615469663747 0.13868580758571625 805
1615469698305 0.11824513226747513 806
1615469732380 0.14747822284698486 807
1615469766800 0.1302238404750824 808
1615469800725 0.15017038583755493 809
1615469839093 0.1874707043170929 810
1615469873489 0.19545400142669678 811
1615469908127 0.22789815068244934 812
1615469942898 0.17923930287361145 813
1615469977788 0.202234148979187 814
1615470012486 0.18741804361343384 815
1615470047210 0.15802475810050964 816
1615470081984 0.13820940256118774 817
1615470116553 0.18114683032035828 818
1615470150700 0.20428422093391418 819
1615470189531 0.16977158188819885 820
1615470223614 0.19002068042755127 821
1615470258442 0.1879262924194336 822
1615470292976 0.17231649160385132 823
1615470327459 0.1656092405319214 824
1615470361558 0.1839331090450287 825
1615470395595 0.08237767219543457 826
1615470430044 0.1897468864917755 827
1615470464567 0.12785643339157104 828
1615470498576 0.1411147117614746 829
1615470536876 0.16536441445350647 830
1615470571099 0.15854677557945251 831
1615470605772 0.13237188756465912 832
1615470640362 0.17705905437469482 833
1615470675121 0.1220836341381073 834
1615470709631 0.19336819648742676 835
1615470744226 0.14472603797912598 836
1615470779037 0.150364950299263 837
1615470813376 0.14006489515304565 838
1615470848026 0.18421228229999542 839
1615470886888 0.16511715948581696 840
1615470922520 0.18087399005889893 841
1615470956810 0.1332930028438568 842
1615470990829 0.20963706076145172 843
1615471024885 0.1176249235868454 844
1615471059136 0.14205899834632874 845
1615471093548 0.1511615812778473 846
1615471127982 0.1426711529493332 847
1615471162130 0.1357250213623047 848
1615471196635 0.17336168885231018 849
1615471235365 0.16772688925266266 850
1615471270282 0.19978231191635132 851
1615471305530 0.1612350344657898 852
1615471340147 0.20232872664928436 853
1615471375082 0.18659335374832153 854
1615471409926 0.19963589310646057 855
1615471444552 0.1635948121547699 856
1615471478808 0.1527119278907776 857
1615471513863 0.17598548531532288 858
1615471548040 0.1781856119632721 859
1615471586189 0.10853259265422821 860
1615471620316 0.208745539188385 861
1615471654409 0.17403218150138855 862
1615471688853 0.19607152044773102 863
1615471722986 0.17735892534255981 864
1615471757070 0.17030751705169678 865
1615471791452 0.16275376081466675 866
1615471826057 0.1781119704246521 867
1615471860909 0.15999165177345276 868
1615471895502 0.1930461823940277 869
1615471935174 0.13654258847236633 870
1615471970289 0.1814650446176529 871
1615472005279 0.1909925937652588 872
1615472039507 0.18323424458503723 873
1615472073647 0.15130384266376495 874
1615472108193 0.11405493319034576 875
1615472142741 0.18901315331459045 876
1615472176776 0.14961817860603333 877
1615472211274 0.19511745870113373 878
1615472245627 0.12637819349765778 879
1615472283923 0.1968335509300232 880
1615472318463 0.1535363495349884 881
1615472352407 0.16382990777492523 882
1615472386669 0.16556227207183838 883
1615472421116 0.14315032958984375 884
1615472455348 0.13097459077835083 885
1615472489897 0.15092216432094574 886
1615472524332 0.15572413802146912 887
1615472559009 0.14698341488838196 888
1615472593790 0.1269521415233612 889
1615472632820 0.2041352093219757 890
1615472667485 0.15984725952148438 891
1615472702197 0.16157537698745728 892
1615472736450 0.1638462245464325 893
1615472771181 0.16582942008972168 894
1615472805444 0.17973056435585022 895
1615472839622 0.17159795761108398 896
1615472874431 0.16167376935482025 897
1615472908738 0.21448677778244019 898
1615472942801 0.1278001368045807 899
1615472981528 0.17429691553115845 900
1615473015578 0.13711676001548767 901
1615473049596 0.16190172731876373 902
1615473084012 0.14083608984947205 903
1615473118125 0.1955542117357254 904
1615473152264 0.1434485912322998 905
1615473186508 0.11742502450942993 906
1615473221144 0.1705915331840515 907
1615473255734 0.14040309190750122 908
1615473290539 0.1803394854068756 909
1615473329260 0.13820180296897888 910
1615473363615 0.13166113197803497 911
1615473398196 0.17966198921203613 912
1615473432528 0.1621122807264328 913
1615473467466 0.16548368334770203 914
1615473501816 0.15650081634521484 915
1615473536336 0.17558526992797852 916
1615473570387 0.20912079513072968 917
1615473604595 0.15526986122131348 918
1615473638705 0.15327292680740356 919
1615473676934 0.21925020217895508 920
1615473711356 0.21349644660949707 921
1615473745390 0.1565023511648178 922
1615473779936 0.18918295204639435 923
1615473814243 0.19747674465179443 924
1615473848646 0.15152840316295624 925
1615473882904 0.1867513358592987 926
1615473917717 0.15419703722000122 927
1615473952426 0.15639957785606384 928
1615473987412 0.19493350386619568 929
1615474027020 0.22009365260601044 930
1615474061927 0.2491956502199173 931
1615474096719 0.19699716567993164 932
1615474131162 0.1781488060951233 933
1615474166737 0.17215991020202637 934
1615474200921 0.17241525650024414 935
1615474235423 0.17541341483592987 936
1615474269694 0.1538589894771576 937
1615474303807 0.1492256224155426 938
1615474337904 0.19950726628303528 939
1615474376503 0.186581090092659 940
1615474410517 0.19205735623836517 941
1615474444766 0.2064557522535324 942
1615474479061 0.12924820184707642 943
1615474513962 0.1519385725259781 944
1615474549113 0.217096209526062 945
1615474583831 0.11456003785133362 946
1615474618970 0.16832733154296875 947
1615474653589 0.19879582524299622 948
1615474688200 0.15525345504283905 949
1615474727106 0.17379863560199738 950
1615474762265 0.1431836485862732 951
1615474796813 0.15633311867713928 952
1615474831001 0.15680861473083496 953
1615474865100 0.1612861007452011 954
1615474899113 0.1950109302997589 955
1615474933387 0.18071623146533966 956
1615474967515 0.1816432625055313 957
1615475001892 0.13508230447769165 958
1615475036430 0.12248814851045609 959
1615475075131 0.20458079874515533 960
1615475109520 0.15337085723876953 961
1615475143759 0.1590857207775116 962
1615475178503 0.1773662120103836 963
1615475213522 0.12049068510532379 964
1615475248046 0.164086252450943 965
1615475282863 0.1873393952846527 966
1615475317452 0.14388315379619598 967
1615475351790 0.18785360455513 968
1615475385854 0.13213235139846802 969
1615475424596 0.15194383263587952 970
1615475458896 0.19229885935783386 971
1615475493360 0.1840221881866455 972
1615475528564 0.1585572212934494 973
1615475563059 0.14399376511573792 974
1615475597497 0.188484787940979 975
1615475631726 0.17006585001945496 976
1615475666124 0.13091787695884705 977
1615475700239 0.1605413407087326 978
1615475734916 0.18897795677185059 979
1615475773851 0.17153650522232056 980
1615475809519 0.1283029317855835 981
1615475844494 0.1580073982477188 982
1615475879163 0.219213604927063 983
1615475914053 0.18653032183647156 984
1615475948469 0.165027916431427 985
1615475983009 0.14789429306983948 986
1615476017251 0.1343030035495758 987
1615476051365 0.11288967728614807 988
1615476085436 0.2038171887397766 989
1615476123897 0.15495474636554718 990
1615476158329 0.20452329516410828 991
1615476192753 0.1748533993959427 992
1615476227543 0.1639440953731537 993
1615476262473 0.18149462342262268 994
1615476297275 0.1554774045944214 995
1615476332065 0.1669195145368576 996
1615476366782 0.13888199627399445 997
1615476401180 0.1532084196805954 998
1615476436183 0.16459921002388 999
1615476475325 0.1703386902809143 1000
1615476509789 0.14747044444084167 1001
1615476543831 0.16190022230148315 1002
1615476578314 0.17324823141098022 1003
1615476612754 0.14247627556324005 1004
1615476647201 0.1687186360359192 1005
1615476681374 0.16674932837486267 1006
1615476716121 0.21078282594680786 1007
1615476750479 0.16655613481998444 1008
1615476784877 0.18747881054878235 1009
1615476823831 0.1622815728187561 1010
1615476858861 0.19231221079826355 1011
1615476893368 0.1675998866558075 1012
1615476928121 0.17570695281028748 1013
1615476962943 0.17919734120368958 1014
1615476997458 0.22155019640922546 1015
1615477031631 0.15944617986679077 1016
1615477065648 0.1872594654560089 1017
1615477099656 0.11786952614784241 1018
1615477134096 0.19457435607910156 1019
1615477172584 0.18526561558246613 1020
1615477206935 0.17521442472934723 1021
1615477241269 0.1690075397491455 1022
1615477275966 0.19867120683193207 1023
1615477311417 0.1870625764131546 1024
1615477346267 0.15572558343410492 1025
1615477380881 0.17807163298130035 1026
1615477415557 0.18607960641384125 1027
1615477450171 0.14872094988822937 1028
1615477484577 0.16321903467178345 1029
1615477522958 0.20066413283348083 1030
1615477557026 0.1858731210231781 1031
1615477591375 0.19374367594718933 1032
1615477625805 0.16799335181713104 1033
1615477660195 0.14641574025154114 1034
1615477694714 0.19954568147659302 1035
1615477728987 0.19055157899856567 1036
1615477763435 0.15250396728515625 1037
1615477797398 0.21661078929901123 1038
1615477831493 0.17546698451042175 1039
1615477869965 0.20185449719429016 1040
1615477904157 0.1553412228822708 1041
1615477938996 0.1724451184272766 1042
1615477973843 0.1607559472322464 1043
1615478009023 0.2014932781457901 1044
1615478043929 0.12543919682502747 1045
1615478078835 0.13512936234474182 1046
1615478113247 0.19879774749279022 1047
1615478148387 0.21726614236831665 1048
1615478182514 0.1908646672964096 1049
1615478220748 0.16333231329917908 1050
1615478255029 0.2027406096458435 1051
1615478289455 0.20995968580245972 1052
1615478323985 0.09339629113674164 1053
1615478358430 0.17754065990447998 1054
1615478392939 0.11565104126930237 1055
1615478427477 0.20345601439476013 1056
1615478462675 0.19232609868049622 1057
1615478497613 0.19817131757736206 1058
1615478532259 0.16247597336769104 1059
1615478572088 0.16172277927398682 1060
1615478606840 0.16622550785541534 1061
1615478641310 0.1412920355796814 1062
1615478676635 0.10385309159755707 1063
1615478710749 0.17061938345432281 1064
1615478744778 0.15708889067173004 1065
1615478778835 0.1740245223045349 1066
1615478812962 0.15189778804779053 1067
1615478847362 0.1403946876525879 1068
1615478881810 0.1861170083284378 1069
1615478919960 0.16052693128585815 1070
1615478954050 0.17609599232673645 1071
1615478988001 0.18057091534137726 1072
1615479022432 0.15024413168430328 1073
1615479056799 0.18633607029914856 1074
1615479090918 0.18854016065597534 1075
1615479125318 0.20330765843391418 1076
1615479159643 0.17895615100860596 1077
1615479193793 0.15383870899677277 1078
1615479228250 0.17682039737701416 1079
1615479267603 0.19760778546333313 1080
1615479302733 0.16845357418060303 1081
1615479337762 0.15861079096794128 1082
1615479372299 0.12720084190368652 1083
1615479406756 0.13715961575508118 1084
1615479441125 0.1722079962491989 1085
1615479475357 0.16388997435569763 1086
1615479510434 0.19070753455162048 1087
1615479544598 0.18618640303611755 1088
1615479578854 0.11864179372787476 1089
1615479617317 0.1682012975215912 1090
1615479651535 0.12553440034389496 1091
1615479685978 0.2070634365081787 1092
1615479720433 0.15142406523227692 1093
1615479754738 0.16698288917541504 1094
1615479789216 0.18047192692756653 1095
1615479823618 0.18248307704925537 1096
1615479857733 0.1609174758195877 1097
1615479891992 0.17368006706237793 1098
1615479926713 0.19232577085494995 1099
1615479966146 0.17395548522472382 1100
1615480000996 0.17504146695137024 1101
1615480035634 0.1865430772304535 1102
1615480070504 0.18563130497932434 1103
1615480105076 0.2089482992887497 1104
1615480139587 0.18215450644493103 1105
1615480174595 0.12914784252643585 1106
1615480208675 0.15892469882965088 1107
1615480243215 0.16034480929374695 1108
1615480277430 0.2260209619998932 1109
1615480316330 0.1971721053123474 1110
1615480350384 0.17391060292720795 1111
1615480384602 0.15002575516700745 1112
1615480418883 0.21060705184936523 1113
1615480453127 0.17480960488319397 1114
1615480487627 0.1150750070810318 1115
1615480522901 0.17257660627365112 1116
1615480557865 0.17521776258945465 1117
1615480593105 0.21218273043632507 1118
1615480628182 0.17566925287246704 1119
1615480667292 0.17058062553405762 1120
1615480702126 0.12909139692783356 1121
1615480736728 0.19414424896240234 1122
1615480771534 0.14935143291950226 1123
1615480805922 0.1589857041835785 1124
1615480840596 0.15485304594039917 1125
1615480874612 0.17645785212516785 1126
1615480908644 0.1771508753299713 1127
1615480943028 0.14993517100811005 1128
1615480977403 0.15456488728523254 1129
1615481015808 0.139834925532341 1130
1615481050189 0.20845332741737366 1131
1615481084650 0.1654142141342163 1132
1615481118998 0.11661981046199799 1133
1615481154015 0.16219300031661987 1134
1615481189541 0.1859813928604126 1135
1615481224586 0.20367729663848877 1136
1615481259002 0.2087039053440094 1137
1615481293910 0.17896384000778198 1138
1615481329330 0.1785942167043686 1139
1615481368072 0.2332984358072281 1140
1615481402522 0.19771474599838257 1141
1615481437041 0.17413145303726196 1142
1615481471023 0.18166975677013397 1143
1615481505384 0.21639825403690338 1144
1615481539468 0.1655716598033905 1145
1615481574064 0.18537631630897522 1146
1615481608540 0.1557265818119049 1147
1615481642969 0.12975305318832397 1148
1615481678291 0.19666048884391785 1149
1615481717538 0.21130478382110596 1150
1615481752182 0.16350463032722473 1151
1615481787193 0.1836075782775879 1152
1615481821577 0.13506366312503815 1153
1615481856165 0.15758246183395386 1154
1615481890212 0.14215466380119324 1155
1615481924801 0.18106240034103394 1156
1615481958882 0.15552499890327454 1157
1615481993205 0.10741595178842545 1158
1615482027743 0.2183556854724884 1159
1615482066626 0.1550014764070511 1160
1615482101443 0.16931352019309998 1161
1615482136413 0.20560713112354279 1162
1615482171289 0.1604735553264618 1163
1615482205830 0.14674866199493408 1164
1615482240290 0.10823460668325424 1165
1615482274989 0.17730864882469177 1166
1615482310004 0.16221177577972412 1167
1615482344041 0.1548173576593399 1168
1615482378477 0.14342375099658966 1169
1615482416552 0.18831577897071838 1170
1615482451068 0.179103821516037 1171
1615482485555 0.14566989243030548 1172
1615482519858 0.17739926278591156 1173
1615482554171 0.17423546314239502 1174
1615482588398 0.13693483173847198 1175
1615482622752 0.16758103668689728 1176
1615482657333 0.14662238955497742 1177
1615482691736 0.1842697709798813 1178
1615482726222 0.13385900855064392 1179
1615482764552 0.2205183357000351 1180
1615482799058 0.15691304206848145 1181
1615482833909 0.18787455558776855 1182
1615482868801 0.12912431359291077 1183
1615482903987 0.1982644498348236 1184
1615482938947 0.20474475622177124 1185
1615482972985 0.1854812055826187 1186
1615483007558 0.2109985202550888 1187
1615483042533 0.14720118045806885 1188
1615483076761 0.19866874814033508 1189
1615483115224 0.1478188931941986 1190
1615483149160 0.17377401888370514 1191
1615483183599 0.17257218062877655 1192
1615483217760 0.15731853246688843 1193
1615483252151 0.1697678565979004 1194
1615483286474 0.18085485696792603 1195
1615483320653 0.14109909534454346 1196
1615483355115 0.15893805027008057 1197
1615483389511 0.1978784203529358 1198
1615483423903 0.1815902590751648 1199
1615483462424 0.18251770734786987 1200
1615483490752 0.22084951400756836 0
1615483490764 0.22084951400756836 0
