1616144829160 0.17988327145576477 1
1616144863501 0.23102760314941406 2
1616144897774 0.26096513867378235 3
1616144932289 0.27863913774490356 4
1616144967236 0.27248436212539673 5
1616145002165 0.2930930256843567 6
1616145036385 0.2832213044166565 7
1616145070784 0.2965053915977478 8
1616145105340 0.29841405153274536 9
1616145144733 0.28622549772262573 10
1616145179477 0.31275874376296997 11
1616145213728 0.28539058566093445 12
1616145248484 0.29208648204803467 13
1616145283175 0.3194045424461365 14
1616145317854 0.3135361075401306 15
1616145352636 0.31716668605804443 16
1616145386772 0.34146833419799805 17
1616145421302 0.35044074058532715 18
1616145455769 0.30987146496772766 19
1616145494323 0.3175281286239624 20
1616145528682 0.33620691299438477 21
1616145563311 0.33807843923568726 22
1616145597710 0.36025822162628174 23
1616145632120 0.3626915216445923 24
1616145666362 0.3340097665786743 25
1616145701021 0.35049673914909363 26
1616145735668 0.34941715002059937 27
1616145770339 0.3628556728363037 28
1616145804533 0.34734219312667847 29
1616145843978 0.3327982425689697 30
1616145878494 0.36496490240097046 31
1616145912795 0.3588232696056366 32
1616145947296 0.37278997898101807 33
1616145982026 0.3282693028450012 34
1616146016768 0.35694265365600586 35
1616146051134 0.39865386486053467 36
1616146086098 0.38422340154647827 37
1616146120739 0.390228271484375 38
1616146155083 0.37841302156448364 39
1616146193890 0.3941783607006073 40
1616146228665 0.37919142842292786 41
1616146263114 0.34983986616134644 42
1616146297270 0.34175899624824524 43
1616146331843 0.34716254472732544 44
1616146365952 0.38752859830856323 45
1616146400442 0.3555023670196533 46
1616146434542 0.3880714476108551 47
1616146469163 0.425810843706131 48
1616146503374 0.3915124535560608 49
1616146542583 0.38154345750808716 50
1616146576835 0.39259910583496094 51
1616146611695 0.32148557901382446 52
1616146646298 0.3405380845069885 53
1616146680812 0.3614378571510315 54
1616146715460 0.3271227478981018 55
1616146750436 0.3534635305404663 56
1616146784552 0.3608752489089966 57
1616146819030 0.3604690432548523 58
1616146853709 0.37583863735198975 59
1616146892145 0.38101354241371155 60
1616146926263 0.34745535254478455 61
1616146960554 0.3562609851360321 62
1616146995100 0.3653186857700348 63
1616147029922 0.3158286213874817 64
1616147064216 0.38011664152145386 65
1616147098694 0.40030956268310547 66
1616147132996 0.40545323491096497 67
1616147167742 0.4214240312576294 68
1616147202546 0.387572705745697 69
1616147241879 0.3997381031513214 70
1616147276334 0.3853166103363037 71
1616147311291 0.3284086585044861 72
1616147345960 0.38728857040405273 73
1616147380596 0.3960428237915039 74
1616147414705 0.39121994376182556 75
1616147449562 0.3962417244911194 76
1616147484211 0.40586015582084656 77
1616147518362 0.4147162437438965 78
1616147552697 0.3789001703262329 79
1616147591341 0.385097861289978 80
1616147625848 0.3959415555000305 81
1616147660073 0.42732495069503784 82
1616147694749 0.39229559898376465 83
1616147729123 0.44369155168533325 84
1616147763446 0.43023157119750977 85
1616147798093 0.427975058555603 86
1616147832774 0.42196741700172424 87
1616147867128 0.45240575075149536 88
1616147901374 0.42799878120422363 89
1616147939880 0.4078284800052643 90
1616147974738 0.4163886308670044 91
1616148009422 0.4039357304573059 92
1616148044150 0.42397671937942505 93
1616148078890 0.4211840331554413 94
1616148113235 0.4278300404548645 95
1616148147475 0.3838731050491333 96
1616148182015 0.4205065667629242 97
1616148216215 0.35567641258239746 98
1616148250967 0.4029955267906189 99
1616148289845 0.38904809951782227 100
1616148324569 0.41316455602645874 101
1616148359226 0.4062262177467346 102
1616148393892 0.4478336274623871 103
1616148428233 0.4318523108959198 104
1616148462962 0.401755154132843 105
1616148497619 0.36331021785736084 106
1616148531789 0.39443159103393555 107
1616148566387 0.40841707587242126 108
1616148600553 0.4260396361351013 109
1616148639700 0.42618513107299805 110
1616148674038 0.4495928883552551 111
1616148708790 0.4105513095855713 112
1616148743272 0.4164492189884186 113
1616148777935 0.40953266620635986 114
1616148812100 0.43478816747665405 115
1616148846636 0.3891609311103821 116
1616148880963 0.44208890199661255 117
1616148915160 0.34545832872390747 118
1616148949862 0.4177767038345337 119
1616148988618 0.38642409443855286 120
1616149023290 0.44857150316238403 121
1616149057633 0.4488992691040039 122
1616149092289 0.35997042059898376 123
1616149127019 0.38802582025527954 124
1616149161784 0.44056305289268494 125
1616149196430 0.42409348487854004 126
1616149230684 0.4236096143722534 127
1616149264751 0.44528448581695557 128
1616149300056 0.442407488822937 129
1616149339226 0.470786452293396 130
1616149373863 0.41307345032691956 131
1616149408212 0.41668641567230225 132
1616149442772 0.41960853338241577 133
1616149476873 0.4019938111305237 134
1616149511369 0.4645230770111084 135
1616149545954 0.4637845456600189 136
1616149580550 0.43998509645462036 137
1616149615184 0.3915294408798218 138
1616149649576 0.42963916063308716 139
1616149688255 0.38342446088790894 140
1616149723115 0.39217376708984375 141
1616149757823 0.43676358461380005 142
1616149792117 0.469593346118927 143
1616149827119 0.44865280389785767 144
1616149861838 0.48044759035110474 145
1616149896054 0.44481921195983887 146
1616149930391 0.42074665427207947 147
1616149965028 0.46258097887039185 148
1616149999127 0.45427393913269043 149
1616150038336 0.43419861793518066 150
1616150072913 0.47018933296203613 151
1616150107433 0.4816821217536926 152
1616150142115 0.49518221616744995 153
1616150176767 0.5204681158065796 154
1616150211433 0.451630175113678 155
1616150245572 0.4719965159893036 156
1616150280183 0.49246329069137573 157
1616150314936 0.45244377851486206 158
1616150349897 0.4885022044181824 159
1616150388530 0.4914456605911255 160
1616150422964 0.39760029315948486 161
1616150457780 0.44230157136917114 162
1616150492087 0.4695541560649872 163
1616150526419 0.4782421588897705 164
1616150560681 0.44305500388145447 165
1616150595332 0.41021978855133057 166
1616150629914 0.4345073103904724 167
1616150664657 0.4557523727416992 168
1616150698763 0.5247812271118164 169
1616150737122 0.47516393661499023 170
1616150771490 0.40965521335601807 171
1616150805905 0.48604118824005127 172
1616150840680 0.4585278034210205 173
1616150875179 0.4359743595123291 174
1616150909489 0.4721866250038147 175
1616150944035 0.4445180296897888 176
1616150978563 0.4106783866882324 177
1616151013324 0.47294342517852783 178
1616151048198 0.4375324547290802 179
1616151086721 0.5081430077552795 180
1616151120880 0.4843825101852417 181
1616151155397 0.4511704742908478 182
1616151190331 0.4068477749824524 183
1616151224631 0.49715256690979004 184
1616151259231 0.460132360458374 185
1616151293748 0.48694151639938354 186
1616151328124 0.44008296728134155 187
1616151362380 0.44216790795326233 188
1616151397068 0.4690956473350525 189
1616151436363 0.4273569583892822 190
1616151470721 0.5041409134864807 191
1616151505070 0.4298197627067566 192
1616151539811 0.39709410071372986 193
1616151573869 0.4262055456638336 194
1616151608106 0.4734570384025574 195
1616151642396 0.43064191937446594 196
1616151676834 0.46653735637664795 197
1616151711152 0.48614567518234253 198
1616151745729 0.4621437191963196 199
1616151784656 0.4297758936882019 200
1616151819220 0.42326515913009644 201
1616151853374 0.41848811507225037 202
1616151888091 0.4410859942436218 203
1616151922661 0.4835139513015747 204
1616151957385 0.4928508996963501 205
1616151992173 0.47729966044425964 206
1616152026331 0.5022922158241272 207
1616152061033 0.5088739991188049 208
1616152095257 0.5128068923950195 209
1616152133744 0.43174564838409424 210
1616152167960 0.49336373805999756 211
1616152202208 0.46028631925582886 212
1616152236966 0.4036063849925995 213
1616152271922 0.45336687564849854 214
1616152306381 0.48196646571159363 215
1616152340824 0.4363062083721161 216
1616152375532 0.4763072729110718 217
1616152410184 0.44620928168296814 218
1616152444739 0.45027899742126465 219
1616152484348 0.45421546697616577 220
1616152519020 0.4671889841556549 221
1616152553789 0.4689565896987915 222
1616152588093 0.4829446077346802 223
1616152622554 0.49496883153915405 224
1616152656926 0.45447516441345215 225
1616152691543 0.4757920205593109 226
1616152726222 0.45665243268013 227
1616152760683 0.46157306432724 228
1616152795298 0.5218883752822876 229
1616152834115 0.5066434144973755 230
1616152869073 0.5417771339416504 231
1616152904313 0.5022192001342773 232
1616152939202 0.46970170736312866 233
1616152973808 0.5153648853302002 234
1616153008554 0.4845341444015503 235
1616153043635 0.4963741898536682 236
1616153077955 0.5068550109863281 237
1616153112130 0.46616560220718384 238
1616153146308 0.5460352897644043 239
1616153184788 0.4765487611293793 240
1616153219041 0.46801620721817017 241
1616153253364 0.4856494665145874 242
1616153287588 0.4914255142211914 243
1616153321849 0.5029293298721313 244
1616153356018 0.4893549680709839 245
1616153390210 0.5105181932449341 246
1616153424957 0.43773823976516724 247
1616153459672 0.49690765142440796 248
1616153493900 0.4724772572517395 249
1616153533030 0.4829447269439697 250
1616153567772 0.528847336769104 251
1616153602236 0.4842125177383423 252
1616153636621 0.41646164655685425 253
1616153670953 0.4852100610733032 254
1616153705716 0.52519690990448 255
1616153740427 0.48433107137680054 256
1616153775103 0.5584868788719177 257
1616153809568 0.5018839836120605 258
1616153843915 0.4618751108646393 259
1616153882561 0.4689457416534424 260
1616153917437 0.5120415687561035 261
1616153951549 0.5014705657958984 262
1616153986032 0.47102001309394836 263
1616154020701 0.4613080322742462 264
1616154055268 0.5069538354873657 265
1616154089676 0.45877984166145325 266
1616154123849 0.5092272758483887 267
1616154158049 0.4653269648551941 268
1616154192369 0.50437331199646 269
1616154231146 0.5071640014648438 270
1616154265701 0.5204139351844788 271
1616154300650 0.4857276678085327 272
1616154335098 0.48246222734451294 273
1616154369782 0.5126428604125977 274
1616154404442 0.48571109771728516 275
1616154439273 0.42057204246520996 276
1616154473707 0.5407488346099854 277
1616154508173 0.4717155694961548 278
1616154542835 0.5437469482421875 279
1616154581660 0.5446547865867615 280
1616154616172 0.5379163026809692 281
1616154650326 0.5159307718276978 282
1616154685277 0.4861769378185272 283
1616154719556 0.5062046051025391 284
1616154754279 0.4285927414894104 285
1616154788447 0.5120132565498352 286
1616154822805 0.48771151900291443 287
1616154857426 0.46990102529525757 288
1616154892062 0.5187990665435791 289
1616154930866 0.4960603713989258 290
1616154965344 0.5313690900802612 291
1616154999943 0.5125497579574585 292
1616155034173 0.5363281965255737 293
1616155069043 0.4873877763748169 294
1616155103806 0.48831403255462646 295
1616155138239 0.493930846452713 296
1616155172517 0.5136752724647522 297
1616155206992 0.4891200065612793 298
1616155241648 0.5437095165252686 299
1616155280784 0.5060428380966187 300
1616155315413 0.4744729995727539 301
1616155349625 0.5007650852203369 302
1616155384244 0.5656222105026245 303
1616155418882 0.5482959151268005 304
1616155453597 0.48042818903923035 305
1616155488375 0.4507446885108948 306
1616155523309 0.5117156505584717 307
1616155557531 0.6316807866096497 308
1616155592169 0.5573602914810181 309
1616155630801 0.43957090377807617 310
1616155665439 0.4807673692703247 311
1616155700326 0.48367807269096375 312
1616155734991 0.472633421421051 313
1616155769613 0.5608315467834473 314
1616155804261 0.4746602773666382 315
1616155838886 0.5075849294662476 316
1616155873935 0.5194168090820312 317
1616155908175 0.4898722171783447 318
1616155942849 0.5094541311264038 319
1616155981441 0.5147385597229004 320
1616156015718 0.5221514701843262 321
1616156049826 0.521635115146637 322
1616156084221 0.4652610421180725 323
1616156118641 0.49128639698028564 324
1616156153244 0.45311933755874634 325
1616156187745 0.49423748254776 326
1616156221985 0.5116615891456604 327
1616156256467 0.5642261505126953 328
1616156291173 0.5553280115127563 329
1616156329968 0.4737187922000885 330
1616156364243 0.4781511723995209 331
1616156398898 0.5005748271942139 332
1616156433289 0.5636049509048462 333
1616156467948 0.5116640329360962 334
1616156502727 0.4772804379463196 335
1616156537504 0.48969143629074097 336
1616156572181 0.5387824773788452 337
1616156606380 0.45686742663383484 338
1616156640815 0.5528918504714966 339
1616156680139 0.5497441291809082 340
1616156714860 0.516326904296875 341
1616156749476 0.5420544147491455 342
1616156784225 0.4797642230987549 343
1616156819153 0.5244539976119995 344
1616156854029 0.4831307828426361 345
1616156888534 0.4589763283729553 346
1616156922985 0.43059611320495605 347
1616156957622 0.5071737766265869 348
1616156993023 0.5651851296424866 349
1616157031461 0.5671091675758362 350
1616157065813 0.5370527505874634 351
1616157100323 0.5271180868148804 352
1616157134746 0.544486403465271 353
1616157169505 0.5661072134971619 354
1616157203696 0.5150574445724487 355
1616157238150 0.4965684711933136 356
1616157272734 0.540316104888916 357
1616157307770 0.5597217082977295 358
1616157342628 0.4610174298286438 359
1616157381259 0.5225714445114136 360
1616157415475 0.5809332132339478 361
1616157450125 0.6081398725509644 362
1616157484598 0.574973464012146 363
1616157518881 0.5226981043815613 364
1616157553361 0.5417306423187256 365
1616157587648 0.5199778079986572 366
1616157622164 0.5373498201370239 367
1616157656312 0.5638201236724854 368
1616157690575 0.5113336443901062 369
1616157729587 0.5060663819313049 370
1616157764149 0.6040366888046265 371
1616157798519 0.5903244614601135 372
1616157833015 0.5145725011825562 373
1616157867356 0.539966344833374 374
1616157901695 0.5425521731376648 375
1616157936092 0.49965229630470276 376
1616157970661 0.4569813907146454 377
1616158005146 0.4855230450630188 378
1616158039372 0.5268256664276123 379
1616158078384 0.49139541387557983 380
1616158113043 0.5369744896888733 381
1616158147432 0.5295711755752563 382
1616158181629 0.48017406463623047 383
1616158216097 0.5423744916915894 384
1616158250717 0.5441317558288574 385
1616158285105 0.5530003905296326 386
1616158319796 0.5148371458053589 387
1616158354246 0.5298349857330322 388
1616158388919 0.5462586879730225 389
1616158428012 0.5246502161026001 390
1616158462377 0.49628275632858276 391
1616158496924 0.5049418210983276 392
1616158531624 0.5707809925079346 393
1616158566304 0.4915311336517334 394
1616158600829 0.6225564479827881 395
1616158635069 0.5268509984016418 396
1616158669669 0.5675673484802246 397
1616158704411 0.5697066783905029 398
1616158738690 0.5091155171394348 399
1616158777743 0.5541574358940125 400
1616158812344 0.5179489850997925 401
1616158846766 0.5447618961334229 402
1616158881220 0.47455352544784546 403
1616158915257 0.5850213170051575 404
1616158949356 0.5460996627807617 405
1616158983827 0.5572047829627991 406
1616159017922 0.4772028923034668 407
1616159052208 0.5856761336326599 408
1616159086459 0.5036264657974243 409
1616159124803 0.5290123224258423 410
1616159159357 0.5567071437835693 411
1616159194275 0.5858480334281921 412
1616159228693 0.5734435319900513 413
1616159263253 0.5099489688873291 414
1616159297835 0.4759007692337036 415
1616159332091 0.5275369882583618 416
1616159366640 0.5066618919372559 417
1616159401221 0.5583425760269165 418
1616159436062 0.5548793077468872 419
1616159474690 0.5732055902481079 420
1616159509357 0.5259972810745239 421
1616159543821 0.528623104095459 422
1616159578066 0.5002177953720093 423
1616159612781 0.5284274816513062 424
1616159647500 0.5988694429397583 425
1616159682194 0.5227237939834595 426
1616159716984 0.5625336170196533 427
1616159751931 0.5246894359588623 428
1616159786846 0.4620785713195801 429
1616159825881 0.5305513143539429 430
1616159860378 0.5697405934333801 431
1616159894635 0.5068492889404297 432
1616159929247 0.49420756101608276 433
1616159963443 0.5608218908309937 434
1616159998364 0.4542270302772522 435
1616160033607 0.5238106846809387 436
1616160068193 0.5143662691116333 437
1616160102822 0.5401210784912109 438
1616160137472 0.4698670506477356 439
1616160175995 0.6039167046546936 440
1616160210575 0.5647076368331909 441
1616160245072 0.49322041869163513 442
1616160279801 0.5672359466552734 443
1616160314554 0.5943577289581299 444
1616160348951 0.5178707838058472 445
1616160383262 0.5346793532371521 446
1616160417909 0.4867130517959595 447
1616160452814 0.5198831558227539 448
1616160487667 0.5568419694900513 449
1616160526411 0.594650149345398 450
1616160560992 0.5373092293739319 451
1616160595396 0.5329133868217468 452
1616160629518 0.5280331373214722 453
1616160663953 0.5023709535598755 454
1616160698584 0.5774898529052734 455
1616160733201 0.5100549459457397 456
1616160767687 0.5020617246627808 457
1616160801885 0.4679402709007263 458
1616160836565 0.5560710430145264 459
1616160875819 0.5735195875167847 460
1616160910140 0.5751734972000122 461
1616160944306 0.5744869709014893 462
1616160978545 0.5391712188720703 463
1616161013270 0.550771176815033 464
1616161047593 0.5612708330154419 465
1616161081913 0.5296294093132019 466
1616161116794 0.5083743929862976 467
1616161151190 0.5162798166275024 468
1616161185814 0.540327787399292 469
1616161224594 0.5280908942222595 470
1616161259385 0.5216286182403564 471
1616161294436 0.5364172458648682 472
1616161328857 0.534604549407959 473
1616161363518 0.5152718424797058 474
1616161397763 0.5752079486846924 475
1616161432327 0.5190078020095825 476
1616161466945 0.5313424468040466 477
1616161501357 0.5257574319839478 478
1616161536087 0.6070990562438965 479
1616161575277 0.6042369604110718 480
1616161610107 0.5365273356437683 481
1616161644268 0.5798016786575317 482
1616161678659 0.5585758686065674 483
1616161712989 0.5736174583435059 484
1616161747237 0.5367637872695923 485
1616161781963 0.5137308835983276 486
1616161816740 0.5115445852279663 487
1616161851142 0.5304528474807739 488
1616161885482 0.545309841632843 489
1616161924495 0.6069154739379883 490
1616161959123 0.5335745811462402 491
1616161993824 0.5201765894889832 492
1616162028129 0.6454933881759644 493
1616162063019 0.5056184530258179 494
1616162097547 0.5342079401016235 495
1616162132037 0.5211824178695679 496
1616162166759 0.5923494696617126 497
1616162201093 0.5520248413085938 498
1616162235528 0.5825981497764587 499
1616162274241 0.5341112613677979 500
1616162308669 0.49064135551452637 501
1616162343160 0.5734313130378723 502
1616162377649 0.5979095697402954 503
1616162412066 0.6018901467323303 504
1616162446265 0.5408122539520264 505
1616162480656 0.5786675214767456 506
1616162515089 0.5010533928871155 507
1616162549812 0.526050329208374 508
1616162584038 0.5698795318603516 509
1616162622817 0.5459058284759521 510
1616162657648 0.6351436376571655 511
1616162692036 0.5438767671585083 512
1616162726865 0.5872158408164978 513
1616162761634 0.6037592887878418 514
1616162796146 0.5320284366607666 515
1616162830884 0.5984270572662354 516
1616162865286 0.613986611366272 517
1616162899620 0.5313658714294434 518
1616162934147 0.5136880874633789 519
1616162972657 0.5347277522087097 520
1616163007259 0.5065886974334717 521
1616163041904 0.5559273958206177 522
1616163076416 0.5736405849456787 523
1616163110787 0.5798320770263672 524
1616163145092 0.560671329498291 525
1616163179677 0.6613181829452515 526
1616163214285 0.5608217716217041 527
1616163248981 0.5569771528244019 528
1616163283621 0.6464769840240479 529
1616163321905 0.5584883689880371 530
1616163356098 0.5254557132720947 531
1616163390641 0.5401079654693604 532
1616163424874 0.5624779462814331 533
1616163459606 0.5579214692115784 534
1616163494281 0.5240102410316467 535
1616163528820 0.6384948492050171 536
1616163563697 0.5379594564437866 537
1616163597919 0.5573022365570068 538
1616163632134 0.5540459752082825 539
1616163671028 0.6384695172309875 540
1616163705772 0.5160226821899414 541
1616163740336 0.5138091444969177 542
1616163775014 0.5583395957946777 543
1616163809300 0.6014144420623779 544
1616163843883 0.5795365571975708 545
1616163878669 0.5952264666557312 546
1616163913345 0.6233882904052734 547
1616163948237 0.5188004374504089 548
1616163982924 0.5240870118141174 549
1616164022090 0.5572061538696289 550
1616164056790 0.5734835267066956 551
1616164091443 0.574488639831543 552
1616164126293 0.6251627206802368 553
1616164160515 0.48251962661743164 554
1616164194769 0.5398567914962769 555
1616164229527 0.574974000453949 556
1616164264278 0.5230557918548584 557
1616164298832 0.528485894203186 558
1616164333221 0.5258148312568665 559
1616164372193 0.6168718338012695 560
1616164406311 0.5590490698814392 561
1616164440785 0.5148671865463257 562
1616164475301 0.5229604244232178 563
1616164510353 0.6351470351219177 564
1616164545247 0.5206546783447266 565
1616164579966 0.5800113081932068 566
1616164614738 0.5423094034194946 567
1616164649464 0.5913031101226807 568
1616164684141 0.5738263130187988 569
1616164723158 0.5566874742507935 570
1616164757777 0.5217481851577759 571
1616164791902 0.5685235857963562 572
1616164826136 0.5565013289451599 573
1616164860854 0.6001238226890564 574
1616164895484 0.5141564607620239 575
1616164929876 0.5434948205947876 576
1616164964746 0.6172466278076172 577
1616164999613 0.6230423450469971 578
1616165033800 0.5644664764404297 579
1616165072761 0.5843660235404968 580
1616165106881 0.6291047930717468 581
1616165141725 0.5320820212364197 582
1616165176385 0.5522801280021667 583
1616165210983 0.6003944277763367 584
1616165245595 0.5643683671951294 585
1616165280304 0.5616294145584106 586
1616165314948 0.6268014311790466 587
1616165349243 0.5842615365982056 588
1616165383448 0.5656086206436157 589
1616165422292 0.603490948677063 590
1616165456615 0.5875555276870728 591
1616165491481 0.5666061639785767 592
1616165526106 0.5245175361633301 593
1616165560930 0.5585989952087402 594
1616165595463 0.5749688148498535 595
1616165629842 0.5664495229721069 596
1616165664832 0.6020395159721375 597
1616165699033 0.5432621240615845 598
1616165733261 0.5538725256919861 599
1616165772130 0.5106103420257568 600
1616165806272 0.6328734755516052 601
1616165840962 0.5449004173278809 602
1616165875617 0.5088474750518799 603
1616165910289 0.5501537322998047 604
1616165944675 0.5589073896408081 605
1616165978952 0.5745329260826111 606
1616166013488 0.5619659423828125 607
1616166047910 0.5936237573623657 608
1616166082625 0.568712055683136 609
1616166121145 0.5959525108337402 610
1616166155900 0.5219642519950867 611
1616166190782 0.5769479274749756 612
1616166225061 0.5791950821876526 613
1616166259738 0.5957016944885254 614
1616166293927 0.5700198411941528 615
1616166328198 0.5809861421585083 616
1616166362760 0.544608473777771 617
1616166396860 0.6418289542198181 618
1616166431085 0.5624595880508423 619
1616166469528 0.5320063233375549 620
1616166503780 0.6043461561203003 621
1616166538033 0.5140946507453918 622
1616166572634 0.5491070747375488 623
1616166607010 0.5594946146011353 624
1616166641792 0.6182345151901245 625
1616166676342 0.6294876337051392 626
1616166710782 0.6241259574890137 627
1616166745099 0.5693569183349609 628
1616166779915 0.5399023294448853 629
1616166819421 0.5584928393363953 630
1616166854400 0.6221020221710205 631
1616166888816 0.527830958366394 632
1616166923198 0.6141225099563599 633
1616166957888 0.5595638751983643 634
1616166992897 0.5287775993347168 635
1616167027364 0.5506735444068909 636
1616167061585 0.63027024269104 637
1616167095868 0.5878732204437256 638
1616167130373 0.5866087675094604 639
1616167169093 0.6038804054260254 640
1616167203238 0.5995216369628906 641
1616167237861 0.5747743844985962 642
1616167272526 0.5681367516517639 643
1616167306654 0.573927104473114 644
1616167341424 0.5966547727584839 645
1616167375860 0.6092644333839417 646
1616167410788 0.595949649810791 647
1616167445316 0.545439600944519 648
1616167480360 0.6011691689491272 649
1616167519737 0.6490606069564819 650
1616167554057 0.5513613224029541 651
1616167589089 0.5934224128723145 652
1616167623363 0.5781506299972534 653
1616167657525 0.60794997215271 654
1616167692231 0.5597805976867676 655
1616167726936 0.570830762386322 656
1616167761659 0.5976343154907227 657
1616167796373 0.5322818756103516 658
1616167830816 0.5493113398551941 659
1616167869645 0.5552839636802673 660
1616167903970 0.6033893823623657 661
1616167938336 0.5602641105651855 662
1616167973096 0.556797981262207 663
1616168007473 0.6158528923988342 664
1616168041834 0.6346436738967896 665
1616168076172 0.5688028335571289 666
1616168110965 0.5869923830032349 667
1616168146090 0.5512768030166626 668
1616168180382 0.5436655282974243 669
1616168219725 0.5753165483474731 670
1616168253912 0.5673599243164062 671
1616168288117 0.5097266435623169 672
1616168322463 0.49500614404678345 673
1616168356707 0.5554633140563965 674
1616168391233 0.5220555067062378 675
1616168425717 0.5588613748550415 676
1616168460465 0.5642905235290527 677
1616168495087 0.5829041004180908 678
1616168530164 0.5736706256866455 679
1616168569038 0.5959364175796509 680
1616168603415 0.5650376081466675 681
1616168638199 0.6040170192718506 682
1616168672417 0.6089597344398499 683
1616168707206 0.5584605932235718 684
1616168741997 0.5799962282180786 685
1616168776684 0.5853017568588257 686
1616168811311 0.6486560106277466 687
1616168845727 0.5437722206115723 688
1616168880095 0.49637293815612793 689
1616168918367 0.594207763671875 690
1616168952520 0.5959488153457642 691
1616168987310 0.6775445938110352 692
1616169021849 0.617185652256012 693
1616169056456 0.58619225025177 694
1616169091185 0.5758122205734253 695
1616169125561 0.5965705513954163 696
1616169160066 0.6379026174545288 697
1616169194795 0.6130917072296143 698
1616169229641 0.6306667327880859 699
1616169269005 0.6202083826065063 700
1616169303785 0.5604035258293152 701
1616169338091 0.5824805498123169 702
1616169372279 0.6307692527770996 703
1616169407203 0.5740391612052917 704
1616169441525 0.5572127103805542 705
1616169475842 0.5696239471435547 706
1616169510124 0.6074703931808472 707
1616169544546 0.6118537187576294 708
1616169578876 0.5707423686981201 709
1616169617825 0.6084916591644287 710
1616169652624 0.5997963547706604 711
1616169687048 0.5753965377807617 712
1616169721866 0.5812605619430542 713
1616169756505 0.6113626956939697 714
1616169791390 0.606328010559082 715
1616169825875 0.5328831672668457 716
1616169860362 0.6454147696495056 717
1616169894731 0.6138348579406738 718
1616169929016 0.5869518518447876 719
1616169968088 0.6139563322067261 720
1616170003022 0.5452620983123779 721
1616170037565 0.5091870427131653 722
1616170071902 0.5325472354888916 723
1616170106463 0.5889768600463867 724
1616170140873 0.548244833946228 725
1616170175141 0.6491206288337708 726
1616170209397 0.6845070123672485 727
1616170244189 0.5661765933036804 728
1616170278853 0.6621303558349609 729
1616170317927 0.6591625213623047 730
1616170352269 0.613686203956604 731
1616170386896 0.5995237827301025 732
1616170421493 0.6321136355400085 733
1616170456262 0.5598206520080566 734
1616170491156 0.6084423661231995 735
1616170525594 0.6079205274581909 736
1616170560482 0.643707275390625 737
1616170595151 0.6041069030761719 738
1616170629540 0.5791795253753662 739
1616170668125 0.5411913394927979 740
1616170702764 0.5563006401062012 741
1616170737118 0.5930447578430176 742
1616170771951 0.6296143531799316 743
1616170806515 0.681252121925354 744
1616170841296 0.5594908595085144 745
1616170875812 0.6179039478302002 746
1616170910195 0.5712453722953796 747
1616170944809 0.557781994342804 748
1616170979219 0.5805214643478394 749
1616171018482 0.6570037007331848 750
1616171053223 0.5533590316772461 751
1616171087715 0.6019730567932129 752
1616171122410 0.5663702487945557 753
1616171156687 0.5744567513465881 754
1616171191678 0.6021376848220825 755
1616171226526 0.6158937215805054 756
1616171260927 0.5837957859039307 757
1616171295238 0.5601314902305603 758
1616171330040 0.6803920269012451 759
1616171368897 0.5560423135757446 760
1616171403542 0.5757972002029419 761
1616171438262 0.5580765008926392 762
1616171472802 0.6058681011199951 763
1616171507083 0.6157279014587402 764
1616171541959 0.5760802626609802 765
1616171576525 0.6099648475646973 766
1616171611031 0.6074188947677612 767
1616171645525 0.5811543464660645 768
1616171680104 0.6233669519424438 769
1616171719221 0.6047953367233276 770
1616171753689 0.5582653284072876 771
1616171788119 0.5715103149414062 772
1616171822573 0.6257480978965759 773
1616171856787 0.5933243036270142 774
1616171891309 0.5406932830810547 775
1616171925556 0.6162797212600708 776
1616171960609 0.6122807264328003 777
1616171994861 0.5689127445220947 778
1616172029100 0.5701792240142822 779
1616172067695 0.6143569946289062 780
1616172102158 0.4671115577220917 781
1616172136514 0.6496034860610962 782
1616172170862 0.6670655608177185 783
1616172205528 0.6060841679573059 784
1616172240333 0.6265888214111328 785
1616172274684 0.5496426820755005 786
1616172309328 0.5665081143379211 787
1616172343580 0.6320661902427673 788
1616172377933 0.580061137676239 789
1616172417086 0.574234664440155 790
1616172451692 0.5647358894348145 791
1616172486593 0.6293281316757202 792
1616172521541 0.5482957363128662 793
1616172556157 0.6478184461593628 794
1616172590803 0.5790271162986755 795
1616172625688 0.5776877403259277 796
1616172660316 0.6096975207328796 797
1616172695359 0.5662635564804077 798
1616172730079 0.632866382598877 799
1616172769088 0.560028076171875 800
1616172803649 0.5251917243003845 801
1616172837967 0.6021285057067871 802
1616172872150 0.6154090762138367 803
1616172906783 0.5762128829956055 804
1616172941309 0.5803318023681641 805
1616172976061 0.5957068204879761 806
1616173010906 0.5749695897102356 807
1616173045405 0.5580224990844727 808
1616173079743 0.5478582978248596 809
1616173119377 0.586211085319519 810
1616173154215 0.5507282614707947 811
1616173188650 0.561278760433197 812
1616173223784 0.6472926735877991 813
1616173258443 0.6558295488357544 814
1616173292705 0.5964385867118835 815
1616173327048 0.5271070003509521 816
1616173361964 0.6829334497451782 817
1616173396451 0.5507411956787109 818
1616173431369 0.5783794522285461 819
1616173470806 0.5023639798164368 820
1616173505762 0.6162165403366089 821
1616173540643 0.593954861164093 822
1616173575399 0.577279806137085 823
1616173609772 0.6087168455123901 824
1616173644413 0.5509703159332275 825
1616173678676 0.5472233295440674 826
1616173712851 0.5746587514877319 827
1616173747046 0.6360750198364258 828
1616173781597 0.617037296295166 829
1616173820422 0.6067830920219421 830
1616173854784 0.5948201417922974 831
1616173889273 0.602749764919281 832
1616173923963 0.6170012950897217 833
1616173958275 0.5891907215118408 834
1616173992744 0.5578523874282837 835
1616174027381 0.6287376880645752 836
1616174062012 0.49337321519851685 837
1616174096364 0.6005731225013733 838
1616174130816 0.6275554895401001 839
1616174170021 0.6011947393417358 840
1616174204326 0.5820508003234863 841
1616174238602 0.6165884137153625 842
1616174273630 0.6443870067596436 843
1616174307812 0.6244531869888306 844
1616174342557 0.5939458608627319 845
1616174377269 0.6057884693145752 846
1616174411874 0.6078182458877563 847
1616174446254 0.5460109114646912 848
1616174480575 0.5410040616989136 849
1616174519542 0.5461872816085815 850
1616174554165 0.6590222716331482 851
1616174588925 0.6932682991027832 852
1616174623247 0.5526019930839539 853
1616174657869 0.5822431445121765 854
1616174692731 0.5955729484558105 855
1616174727138 0.5991854667663574 856
1616174762279 0.554295539855957 857
1616174796605 0.6178122162818909 858
1616174831252 0.6117554903030396 859
1616174870156 0.6210154294967651 860
1616174904426 0.5333207845687866 861
1616174938960 0.595403790473938 862
1616174973415 0.5892238616943359 863
1616175008044 0.5236953496932983 864
1616175042558 0.5775736570358276 865
1616175076873 0.5653765797615051 866
1616175111389 0.644008219242096 867
1616175145871 0.5425539612770081 868
1616175180677 0.5567587614059448 869
1616175220046 0.6442729830741882 870
1616175254752 0.5605084896087646 871
1616175289362 0.6472254991531372 872
1616175324097 0.5523419380187988 873
1616175358963 0.6390824913978577 874
1616175393357 0.6014671921730042 875
1616175427845 0.6506303548812866 876
1616175462358 0.5663183927536011 877
1616175497186 0.5148051977157593 878
1616175531927 0.6486827731132507 879
1616175570597 0.6330823302268982 880
1616175605165 0.5834221243858337 881
1616175639862 0.5886324048042297 882
1616175674273 0.5334397554397583 883
1616175708985 0.6581494808197021 884
1616175743611 0.6031477451324463 885
1616175777951 0.5072609186172485 886
1616175812550 0.6477853059768677 887
1616175847159 0.586905837059021 888
1616175881845 0.5147734880447388 889
1616175920688 0.6026625633239746 890
1616175955416 0.6703602075576782 891
1616175990206 0.61288982629776 892
1616176024993 0.6103640198707581 893
1616176059718 0.622999370098114 894
1616176094274 0.6804530024528503 895
1616176129024 0.5420047044754028 896
1616176163342 0.5750166177749634 897
1616176197952 0.5933293700218201 898
1616176232154 0.5286638736724854 899
1616176270931 0.6802923679351807 900
1616176305203 0.5872570276260376 901
1616176339539 0.6338810920715332 902
1616176374111 0.6226087808609009 903
1616176408366 0.5918123722076416 904
1616176443117 0.5969736576080322 905
1616176477880 0.5451377630233765 906
1616176512730 0.562771201133728 907
1616176547042 0.5485589504241943 908
1616176581832 0.6070828437805176 909
1616176620141 0.630908191204071 910
1616176654599 0.6432956457138062 911
1616176689421 0.5406721830368042 912
1616176723708 0.6006308794021606 913
1616176758309 0.6534544229507446 914
1616176793070 0.5421639680862427 915
1616176827787 0.6071850061416626 916
1616176862275 0.5040199160575867 917
1616176897136 0.577714204788208 918
1616176931832 0.5936716794967651 919
1616176970531 0.6112026572227478 920
1616177004832 0.5980095863342285 921
1616177039078 0.5890044569969177 922
1616177073970 0.6062151789665222 923
1616177108785 0.631924033164978 924
1616177143329 0.5578196048736572 925
1616177177810 0.638599157333374 926
1616177212583 0.6207234859466553 927
1616177247092 0.5766341686248779 928
1616177281839 0.6181375980377197 929
1616177320454 0.5121726989746094 930
1616177355281 0.5915451049804688 931
1616177389968 0.6007096767425537 932
1616177424599 0.6039940118789673 933
1616177459413 0.5513743758201599 934
1616177494273 0.5591434240341187 935
1616177529017 0.5555794835090637 936
1616177563370 0.5492458343505859 937
1616177597991 0.576698899269104 938
1616177632554 0.5969226360321045 939
1616177671465 0.6072953939437866 940
1616177706365 0.5504697561264038 941
1616177741333 0.5820729732513428 942
1616177775843 0.5385563969612122 943
1616177810667 0.673087477684021 944
1616177844965 0.6107834577560425 945
1616177879716 0.6728493571281433 946
1616177914501 0.4817327558994293 947
1616177949269 0.6406185626983643 948
1616177983576 0.6835722923278809 949
1616178022242 0.5629255175590515 950
1616178056962 0.5733480453491211 951
1616178091332 0.6789270043373108 952
1616178125543 0.6119126677513123 953
1616178160364 0.599075198173523 954
1616178194758 0.5549873113632202 955
1616178229465 0.5840898752212524 956
1616178263815 0.5836150646209717 957
1616178298029 0.6213796138763428 958
1616178332497 0.6234030723571777 959
1616178371778 0.5519011616706848 960
1616178406231 0.5944628715515137 961
1616178440580 0.5962240695953369 962
1616178475301 0.575905442237854 963
1616178509754 0.5900742411613464 964
1616178544141 0.6502606868743896 965
1616178578614 0.5435378551483154 966
1616178613278 0.6300086975097656 967
1616178648029 0.6904264092445374 968
1616178682243 0.6053569316864014 969
1616178721663 0.5983974933624268 970
1616178756343 0.6472892165184021 971
1616178790811 0.5859469771385193 972
1616178825191 0.5698422193527222 973
1616178859492 0.603386640548706 974
1616178893757 0.5178616642951965 975
1616178928426 0.6247589588165283 976
1616178962599 0.6333258152008057 977
1616178997277 0.5147793292999268 978
1616179031482 0.5990865230560303 979
1616179070580 0.4960732161998749 980
1616179104935 0.5823335647583008 981
1616179139737 0.5741944313049316 982
1616179174298 0.5638298988342285 983
1616179209095 0.6919177770614624 984
1616179243624 0.6160891056060791 985
1616179277939 0.6559391021728516 986
1616179312793 0.5987282991409302 987
1616179347652 0.6269896030426025 988
1616179382328 0.6028691530227661 989
1616179420975 0.5721309185028076 990
1616179455645 0.5837199687957764 991
1616179489996 0.6715253591537476 992
1616179524795 0.5401843786239624 993
1616179559596 0.6414541006088257 994
1616179594366 0.6446875333786011 995
1616179628735 0.6491873860359192 996
1616179663501 0.6872643232345581 997
1616179697793 0.5961087942123413 998
1616179732280 0.5340575575828552 999
1616179771032 0.6737394332885742 1000
1616179805287 0.6587024331092834 1001
1616179839840 0.6648530960083008 1002
1616179874306 0.6243661642074585 1003
1616179908776 0.6121108531951904 1004
1616179943183 0.5753986835479736 1005
1616179977865 0.5952262878417969 1006
1616180012307 0.5786893367767334 1007
1616180046774 0.6056299805641174 1008
1616180081688 0.5417691469192505 1009
1616180121007 0.5293974280357361 1010
1616180155752 0.6372147798538208 1011
1616180190074 0.5738241672515869 1012
1616180224846 0.5864869356155396 1013
1616180260279 0.6271028518676758 1014
1616180295455 0.5782098770141602 1015
1616180329949 0.6121228933334351 1016
1616180364714 0.5742155313491821 1017
1616180399510 0.6602155566215515 1018
1616180433882 0.6383882761001587 1019
1616180472557 0.6294573545455933 1020
1616180506866 0.5874387621879578 1021
1616180541410 0.5483348965644836 1022
1616180575885 0.6522994041442871 1023
1616180610057 0.5628302097320557 1024
1616180644715 0.47690349817276 1025
1616180679465 0.656682014465332 1026
1616180714635 0.5680397748947144 1027
1616180749517 0.598548173904419 1028
1616180783974 0.6460374593734741 1029
1616180823430 0.5813498497009277 1030
1616180858649 0.5492472052574158 1031
1616180892978 0.576742947101593 1032
1616180927551 0.6388949155807495 1033
1616180961944 0.6099253296852112 1034
1616180996242 0.6173532605171204 1035
1616181031016 0.623714029788971 1036
1616181065458 0.6237504482269287 1037
1616181099871 0.5717485547065735 1038
1616181134576 0.6069799065589905 1039
1616181174131 0.5659691095352173 1040
1616181208785 0.6886213421821594 1041
1616181243132 0.5648296475410461 1042
1616181277653 0.5468597412109375 1043
1616181312604 0.5908358097076416 1044
1616181346863 0.6737079620361328 1045
1616181381109 0.5924390554428101 1046
1616181415498 0.5644761919975281 1047
1616181450053 0.6177297830581665 1048
1616181484221 0.596971333026886 1049
1616181523060 0.6074634790420532 1050
1616181557573 0.5650695562362671 1051
1616181592485 0.5037626028060913 1052
1616181627386 0.5944260358810425 1053
1616181661776 0.6081006526947021 1054
1616181696110 0.5815122127532959 1055
1616181730483 0.6459163427352905 1056
1616181765293 0.636233389377594 1057
1616181799997 0.5073727965354919 1058
1616181834687 0.5128839015960693 1059
1616181873975 0.6068696975708008 1060
1616181908675 0.6145486235618591 1061
1616181943429 0.5605044364929199 1062
1616181977893 0.5527387261390686 1063
1616182012504 0.5145976543426514 1064
1616182046789 0.5661973357200623 1065
1616182081547 0.6245055198669434 1066
1616182116229 0.5737113952636719 1067
1616182150415 0.5638735294342041 1068
1616182185191 0.6042217016220093 1069
1616182224489 0.5405998826026917 1070
1616182258826 0.5737652778625488 1071
1616182293450 0.5124671459197998 1072
1616182327978 0.5759975910186768 1073
1616182362729 0.597393274307251 1074
1616182396964 0.6139523983001709 1075
1616182431473 0.5745425820350647 1076
1616182465701 0.5619031190872192 1077
1616182500526 0.6120395064353943 1078
1616182535056 0.6395204663276672 1079
1616182573972 0.5307554006576538 1080
1616182608720 0.525862455368042 1081
1616182643194 0.5467392206192017 1082
1616182677538 0.5144768953323364 1083
1616182712432 0.5703486800193787 1084
1616182746849 0.5467821359634399 1085
1616182781489 0.6092959046363831 1086
1616182816209 0.5953441858291626 1087
1616182850717 0.5971927642822266 1088
1616182885136 0.605927586555481 1089
1616182924405 0.6216884851455688 1090
1616182959163 0.6133534908294678 1091
1616182993948 0.5947728157043457 1092
1616183028720 0.6078494787216187 1093
1616183063610 0.5409361124038696 1094
1616183097734 0.6302989721298218 1095
1616183132281 0.6088881492614746 1096
1616183167122 0.5677353143692017 1097
1616183201618 0.5768634080886841 1098
1616183235828 0.6653672456741333 1099
1616183275006 0.6535176634788513 1100
1616183309736 0.6129176616668701 1101
1616183344071 0.5638185739517212 1102
1616183378473 0.6668949127197266 1103
1616183413225 0.58977210521698 1104
1616183447510 0.5475451946258545 1105
1616183482045 0.6314941644668579 1106
1616183516623 0.557723879814148 1107
1616183550967 0.6156555414199829 1108
1616183585218 0.6500258445739746 1109
1616183624535 0.653096079826355 1110
1616183659483 0.5846261978149414 1111
1616183693737 0.550536036491394 1112
1616183728560 0.5897675156593323 1113
1616183762843 0.6543996930122375 1114
1616183797559 0.6175121068954468 1115
1616183832293 0.62999427318573 1116
1616183866997 0.6030789613723755 1117
1616183901235 0.633262574672699 1118
1616183936201 0.5434034466743469 1119
1616183975330 0.6073645353317261 1120
1616184009750 0.6148605346679688 1121
1616184044370 0.5660207271575928 1122
1616184078851 0.575417160987854 1123
1616184113395 0.5844801664352417 1124
1616184147914 0.6301571130752563 1125
1616184182206 0.5895257592201233 1126
1616184216704 0.6332741975784302 1127
1616184251370 0.6605991125106812 1128
1616184285668 0.6008015275001526 1129
1616184324439 0.6478868722915649 1130
1616184359054 0.5550718307495117 1131
1616184393648 0.6732410788536072 1132
1616184428630 0.613239586353302 1133
1616184463103 0.5972927212715149 1134
1616184497581 0.609849214553833 1135
1616184532355 0.6692087650299072 1136
1616184567162 0.6447551250457764 1137
1616184601755 0.5747689008712769 1138
1616184636466 0.5635881423950195 1139
1616184675503 0.5850876569747925 1140
1616184709744 0.5825626850128174 1141
1616184744033 0.5847451686859131 1142
1616184778794 0.6040236949920654 1143
1616184813339 0.5991915464401245 1144
1616184847459 0.6522350311279297 1145
1616184881887 0.6142244338989258 1146
1616184916290 0.6982301473617554 1147
1616184950953 0.6072516441345215 1148
1616184985528 0.5822778940200806 1149
1616185024087 0.6187930107116699 1150
1616185059017 0.6025580167770386 1151
1616185093428 0.542822003364563 1152
1616185128123 0.5708661079406738 1153
1616185162604 0.5706398487091064 1154
1616185197595 0.5803252458572388 1155
1616185232400 0.6600546836853027 1156
1616185266680 0.613735556602478 1157
1616185301442 0.6253026127815247 1158
1616185336289 0.5409135818481445 1159
1616185375344 0.5829405784606934 1160
1616185409925 0.6003676652908325 1161
1616185444635 0.70350581407547 1162
1616185478856 0.6299186944961548 1163
1616185513112 0.6333361268043518 1164
1616185547327 0.5802251696586609 1165
1616185581575 0.585134744644165 1166
1616185616276 0.6116759181022644 1167
1616185651023 0.5918816328048706 1168
1616185685436 0.6349129676818848 1169
1616185724128 0.6042197942733765 1170
1616185758784 0.588021993637085 1171
1616185793221 0.6044597625732422 1172
1616185828028 0.5261958837509155 1173
1616185862889 0.6235729455947876 1174
1616185897287 0.5836968421936035 1175
1616185931706 0.6259602308273315 1176
1616185966493 0.6568624973297119 1177
1616186001042 0.532566249370575 1178
1616186035400 0.6170148849487305 1179
1616186074864 0.5922466516494751 1180
1616186109067 0.6911407113075256 1181
1616186143819 0.5684385895729065 1182
1616186178603 0.5713702440261841 1183
1616186213412 0.6049197316169739 1184
1616186248130 0.5839828252792358 1185
1616186282884 0.582827091217041 1186
1616186318053 0.5865839719772339 1187
1616186352819 0.5958428382873535 1188
1616186387725 0.6659390330314636 1189
1616186427195 0.5734536647796631 1190
1616186461615 0.6023311614990234 1191
1616186496305 0.6824496388435364 1192
1616186530980 0.5705292224884033 1193
1616186565505 0.6248636841773987 1194
1616186599774 0.6220496296882629 1195
1616186634304 0.5793483257293701 1196
1616186668907 0.6460241675376892 1197
1616186703127 0.6183460354804993 1198
1616186737335 0.6111905574798584 1199
1616186776098 0.5749662518501282 1200
1616186797295 0.6595269441604614 0
1616186797309 0.6595269441604614 0
