1616144829160 0.04158025234937668 1
1616144863501 0.03513291850686073 2
1616144897774 0.032588422298431396 3
1616144932289 0.031028127297759056 4
1616144967236 0.02982504665851593 5
1616145002165 0.028989266604185104 6
1616145036385 0.02875298261642456 7
1616145070784 0.02651457116007805 8
1616145105340 0.02678617835044861 9
1616145144733 0.02693329192698002 10
1616145179477 0.025487443432211876 11
1616145213728 0.025730106979608536 12
1616145248484 0.025812124833464622 13
1616145283175 0.023944120854139328 14
1616145317854 0.02382175624370575 15
1616145352636 0.02384129911661148 16
1616145386772 0.022600514814257622 17
1616145421302 0.023447036743164062 18
1616145455769 0.024042554199695587 19
1616145494323 0.023696862161159515 20
1616145528682 0.022512005642056465 21
1616145563311 0.02588241919875145 22
1616145597710 0.021758807823061943 23
1616145632120 0.020693425089120865 24
1616145666362 0.023186929523944855 25
1616145701021 0.022244151681661606 26
1616145735668 0.02189718186855316 27
1616145770339 0.023172631859779358 28
1616145804533 0.02179991826415062 29
1616145843978 0.02261606976389885 30
1616145878494 0.020572900772094727 31
1616145912795 0.02143777161836624 32
1616145947296 0.021319158375263214 33
1616145982026 0.023525387048721313 34
1616146016768 0.020787158980965614 35
1616146051134 0.020836759358644485 36
1616146086098 0.01993543840944767 37
1616146120739 0.01953808218240738 38
1616146155083 0.020152581855654716 39
1616146193890 0.019905375316739082 40
1616146228665 0.020623046904802322 41
1616146263114 0.022334443405270576 42
1616146297270 0.021512795239686966 43
1616146331843 0.023465897887945175 44
1616146365952 0.020760485902428627 45
1616146400442 0.020502496510744095 46
1616146434542 0.018972285091876984 47
1616146469163 0.019011951982975006 48
1616146503374 0.02024143934249878 49
1616146542583 0.019580882042646408 50
1616146576835 0.019944995641708374 51
1616146611695 0.022347483783960342 52
1616146646298 0.0203660037368536 53
1616146680812 0.02028523199260235 54
1616146715460 0.024396110326051712 55
1616146750436 0.020465973764657974 56
1616146784552 0.020103007555007935 57
1616146819030 0.01980740949511528 58
1616146853709 0.020140986889600754 59
1616146892145 0.019782042130827904 60
1616146926263 0.021030137315392494 61
1616146960554 0.020080123096704483 62
1616146995100 0.02073865383863449 63
1616147029922 0.020789869129657745 64
1616147064216 0.018851179629564285 65
1616147098694 0.01927771605551243 66
1616147132996 0.019084420055150986 67
1616147167742 0.01871355250477791 68
1616147202546 0.018629349768161774 69
1616147241879 0.018756605684757233 70
1616147276334 0.01997336372733116 71
1616147311291 0.02137007936835289 72
1616147345960 0.019116172567009926 73
1616147380596 0.01941012591123581 74
1616147414705 0.01913963072001934 75
1616147449562 0.018762998282909393 76
1616147484211 0.018208179622888565 77
1616147518362 0.018044469878077507 78
1616147552697 0.01953665353357792 79
1616147591341 0.0191359743475914 80
1616147625848 0.018463507294654846 81
1616147660073 0.01776513084769249 82
1616147694749 0.018815036863088608 83
1616147729123 0.016641389578580856 84
1616147763446 0.01778581738471985 85
1616147798093 0.016813242807984352 86
1616147832774 0.01739552617073059 87
1616147867128 0.016790416091680527 88
1616147901374 0.018014676868915558 89
1616147939880 0.019193876534700394 90
1616147974738 0.01933201216161251 91
1616148009422 0.018467985093593597 92
1616148044150 0.018022283911705017 93
1616148078890 0.01699894852936268 94
1616148113235 0.017512505874037743 95
1616148147475 0.021205872297286987 96
1616148182015 0.019245417788624763 97
1616148216215 0.021652638912200928 98
1616148250967 0.01963111013174057 99
1616148289845 0.019823260605335236 100
1616148324569 0.01785556599497795 101
1616148359226 0.019338835030794144 102
1616148393892 0.01755250059068203 103
1616148428233 0.017403872683644295 104
1616148462962 0.019595511257648468 105
1616148497619 0.01853048801422119 106
1616148531789 0.018492557108402252 107
1616148566387 0.01790507324039936 108
1616148600553 0.01767624542117119 109
1616148639700 0.017890499904751778 110
1616148674038 0.016548769548535347 111
1616148708790 0.01964784413576126 112
1616148743272 0.018561124801635742 113
1616148777935 0.017967769876122475 114
1616148812100 0.017116721719503403 115
1616148846636 0.01999753713607788 116
1616148880963 0.01757046952843666 117
1616148915160 0.020708318799734116 118
1616148949862 0.01795709878206253 119
1616148988618 0.018037214875221252 120
1616149023290 0.016705293208360672 121
1616149057633 0.01626671850681305 122
1616149092289 0.020628593862056732 123
1616149127019 0.01930767297744751 124
1616149161784 0.017183605581521988 125
1616149196430 0.017472999170422554 126
1616149230684 0.017274823039770126 127
1616149264751 0.01662023365497589 128
1616149300056 0.017232302576303482 129
1616149339226 0.016733016818761826 130
1616149373863 0.020566534250974655 131
1616149408212 0.01800813153386116 132
1616149442772 0.01740546151995659 133
1616149476873 0.018086127936840057 134
1616149511369 0.01625921204686165 135
1616149545954 0.014940207824110985 136
1616149580550 0.018296372145414352 137
1616149615184 0.018677856773138046 138
1616149649576 0.01768212392926216 139
1616149688255 0.019007405266165733 140
1616149723115 0.01856345683336258 141
1616149757823 0.017937075346708298 142
1616149792117 0.01578187197446823 143
1616149827119 0.016993006691336632 144
1616149861838 0.015751071274280548 145
1616149896054 0.01682225614786148 146
1616149930391 0.01867520809173584 147
1616149965028 0.016321176663041115 148
1616149999127 0.01662633940577507 149
1616150038336 0.017430633306503296 150
1616150072913 0.01606195606291294 151
1616150107433 0.016201145946979523 152
1616150142115 0.016077978536486626 153
1616150176767 0.014458909630775452 154
1616150211433 0.015852851793169975 155
1616150245572 0.01615401729941368 156
1616150280183 0.01575547270476818 157
1616150314936 0.015638001263141632 158
1616150349897 0.015137683600187302 159
1616150388530 0.015433002263307571 160
1616150422964 0.018127895891666412 161
1616150457780 0.01620226725935936 162
1616150492087 0.016454793512821198 163
1616150526419 0.015732882544398308 164
1616150560681 0.016939952969551086 165
1616150595332 0.01718604750931263 166
1616150629914 0.016629818826913834 167
1616150664657 0.016531959176063538 168
1616150698763 0.015442956238985062 169
1616150737122 0.015640685334801674 170
1616150771490 0.018367938697338104 171
1616150805905 0.014969557523727417 172
1616150840680 0.016776835545897484 173
1616150875179 0.01764913648366928 174
1616150909489 0.015575009398162365 175
1616150944035 0.016515571624040604 176
1616150978563 0.017824849113821983 177
1616151013324 0.015679441392421722 178
1616151048198 0.016659701243042946 179
1616151086721 0.014435715973377228 180
1616151120880 0.016109298914670944 181
1616151155397 0.016635455191135406 182
1616151190331 0.01813565194606781 183
1616151224631 0.014965679496526718 184
1616151259231 0.016243431717157364 185
1616151293748 0.015596747398376465 186
1616151328124 0.01689627766609192 187
1616151362380 0.020009176805615425 188
1616151397068 0.016358986496925354 189
1616151436363 0.016886118799448013 190
1616151470721 0.015067614614963531 191
1616151505070 0.017659299075603485 192
1616151539811 0.018376007676124573 193
1616151573869 0.0165826678276062 194
1616151608106 0.015603771433234215 195
1616151642396 0.016337880864739418 196
1616151676834 0.016396716237068176 197
1616151711152 0.016922151669859886 198
1616151745729 0.01582031324505806 199
1616151784656 0.016771385446190834 200
1616151819220 0.01738058030605316 201
1616151853374 0.01728341355919838 202
1616151888091 0.017024412751197815 203
1616151922661 0.015422116033732891 204
1616151957385 0.015214135870337486 205
1616151992173 0.016255326569080353 206
1616152026331 0.014705643057823181 207
1616152061033 0.01512790285050869 208
1616152095257 0.014807849191129208 209
1616152133744 0.017137233167886734 210
1616152167960 0.0153413787484169 211
1616152202208 0.015420272946357727 212
1616152236966 0.018014943227171898 213
1616152271922 0.015348102897405624 214
1616152306381 0.01554228737950325 215
1616152340824 0.01738818921148777 216
1616152375532 0.015430191531777382 217
1616152410184 0.015862397849559784 218
1616152444739 0.015966856852173805 219
1616152484348 0.015316995792090893 220
1616152519020 0.014748646877706051 221
1616152553789 0.016250737011432648 222
1616152588093 0.015454743057489395 223
1616152622554 0.01425312738865614 224
1616152656926 0.017434827983379364 225
1616152691543 0.015408426523208618 226
1616152726222 0.016926400363445282 227
1616152760683 0.018260128796100616 228
1616152795298 0.014422981068491936 229
1616152834115 0.014303978532552719 230
1616152869073 0.01409961935132742 231
1616152904313 0.0149897625669837 232
1616152939202 0.015416266396641731 233
1616152973808 0.013326635584235191 234
1616153008554 0.014440646395087242 235
1616153043635 0.01602308638393879 236
1616153077955 0.014319701120257378 237
1616153112130 0.015577107667922974 238
1616153146308 0.01302146352827549 239
1616153184788 0.015479846857488155 240
1616153219041 0.014676975086331367 241
1616153253364 0.015002436935901642 242
1616153287588 0.014450237154960632 243
1616153321849 0.01435696892440319 244
1616153356018 0.01466374658048153 245
1616153390210 0.016884760931134224 246
1616153424957 0.015758739784359932 247
1616153459672 0.014045179821550846 248
1616153493900 0.014949781820178032 249
1616153533030 0.014085274189710617 250
1616153567772 0.014962591230869293 251
1616153602236 0.015415430068969727 252
1616153636621 0.017104631289839745 253
1616153670953 0.016251131892204285 254
1616153705716 0.013793655671179295 255
1616153740427 0.014885779470205307 256
1616153775103 0.013667244464159012 257
1616153809568 0.014256283640861511 258
1616153843915 0.01562083326280117 259
1616153882561 0.015191355720162392 260
1616153917437 0.014615265652537346 261
1616153951549 0.014335050247609615 262
1616153986032 0.017288479954004288 263
1616154020701 0.016215696930885315 264
1616154055268 0.015102249570190907 265
1616154089676 0.015542983077466488 266
1616154123849 0.014701226726174355 267
1616154158049 0.016544125974178314 268
1616154192369 0.014375519007444382 269
1616154231146 0.014221526682376862 270
1616154265701 0.01365776639431715 271
1616154300650 0.013564866036176682 272
1616154335098 0.014166884124279022 273
1616154369782 0.01394718699157238 274
1616154404442 0.015301007777452469 275
1616154439273 0.015669209882616997 276
1616154473707 0.013973254710435867 277
1616154508173 0.014217814430594444 278
1616154542835 0.014539618976414204 279
1616154581660 0.01576508767902851 280
1616154616172 0.013300570659339428 281
1616154650326 0.013476811349391937 282
1616154685277 0.01487613283097744 283
1616154719556 0.013967251405119896 284
1616154754279 0.01566747948527336 285
1616154788447 0.014852428808808327 286
1616154822805 0.013938365504145622 287
1616154857426 0.01495364774018526 288
1616154892062 0.014755187556147575 289
1616154930866 0.013626040890812874 290
1616154965344 0.013114855624735355 291
1616154999943 0.013583946041762829 292
1616155034173 0.013303395360708237 293
1616155069043 0.014656014740467072 294
1616155103806 0.015548923052847385 295
1616155138239 0.015174070373177528 296
1616155172517 0.01357322558760643 297
1616155206992 0.01477907970547676 298
1616155241648 0.013368314132094383 299
1616155280784 0.014172570779919624 300
1616155315413 0.01488423626869917 301
1616155349625 0.014582345262169838 302
1616155384244 0.012194878421723843 303
1616155418882 0.013846722431480885 304
1616155453597 0.016540050506591797 305
1616155488375 0.014433024451136589 306
1616155523309 0.013396212831139565 307
1616155557531 0.010959770530462265 308
1616155592169 0.012758922763168812 309
1616155630801 0.016778163611888885 310
1616155665439 0.015703924000263214 311
1616155700326 0.014489864930510521 312
1616155734991 0.014261358417570591 313
1616155769613 0.012143594212830067 314
1616155804261 0.015064089559018612 315
1616155838886 0.013636961579322815 316
1616155873935 0.014027882367372513 317
1616155908175 0.01413155160844326 318
1616155942849 0.014485402032732964 319
1616155981441 0.014817213639616966 320
1616156015718 0.01342732273042202 321
1616156049826 0.01414557732641697 322
1616156084221 0.014908736571669579 323
1616156118641 0.014795564115047455 324
1616156153244 0.015634063631296158 325
1616156187745 0.014321126975119114 326
1616156221985 0.013294367119669914 327
1616156256467 0.013383145444095135 328
1616156291173 0.012893563136458397 329
1616156329968 0.014867156744003296 330
1616156364243 0.014544891193509102 331
1616156398898 0.014060068875551224 332
1616156433289 0.01280903909355402 333
1616156467948 0.01405913382768631 334
1616156502727 0.013555614277720451 335
1616156537504 0.012354210019111633 336
1616156572181 0.013866249471902847 337
1616156606380 0.014416921883821487 338
1616156640815 0.012065932154655457 339
1616156680139 0.0124448761343956 340
1616156714860 0.013507846742868423 341
1616156749476 0.011856096796691418 342
1616156784225 0.01413782685995102 343
1616156819153 0.01372201181948185 344
1616156854029 0.01384166069328785 345
1616156888534 0.015625841915607452 346
1616156922985 0.01674976944923401 347
1616156957622 0.012686047703027725 348
1616156993023 0.012241765856742859 349
1616157031461 0.011859860271215439 350
1616157065813 0.013678686693310738 351
1616157100323 0.013292182236909866 352
1616157134746 0.013555544428527355 353
1616157169505 0.012915413826704025 354
1616157203696 0.013974392786622047 355
1616157238150 0.01642238348722458 356
1616157272734 0.012951118871569633 357
1616157307770 0.013048432767391205 358
1616157342628 0.015043234452605247 359
1616157381259 0.013067588210105896 360
1616157415475 0.011294441297650337 361
1616157450125 0.011857641860842705 362
1616157484598 0.012342508882284164 363
1616157518881 0.012875919230282307 364
1616157553361 0.011830116622149944 365
1616157587648 0.013119284063577652 366
1616157622164 0.013772951439023018 367
1616157656312 0.011516740545630455 368
1616157690575 0.015743575990200043 369
1616157729587 0.01349095068871975 370
1616157764149 0.01055931020528078 371
1616157798519 0.012038856744766235 372
1616157833015 0.013670330867171288 373
1616157867356 0.014486880972981453 374
1616157901695 0.013602333143353462 375
1616157936092 0.013485974632203579 376
1616157970661 0.014929510653018951 377
1616158005146 0.014433130621910095 378
1616158039372 0.013348184525966644 379
1616158078384 0.013970996253192425 380
1616158113043 0.013372521847486496 381
1616158147432 0.01301631424576044 382
1616158181629 0.014415394514799118 383
1616158216097 0.012736672535538673 384
1616158250717 0.011903621256351471 385
1616158285105 0.012830646708607674 386
1616158319796 0.013660183176398277 387
1616158354246 0.013080639764666557 388
1616158388919 0.012857267633080482 389
1616158428012 0.013729788362979889 390
1616158462377 0.01540380995720625 391
1616158496924 0.013119770213961601 392
1616158531624 0.01258314959704876 393
1616158566304 0.014058364555239677 394
1616158600829 0.011133717373013496 395
1616158635069 0.014376498758792877 396
1616158669669 0.011735213920474052 397
1616158704411 0.011929821223020554 398
1616158738690 0.012336969375610352 399
1616158777743 0.012045053765177727 400
1616158812344 0.013153376057744026 401
1616158846766 0.012395340949296951 402
1616158881220 0.014398744329810143 403
1616158915257 0.011044103652238846 404
1616158949356 0.013131501153111458 405
1616158983827 0.012606482952833176 406
1616159017922 0.014978972263634205 407
1616159052208 0.011025603860616684 408
1616159086459 0.012872547842562199 409
1616159124803 0.012508107349276543 410
1616159159357 0.010991663672029972 411
1616159194275 0.011646542698144913 412
1616159228693 0.012327250093221664 413
1616159263253 0.01296304538846016 414
1616159297835 0.015513516962528229 415
1616159332091 0.011931134387850761 416
1616159366640 0.012848012149333954 417
1616159401221 0.012598680332303047 418
1616159436062 0.012731824070215225 419
1616159474690 0.011765744537115097 420
1616159509357 0.012099770829081535 421
1616159543821 0.013233311474323273 422
1616159578066 0.012951388023793697 423
1616159612781 0.01228558924049139 424
1616159647500 0.01284792274236679 425
1616159682194 0.014038829132914543 426
1616159716984 0.011991593986749649 427
1616159751931 0.013719040900468826 428
1616159786846 0.015371601097285748 429
1616159825881 0.013343107886612415 430
1616159860378 0.01243385300040245 431
1616159894635 0.013437051326036453 432
1616159929247 0.0176287442445755 433
1616159963443 0.012005794793367386 434
1616159998364 0.014768105000257492 435
1616160033607 0.012748831883072853 436
1616160068193 0.01322839967906475 437
1616160102822 0.012072417885065079 438
1616160137472 0.014273189939558506 439
1616160175995 0.011620043776929379 440
1616160210575 0.011835231445729733 441
1616160245072 0.012382100336253643 442
1616160279801 0.012540925294160843 443
1616160314554 0.01080644316971302 444
1616160348951 0.013601254671812057 445
1616160383262 0.013752412050962448 446
1616160417909 0.014165716245770454 447
1616160452814 0.012982362881302834 448
1616160487667 0.01104418933391571 449
1616160526411 0.010960681363940239 450
1616160560992 0.012524658814072609 451
1616160595396 0.013274867087602615 452
1616160629518 0.012733716517686844 453
1616160663953 0.012928027659654617 454
1616160698584 0.010580647736787796 455
1616160733201 0.012931902892887592 456
1616160767687 0.01366398110985756 457
1616160801885 0.013983099721372128 458
1616160836565 0.011957308277487755 459
1616160875819 0.011082423850893974 460
1616160910140 0.012215066701173782 461
1616160944306 0.010836629197001457 462
1616160978545 0.011828495189547539 463
1616161013270 0.01278366707265377 464
1616161047593 0.010522894561290741 465
1616161081913 0.013860240578651428 466
1616161116794 0.012012018822133541 467
1616161151190 0.012533830478787422 468
1616161185814 0.011796221137046814 469
1616161224594 0.012891685590147972 470
1616161259385 0.013407399877905846 471
1616161294436 0.012916754931211472 472
1616161328857 0.010858738794922829 473
1616161363518 0.01272146962583065 474
1616161397763 0.011995241977274418 475
1616161432327 0.012708330526947975 476
1616161466945 0.012060971930623055 477
1616161501357 0.011828438378870487 478
1616161536087 0.010594543069601059 479
1616161575277 0.010788409039378166 480
1616161610107 0.011906228959560394 481
1616161644268 0.010695109143853188 482
1616161678659 0.0132713932543993 483
1616161712989 0.011781299486756325 484
1616161747237 0.010574810206890106 485
1616161781963 0.014074794016778469 486
1616161816740 0.012857768684625626 487
1616161851142 0.01309540867805481 488
1616161885482 0.011510742828249931 489
1616161924495 0.011172132566571236 490
1616161959123 0.011610126122832298 491
1616161993824 0.014032937586307526 492
1616162028129 0.009623095393180847 493
1616162063019 0.01434849388897419 494
1616162097547 0.012160934507846832 495
1616162132037 0.012134915217757225 496
1616162166759 0.010919561609625816 497
1616162201093 0.012701552361249924 498
1616162235528 0.011669057421386242 499
1616162274241 0.012057505548000336 500
1616162308669 0.012417959049344063 501
1616162343160 0.011921066790819168 502
1616162377649 0.01037782896310091 503
1616162412066 0.011291319504380226 504
1616162446265 0.011297589167952538 505
1616162480656 0.011026138439774513 506
1616162515089 0.013341085985302925 507
1616162549812 0.011919209733605385 508
1616162584038 0.012304883450269699 509
1616162622817 0.011282151564955711 510
1616162657648 0.010528000071644783 511
1616162692036 0.010166630148887634 512
1616162726865 0.011278858408331871 513
1616162761634 0.010234200395643711 514
1616162796146 0.012171790935099125 515
1616162830884 0.00975797139108181 516
1616162865286 0.011016039177775383 517
1616162899620 0.012250952422618866 518
1616162934147 0.012842604890465736 519
1616162972657 0.011805100366473198 520
1616163007259 0.012649208307266235 521
1616163041904 0.011559519916772842 522
1616163076416 0.011822955682873726 523
1616163110787 0.010871699079871178 524
1616163145092 0.011566170491278172 525
1616163179677 0.009712841361761093 526
1616163214285 0.011083273217082024 527
1616163248981 0.010832568630576134 528
1616163283621 0.011402357369661331 529
1616163321905 0.011346874758601189 530
1616163356098 0.01263172272592783 531
1616163390641 0.011777844280004501 532
1616163424874 0.014205435290932655 533
1616163459606 0.012175346724689007 534
1616163494281 0.012770387344062328 535
1616163528820 0.010277587920427322 536
1616163563697 0.011950504034757614 537
1616163597919 0.011579597368836403 538
1616163632134 0.012549225240945816 539
1616163671028 0.010040302760899067 540
1616163705772 0.01190998312085867 541
1616163740336 0.01395830325782299 542
1616163775014 0.011674368754029274 543
1616163809300 0.009272469207644463 544
1616163843883 0.01026822067797184 545
1616163878669 0.011781994253396988 546
1616163913345 0.00970593560487032 547
1616163948237 0.012887194752693176 548
1616163982924 0.012616308405995369 549
1616164022090 0.01149807684123516 550
1616164056790 0.010929243639111519 551
1616164091443 0.012041592970490456 552
1616164126293 0.011294962838292122 553
1616164160515 0.014330376870930195 554
1616164194769 0.011497574858367443 555
1616164229527 0.01087201852351427 556
1616164264278 0.012167070060968399 557
1616164298832 0.012229230254888535 558
1616164333221 0.013751627877354622 559
1616164372193 0.009941814467310905 560
1616164406311 0.012550393119454384 561
1616164440785 0.016189875081181526 562
1616164475301 0.013348309323191643 563
1616164510353 0.009767910465598106 564
1616164545247 0.013836446218192577 565
1616164579966 0.009962286800146103 566
1616164614738 0.011875592172145844 567
1616164649464 0.010236164554953575 568
1616164684141 0.01111996453255415 569
1616164723158 0.01275034248828888 570
1616164757777 0.011464514769613743 571
1616164791902 0.011608011089265347 572
1616164826136 0.011057909578084946 573
1616164860854 0.010915553197264671 574
1616164895484 0.012644153088331223 575
1616164929876 0.01142616756260395 576
1616164964746 0.010311993770301342 577
1616164999613 0.010700013488531113 578
1616165033800 0.01144983246922493 579
1616165072761 0.011512946337461472 580
1616165106881 0.009667991660535336 581
1616165141725 0.012102257460355759 582
1616165176385 0.010957200080156326 583
1616165210983 0.012331330217421055 584
1616165245595 0.011225895956158638 585
1616165280304 0.012377583421766758 586
1616165314948 0.009493900462985039 587
1616165349243 0.010148400440812111 588
1616165383448 0.012924648821353912 589
1616165422292 0.011551291681826115 590
1616165456615 0.011834069155156612 591
1616165491481 0.011988427489995956 592
1616165526106 0.01255727931857109 593
1616165560930 0.011560188606381416 594
1616165595463 0.011673904955387115 595
1616165629842 0.010319119319319725 596
1616165664832 0.011334260925650597 597
1616165699033 0.011812318116426468 598
1616165733261 0.012851811945438385 599
1616165772130 0.012130585499107838 600
1616165806272 0.009050504304468632 601
1616165840962 0.013291256502270699 602
1616165875617 0.013354095630347729 603
1616165910289 0.013277946040034294 604
1616165944675 0.010878680273890495 605
1616165978952 0.011361856013536453 606
1616166013488 0.011603211984038353 607
1616166047910 0.01033043023198843 608
1616166082625 0.011934803798794746 609
1616166121145 0.010816846042871475 610
1616166155900 0.013314196839928627 611
1616166190782 0.01213029120117426 612
1616166225061 0.01162709854543209 613
1616166259738 0.011830144561827183 614
1616166293927 0.011043732985854149 615
1616166328198 0.010478167794644833 616
1616166362760 0.012062217108905315 617
1616166396860 0.009217411279678345 618
1616166431085 0.012219322845339775 619
1616166469528 0.011004743166267872 620
1616166503780 0.00968159083276987 621
1616166538033 0.012969078496098518 622
1616166572634 0.01257297769188881 623
1616166607010 0.009766019880771637 624
1616166641792 0.009682673029601574 625
1616166676342 0.010567888617515564 626
1616166710782 0.009598683565855026 627
1616166745099 0.01093050092458725 628
1616166779915 0.010813351720571518 629
1616166819421 0.011228004470467567 630
1616166854400 0.010824358090758324 631
1616166888816 0.013142053037881851 632
1616166923198 0.010995056480169296 633
1616166957888 0.01100897416472435 634
1616166992897 0.012289375066757202 635
1616167027364 0.011792556382715702 636
1616167061585 0.00924689695239067 637
1616167095868 0.012225857935845852 638
1616167130373 0.009565502405166626 639
1616167169093 0.011054184287786484 640
1616167203238 0.011112045496702194 641
1616167237861 0.012081187218427658 642
1616167272526 0.009241247549653053 643
1616167306654 0.00979502871632576 644
1616167341424 0.011358112096786499 645
1616167375860 0.009060008451342583 646
1616167410788 0.012139412574470043 647
1616167445316 0.0119144506752491 648
1616167480360 0.010722550563514233 649
1616167519737 0.010063650086522102 650
1616167554057 0.011062925681471825 651
1616167589089 0.01039164699614048 652
1616167623363 0.010449297726154327 653
1616167657525 0.009354090318083763 654
1616167692231 0.01075075939297676 655
1616167726936 0.009968368336558342 656
1616167761659 0.009896780364215374 657
1616167796373 0.012596264481544495 658
1616167830816 0.011234967038035393 659
1616167869645 0.011960774660110474 660
1616167903970 0.009617818519473076 661
1616167938336 0.011838117614388466 662
1616167973096 0.011447548866271973 663
1616168007473 0.010983092710375786 664
1616168041834 0.009293707087635994 665
1616168076172 0.011299990117549896 666
1616168110965 0.010652699507772923 667
1616168146090 0.011477071791887283 668
1616168180382 0.011367103084921837 669
1616168219725 0.010696190409362316 670
1616168253912 0.011909781955182552 671
1616168288117 0.013422243297100067 672
1616168322463 0.01322752796113491 673
1616168356707 0.010391727089881897 674
1616168391233 0.012443765997886658 675
1616168425717 0.01035269070416689 676
1616168460465 0.01054048165678978 677
1616168495087 0.009771347045898438 678
1616168530164 0.010961124673485756 679
1616168569038 0.010520415380597115 680
1616168603415 0.011179874651134014 681
1616168638199 0.009756308048963547 682
1616168672417 0.010201485827565193 683
1616168707206 0.011210666038095951 684
1616168741997 0.010173737071454525 685
1616168776684 0.010392752476036549 686
1616168811311 0.008527294732630253 687
1616168845727 0.01263902522623539 688
1616168880095 0.013414010405540466 689
1616168918367 0.011557712219655514 690
1616168952520 0.009945889934897423 691
1616168987310 0.008322770707309246 692
1616169021849 0.009951302781701088 693
1616169056456 0.010414681397378445 694
1616169091185 0.010651245713233948 695
1616169125561 0.009498302824795246 696
1616169160066 0.009886725805699825 697
1616169194795 0.009573550894856453 698
1616169229641 0.01095009408891201 699
1616169269005 0.009646762162446976 700
1616169303785 0.01128692738711834 701
1616169338091 0.010860045440495014 702
1616169372279 0.00884576141834259 703
1616169407203 0.011611154302954674 704
1616169441525 0.010426437482237816 705
1616169475842 0.009895066730678082 706
1616169510124 0.011570178903639317 707
1616169544546 0.008805248886346817 708
1616169578876 0.010361995548009872 709
1616169617825 0.01040547713637352 710
1616169652624 0.009927062317728996 711
1616169687048 0.009905057959258556 712
1616169721866 0.00971769355237484 713
1616169756505 0.010668478906154633 714
1616169791390 0.010940777137875557 715
1616169825875 0.011719995178282261 716
1616169860362 0.00839434377849102 717
1616169894731 0.009096273221075535 718
1616169929016 0.009808940812945366 719
1616169968088 0.009847776964306831 720
1616170003022 0.010856043547391891 721
1616170037565 0.012640073895454407 722
1616170071902 0.011342158541083336 723
1616170106463 0.009485960938036442 724
1616170140873 0.011957323178648949 725
1616170175141 0.009606825187802315 726
1616170209397 0.008010050281882286 727
1616170244189 0.010888924822211266 728
1616170278853 0.009203337132930756 729
1616170317927 0.008640394546091557 730
1616170352269 0.009586457163095474 731
1616170386896 0.0105754304677248 732
1616170421493 0.009486513212323189 733
1616170456262 0.011311274021863937 734
1616170491156 0.011180082336068153 735
1616170525594 0.010577940382063389 736
1616170560482 0.00830579549074173 737
1616170595151 0.009897982701659203 738
1616170629540 0.009159071370959282 739
1616170668125 0.012105710804462433 740
1616170702764 0.012626893818378448 741
1616170737118 0.009082408621907234 742
1616170771951 0.009060756303369999 743
1616170806515 0.007846051827073097 744
1616170841296 0.010894764214754105 745
1616170875812 0.00895776879042387 746
1616170910195 0.009855512529611588 747
1616170944809 0.010280394926667213 748
1616170979219 0.010812691412866116 749
1616171018482 0.010072726756334305 750
1616171053223 0.011837160214781761 751
1616171087715 0.011168571189045906 752
1616171122410 0.011631219647824764 753
1616171156687 0.01005685143172741 754
1616171191678 0.01063370518386364 755
1616171226526 0.009120360016822815 756
1616171260927 0.014265700243413448 757
1616171295238 0.01038153376430273 758
1616171330040 0.008963764645159245 759
1616171368897 0.010819449089467525 760
1616171403542 0.010869041085243225 761
1616171438262 0.010621121153235435 762
1616171472802 0.010552367195487022 763
1616171507083 0.010416897013783455 764
1616171541959 0.011597658507525921 765
1616171576525 0.008994504809379578 766
1616171611031 0.010095309466123581 767
1616171645525 0.01052473857998848 768
1616171680104 0.009139285422861576 769
1616171719221 0.010189076885581017 770
1616171753689 0.011795410886406898 771
1616171788119 0.0110598374158144 772
1616171822573 0.008364129811525345 773
1616171856787 0.010819743387401104 774
1616171891309 0.012459024786949158 775
1616171925556 0.008661501109600067 776
1616171960609 0.009281114675104618 777
1616171994861 0.009526313282549381 778
1616172029100 0.010767295956611633 779
1616172067695 0.008803325705230236 780
1616172102158 0.013492560014128685 781
1616172136514 0.008602481335401535 782
1616172170862 0.008343897759914398 783
1616172205528 0.009802522137761116 784
1616172240333 0.008706638589501381 785
1616172274684 0.011592254973948002 786
1616172309328 0.01153465174138546 787
1616172343580 0.01038096658885479 788
1616172377933 0.010891100391745567 789
1616172417086 0.010330593213438988 790
1616172451692 0.010806004516780376 791
1616172486593 0.009703902527689934 792
1616172521541 0.011820896528661251 793
1616172556157 0.009184136986732483 794
1616172590803 0.010167299769818783 795
1616172625688 0.010192656889557838 796
1616172660316 0.008830905891954899 797
1616172695359 0.011373693123459816 798
1616172730079 0.007857983000576496 799
1616172769088 0.010150890797376633 800
1616172803649 0.011701149865984917 801
1616172837967 0.0107039799913764 802
1616172872150 0.009608587250113487 803
1616172906783 0.009481726214289665 804
1616172941309 0.011782122775912285 805
1616172976061 0.010460654273629189 806
1616173010906 0.010327685624361038 807
1616173045405 0.011375430971384048 808
1616173079743 0.01210523210465908 809
1616173119377 0.010431183502078056 810
1616173154215 0.011791834607720375 811
1616173188650 0.009755177423357964 812
1616173223784 0.008810494095087051 813
1616173258443 0.008631035685539246 814
1616173292705 0.009430321864783764 815
1616173327048 0.011058168485760689 816
1616173361964 0.007138121407479048 817
1616173396451 0.010941935703158379 818
1616173431369 0.011890707537531853 819
1616173470806 0.013158733956515789 820
1616173505762 0.009929301217198372 821
1616173540643 0.011383195407688618 822
1616173575399 0.010034842416644096 823
1616173609772 0.010295113548636436 824
1616173644413 0.01130724884569645 825
1616173678676 0.009749037213623524 826
1616173712851 0.011748123914003372 827
1616173747046 0.00850207544863224 828
1616173781597 0.009314538910984993 829
1616173820422 0.010155263356864452 830
1616173854784 0.011200590059161186 831
1616173889273 0.009799807332456112 832
1616173923963 0.008403328247368336 833
1616173958275 0.010112134739756584 834
1616173992744 0.010832997038960457 835
1616174027381 0.009579615667462349 836
1616174062012 0.01316849235445261 837
1616174096364 0.011009367182850838 838
1616174130816 0.010192690417170525 839
1616174170021 0.008787107653915882 840
1616174204326 0.011152281425893307 841
1616174238602 0.01066519320011139 842
1616174273630 0.008205215446650982 843
1616174307812 0.009584065526723862 844
1616174342557 0.011068382300436497 845
1616174377269 0.008839355781674385 846
1616174411874 0.009099220857024193 847
1616174446254 0.010943112894892693 848
1616174480575 0.012890353798866272 849
1616174519542 0.010499084368348122 850
1616174554165 0.0076299067586660385 851
1616174588925 0.006968277506530285 852
1616174623247 0.01208565291017294 853
1616174657869 0.01087819691747427 854
1616174692731 0.010637410916388035 855
1616174727138 0.010908650234341621 856
1616174762279 0.011202346533536911 857
1616174796605 0.009881041944026947 858
1616174831252 0.00929749384522438 859
1616174870156 0.008647270500659943 860
1616174904426 0.012087715789675713 861
1616174938960 0.010853294283151627 862
1616174973415 0.0120155680924654 863
1616175008044 0.012429210357367992 864
1616175042558 0.009016500785946846 865
1616175076873 0.011742150411009789 866
1616175111389 0.008251694031059742 867
1616175145871 0.013405241072177887 868
1616175180677 0.010569971986114979 869
1616175220046 0.008033353835344315 870
1616175254752 0.0095515176653862 871
1616175289362 0.010239170864224434 872
1616175324097 0.012354562059044838 873
1616175358963 0.011215966194868088 874
1616175393357 0.008946167305111885 875
1616175427845 0.009227970615029335 876
1616175462358 0.010594086721539497 877
1616175497186 0.01192025188356638 878
1616175531927 0.009096046909689903 879
1616175570597 0.008261026814579964 880
1616175605165 0.010593690909445286 881
1616175639862 0.009649660438299179 882
1616175674273 0.01136296521872282 883
1616175708985 0.010210016742348671 884
1616175743611 0.01159737166017294 885
1616175777951 0.012540409341454506 886
1616175812550 0.007875049486756325 887
1616175847159 0.009115258231759071 888
1616175881845 0.011097442358732224 889
1616175920688 0.00924685038626194 890
1616175955416 0.008058265782892704 891
1616175990206 0.009930056519806385 892
1616176024993 0.008814603090286255 893
1616176059718 0.009126616641879082 894
1616176094274 0.006774426903575659 895
1616176129024 0.010749980807304382 896
1616176163342 0.012158846482634544 897
1616176197952 0.00938720628619194 898
1616176232154 0.012616125866770744 899
1616176270931 0.008339693769812584 900
1616176305203 0.009213618002831936 901
1616176339539 0.008058549836277962 902
1616176374111 0.010195184499025345 903
1616176408366 0.009290918707847595 904
1616176443117 0.010256567038595676 905
1616176477880 0.010383636690676212 906
1616176512730 0.010776212438941002 907
1616176547042 0.010875444859266281 908
1616176581832 0.009942611679434776 909
1616176620141 0.008309008553624153 910
1616176654599 0.00869503803551197 911
1616176689421 0.011982973664999008 912
1616176723708 0.00997930858284235 913
1616176758309 0.008166922256350517 914
1616176793070 0.011786296032369137 915
1616176827787 0.009687988087534904 916
1616176862275 0.013188546523451805 917
1616176897136 0.010505600832402706 918
1616176931832 0.009977285750210285 919
1616176970531 0.009857757948338985 920
1616177004832 0.010232929140329361 921
1616177039078 0.008997105062007904 922
1616177073970 0.011125549674034119 923
1616177108785 0.008236018940806389 924
1616177143329 0.010712366551160812 925
1616177177810 0.009207647293806076 926
1616177212583 0.008799505420029163 927
1616177247092 0.01080319844186306 928
1616177281839 0.009350149892270565 929
1616177320454 0.013148057274520397 930
1616177355281 0.009648030623793602 931
1616177389968 0.009478200227022171 932
1616177424599 0.010117100551724434 933
1616177459413 0.011926552280783653 934
1616177494273 0.009779547341167927 935
1616177529017 0.012178502976894379 936
1616177563370 0.01272912323474884 937
1616177597991 0.011173092760145664 938
1616177632554 0.01046068500727415 939
1616177671465 0.010119015350937843 940
1616177706365 0.011669386178255081 941
1616177741333 0.01066153310239315 942
1616177775843 0.010454175993800163 943
1616177810667 0.009135575965046883 944
1616177844965 0.009146271273493767 945
1616177879716 0.008252576924860477 946
1616177914501 0.013735834509134293 947
1616177949269 0.00840867217630148 948
1616177983576 0.008260257542133331 949
1616178022242 0.01006090547889471 950
1616178056962 0.010136058554053307 951
1616178091332 0.008606740273535252 952
1616178125543 0.009120592847466469 953
1616178160364 0.00891338661313057 954
1616178194758 0.011365767568349838 955
1616178229465 0.008387378416955471 956
1616178263815 0.010284008458256721 957
1616178298029 0.008848873898386955 958
1616178332497 0.009750318713486195 959
1616178371778 0.012859504669904709 960
1616178406231 0.010530726984143257 961
1616178440580 0.009117815643548965 962
1616178475301 0.010536637157201767 963
1616178509754 0.009040476754307747 964
1616178544141 0.008536744862794876 965
1616178578614 0.010812947526574135 966
1616178613278 0.008366890251636505 967
1616178648029 0.008292228914797306 968
1616178682243 0.009816504083573818 969
1616178721663 0.01196490041911602 970
1616178756343 0.009137338027358055 971
1616178790811 0.010047361254692078 972
1616178825191 0.010373505763709545 973
1616178859492 0.010313412174582481 974
1616178893757 0.01111699640750885 975
1616178928426 0.008410878479480743 976
1616178962599 0.008498023264110088 977
1616178997277 0.011878736317157745 978
1616179031482 0.009831437841057777 979
1616179070580 0.012668302282691002 980
1616179104935 0.011188952252268791 981
1616179139737 0.010743302293121815 982
1616179174298 0.011456284672021866 983
1616179209095 0.008312457241117954 984
1616179243624 0.009404156357049942 985
1616179277939 0.009337375871837139 986
1616179312793 0.009434032253921032 987
1616179347652 0.008615675382316113 988
1616179382328 0.008443668484687805 989
1616179420975 0.010233148001134396 990
1616179455645 0.010717673227190971 991
1616179489996 0.008794043213129044 992
1616179524795 0.010146074928343296 993
1616179559596 0.008463894948363304 994
1616179594366 0.007788560353219509 995
1616179628735 0.00878311786800623 996
1616179663501 0.0070975893177092075 997
1616179697793 0.009794583544135094 998
1616179732280 0.010171799920499325 999
1616179771032 0.009143481962382793 1000
1616179805287 0.008036757819354534 1001
1616179839840 0.008879062719643116 1002
1616179874306 0.010374810546636581 1003
1616179908776 0.010716032236814499 1004
1616179943183 0.010231047868728638 1005
1616179977865 0.011325262486934662 1006
1616180012307 0.009346677921712399 1007
1616180046774 0.0098631102591753 1008
1616180081688 0.013406641781330109 1009
1616180121007 0.010521244257688522 1010
1616180155752 0.00817111786454916 1011
1616180190074 0.009491660632193089 1012
1616180224846 0.01083799172192812 1013
1616180260279 0.00944526121020317 1014
1616180295455 0.010156786069273949 1015
1616180329949 0.011574473232030869 1016
1616180364714 0.010292217135429382 1017
1616180399510 0.008128105662763119 1018
1616180433882 0.008919302374124527 1019
1616180472557 0.009654205292463303 1020
1616180506866 0.010401648469269276 1021
1616180541410 0.013056501746177673 1022
1616180575885 0.008694080635905266 1023
1616180610057 0.009518183767795563 1024
1616180644715 0.011808512732386589 1025
1616180679465 0.007981481030583382 1026
1616180714635 0.010463487356901169 1027
1616180749517 0.010053249076008797 1028
1616180783974 0.008791150525212288 1029
1616180823430 0.011080414056777954 1030
1616180858649 0.010994759388267994 1031
1616180892978 0.010815994814038277 1032
1616180927551 0.009716734290122986 1033
1616180961944 0.00853106752038002 1034
1616180996242 0.008831914514303207 1035
1616181031016 0.00906267762184143 1036
1616181065458 0.00972906406968832 1037
1616181099871 0.010739540681242943 1038
1616181134576 0.010420044884085655 1039
1616181174131 0.010972931049764156 1040
1616181208785 0.008118872530758381 1041
1616181243132 0.009574288502335548 1042
1616181277653 0.009680554270744324 1043
1616181312604 0.011057976633310318 1044
1616181346863 0.008648714981973171 1045
1616181381109 0.010154597461223602 1046
1616181415498 0.010597811080515385 1047
1616181450053 0.010289806872606277 1048
1616181484221 0.010930605232715607 1049
1616181523060 0.010000566020607948 1050
1616181557573 0.010655566118657589 1051
1616181592485 0.011234808713197708 1052
1616181627386 0.008901463821530342 1053
1616181661776 0.009920568205416203 1054
1616181696110 0.010052729398012161 1055
1616181730483 0.008152978494763374 1056
1616181765293 0.008486351929605007 1057
1616181799997 0.012481366284191608 1058
1616181834687 0.0124033372849226 1059
1616181873975 0.010234770365059376 1060
1616181908675 0.009421994909644127 1061
1616181943429 0.010707173496484756 1062
1616181977893 0.011346124112606049 1063
1616182012504 0.011741524562239647 1064
1616182046789 0.01056189090013504 1065
1616182081547 0.010005715303122997 1066
1616182116229 0.011471533216536045 1067
1616182150415 0.010551602579653263 1068
1616182185191 0.00898398831486702 1069
1616182224489 0.011139420792460442 1070
1616182258826 0.009970875456929207 1071
1616182293450 0.012477286159992218 1072
1616182327978 0.010862148366868496 1073
1616182362729 0.009929979220032692 1074
1616182396964 0.008628598414361477 1075
1616182431473 0.00988469086587429 1076
1616182465701 0.010982971638441086 1077
1616182500526 0.009454576298594475 1078
1616182535056 0.00984257087111473 1079
1616182573972 0.010666899383068085 1080
1616182608720 0.011005551554262638 1081
1616182643194 0.01232211384922266 1082
1616182677538 0.01204584538936615 1083
1616182712432 0.01221700944006443 1084
1616182746849 0.010906875133514404 1085
1616182781489 0.009346459060907364 1086
1616182816209 0.009315486997365952 1087
1616182850717 0.009611967951059341 1088
1616182885136 0.010392836295068264 1089
1616182924405 0.00939016230404377 1090
1616182959163 0.009131249971687794 1091
1616182993948 0.010092401877045631 1092
1616183028720 0.009282896295189857 1093
1616183063610 0.011521803215146065 1094
1616183097734 0.009258209727704525 1095
1616183132281 0.008324590511620045 1096
1616183167122 0.011672578752040863 1097
1616183201618 0.009763654321432114 1098
1616183235828 0.008576581254601479 1099
1616183275006 0.00920560397207737 1100
1616183309736 0.008652377873659134 1101
1616183344071 0.010294964537024498 1102
1616183378473 0.008180896751582623 1103
1616183413225 0.010316003113985062 1104
1616183447510 0.011334219947457314 1105
1616183482045 0.008913619443774223 1106
1616183516623 0.010909156873822212 1107
1616183550967 0.009530361741781235 1108
1616183585218 0.009020708501338959 1109
1616183624535 0.007737298496067524 1110
1616183659483 0.010820013470947742 1111
1616183693737 0.012061567977070808 1112
1616183728560 0.010456756688654423 1113
1616183762843 0.009027312509715557 1114
1616183797559 0.009913396090269089 1115
1616183832293 0.008048830553889275 1116
1616183866997 0.010349472053349018 1117
1616183901235 0.00930506270378828 1118
1616183936201 0.01215522363781929 1119
1616183975330 0.010707804933190346 1120
1616184009750 0.009705992415547371 1121
1616184044370 0.00910960603505373 1122
1616184078851 0.008848940953612328 1123
1616184113395 0.009118640795350075 1124
1616184147914 0.009030211716890335 1125
1616184182206 0.00977263879030943 1126
1616184216704 0.008877761662006378 1127
1616184251370 0.009427405893802643 1128
1616184285668 0.009179890155792236 1129
1616184324439 0.008420312777161598 1130
1616184359054 0.011664386838674545 1131
1616184393648 0.00736922025680542 1132
1616184428630 0.010143779218196869 1133
1616184463103 0.009406642988324165 1134
1616184497581 0.009949368424713612 1135
1616184532355 0.00803280808031559 1136
1616184567162 0.009308766573667526 1137
1616184601755 0.009842608124017715 1138
1616184636466 0.010453879833221436 1139
1616184675503 0.01183435507118702 1140
1616184709744 0.009267657995223999 1141
1616184744033 0.012071963399648666 1142
1616184778794 0.009383218362927437 1143
1616184813339 0.010234426707029343 1144
1616184847459 0.009071390144526958 1145
1616184881887 0.011490197852253914 1146
1616184916290 0.007282552309334278 1147
1616184950953 0.010420609265565872 1148
1616184985528 0.011147977784276009 1149
1616185024087 0.01029161922633648 1150
1616185059017 0.010481882840394974 1151
1616185093428 0.010299589484930038 1152
1616185128123 0.009508387185633183 1153
1616185162604 0.011576392687857151 1154
1616185197595 0.010126451961696148 1155
1616185232400 0.008590660989284515 1156
1616185266680 0.010035833343863487 1157
1616185301442 0.01029140129685402 1158
1616185336289 0.012001028284430504 1159
1616185375344 0.01055237464606762 1160
1616185409925 0.0098743736743927 1161
1616185444635 0.007706476375460625 1162
1616185478856 0.008268401026725769 1163
1616185513112 0.00991886481642723 1164
1616185547327 0.012144207023084164 1165
1616185581575 0.009170442819595337 1166
1616185616276 0.010218637064099312 1167
1616185651023 0.011022454127669334 1168
1616185685436 0.008905984461307526 1169
1616185724128 0.008540731854736805 1170
1616185758784 0.009288633242249489 1171
1616185793221 0.009903226047754288 1172
1616185828028 0.011458462104201317 1173
1616185862889 0.010537049733102322 1174
1616185897287 0.010213233530521393 1175
1616185931706 0.007768525741994381 1176
1616185966493 0.007643444929271936 1177
1616186001042 0.010412557050585747 1178
1616186035400 0.009423899464309216 1179
1616186074864 0.009904390200972557 1180
1616186109067 0.008586365729570389 1181
1616186143819 0.011272206902503967 1182
1616186178603 0.010211322456598282 1183
1616186213412 0.008493458852171898 1184
1616186248130 0.009961830452084541 1185
1616186282884 0.010081542655825615 1186
1616186318053 0.010042675770819187 1187
1616186352819 0.010014580562710762 1188
1616186387725 0.007515206933021545 1189
1616186427195 0.009125739336013794 1190
1616186461615 0.009142240509390831 1191
1616186496305 0.007706413045525551 1192
1616186530980 0.009922977536916733 1193
1616186565505 0.009393295273184776 1194
1616186599774 0.011252284049987793 1195
1616186634304 0.009304036386311054 1196
1616186668907 0.00947379507124424 1197
1616186703127 0.009560056030750275 1198
1616186737335 0.008759140968322754 1199
1616186776098 0.011521115899085999 1200
1616186797292 0.008501516655087471 0
1616186797307 0.008501516655087471 0
