1616144829160 0.004267175681889057 1
1616144863501 0.0007307151099666953 2
1616144897774 0.0012045068433508277 3
1616144932289 0.00025101928622461855 4
1616144967236 6.061818930902518e-05 5
1616145002165 0.00029169980552978814 6
1616145036385 8.355655882041901e-05 7
1616145070784 7.604832035212894e-07 8
1616145105340 5.306102139002178e-06 9
1616145144733 6.686894721497083e-06 10
1616145179477 0.0 11
1616145213728 0.0 12
1616145248484 2.8532069336506538e-05 13
1616145283175 0.0006425976171158254 14
1616145317854 0.0 15
1616145352636 0.0 16
1616145386772 0.0 17
1616145421302 1.3717985893890727e-06 18
1616145455769 0.0 19
1616145494323 0.0 20
1616145528682 0.0 21
1616145563311 3.877901326632127e-05 22
1616145597710 0.0 23
1616145632120 0.0 24
1616145666362 0.0 25
1616145701021 1.8022158201347338e-06 26
1616145735668 0.0 27
1616145770339 0.0 28
1616145804533 0.0 29
1616145843978 0.0 30
1616145878494 0.0 31
1616145912795 0.0 32
1616145947296 0.0 33
1616145982026 0.0010327888885512948 34
1616146016768 0.0 35
1616146051134 0.0 36
1616146086098 0.0 37
1616146120739 0.0 38
1616146155083 0.0 39
1616146193890 0.0 40
1616146228665 0.0 41
1616146263114 0.0 42
1616146297270 0.0 43
1616146331843 0.0 44
1616146365952 0.0 45
1616146400442 0.0 46
1616146434542 0.0 47
1616146469163 0.0 48
1616146503374 0.0 49
1616146542583 0.0 50
1616146576835 0.0 51
1616146611695 0.0 52
1616146646298 0.0 53
1616146680812 0.0 54
1616146715460 0.0 55
1616146750436 0.0 56
1616146784552 0.0 57
1616146819030 0.0 58
1616146853709 9.463056471759046e-08 59
1616146892145 0.0 60
1616146926263 0.0 61
1616146960554 0.0 62
1616146995100 0.0 63
1616147029922 0.0 64
1616147064216 0.0 65
1616147098694 0.0 66
1616147132996 0.0 67
1616147167742 0.0 68
1616147202546 0.0 69
1616147241879 0.0 70
1616147276334 0.0 71
1616147311291 0.0 72
1616147345960 0.0 73
1616147380596 0.0 74
1616147414705 0.0 75
1616147449562 0.0 76
1616147484211 0.0 77
1616147518362 0.0 78
1616147552697 0.0 79
1616147591341 0.0 80
1616147625848 0.0 81
1616147660073 0.0 82
1616147694749 0.0 83
1616147729123 0.0 84
1616147763446 0.0 85
1616147798093 1.1455265536142178e-07 86
1616147832774 0.0 87
1616147867128 0.0 88
1616147901374 0.0 89
1616147939880 0.0 90
1616147974738 0.0 91
1616148009422 8.81367850524839e-06 92
1616148044150 2.005157284656889e-06 93
1616148078890 0.0 94
1616148113235 0.0 95
1616148147475 0.00011960777919739485 96
1616148182015 1.4681751054013148e-05 97
1616148216215 0.0 98
1616148250967 0.0 99
1616148289845 0.0 100
1616148324569 2.0569782464008313e-06 101
1616148359226 0.00010198634845437482 102
1616148393892 0.0 103
1616148428233 0.0 104
1616148462962 1.7547554307384416e-06 105
1616148497619 0.0 106
1616148531789 0.0 107
1616148566387 0.0 108
1616148600553 0.0 109
1616148639700 0.0 110
1616148674038 0.0 111
1616148708790 0.0 112
1616148743272 0.0 113
1616148777935 0.0002803240204229951 114
1616148812100 0.0 115
1616148846636 0.0 116
1616148880963 0.0 117
1616148915160 0.0 118
1616148949862 0.0 119
1616148988618 0.0 120
1616149023290 0.0 121
1616149057633 0.0 122
1616149092289 0.0 123
1616149127019 0.0 124
1616149161784 0.0 125
1616149196430 2.785158415008482e-07 126
1616149230684 5.337944912753301e-07 127
1616149264751 2.521873966543353e-06 128
1616149300056 0.0 129
1616149339226 0.0 130
1616149373863 0.0 131
1616149408212 5.329922259988962e-06 132
1616149442772 0.0 133
1616149476873 3.1204265269479947e-06 134
1616149511369 1.3296740917212446e-06 135
1616149545954 2.0323220724094426e-06 136
1616149580550 3.8163278077263385e-05 137
1616149615184 0.00011157478002132848 138
1616149649576 0.00018934601393993944 139
1616149688255 0.0 140
1616149723115 0.0008546326425857842 141
1616149757823 0.00018284391262568533 142
1616149792117 0.0 143
1616149827119 0.0 144
1616149861838 0.0 145
1616149896054 1.208802473229298e-06 146
1616149930391 0.0 147
1616149965028 0.0008618591818958521 148
1616149999127 3.273673792136833e-05 149
1616150038336 0.00019516081374604255 150
1616150072913 0.001742483815178275 151
1616150107433 0.0009449530625715852 152
1616150142115 0.0021884539164602757 153
1616150176767 5.438714083538798e-07 154
1616150211433 0.0044267438352108 155
1616150245572 4.911394353257492e-05 156
1616150280183 0.0010621125111356378 157
1616150314936 0.0006009849603287876 158
1616150349897 0.0 159
1616150388530 0.00010465785453561693 160
1616150422964 3.958741672249744e-06 161
1616150457780 7.561348866147455e-06 162
1616150492087 0.0 163
1616150526419 8.507177540195698e-07 164
1616150560681 4.824275492865127e-06 165
1616150595332 6.8846998146909755e-06 166
1616150629914 0.0029571533668786287 167
1616150664657 0.00021311864838935435 168
1616150698763 0.00023243710165843368 169
1616150737122 4.171690670773387e-05 170
1616150771490 3.6190579066897044e-07 171
1616150805905 0.00025202290271408856 172
1616150840680 0.0005030754837207496 173
1616150875179 0.0 174
1616150909489 0.0 175
1616150944035 0.0005050533218309283 176
1616150978563 0.0 177
1616151013324 0.0003756550431717187 178
1616151048198 0.0 179
1616151086721 5.43082762760605e-07 180
1616151120880 3.2718042348278686e-05 181
1616151155397 2.272570418426767e-05 182
1616151190331 0.0 183
1616151224631 0.003689412958920002 184
1616151259231 0.00021229808044154197 185
1616151293748 0.0021884453017264605 186
1616151328124 5.10349782416597e-05 187
1616151362380 0.0018187093082815409 188
1616151397068 0.0018397828098386526 189
1616151436363 6.328797462629154e-05 190
1616151470721 0.0 191
1616151505070 4.202086529403459e-06 192
1616151539811 0.00013149781443644315 193
1616151573869 0.0 194
1616151608106 6.077069656384992e-07 195
1616151642396 0.0 196
1616151676834 2.476404461049242e-06 197
1616151711152 0.0004781355964951217 198
1616151745729 0.0028065445367246866 199
1616151784656 1.2142847936047474e-06 200
1616151819220 3.05896028294228e-05 201
1616151853374 2.1877051040064543e-05 202
1616151888091 0.0 203
1616151922661 1.5230864846671466e-05 204
1616151957385 0.0002924135478679091 205
1616151992173 0.00021667835244443268 206
1616152026331 0.0019513411680236459 207
1616152061033 0.00026536700897850096 208
1616152095257 0.0036028956528753042 209
1616152133744 0.0 210
1616152167960 1.4383465895662084e-05 211
1616152202208 5.174848411115818e-05 212
1616152236966 1.958201937668491e-05 213
1616152271922 0.0008327463292516768 214
1616152306381 0.0001973686012206599 215
1616152340824 0.011621600016951561 216
1616152375532 0.001947023207321763 217
1616152410184 0.0015449579805135727 218
1616152444739 0.011722881346940994 219
1616152484348 0.004373736679553986 220
1616152519020 0.013338858261704445 221
1616152553789 0.0027576356660574675 222
1616152588093 0.007277626544237137 223
1616152622554 0.0027918145060539246 224
1616152656926 0.002260620705783367 225
1616152691543 0.0037243948318064213 226
1616152726222 0.004084203392267227 227
1616152760683 0.0013401499018073082 228
1616152795298 0.00034765328746289015 229
1616152834115 0.0038717195857316256 230
1616152869073 0.011607673950493336 231
1616152904313 0.0038781617768108845 232
1616152939202 0.004646820481866598 233
1616152973808 0.004317058715969324 234
1616153008554 0.02382368966937065 235
1616153043635 0.004355024546384811 236
1616153077955 0.0058629754930734634 237
1616153112130 0.012495793402194977 238
1616153146308 0.011793309822678566 239
1616153184788 0.010035589337348938 240
1616153219041 0.00254115485586226 241
1616153253364 0.006631523370742798 242
1616153287588 0.013568124733865261 243
1616153321849 0.022092748433351517 244
1616153356018 0.01629573293030262 245
1616153390210 0.012784196063876152 246
1616153424957 0.018970292061567307 247
1616153459672 0.015597008168697357 248
1616153493900 0.0034066690132021904 249
1616153533030 0.013475267216563225 250
1616153567772 0.016722453758120537 251
1616153602236 0.01060767937451601 252
1616153636621 0.011898256838321686 253
1616153670953 0.015701603144407272 254
1616153705716 0.040815792977809906 255
1616153740427 0.007706882432103157 256
1616153775103 0.0012774826027452946 257
1616153809568 0.024023346602916718 258
1616153843915 0.02167695388197899 259
1616153882561 0.010710114613175392 260
1616153917437 0.0179484561085701 261
1616153951549 0.02165215276181698 262
1616153986032 0.010186421684920788 263
1616154020701 0.012558000162243843 264
1616154055268 0.014955306425690651 265
1616154089676 0.015411138534545898 266
1616154123849 0.013463390991091728 267
1616154158049 0.002635757904499769 268
1616154192369 0.018882494419813156 269
1616154231146 0.030000600963830948 270
1616154265701 0.05519197881221771 271
1616154300650 0.024843864142894745 272
1616154335098 0.05332080274820328 273
1616154369782 0.03014405444264412 274
1616154404442 0.06973262131214142 275
1616154439273 0.02961597591638565 276
1616154473707 0.019613809883594513 277
1616154508173 0.04391845315694809 278
1616154542835 0.0262172631919384 279
1616154581660 0.005197743885219097 280
1616154616172 0.015069941058754921 281
1616154650326 0.03233703598380089 282
1616154685277 0.029921935871243477 283
1616154719556 0.023133087903261185 284
1616154754279 0.043204572051763535 285
1616154788447 0.03216494619846344 286
1616154822805 0.026936352252960205 287
1616154857426 0.017037702724337578 288
1616154892062 0.038249049335718155 289
1616154930866 0.03354792296886444 290
1616154965344 0.033992718905210495 291
1616154999943 0.02603979781270027 292
1616155034173 0.036814961582422256 293
1616155069043 0.025680292397737503 294
1616155103806 0.029992174357175827 295
1616155138239 0.020985910668969154 296
1616155172517 0.036025360226631165 297
1616155206992 0.042038559913635254 298
1616155241648 0.022350026294589043 299
1616155280784 0.03806279972195625 300
1616155315413 0.0495978519320488 301
1616155349625 0.0437578484416008 302
1616155384244 0.0640183612704277 303
1616155418882 0.06251241266727448 304
1616155453597 0.035629753023386 305
1616155488375 0.05416625738143921 306
1616155523309 0.05661897733807564 307
1616155557531 0.053356800228357315 308
1616155592169 0.08025278151035309 309
1616155630801 0.033951062709093094 310
1616155665439 0.04555255174636841 311
1616155700326 0.03723112866282463 312
1616155734991 0.055308423936367035 313
1616155769613 0.03519817814230919 314
1616155804261 0.04512149840593338 315
1616155838886 0.06345438957214355 316
1616155873935 0.0267731212079525 317
1616155908175 0.0429428368806839 318
1616155942849 0.031462494283914566 319
1616155981441 0.06142502650618553 320
1616156015718 0.04332110285758972 321
1616156049826 0.04332808032631874 322
1616156084221 0.06055421009659767 323
1616156118641 0.05011259391903877 324
1616156153244 0.030062386766076088 325
1616156187745 0.05885785445570946 326
1616156221985 0.05776219815015793 327
1616156256467 0.04403773695230484 328
1616156291173 0.0498812273144722 329
1616156329968 0.057240504771471024 330
1616156364243 0.04116984084248543 331
1616156398898 0.06385114789009094 332
1616156433289 0.04431481659412384 333
1616156467948 0.04430034011602402 334
1616156502727 0.07538769394159317 335
1616156537504 0.1111036166548729 336
1616156572181 0.05585578456521034 337
1616156606380 0.06996268033981323 338
1616156640815 0.07709009945392609 339
1616156680139 0.060772765427827835 340
1616156714860 0.09146437793970108 341
1616156749476 0.0984714925289154 342
1616156784225 0.0794626772403717 343
1616156819153 0.06177239865064621 344
1616156854029 0.0834471732378006 345
1616156888534 0.057005129754543304 346
1616156922985 0.08578884601593018 347
1616156957622 0.08068300783634186 348
1616156993023 0.09026819467544556 349
1616157031461 0.05760083347558975 350
1616157065813 0.08809924870729446 351
1616157100323 0.10637781023979187 352
1616157134746 0.029686111956834793 353
1616157169505 0.05798573046922684 354
1616157203696 0.061083920300006866 355
1616157238150 0.051133666187524796 356
1616157272734 0.05884258449077606 357
1616157307770 0.062164582312107086 358
1616157342628 0.0775102898478508 359
1616157381259 0.06277783215045929 360
1616157415475 0.09312976896762848 361
1616157450125 0.1023326888680458 362
1616157484598 0.08434825390577316 363
1616157518881 0.06578504294157028 364
1616157553361 0.09289230406284332 365
1616157587648 0.08286207914352417 366
1616157622164 0.06045354902744293 367
1616157656312 0.08587836474180222 368
1616157690575 0.057408712804317474 369
1616157729587 0.08087394386529922 370
1616157764149 0.08340854197740555 371
1616157798519 0.1048349067568779 372
1616157833015 0.08123034983873367 373
1616157867356 0.0765458345413208 374
1616157901695 0.06231607496738434 375
1616157936092 0.07353543490171432 376
1616157970661 0.04878684878349304 377
1616158005146 0.05630214512348175 378
1616158039372 0.0642142966389656 379
1616158078384 0.08024044334888458 380
1616158113043 0.08831935375928879 381
1616158147432 0.08684012293815613 382
1616158181629 0.0834907814860344 383
1616158216097 0.10138251632452011 384
1616158250717 0.0949246883392334 385
1616158285105 0.08673892915248871 386
1616158319796 0.10137118399143219 387
1616158354246 0.058544233441352844 388
1616158388919 0.06507766991853714 389
1616158428012 0.09947305172681808 390
1616158462377 0.04798359423875809 391
1616158496924 0.07297192513942719 392
1616158531624 0.07972627878189087 393
1616158566304 0.09102752804756165 394
1616158600829 0.06292102485895157 395
1616158635069 0.10225337743759155 396
1616158669669 0.1127191036939621 397
1616158704411 0.09585174918174744 398
1616158738690 0.08396896719932556 399
1616158777743 0.07282765209674835 400
1616158812344 0.09845514595508575 401
1616158846766 0.08800119161605835 402
1616158881220 0.060904182493686676 403
1616158915257 0.0738309919834137 404
1616158949356 0.07516954094171524 405
1616158983827 0.06509501487016678 406
1616159017922 0.07672232389450073 407
1616159052208 0.07435742020606995 408
1616159086459 0.1285223662853241 409
1616159124803 0.10381893813610077 410
1616159159357 0.1229412853717804 411
1616159194275 0.10899859666824341 412
1616159228693 0.11470410227775574 413
1616159263253 0.08690652251243591 414
1616159297835 0.07577502727508545 415
1616159332091 0.11236406862735748 416
1616159366640 0.06849458813667297 417
1616159401221 0.08706413954496384 418
1616159436062 0.10052736103534698 419
1616159474690 0.10536235570907593 420
1616159509357 0.15351802110671997 421
1616159543821 0.08632119745016098 422
1616159578066 0.10024621337652206 423
1616159612781 0.1019497662782669 424
1616159647500 0.10574795305728912 425
1616159682194 0.08171515166759491 426
1616159716984 0.15446028113365173 427
1616159751931 0.06717466562986374 428
1616159786846 0.075914666056633 429
1616159825881 0.08305271714925766 430
1616159860378 0.06949613988399506 431
1616159894635 0.12757264077663422 432
1616159929247 0.08570702373981476 433
1616159963443 0.0757928341627121 434
1616159998364 0.07114560902118683 435
1616160033607 0.07882630079984665 436
1616160068193 0.09203942120075226 437
1616160102822 0.10576316714286804 438
1616160137472 0.10739541053771973 439
1616160175995 0.11056765913963318 440
1616160210575 0.10194270312786102 441
1616160245072 0.12546204030513763 442
1616160279801 0.10585002601146698 443
1616160314554 0.12481850385665894 444
1616160348951 0.10974714159965515 445
1616160383262 0.08523189276456833 446
1616160417909 0.10459838807582855 447
1616160452814 0.07089263200759888 448
1616160487667 0.11563827097415924 449
1616160526411 0.08912988007068634 450
1616160560992 0.08132927864789963 451
1616160595396 0.14024566113948822 452
1616160629518 0.10646621137857437 453
1616160663953 0.10751359909772873 454
1616160698584 0.15671446919441223 455
1616160733201 0.11784656345844269 456
1616160767687 0.11094532161951065 457
1616160801885 0.1018148809671402 458
1616160836565 0.10687938332557678 459
1616160875819 0.09926347434520721 460
1616160910140 0.09072001278400421 461
1616160944306 0.14535124599933624 462
1616160978545 0.12097717076539993 463
1616161013270 0.1053638607263565 464
1616161047593 0.17535606026649475 465
1616161081913 0.10899896919727325 466
1616161116794 0.14319249987602234 467
1616161151190 0.13372527062892914 468
1616161185814 0.09918911755084991 469
1616161224594 0.1066204160451889 470
1616161259385 0.08353577554225922 471
1616161294436 0.09304924309253693 472
1616161328857 0.132956400513649 473
1616161363518 0.09899035096168518 474
1616161397763 0.10777221620082855 475
1616161432327 0.12929946184158325 476
1616161466945 0.08355343341827393 477
1616161501357 0.11972400546073914 478
1616161536087 0.13248205184936523 479
1616161575277 0.10683512687683105 480
1616161610107 0.14676794409751892 481
1616161644268 0.13158787786960602 482
1616161678659 0.08937203139066696 483
1616161712989 0.10517176240682602 484
1616161747237 0.14296481013298035 485
1616161781963 0.09131775796413422 486
1616161816740 0.11725936830043793 487
1616161851142 0.0697726160287857 488
1616161885482 0.09555919468402863 489
1616161924495 0.1339087188243866 490
1616161959123 0.15394756197929382 491
1616161993824 0.10530105233192444 492
1616162028129 0.1615220606327057 493
1616162063019 0.11351898312568665 494
1616162097547 0.11446397006511688 495
1616162132037 0.16018466651439667 496
1616162166759 0.11656957864761353 497
1616162201093 0.12169575691223145 498
1616162235528 0.08852458745241165 499
1616162274241 0.159236341714859 500
1616162308669 0.1262742131948471 501
1616162343160 0.10012838244438171 502
1616162377649 0.13633108139038086 503
1616162412066 0.10076987743377686 504
1616162446265 0.15192508697509766 505
1616162480656 0.1114656925201416 506
1616162515089 0.12815234065055847 507
1616162549812 0.09670274704694748 508
1616162584038 0.13804768025875092 509
1616162622817 0.1587870717048645 510
1616162657648 0.09986618161201477 511
1616162692036 0.1455402821302414 512
1616162726865 0.1632786989212036 513
1616162761634 0.13976681232452393 514
1616162796146 0.12458786368370056 515
1616162830884 0.1283515989780426 516
1616162865286 0.10903309285640717 517
1616162899620 0.13066981732845306 518
1616162934147 0.1311737447977066 519
1616162972657 0.14406663179397583 520
1616163007259 0.14630098640918732 521
1616163041904 0.1136520504951477 522
1616163076416 0.12070414423942566 523
1616163110787 0.1634301096200943 524
1616163145092 0.14886575937271118 525
1616163179677 0.13233420252799988 526
1616163214285 0.13508836925029755 527
1616163248981 0.14613118767738342 528
1616163283621 0.1474858522415161 529
1616163321905 0.09835518151521683 530
1616163356098 0.13980962336063385 531
1616163390641 0.1576131135225296 532
1616163424874 0.12666255235671997 533
1616163459606 0.09486700594425201 534
1616163494281 0.15572397410869598 535
1616163528820 0.13675963878631592 536
1616163563697 0.13992354273796082 537
1616163597919 0.12324258685112 538
1616163632134 0.12125980854034424 539
1616163671028 0.16609355807304382 540
1616163705772 0.17899006605148315 541
1616163740336 0.07207170873880386 542
1616163775014 0.09442327916622162 543
1616163809300 0.15736892819404602 544
1616163843883 0.1663237363100052 545
1616163878669 0.13203786313533783 546
1616163913345 0.13624726235866547 547
1616163948237 0.11894726753234863 548
1616163982924 0.14826825261116028 549
1616164022090 0.1355779469013214 550
1616164056790 0.1399994045495987 551
1616164091443 0.13038752973079681 552
1616164126293 0.11388847231864929 553
1616164160515 0.12854263186454773 554
1616164194769 0.13037754595279694 555
1616164229527 0.1169172003865242 556
1616164264278 0.11344744265079498 557
1616164298832 0.13368184864521027 558
1616164333221 0.10506521910429001 559
1616164372193 0.15645408630371094 560
1616164406311 0.12669765949249268 561
1616164440785 0.07502788305282593 562
1616164475301 0.08884735405445099 563
1616164510353 0.11765065789222717 564
1616164545247 0.11250349879264832 565
1616164579966 0.14973962306976318 566
1616164614738 0.15382161736488342 567
1616164649464 0.14496304094791412 568
1616164684141 0.16353550553321838 569
1616164723158 0.10913649201393127 570
1616164757777 0.1537315547466278 571
1616164791902 0.1601276993751526 572
1616164826136 0.2000998854637146 573
1616164860854 0.11940456181764603 574
1616164895484 0.14179356396198273 575
1616164929876 0.1484580934047699 576
1616164964746 0.15866895020008087 577
1616164999613 0.1208437979221344 578
1616165033800 0.1186676174402237 579
1616165072761 0.09848432242870331 580
1616165106881 0.15808981657028198 581
1616165141725 0.16358649730682373 582
1616165176385 0.17493806779384613 583
1616165210983 0.10665465891361237 584
1616165245595 0.16964024305343628 585
1616165280304 0.14998844265937805 586
1616165314948 0.1301453709602356 587
1616165349243 0.19756469130516052 588
1616165383448 0.15704652667045593 589
1616165422292 0.14085112512111664 590
1616165456615 0.12870299816131592 591
1616165491481 0.10689219832420349 592
1616165526106 0.1324552595615387 593
1616165560930 0.14643752574920654 594
1616165595463 0.14573010802268982 595
1616165629842 0.13645027577877045 596
1616165664832 0.1456923633813858 597
1616165699033 0.1480499804019928 598
1616165733261 0.1357177048921585 599
1616165772130 0.14690370857715607 600
1616165806272 0.15401333570480347 601
1616165840962 0.1117297112941742 602
1616165875617 0.0952179953455925 603
1616165910289 0.09084068238735199 604
1616165944675 0.13663378357887268 605
1616165978952 0.16700664162635803 606
1616166013488 0.15241661667823792 607
1616166047910 0.18795913457870483 608
1616166082625 0.1300506591796875 609
1616166121145 0.14555880427360535 610
1616166155900 0.11331892013549805 611
1616166190782 0.14416933059692383 612
1616166225061 0.10103480517864227 613
1616166259738 0.127822145819664 614
1616166293927 0.18439698219299316 615
1616166328198 0.16087335348129272 616
1616166362760 0.1561463475227356 617
1616166396860 0.16477331519126892 618
1616166431085 0.12151163816452026 619
1616166469528 0.1642170548439026 620
1616166503780 0.16350585222244263 621
1616166538033 0.13215872645378113 622
1616166572634 0.1435239017009735 623
1616166607010 0.17748340964317322 624
1616166641792 0.1404060423374176 625
1616166676342 0.15069293975830078 626
1616166710782 0.1595204770565033 627
1616166745099 0.15699678659439087 628
1616166779915 0.18538637459278107 629
1616166819421 0.13950558006763458 630
1616166854400 0.16529470682144165 631
1616166888816 0.12418985366821289 632
1616166923198 0.1375831663608551 633
1616166957888 0.1462261974811554 634
1616166992897 0.16603659093379974 635
1616167027364 0.12105430662631989 636
1616167061585 0.16005754470825195 637
1616167095868 0.14365658164024353 638
1616167130373 0.22061243653297424 639
1616167169093 0.14626456797122955 640
1616167203238 0.1753425896167755 641
1616167237861 0.1536267250776291 642
1616167272526 0.19353888928890228 643
1616167306654 0.19037936627864838 644
1616167341424 0.17639032006263733 645
1616167375860 0.1876337230205536 646
1616167410788 0.17265737056732178 647
1616167445316 0.13261012732982635 648
1616167480360 0.1452496349811554 649
1616167519737 0.15460512042045593 650
1616167554057 0.17416711151599884 651
1616167589089 0.14106759428977966 652
1616167623363 0.1695559024810791 653
1616167657525 0.22735601663589478 654
1616167692231 0.16978058218955994 655
1616167726936 0.164778470993042 656
1616167761659 0.17305061221122742 657
1616167796373 0.15186229348182678 658
1616167830816 0.17755180597305298 659
1616167869645 0.1695190966129303 660
1616167903970 0.13252802193164825 661
1616167938336 0.12738651037216187 662
1616167973096 0.15044867992401123 663
1616168007473 0.11600475013256073 664
1616168041834 0.22295501828193665 665
1616168076172 0.1500076949596405 666
1616168110965 0.17036151885986328 667
1616168146090 0.1556994467973709 668
1616168180382 0.19698932766914368 669
1616168219725 0.15804845094680786 670
1616168253912 0.18752917647361755 671
1616168288117 0.16688603162765503 672
1616168322463 0.13167080283164978 673
1616168356707 0.19982343912124634 674
1616168391233 0.1526513546705246 675
1616168425717 0.1993645876646042 676
1616168460465 0.1862751543521881 677
1616168495087 0.19064584374427795 678
1616168530164 0.18059338629245758 679
1616168569038 0.1671721339225769 680
1616168603415 0.15310445427894592 681
1616168638199 0.1689700186252594 682
1616168672417 0.15065687894821167 683
1616168707206 0.15748116374015808 684
1616168741997 0.20882023870944977 685
1616168776684 0.19955502450466156 686
1616168811311 0.1927393674850464 687
1616168845727 0.13313041627407074 688
1616168880095 0.15043656527996063 689
1616168918367 0.13321837782859802 690
1616168952520 0.19094127416610718 691
1616168987310 0.17368502914905548 692
1616169021849 0.18168780207633972 693
1616169056456 0.1622803956270218 694
1616169091185 0.21501724421977997 695
1616169125561 0.1884925812482834 696
1616169160066 0.1669100522994995 697
1616169194795 0.1848919540643692 698
1616169229641 0.1419171243906021 699
1616169269005 0.17485985159873962 700
1616169303785 0.19352686405181885 701
1616169338091 0.19155845046043396 702
1616169372279 0.189647376537323 703
1616169407203 0.15874971449375153 704
1616169441525 0.19055184721946716 705
1616169475842 0.18996450304985046 706
1616169510124 0.13746118545532227 707
1616169544546 0.21568816900253296 708
1616169578876 0.18266995251178741 709
1616169617825 0.15136177837848663 710
1616169652624 0.2150999903678894 711
1616169687048 0.18782749772071838 712
1616169721866 0.17499570548534393 713
1616169756505 0.13692599534988403 714
1616169791390 0.1556413471698761 715
1616169825875 0.17000839114189148 716
1616169860362 0.19461092352867126 717
1616169894731 0.21472135186195374 718
1616169929016 0.22995436191558838 719
1616169968088 0.21981152892112732 720
1616170003022 0.20279037952423096 721
1616170037565 0.1715438961982727 722
1616170071902 0.1537013053894043 723
1616170106463 0.17993518710136414 724
1616170140873 0.14625485241413116 725
1616170175141 0.16719476878643036 726
1616170209397 0.19390904903411865 727
1616170244189 0.14446917176246643 728
1616170278853 0.17091429233551025 729
1616170317927 0.21157628297805786 730
1616170352269 0.1706855595111847 731
1616170386896 0.1503984034061432 732
1616170421493 0.15656086802482605 733
1616170456262 0.17768622934818268 734
1616170491156 0.1357550024986267 735
1616170525594 0.179231658577919 736
1616170560482 0.21022799611091614 737
1616170595151 0.19592192769050598 738
1616170629540 0.20905418694019318 739
1616170668125 0.13308697938919067 740
1616170702764 0.17398886382579803 741
1616170737118 0.2186601161956787 742
1616170771951 0.1681247353553772 743
1616170806515 0.19400981068611145 744
1616170841296 0.16500435769557953 745
1616170875812 0.20823051035404205 746
1616170910195 0.1769407093524933 747
1616170944809 0.15357646346092224 748
1616170979219 0.16021765768527985 749
1616171018482 0.16119346022605896 750
1616171053223 0.17111748456954956 751
1616171087715 0.14498791098594666 752
1616171122410 0.18343394994735718 753
1616171156687 0.19277025759220123 754
1616171191678 0.1680336892604828 755
1616171226526 0.17528797686100006 756
1616171260927 0.16238349676132202 757
1616171295238 0.20719917118549347 758
1616171330040 0.15751005709171295 759
1616171368897 0.17470616102218628 760
1616171403542 0.18012061715126038 761
1616171438262 0.1701762080192566 762
1616171472802 0.1639861762523651 763
1616171507083 0.171884223818779 764
1616171541959 0.19775161147117615 765
1616171576525 0.1983431726694107 766
1616171611031 0.1851980984210968 767
1616171645525 0.18605268001556396 768
1616171680104 0.1994037628173828 769
1616171719221 0.19501656293869019 770
1616171753689 0.16144712269306183 771
1616171788119 0.18087589740753174 772
1616171822573 0.22096028923988342 773
1616171856787 0.16780313849449158 774
1616171891309 0.15363135933876038 775
1616171925556 0.22168998420238495 776
1616171960609 0.18961776793003082 777
1616171994861 0.22124940156936646 778
1616172029100 0.18451964855194092 779
1616172067695 0.20453569293022156 780
1616172102158 0.20299531519412994 781
1616172136514 0.21753303706645966 782
1616172170862 0.20930522680282593 783
1616172205528 0.18653759360313416 784
1616172240333 0.22546330094337463 785
1616172274684 0.18916508555412292 786
1616172309328 0.19167500734329224 787
1616172343580 0.1841733157634735 788
1616172377933 0.18286091089248657 789
1616172417086 0.16895681619644165 790
1616172451692 0.14202046394348145 791
1616172486593 0.17763563990592957 792
1616172521541 0.16287215054035187 793
1616172556157 0.17515963315963745 794
1616172590803 0.21922960877418518 795
1616172625688 0.19618955254554749 796
1616172660316 0.22093987464904785 797
1616172695359 0.1426309496164322 798
1616172730079 0.23821237683296204 799
1616172769088 0.2046111524105072 800
1616172803649 0.16597387194633484 801
1616172837967 0.1911986768245697 802
1616172872150 0.16172611713409424 803
1616172906783 0.20284245908260345 804
1616172941309 0.15733899176120758 805
1616172976061 0.19441267848014832 806
1616173010906 0.17154479026794434 807
1616173045405 0.18890726566314697 808
1616173079743 0.17985905706882477 809
1616173119377 0.17118561267852783 810
1616173154215 0.15976180136203766 811
1616173188650 0.2717389166355133 812
1616173223784 0.18256497383117676 813
1616173258443 0.2129303216934204 814
1616173292705 0.24205642938613892 815
1616173327048 0.2220645397901535 816
1616173361964 0.22553452849388123 817
1616173396451 0.19085693359375 818
1616173431369 0.16460660099983215 819
1616173470806 0.19521838426589966 820
1616173505762 0.1628304123878479 821
1616173540643 0.1651691198348999 822
1616173575399 0.21921086311340332 823
1616173609772 0.1868431568145752 824
1616173644413 0.20257437229156494 825
1616173678676 0.19902914762496948 826
1616173712851 0.17688331007957458 827
1616173747046 0.2091003656387329 828
1616173781597 0.16897563636302948 829
1616173820422 0.22550348937511444 830
1616173854784 0.15401805937290192 831
1616173889273 0.18385404348373413 832
1616173923963 0.21258153021335602 833
1616173958275 0.17667800188064575 834
1616173992744 0.1887752115726471 835
1616174027381 0.21620044112205505 836
1616174062012 0.18412980437278748 837
1616174096364 0.13155502080917358 838
1616174130816 0.2097133994102478 839
1616174170021 0.2011357545852661 840
1616174204326 0.16903001070022583 841
1616174238602 0.2127998173236847 842
1616174273630 0.2177220731973648 843
1616174307812 0.16435429453849792 844
1616174342557 0.1451261043548584 845
1616174377269 0.21243619918823242 846
1616174411874 0.23194241523742676 847
1616174446254 0.1680029332637787 848
1616174480575 0.1574803590774536 849
1616174519542 0.17789888381958008 850
1616174554165 0.2309507429599762 851
1616174588925 0.19472992420196533 852
1616174623247 0.16372406482696533 853
1616174657869 0.18600788712501526 854
1616174692731 0.19546553492546082 855
1616174727138 0.20866121351718903 856
1616174762279 0.17064005136489868 857
1616174796605 0.14555543661117554 858
1616174831252 0.1968376338481903 859
1616174870156 0.24451497197151184 860
1616174904426 0.15742681920528412 861
1616174938960 0.17123591899871826 862
1616174973415 0.1470814049243927 863
1616175008044 0.1673915982246399 864
1616175042558 0.20685142278671265 865
1616175076873 0.1737920045852661 866
1616175111389 0.22960564494132996 867
1616175145871 0.17988154292106628 868
1616175180677 0.19746166467666626 869
1616175220046 0.2266368269920349 870
1616175254752 0.23401039838790894 871
1616175289362 0.18189923465251923 872
1616175324097 0.14294782280921936 873
1616175358963 0.16553521156311035 874
1616175393357 0.19413134455680847 875
1616175427845 0.24032405018806458 876
1616175462358 0.18555989861488342 877
1616175497186 0.1568879336118698 878
1616175531927 0.19096103310585022 879
1616175570597 0.20518814027309418 880
1616175605165 0.1987815797328949 881
1616175639862 0.19565793871879578 882
1616175674273 0.1789051592350006 883
1616175708985 0.1502685844898224 884
1616175743611 0.1580134630203247 885
1616175777951 0.21269886195659637 886
1616175812550 0.21197223663330078 887
1616175847159 0.21489644050598145 888
1616175881845 0.18011078238487244 889
1616175920688 0.20807784795761108 890
1616175955416 0.21369138360023499 891
1616175990206 0.1745697259902954 892
1616176024993 0.20709848403930664 893
1616176059718 0.17798691987991333 894
1616176094274 0.25360050797462463 895
1616176129024 0.20032013952732086 896
1616176163342 0.11758238077163696 897
1616176197952 0.2028253823518753 898
1616176232154 0.15538963675498962 899
1616176270931 0.2267473042011261 900
1616176305203 0.20953232049942017 901
1616176339539 0.2141677886247635 902
1616176374111 0.17406734824180603 903
1616176408366 0.2487606257200241 904
1616176443117 0.1858852505683899 905
1616176477880 0.21400727331638336 906
1616176512730 0.169824481010437 907
1616176547042 0.1755097508430481 908
1616176581832 0.1725034862756729 909
1616176620141 0.2017337530851364 910
1616176654599 0.1864336133003235 911
1616176689421 0.18745394051074982 912
1616176723708 0.19921286404132843 913
1616176758309 0.22099997103214264 914
1616176793070 0.15485379099845886 915
1616176827787 0.2043386548757553 916
1616176862275 0.1611829251050949 917
1616176897136 0.2279106080532074 918
1616176931832 0.19435179233551025 919
1616176970531 0.1725601851940155 920
1616177004832 0.21388588845729828 921
1616177039078 0.19233419001102448 922
1616177073970 0.19754067063331604 923
1616177108785 0.22275111079216003 924
1616177143329 0.1980517953634262 925
1616177177810 0.22021439671516418 926
1616177212583 0.23217540979385376 927
1616177247092 0.19141581654548645 928
1616177281839 0.19907158613204956 929
1616177320454 0.1267683506011963 930
1616177355281 0.20718969404697418 931
1616177389968 0.21821659803390503 932
1616177424599 0.20363745093345642 933
1616177459413 0.15011091530323029 934
1616177494273 0.2098492830991745 935
1616177529017 0.17135226726531982 936
1616177563370 0.11376640945672989 937
1616177597991 0.16427826881408691 938
1616177632554 0.1942550241947174 939
1616177671465 0.16645380854606628 940
1616177706365 0.16676674783229828 941
1616177741333 0.1942545473575592 942
1616177775843 0.207980677485466 943
1616177810667 0.1726900339126587 944
1616177844965 0.20599010586738586 945
1616177879716 0.20971903204917908 946
1616177914501 0.1583484709262848 947
1616177949269 0.23319712281227112 948
1616177983576 0.21098434925079346 949
1616178022242 0.2169436514377594 950
1616178056962 0.18334215879440308 951
1616178091332 0.19581684470176697 952
1616178125543 0.22197505831718445 953
1616178160364 0.20346233248710632 954
1616178194758 0.1679185926914215 955
1616178229465 0.23265162110328674 956
1616178263815 0.18609312176704407 957
1616178298029 0.2292458713054657 958
1616178332497 0.17277970910072327 959
1616178371778 0.12881536781787872 960
1616178406231 0.20448774099349976 961
1616178440580 0.25538507103919983 962
1616178475301 0.195402592420578 963
1616178509754 0.20868724584579468 964
1616178544141 0.21888941526412964 965
1616178578614 0.14461998641490936 966
1616178613278 0.22344672679901123 967
1616178648029 0.1750514805316925 968
1616178682243 0.1927078366279602 969
1616178721663 0.16291892528533936 970
1616178756343 0.17196917533874512 971
1616178790811 0.20428645610809326 972
1616178825191 0.1852804571390152 973
1616178859492 0.17381957173347473 974
1616178893757 0.21367748081684113 975
1616178928426 0.20458826422691345 976
1616178962599 0.19882409274578094 977
1616178997277 0.15923675894737244 978
1616179031482 0.1804305762052536 979
1616179070580 0.20887219905853271 980
1616179104935 0.17380714416503906 981
1616179139737 0.16229578852653503 982
1616179174298 0.20537172257900238 983
1616179209095 0.1913829743862152 984
1616179243624 0.19934114813804626 985
1616179277939 0.19125190377235413 986
1616179312793 0.18579107522964478 987
1616179347652 0.20750968158245087 988
1616179382328 0.22435292601585388 989
1616179420975 0.17247407138347626 990
1616179455645 0.19962796568870544 991
1616179489996 0.20405419170856476 992
1616179524795 0.23509877920150757 993
1616179559596 0.20742109417915344 994
1616179594366 0.23018217086791992 995
1616179628735 0.1908397078514099 996
1616179663501 0.20199251174926758 997
1616179697793 0.19885055720806122 998
1616179732280 0.21910879015922546 999
1616179771032 0.19639046490192413 1000
1616179805287 0.20355954766273499 1001
1616179839840 0.1932930052280426 1002
1616179874306 0.1810220628976822 1003
1616179908776 0.14231160283088684 1004
1616179943183 0.19843408465385437 1005
1616179977865 0.17561078071594238 1006
1616180012307 0.2159964144229889 1007
1616180046774 0.17810668051242828 1008
1616180081688 0.19651566445827484 1009
1616180121007 0.1880723536014557 1010
1616180155752 0.18914832174777985 1011
1616180190074 0.19512617588043213 1012
1616180224846 0.16625532507896423 1013
1616180260279 0.22183318436145782 1014
1616180295455 0.19121044874191284 1015
1616180329949 0.18687352538108826 1016
1616180364714 0.19585883617401123 1017
1616180399510 0.163916677236557 1018
1616180433882 0.19415408372879028 1019
1616180472557 0.19905810058116913 1020
1616180506866 0.21442656219005585 1021
1616180541410 0.13871504366397858 1022
1616180575885 0.1964392364025116 1023
1616180610057 0.23218214511871338 1024
1616180644715 0.2395365834236145 1025
1616180679465 0.1971154808998108 1026
1616180714635 0.19294339418411255 1027
1616180749517 0.19201713800430298 1028
1616180783974 0.24439211189746857 1029
1616180823430 0.15701110661029816 1030
1616180858649 0.19373394548892975 1031
1616180892978 0.22872889041900635 1032
1616180927551 0.197813019156456 1033
1616180961944 0.23023903369903564 1034
1616180996242 0.18957319855690002 1035
1616181031016 0.20706358551979065 1036
1616181065458 0.23369741439819336 1037
1616181099871 0.21227675676345825 1038
1616181134576 0.1720547378063202 1039
1616181174131 0.226687952876091 1040
1616181208785 0.1784072071313858 1041
1616181243132 0.25530338287353516 1042
1616181277653 0.22805634140968323 1043
1616181312604 0.1658703088760376 1044
1616181346863 0.2180878221988678 1045
1616181381109 0.15390606224536896 1046
1616181415498 0.19481490552425385 1047
1616181450053 0.20009639859199524 1048
1616181484221 0.1835433542728424 1049
1616181523060 0.2042715847492218 1050
1616181557573 0.22075991332530975 1051
1616181592485 0.21461281180381775 1052
1616181627386 0.21748363971710205 1053
1616181661776 0.22722128033638 1054
1616181696110 0.1669670045375824 1055
1616181730483 0.22580334544181824 1056
1616181765293 0.22381630539894104 1057
1616181799997 0.17062470316886902 1058
1616181834687 0.16603629291057587 1059
1616181873975 0.15643921494483948 1060
1616181908675 0.2077261209487915 1061
1616181943429 0.1609880030155182 1062
1616181977893 0.15626275539398193 1063
1616182012504 0.1893257051706314 1064
1616182046789 0.16309228539466858 1065
1616182081547 0.20911924540996552 1066
1616182116229 0.13276484608650208 1067
1616182150415 0.17191453278064728 1068
1616182185191 0.21473628282546997 1069
1616182224489 0.17639842629432678 1070
1616182258826 0.22215794026851654 1071
1616182293450 0.1482590138912201 1072
1616182327978 0.13998399674892426 1073
1616182362729 0.1624993085861206 1074
1616182396964 0.2285568118095398 1075
1616182431473 0.20036907494068146 1076
1616182465701 0.20936524868011475 1077
1616182500526 0.20462100207805634 1078
1616182535056 0.1651003658771515 1079
1616182573972 0.21035754680633545 1080
1616182608720 0.21628044545650482 1081
1616182643194 0.17006918787956238 1082
1616182677538 0.1521814465522766 1083
1616182712432 0.15394699573516846 1084
1616182746849 0.19795376062393188 1085
1616182781489 0.18067841231822968 1086
1616182816209 0.20558685064315796 1087
1616182850717 0.20053523778915405 1088
1616182885136 0.16044996678829193 1089
1616182924405 0.1999034583568573 1090
1616182959163 0.224450945854187 1091
1616182993948 0.15996384620666504 1092
1616183028720 0.17319390177726746 1093
1616183063610 0.17603462934494019 1094
1616183097734 0.20182226598262787 1095
1616183132281 0.221918523311615 1096
1616183167122 0.14960195124149323 1097
1616183201618 0.20088273286819458 1098
1616183235828 0.20546862483024597 1099
1616183275006 0.20263376832008362 1100
1616183309736 0.20792929828166962 1101
1616183344071 0.2070462554693222 1102
1616183378473 0.21288394927978516 1103
1616183413225 0.2215682566165924 1104
1616183447510 0.1748833954334259 1105
1616183482045 0.20739635825157166 1106
1616183516623 0.18261772394180298 1107
1616183550967 0.20286622643470764 1108
1616183585218 0.22047002613544464 1109
1616183624535 0.22920003533363342 1110
1616183659483 0.16290539503097534 1111
1616183693737 0.13976332545280457 1112
1616183728560 0.1530383676290512 1113
1616183762843 0.1911451816558838 1114
1616183797559 0.16849902272224426 1115
1616183832293 0.24390968680381775 1116
1616183866997 0.2035762369632721 1117
1616183901235 0.19667790830135345 1118
1616183936201 0.1436775028705597 1119
1616183975330 0.20626172423362732 1120
1616184009750 0.16881297528743744 1121
1616184044370 0.20218482613563538 1122
1616184078851 0.2389705777168274 1123
1616184113395 0.1864442676305771 1124
1616184147914 0.17705461382865906 1125
1616184182206 0.1882115602493286 1126
1616184216704 0.2035420686006546 1127
1616184251370 0.16785752773284912 1128
1616184285668 0.22195756435394287 1129
1616184324439 0.23324871063232422 1130
1616184359054 0.1718495786190033 1131
1616184393648 0.18593467772006989 1132
1616184428630 0.21372857689857483 1133
1616184463103 0.18613989651203156 1134
1616184497581 0.18846933543682098 1135
1616184532355 0.22443808615207672 1136
1616184567162 0.21298092603683472 1137
1616184601755 0.21310856938362122 1138
1616184636466 0.18523681163787842 1139
1616184675503 0.1424129158258438 1140
1616184709744 0.17731225490570068 1141
1616184744033 0.14642933011054993 1142
1616184778794 0.2338598519563675 1143
1616184813339 0.17577022314071655 1144
1616184847459 0.1806938201189041 1145
1616184881887 0.14007189869880676 1146
1616184916290 0.21454909443855286 1147
1616184950953 0.22828054428100586 1148
1616184985528 0.19359886646270752 1149
1616185024087 0.19392862915992737 1150
1616185059017 0.18236422538757324 1151
1616185093428 0.20770469307899475 1152
1616185128123 0.25250178575515747 1153
1616185162604 0.16276392340660095 1154
1616185197595 0.18455278873443604 1155
1616185232400 0.21196489036083221 1156
1616185266680 0.19431495666503906 1157
1616185301442 0.1602810025215149 1158
1616185336289 0.157169908285141 1159
1616185375344 0.16531357169151306 1160
1616185409925 0.19657154381275177 1161
1616185444635 0.18328306078910828 1162
1616185478856 0.200636088848114 1163
1616185513112 0.17811962962150574 1164
1616185547327 0.1378573328256607 1165
1616185581575 0.21944797039031982 1166
1616185616276 0.1822943538427353 1167
1616185651023 0.15178734064102173 1168
1616185685436 0.18787696957588196 1169
1616185724128 0.20627661049365997 1170
1616185758784 0.2499977946281433 1171
1616185793221 0.18843162059783936 1172
1616185828028 0.19409339129924774 1173
1616185862889 0.18999525904655457 1174
1616185897287 0.1594502031803131 1175
1616185931706 0.217884361743927 1176
1616185966493 0.2151065468788147 1177
1616186001042 0.22454844415187836 1178
1616186035400 0.17574837803840637 1179
1616186074864 0.1952616274356842 1180
1616186109067 0.19079729914665222 1181
1616186143819 0.1458616703748703 1182
1616186178603 0.2211460918188095 1183
1616186213412 0.19666214287281036 1184
1616186248130 0.18332476913928986 1185
1616186282884 0.2091691493988037 1186
1616186318053 0.2104315608739853 1187
1616186352819 0.18655908107757568 1188
1616186387725 0.21451225876808167 1189
1616186427195 0.25422948598861694 1190
1616186461615 0.15674805641174316 1191
1616186496305 0.1868724822998047 1192
1616186530980 0.17628684639930725 1193
1616186565505 0.17929254472255707 1194
1616186599774 0.17466813325881958 1195
1616186634304 0.22928619384765625 1196
1616186668907 0.14202511310577393 1197
1616186703127 0.20198893547058105 1198
1616186737335 0.21114510297775269 1199
1616186776098 0.16536307334899902 1200
1616186797295 0.20951655507087708 0
1616186797310 0.20951655507087708 0
