1616273062058 0.2350117564201355 1
1616273096883 0.3190150260925293 2
1616273131567 0.4879719913005829 3
1616273166477 0.6017047166824341 4
1616273200721 0.6063863039016724 5
1616273235512 0.6510382890701294 6
1616273270329 0.647750973701477 7
1616273305177 0.6496517062187195 8
1616273339497 0.684032142162323 9
1616273378838 0.6707952618598938 10
1616273413479 0.705897331237793 11
1616273448295 0.6663291454315186 12
1616273483270 0.6750879287719727 13
1616273518277 0.6950886845588684 14
1616273552552 0.6757417917251587 15
1616273586968 0.7045405507087708 16
1616273622447 0.7251322865486145 17
1616273657313 0.760841965675354 18
1616273691597 0.7089639902114868 19
1616273730234 0.7291994094848633 20
1616273764548 0.7390473484992981 21
1616273799413 0.7678526639938354 22
1616273833828 0.7716702222824097 23
1616273868469 0.7610151767730713 24
1616273902988 0.7254245281219482 25
1616273937670 0.7662527561187744 26
1616273972389 0.752851665019989 27
1616274007653 0.7467422485351562 28
1616274042353 0.74775230884552 29
1616274082059 0.750335693359375 30
1616274116431 0.74696946144104 31
1616274151250 0.7441949844360352 32
1616274185514 0.7797709107398987 33
1616274220337 0.7634686231613159 34
1616274254994 0.7796270847320557 35
1616274289538 0.7921295166015625 36
1616274324233 0.8043198585510254 37
1616274359132 0.7968317270278931 38
1616274393693 0.7834023237228394 39
1616274433732 0.7757105827331543 40
1616274468281 0.7555195093154907 41
1616274502970 0.7719312906265259 42
1616274537981 0.8059762120246887 43
1616274572703 0.7772749662399292 44
1616274606994 0.7668389081954956 45
1616274642229 0.7817922830581665 46
1616274677054 0.8029305934906006 47
1616274711663 0.821568489074707 48
1616274746223 0.8052586317062378 49
1616274785758 0.7835973501205444 50
1616274820227 0.8002535104751587 51
1616274855037 0.7437264919281006 52
1616274889361 0.780513346195221 53
1616274923685 0.784032940864563 54
1616274958502 0.7659404873847961 55
1616274993157 0.7832081317901611 56
1616275027601 0.7884229421615601 57
1616275061846 0.7654417157173157 58
1616275096793 0.7698180675506592 59
1616275136210 0.8112947940826416 60
1616275171027 0.7677960395812988 61
1616275205984 0.7490460872650146 62
1616275240555 0.770102858543396 63
1616275275383 0.7564361691474915 64
1616275309762 0.7800559997558594 65
1616275344717 0.8016711473464966 66
1616275379517 0.8041527271270752 67
1616275413808 0.814848780632019 68
1616275449053 0.8063827753067017 69
1616275488127 0.7936792373657227 70
1616275522710 0.7860872745513916 71
1616275557586 0.7566476464271545 72
1616275592180 0.7640571594238281 73
1616275626985 0.7861998677253723 74
1616275662153 0.8089460134506226 75
1616275697073 0.800727128982544 76
1616275731422 0.8078151941299438 77
1616275766296 0.8095368146896362 78
1616275801235 0.8029559850692749 79
1616275839982 0.7747371196746826 80
1616275874654 0.7858988046646118 81
1616275909831 0.8243187665939331 82
1616275944694 0.7954573631286621 83
1616275979532 0.824957013130188 84
1616276014251 0.8154454231262207 85
1616276049034 0.8133479356765747 86
1616276083345 0.8391860127449036 87
1616276117902 0.8289936780929565 88
1616276152397 0.8308807611465454 89
1616276192005 0.8212376832962036 90
1616276227021 0.8009707927703857 91
1616276261907 0.8029626607894897 92
1616276297162 0.7981487512588501 93
1616276331561 0.8068207502365112 94
1616276366333 0.8200240135192871 95
1616276401160 0.7921756505966187 96
1616276435390 0.8255573511123657 97
1616276469849 0.7911824584007263 98
1616276504726 0.7815053462982178 99
1616276543479 0.7821774482727051 100
1616276578043 0.8066741824150085 101
1616276612387 0.7988547086715698 102
1616276647620 0.8425440788269043 103
1616276681865 0.8265832662582397 104
1616276716391 0.8100557923316956 105
1616276751010 0.7637747526168823 106
1616276785977 0.8017610907554626 107
1616276820826 0.7842068672180176 108
1616276855391 0.8122149109840393 109
1616276894510 0.8000510931015015 110
1616276928615 0.8234370946884155 111
1616276963386 0.8179720640182495 112
1616276998133 0.8033937811851501 113
1616277032675 0.7869418859481812 114
1616277067175 0.8269442915916443 115
1616277101537 0.7894321084022522 116
1616277136168 0.8050539493560791 117
1616277171035 0.7504127025604248 118
1616277205928 0.8254212141036987 119
1616277245141 0.8058109283447266 120
1616277280379 0.8290688395500183 121
1616277315060 0.8276863098144531 122
1616277349862 0.7780814170837402 123
1616277384278 0.7958662509918213 124
1616277419232 0.8254001140594482 125
1616277454576 0.825243353843689 126
1616277489446 0.834867000579834 127
1616277524185 0.8267349004745483 128
1616277558643 0.8215368390083313 129
1616277598119 0.8413277864456177 130
1616277632931 0.8213412165641785 131
1616277667615 0.8166910409927368 132
1616277702076 0.8410325050354004 133
1616277736497 0.7886804342269897 134
1616277771193 0.8536093235015869 135
1616277805875 0.8429772853851318 136
1616277840240 0.8192551732063293 137
1616277874472 0.8154783248901367 138
1616277908822 0.810417890548706 139
1616277948723 0.8078790307044983 140
1616277983013 0.7987320423126221 141
1616278017421 0.8167670369148254 142
1616278052170 0.843726634979248 143
1616278086363 0.8320561647415161 144
1616278121175 0.8493942022323608 145
1616278155628 0.837755560874939 146
1616278190068 0.8105858564376831 147
1616278224975 0.8052419424057007 148
1616278259265 0.8229008913040161 149
1616278298203 0.8273448944091797 150
1616278332549 0.8405804634094238 151
1616278367583 0.8479440808296204 152
1616278402426 0.8440240621566772 153
1616278437402 0.8774474859237671 154
1616278472383 0.8418771028518677 155
1616278506824 0.8543963432312012 156
1616278541224 0.8742700219154358 157
1616278576098 0.8354555368423462 158
1616278610931 0.8646190166473389 159
1616278649928 0.8599583506584167 160
1616278684193 0.7760286331176758 161
1616278718919 0.8083488345146179 162
1616278753734 0.8331712484359741 163
1616278788641 0.8509066104888916 164
1616278823537 0.8329148292541504 165
1616278858309 0.804871678352356 166
1616278892903 0.828360378742218 167
1616278927811 0.8419100046157837 168
1616278962354 0.8819988965988159 169
1616279001366 0.8378009796142578 170
1616279035729 0.8269423246383667 171
1616279070251 0.846564531326294 172
1616279104868 0.8312848806381226 173
1616279139277 0.8225193023681641 174
1616279173580 0.8410543203353882 175
1616279208426 0.8389792442321777 176
1616279242819 0.8126617074012756 177
1616279277081 0.8325303196907043 178
1616279311419 0.8062604069709778 179
1616279350279 0.8585115671157837 180
1616279384872 0.8338115215301514 181
1616279419205 0.8195553421974182 182
1616279454040 0.8037018775939941 183
1616279488373 0.8577280044555664 184
1616279523153 0.83576500415802 185
1616279557435 0.8408922553062439 186
1616279591765 0.8165642023086548 187
1616279626027 0.8123202323913574 188
1616279660419 0.8385419249534607 189
1616279699179 0.8250111937522888 190
1616279733683 0.870997428894043 191
1616279768286 0.8315024971961975 192
1616279802751 0.808375358581543 193
1616279837691 0.8039271831512451 194
1616279872760 0.8605722188949585 195
1616279907637 0.8174959421157837 196
1616279942100 0.8296176195144653 197
1616279976955 0.8411281108856201 198
1616280012132 0.8359754681587219 199
1616280051602 0.8358620405197144 200
1616280086301 0.8226611614227295 201
1616280120564 0.8041468858718872 202
1616280155364 0.8222345113754272 203
1616280189928 0.8373430371284485 204
1616280224635 0.8467706441879272 205
1616280258842 0.8531780242919922 206
1616280293529 0.8593112230300903 207
1616280328415 0.8496906757354736 208
1616280362527 0.8592990636825562 209
1616280401237 0.8078017830848694 210
1616280435681 0.8532834649085999 211
1616280470843 0.8346149921417236 212
1616280505749 0.8085697889328003 213
1616280540074 0.8349761962890625 214
1616280574824 0.854337215423584 215
1616280609616 0.808512806892395 216
1616280644278 0.8553086519241333 217
1616280678701 0.8466370105743408 218
1616280713203 0.8325337171554565 219
1616280752850 0.8311195373535156 220
1616280787200 0.8267089128494263 221
1616280822025 0.8349195718765259 222
1616280856985 0.8431105017662048 223
1616280892062 0.8547556400299072 224
1616280926655 0.8186839818954468 225
1616280961156 0.8253337740898132 226
1616280996078 0.8356051445007324 227
1616281031276 0.845005452632904 228
1616281065814 0.8707131147384644 229
1616281105086 0.8671873807907104 230
1616281140016 0.8747889995574951 231
1616281174349 0.8472405076026917 232
1616281209157 0.816271960735321 233
1616281244198 0.8669182062149048 234
1616281279186 0.8589403033256531 235
1616281313463 0.8563471436500549 236
1616281347857 0.8642936944961548 237
1616281382471 0.8420344591140747 238
1616281416511 0.8706623315811157 239
1616281456493 0.8262439966201782 240
1616281491325 0.8364222049713135 241
1616281525757 0.8545702695846558 242
1616281559967 0.8504823446273804 243
1616281594393 0.863981306552887 244
1616281628866 0.8566712141036987 245
1616281663699 0.8366925120353699 246
1616281698192 0.8270812034606934 247
1616281732611 0.8525587320327759 248
1616281766970 0.8504009246826172 249
1616281805428 0.8568242788314819 250
1616281840117 0.8590434193611145 251
1616281874722 0.8220821619033813 252
1616281908995 0.817284107208252 253
1616281943449 0.8491778373718262 254
1616281978533 0.8800113201141357 255
1616282013329 0.8318727612495422 256
1616282047594 0.8909643888473511 257
1616282081780 0.864706814289093 258
1616282116625 0.8502516150474548 259
1616282155517 0.8454136252403259 260
1616282190010 0.8685594797134399 261
1616282224840 0.8681809902191162 262
1616282259646 0.8504488468170166 263
1616282294470 0.8352690935134888 264
1616282329480 0.8546847701072693 265
1616282363933 0.836428165435791 266
1616282398998 0.8597952127456665 267
1616282433983 0.8392230272293091 268
1616282468358 0.8632109761238098 269
1616282507607 0.861263632774353 270
1616282542437 0.873687744140625 271
1616282577260 0.8622470498085022 272
1616282611743 0.833830714225769 273
1616282646060 0.8522930145263672 274
1616282680358 0.8504170179367065 275
1616282715211 0.8168501853942871 276
1616282750318 0.8875256180763245 277
1616282785447 0.823942244052887 278
1616282820348 0.8743100166320801 279
1616282859008 0.8699420690536499 280
1616282893354 0.8680918216705322 281
1616282927895 0.8803876638412476 282
1616282962781 0.8520501852035522 283
1616282997484 0.8657629489898682 284
1616283031861 0.8110997676849365 285
1616283066009 0.8561396598815918 286
1616283100905 0.8448865413665771 287
1616283135504 0.8399581909179688 288
1616283170001 0.8572860956192017 289
1616283209564 0.8513040542602539 290
1616283244444 0.8757246136665344 291
1616283279473 0.8648175001144409 292
1616283314367 0.8578647375106812 293
1616283348616 0.8496412038803101 294
1616283382918 0.8315515518188477 295
1616283417483 0.8458529710769653 296
1616283452323 0.8703736066818237 297
1616283487209 0.8380961418151855 298
1616283522598 0.880463719367981 299
1616283561702 0.8536237478256226 300
1616283596556 0.8293716907501221 301
1616283631490 0.8518815040588379 302
1616283665923 0.8759719729423523 303
1616283700083 0.8686484098434448 304
1616283734863 0.8411514759063721 305
1616283769254 0.8219423294067383 306
1616283804193 0.8462938070297241 307
1616283838469 0.9097157716751099 308
1616283873001 0.883445680141449 309
1616283912058 0.8120819330215454 310
1616283946531 0.8432323932647705 311
1616283981120 0.8421310186386108 312
1616284015642 0.837775707244873 313
1616284050173 0.8780429363250732 314
1616284084660 0.8392317295074463 315
1616284119558 0.8507072925567627 316
1616284154209 0.8649061322212219 317
1616284188771 0.8528381586074829 318
1616284223462 0.8475784063339233 319
1616284262572 0.8641133308410645 320
1616284297602 0.8510870933532715 321
1616284332708 0.8552723526954651 322
1616284367162 0.8212611675262451 323
1616284402107 0.8727006912231445 324
1616284436603 0.8285667896270752 325
1616284471468 0.8537478446960449 326
1616284506887 0.8696092963218689 327
1616284541673 0.877538800239563 328
1616284576430 0.8765243291854858 329
1616284615918 0.8257620334625244 330
1616284650799 0.8446768522262573 331
1616284685227 0.850867748260498 332
1616284719594 0.8861488103866577 333
1616284753847 0.844855785369873 334
1616284788134 0.852371335029602 335
1616284822850 0.8504016399383545 336
1616284857439 0.8778596520423889 337
1616284892275 0.8268487453460693 338
1616284927171 0.8793178200721741 339
1616284966452 0.8772962689399719 340
1616285000896 0.8558012843132019 341
1616285035391 0.8700222969055176 342
1616285070344 0.8420214653015137 343
1616285104848 0.8645714521408081 344
1616285139905 0.8361744284629822 345
1616285174833 0.8250083327293396 346
1616285209791 0.8083735704421997 347
1616285243955 0.8411658406257629 348
1616285278418 0.8757656216621399 349
1616285317782 0.8783835172653198 350
1616285352478 0.8707197904586792 351
1616285386890 0.8650940656661987 352
1616285421154 0.8729419112205505 353
1616285455919 0.8856562376022339 354
1616285490712 0.8681679964065552 355
1616285525299 0.8469473719596863 356
1616285560202 0.8708453178405762 357
1616285595128 0.8942474126815796 358
1616285629479 0.835669755935669 359
1616285668899 0.8569881916046143 360
1616285703217 0.8856211304664612 361
1616285738131 0.8935030102729797 362
1616285772641 0.8822851181030273 363
1616285807342 0.8428890109062195 364
1616285842265 0.8819851875305176 365
1616285877150 0.8673701286315918 366
1616285911961 0.8593317270278931 367
1616285946957 0.8892892599105835 368
1616285981327 0.8278099298477173 369
1616286021461 0.8401200175285339 370
1616286055921 0.9042981863021851 371
1616286090780 0.88573157787323 372
1616286125210 0.8549829721450806 373
1616286159256 0.8632593154907227 374
1616286193939 0.8558215498924255 375
1616286228810 0.852851152420044 376
1616286263158 0.8359002470970154 377
1616286297651 0.833962082862854 378
1616286332479 0.8451805710792542 379
1616286371176 0.8424234390258789 380
1616286405647 0.8515377640724182 381
1616286440459 0.8708677291870117 382
1616286475184 0.8365365862846375 383
1616286509985 0.8634420037269592 384
1616286545196 0.8907769918441772 385
1616286579594 0.8805680274963379 386
1616286614580 0.8626118898391724 387
1616286648917 0.8724823594093323 388
1616286683768 0.8689241409301758 389
1616286722601 0.8535202741622925 390
1616286757520 0.8360804319381714 391
1616286791934 0.8436400294303894 392
1616286826393 0.8643905520439148 393
1616286861427 0.8317263126373291 394
1616286896193 0.8972532153129578 395
1616286931096 0.8582998514175415 396
1616286966108 0.8983018398284912 397
1616287000862 0.8901746869087219 398
1616287035926 0.8622124195098877 399
1616287075093 0.8816678524017334 400
1616287109689 0.8704586625099182 401
1616287144308 0.8774346113204956 402
1616287178796 0.8389253616333008 403
1616287213683 0.8841885328292847 404
1616287248162 0.8668405413627625 405
1616287282422 0.8727459907531738 406
1616287317063 0.8068597912788391 407
1616287351750 0.8861805200576782 408
1616287386104 0.8518645167350769 409
1616287425269 0.8489710092544556 410
1616287460022 0.8583048582077026 411
1616287495139 0.8880701065063477 412
1616287530114 0.8831785917282104 413
1616287565450 0.843630313873291 414
1616287599880 0.840818464756012 415
1616287634224 0.8650763630867004 416
1616287668452 0.8501811027526855 417
1616287702744 0.8659372329711914 418
1616287737236 0.8649998903274536 419
1616287776249 0.8772591352462769 420
1616287810699 0.8641835451126099 421
1616287845369 0.8655805587768555 422
1616287880558 0.8481927514076233 423
1616287915082 0.8547450304031372 424
1616287949889 0.8822509050369263 425
1616287984762 0.8632718920707703 426
1616288019476 0.8822664022445679 427
1616288054844 0.8622797131538391 428
1616288089267 0.8247711658477783 429
1616288128878 0.8573311567306519 430
1616288163680 0.8761584758758545 431
1616288198311 0.8588753938674927 432
1616288233194 0.8549485206604004 433
1616288267422 0.8781742453575134 434
1616288301623 0.8279104828834534 435
1616288336584 0.8759262561798096 436
1616288370968 0.8630688190460205 437
1616288405333 0.8658738136291504 438
1616288440143 0.8336243629455566 439
1616288479692 0.9094663262367249 440
1616288514402 0.8696036338806152 441
1616288548688 0.8463618755340576 442
1616288583481 0.8625317811965942 443
1616288617845 0.886918306350708 444
1616288652201 0.8504875302314758 445
1616288687085 0.8592512607574463 446
1616288721425 0.8439735174179077 447
1616288755847 0.8658493757247925 448
1616288790629 0.8837418556213379 449
1616288830192 0.8822319507598877 450
1616288864551 0.8668112754821777 451
1616288899390 0.866523265838623 452
1616288934182 0.8658058643341064 453
1616288968988 0.8517911434173584 454
1616289003833 0.8832583427429199 455
1616289038738 0.8568028211593628 456
1616289073510 0.8331598043441772 457
1616289108560 0.8283528089523315 458
1616289143391 0.87489914894104 459
1616289182880 0.8829165697097778 460
1616289217217 0.8794370889663696 461
1616289252152 0.8890343904495239 462
1616289286889 0.8756384253501892 463
1616289321570 0.8647488355636597 464
1616289356346 0.872623860836029 465
1616289391220 0.8643261790275574 466
1616289426042 0.8403913378715515 467
1616289460216 0.8565948009490967 468
1616289494440 0.8690797090530396 469
1616289534008 0.8587425947189331 470
1616289568277 0.8539884090423584 471
1616289603062 0.8597192764282227 472
1616289638117 0.8714883923530579 473
1616289672836 0.8554418683052063 474
1616289707735 0.893316388130188 475
1616289742421 0.8635591268539429 476
1616289776888 0.861634373664856 477
1616289811620 0.8752254843711853 478
1616289846202 0.8992742300033569 479
1616289885269 0.8962903618812561 480
1616289919721 0.8666036128997803 481
1616289954537 0.8911859393119812 482
1616289988843 0.8754661083221436 483
1616290023236 0.8766882419586182 484
1616290057917 0.8719464540481567 485
1616290092774 0.8525769114494324 486
1616290127093 0.861614465713501 487
1616290161310 0.8747315406799316 488
1616290196218 0.8870314359664917 489
1616290234551 0.9054557681083679 490
1616290269119 0.8748600482940674 491
1616290304066 0.8403682708740234 492
1616290338641 0.9128721952438354 493
1616290373801 0.8474256992340088 494
1616290408867 0.8730088472366333 495
1616290443733 0.8683110475540161 496
1616290478517 0.8976813554763794 497
1616290513396 0.8663204908370972 498
1616290547935 0.8732662200927734 499
1616290587325 0.8623003959655762 500
1616290622397 0.8467674255371094 501
1616290657275 0.8831737637519836 502
1616290691611 0.8939993381500244 503
1616290726142 0.8945353031158447 504
1616290760933 0.872791588306427 505
1616290795364 0.8819552659988403 506
1616290830059 0.8471270799636841 507
1616290864294 0.8693373203277588 508
1616290898835 0.8801424503326416 509
1616290937958 0.8777995109558105 510
1616290972839 0.914607048034668 511
1616291007539 0.8843486309051514 512
1616291042466 0.8781082630157471 513
1616291077798 0.8965257406234741 514
1616291112499 0.8679369688034058 515
1616291146708 0.8805826902389526 516
1616291181139 0.8895484209060669 517
1616291215423 0.8702916502952576 518
1616291250321 0.8529682755470276 519
1616291289490 0.8554635047912598 520
1616291324305 0.8393257856369019 521
1616291358695 0.8707364797592163 522
1616291393255 0.8848890066146851 523
1616291428210 0.8836438059806824 524
1616291463336 0.8729663491249084 525
1616291498419 0.9137067198753357 526
1616291533417 0.8734842538833618 527
1616291568483 0.8738592863082886 528
1616291603211 0.9006590843200684 529
1616291642387 0.8766167163848877 530
1616291677641 0.8623796701431274 531
1616291712200 0.8714385032653809 532
1616291747015 0.8599655628204346 533
1616291781486 0.8758835792541504 534
1616291815740 0.8587952852249146 535
1616291850531 0.9071678519248962 536
1616291885304 0.8492711782455444 537
1616291920231 0.8743491172790527 538
1616291955080 0.8676848411560059 539
1616291994236 0.8987824320793152 540
1616292029084 0.8665553331375122 541
1616292063633 0.8545362949371338 542
1616292098383 0.8844277858734131 543
1616292133341 0.8879801034927368 544
1616292167848 0.8818796873092651 545
1616292202817 0.8869624137878418 546
1616292238053 0.9103739261627197 547
1616292273004 0.8554261326789856 548
1616292307889 0.8635644316673279 549
1616292347704 0.8821359276771545 550
1616292382248 0.869082510471344 551
1616292417155 0.8853590488433838 552
1616292451889 0.8946245908737183 553
1616292486586 0.8440770506858826 554
1616292521008 0.8766603469848633 555
1616292555633 0.8907308578491211 556
1616292589905 0.8660410642623901 557
1616292624324 0.8731845021247864 558
1616292658637 0.8565548658370972 559
1616292697407 0.8976486921310425 560
1616292731808 0.8640422821044922 561
1616292766186 0.8623056411743164 562
1616292801116 0.8646615147590637 563
1616292835881 0.9177711009979248 564
1616292871196 0.865460991859436 565
1616292906088 0.8968525528907776 566
1616292940497 0.8696216344833374 567
1616292975246 0.8965374231338501 568
1616293010612 0.8823545575141907 569
1616293050013 0.8763517737388611 570
1616293084829 0.8627288341522217 571
1616293119172 0.8780375719070435 572
1616293153708 0.8770943880081177 573
1616293187936 0.888566792011261 574
1616293222184 0.8640382289886475 575
1616293256730 0.8740905523300171 576
1616293291526 0.898015022277832 577
1616293325795 0.8989989757537842 578
1616293360675 0.8719912171363831 579
1616293400137 0.8937663435935974 580
1616293434405 0.9105237126350403 581
1616293468867 0.8496158123016357 582
1616293503474 0.8670269846916199 583
1616293538641 0.8868942856788635 584
1616293573067 0.8729000091552734 585
1616293607811 0.8542645573616028 586
1616293642497 0.9065172672271729 587
1616293677470 0.8727874755859375 588
1616293712064 0.8795874714851379 589
1616293752014 0.8975908160209656 590
1616293786882 0.8759005665779114 591
1616293822131 0.8740444183349609 592
1616293856889 0.8672565221786499 593
1616293891228 0.88184654712677 594
1616293925626 0.8888990879058838 595
1616293960719 0.8700610399246216 596
1616293995323 0.8886411190032959 597
1616294030032 0.8750932812690735 598
1616294064341 0.8801644444465637 599
1616294103187 0.8633227348327637 600
1616294137534 0.9117046594619751 601
1616294171929 0.8620336055755615 602
1616294206756 0.8479515314102173 603
1616294241079 0.8638801574707031 604
1616294275837 0.878777027130127 605
1616294310682 0.8732637166976929 606
1616294345686 0.8799671530723572 607
1616294380272 0.8816101551055908 608
1616294415375 0.8769986033439636 609
1616294454468 0.883589506149292 610
1616294489080 0.8494626879692078 611
1616294523538 0.8745986223220825 612
1616294558674 0.8736284971237183 613
1616294593478 0.8871595859527588 614
1616294628061 0.8728158473968506 615
1616294662931 0.8929606676101685 616
1616294697764 0.8700120449066162 617
1616294732271 0.9084745645523071 618
1616294767194 0.8778901100158691 619
1616294805811 0.8620928525924683 620
1616294840156 0.888343334197998 621
1616294874393 0.8506343364715576 622
1616294908793 0.8596653938293457 623
1616294943145 0.8810675144195557 624
1616294978335 0.9016513824462891 625
1616295013132 0.8906983137130737 626
1616295047418 0.8894091844558716 627
1616295082225 0.8844364881515503 628
1616295117094 0.8595726490020752 629
1616295156252 0.8732462525367737 630
1616295191366 0.9090799689292908 631
1616295226186 0.8524157404899597 632
1616295260712 0.8934802412986755 633
1616295295534 0.8735866546630859 634
1616295330044 0.8530104160308838 635
1616295364773 0.8717076778411865 636
1616295399157 0.8971689939498901 637
1616295433823 0.8766703605651855 638
1616295468403 0.8917996883392334 639
1616295507411 0.8903212547302246 640
1616295542373 0.8880431652069092 641
1616295577274 0.8663265705108643 642
1616295611629 0.8734745979309082 643
1616295646652 0.8943009376525879 644
1616295680966 0.8899201154708862 645
1616295715691 0.8872513771057129 646
1616295750489 0.8850196599960327 647
1616295785241 0.8531761169433594 648
1616295819593 0.8834226131439209 649
1616295858435 0.9167155027389526 650
1616295893139 0.8654786944389343 651
1616295927979 0.885048508644104 652
1616295962459 0.8776273727416992 653
1616295997029 0.8994655609130859 654
1616296031666 0.8756688237190247 655
1616296066139 0.8795990943908691 656
1616296101173 0.8849422931671143 657
1616296136252 0.8613934516906738 658
1616296171292 0.8664149045944214 659
1616296210122 0.8765921592712402 660
1616296244637 0.8956032991409302 661
1616296279370 0.871185839176178 662
1616296313736 0.8597428798675537 663
1616296348717 0.8839457631111145 664
1616296383573 0.8954856991767883 665
1616296418511 0.8820867538452148 666
1616296452760 0.88884437084198 667
1616296487663 0.868773341178894 668
1616296522519 0.8644629120826721 669
1616296561892 0.8846619725227356 670
1616296596852 0.8842980861663818 671
1616296631131 0.853005051612854 672
1616296665540 0.8507843017578125 673
1616296700090 0.8685217499732971 674
1616296734449 0.8543778657913208 675
1616296768663 0.887686014175415 676
1616296803084 0.8729649186134338 677
1616296838065 0.8870874643325806 678
1616296872388 0.8779164552688599 679
1616296911839 0.8773149251937866 680
1616296946342 0.8801413178443909 681
1616296980742 0.8923168182373047 682
1616297015589 0.8998861312866211 683
1616297050464 0.8800657987594604 684
1616297085209 0.8791335821151733 685
1616297120167 0.8758542537689209 686
1616297154604 0.9175956845283508 687
1616297189486 0.8664882183074951 688
1616297224301 0.8471887111663818 689
1616297263241 0.8870792388916016 690
1616297297580 0.8842554688453674 691
1616297331917 0.9126040935516357 692
1616297366453 0.8957439064979553 693
1616297400995 0.8829460144042969 694
1616297435496 0.8755323886871338 695
1616297470538 0.891964316368103 696
1616297505373 0.8989647626876831 697
1616297539777 0.8899962902069092 698
1616297574628 0.9070608019828796 699
1616297614094 0.89513099193573 700
1616297648903 0.8726069927215576 701
1616297683096 0.881808876991272 702
1616297717350 0.9073773622512817 703
1616297751718 0.886019229888916 704
1616297786187 0.865605354309082 705
1616297821106 0.8776742219924927 706
1616297855710 0.8882284164428711 707
1616297890020 0.9015272855758667 708
1616297924666 0.8708010911941528 709
1616297964175 0.8966455459594727 710
1616297998637 0.8943575024604797 711
1616298033105 0.8837112784385681 712
1616298067692 0.8941640853881836 713
1616298102700 0.9069494009017944 714
1616298136954 0.8843550086021423 715
1616298171386 0.866992175579071 716
1616298205834 0.9026350975036621 717
1616298240404 0.9005564451217651 718
1616298275120 0.8862367868423462 719
1616298313653 0.8965548276901245 720
1616298348664 0.8741893768310547 721
1616298383002 0.8618172407150269 722
1616298417441 0.8799923658370972 723
1616298452438 0.8924401998519897 724
1616298487275 0.8694963455200195 725
1616298522143 0.9013088345527649 726
1616298557058 0.9250140190124512 727
1616298591447 0.8795850276947021 728
1616298626083 0.9216907620429993 729
1616298665343 0.9160488843917847 730
1616298700032 0.8966813087463379 731
1616298734669 0.8936195373535156 732
1616298769106 0.9065257906913757 733
1616298803954 0.8712296485900879 734
1616298838178 0.8870246410369873 735
1616298872533 0.8988386392593384 736
1616298907511 0.9034347534179688 737
1616298942592 0.8934648036956787 738
1616298977297 0.8893723487854004 739
1616299016019 0.8654680252075195 740
1616299050828 0.854971170425415 741
1616299084900 0.890606164932251 742
1616299119925 0.9070619344711304 743
1616299154373 0.9229479432106018 744
1616299188780 0.8687288761138916 745
1616299223088 0.8911148309707642 746
1616299257528 0.8747316002845764 747
1616299292064 0.8767757415771484 748
1616299326913 0.8827484846115112 749
1616299366134 0.9167220592498779 750
1616299400521 0.8683512210845947 751
1616299435456 0.8762848377227783 752
1616299470372 0.8644202947616577 753
1616299505281 0.8879837989807129 754
1616299540218 0.8869285583496094 755
1616299574655 0.9056979417800903 756
1616299609457 0.8803764581680298 757
1616299644090 0.8686147928237915 758
1616299678403 0.9242871999740601 759
1616299717424 0.866294264793396 760
1616299752030 0.8735285401344299 761
1616299786946 0.8770071268081665 762
1616299821879 0.8922306299209595 763
1616299856188 0.8993259072303772 764
1616299891267 0.8827659487724304 765
1616299926545 0.8936585187911987 766
1616299961833 0.8857156038284302 767
1616299996495 0.877029299736023 768
1616300030806 0.8959696888923645 769
1616300070178 0.8858303427696228 770
1616300104486 0.8677631616592407 771
1616300138897 0.8824164271354675 772
1616300173350 0.8955841064453125 773
1616300207775 0.8773635625839233 774
1616300242501 0.8585211634635925 775
1616300277326 0.8991456031799316 776
1616300311725 0.888225257396698 777
1616300346528 0.8739286661148071 778
1616300381541 0.8605726957321167 779
1616300421063 0.9076292514801025 780
1616300456110 0.8362988233566284 781
1616300490975 0.9044851064682007 782
1616300525692 0.910069465637207 783
1616300560651 0.8968453407287598 784
1616300595360 0.897469699382782 785
1616300630167 0.8671365976333618 786
1616300664414 0.8827239274978638 787
1616300699150 0.9041413068771362 788
1616300733427 0.882849931716919 789
1616300772549 0.8810880184173584 790
1616300807432 0.8759219646453857 791
1616300841627 0.907211422920227 792
1616300876526 0.8725829124450684 793
1616300911247 0.9123679399490356 794
1616300945615 0.8692799806594849 795
1616300980691 0.8706541061401367 796
1616301015801 0.8980512022972107 797
1616301050823 0.8694982528686523 798
1616301085360 0.9161453247070312 799
1616301124541 0.8758580684661865 800
1616301159086 0.8643699884414673 801
1616301194249 0.884048581123352 802
1616301228756 0.8993673920631409 803
1616301263623 0.869585394859314 804
1616301297970 0.8848185539245605 805
1616301332267 0.8762296438217163 806
1616301366707 0.889167308807373 807
1616301401517 0.8860682249069214 808
1616301435904 0.8711758255958557 809
1616301474978 0.8978339433670044 810
1616301509718 0.8584332466125488 811
1616301544188 0.8788518905639648 812
1616301578634 0.9139510989189148 813
1616301613324 0.9131625890731812 814
1616301648020 0.8784356117248535 815
1616301682719 0.8543826341629028 816
1616301717091 0.9213306903839111 817
1616301751956 0.871662974357605 818
1616301786365 0.8662547469139099 819
1616301825662 0.8400700092315674 820
1616301860260 0.8998225927352905 821
1616301894902 0.8788994550704956 822
1616301929208 0.8857967853546143 823
1616301963496 0.892098069190979 824
1616301998336 0.8713247179985046 825
1616302032705 0.8734150528907776 826
1616302067386 0.872855544090271 827
1616302102246 0.9015246629714966 828
1616302136596 0.8958984017372131 829
1616302175915 0.8779187202453613 830
1616302210891 0.8889792561531067 831
1616302245519 0.8929250240325928 832
1616302280072 0.9024567604064941 833
1616302315311 0.8840325474739075 834
1616302350478 0.8617221713066101 835
1616302384635 0.8971595764160156 836
1616302419079 0.8435811996459961 837
1616302453739 0.8972980380058289 838
1616302488392 0.9026002883911133 839
1616302526982 0.8921653032302856 840
1616302561554 0.8699212074279785 841
1616302595799 0.9038314819335938 842
1616302630234 0.9096611738204956 843
1616302664811 0.8949577808380127 844
1616302699557 0.8876606225967407 845
1616302733864 0.8862885236740112 846
1616302768846 0.8952541351318359 847
1616302803383 0.8664933443069458 848
1616302838067 0.854775071144104 849
1616302877596 0.8659530878067017 850
1616302912641 0.9125305414199829 851
1616302947615 0.922437310218811 852
1616302982395 0.8652272820472717 853
1616303017251 0.8788890838623047 854
1616303051870 0.8817852735519409 855
1616303086706 0.891173779964447 856
1616303121534 0.8668965101242065 857
1616303155790 0.9023973941802979 858
1616303190588 0.8926457166671753 859
1616303229726 0.891539454460144 860
1616303264209 0.8606576919555664 861
1616303298466 0.8865023851394653 862
1616303333032 0.8832348585128784 863
1616303367764 0.8554803133010864 864
1616303402468 0.8859840631484985 865
1616303437381 0.8713444471359253 866
1616303471849 0.9054731130599976 867
1616303506905 0.8636029958724976 868
1616303541658 0.8693928718566895 869
1616303581797 0.909423828125 870
1616303616804 0.8755843043327332 871
1616303651335 0.9019336700439453 872
1616303685685 0.881988525390625 873
1616303720367 0.9068359136581421 874
1616303754850 0.8923187255859375 875
1616303789429 0.9012730121612549 876
1616303823753 0.8865561485290527 877
1616303858318 0.8533975481987 878
1616303892701 0.9056989550590515 879
1616303932120 0.9074428677558899 880
1616303966714 0.8776576519012451 881
1616304000812 0.8857394456863403 882
1616304035323 0.8647388219833374 883
1616304069826 0.9047719240188599 884
1616304104453 0.88225257396698 885
1616304139473 0.8522967100143433 886
1616304173805 0.9129611253738403 887
1616304208848 0.8879777193069458 888
1616304243837 0.8504468202590942 889
1616304282772 0.8814902305603027 890
1616304317686 0.9143111705780029 891
1616304352077 0.8897390961647034 892
1616304386528 0.8883968591690063 893
1616304421305 0.9000647068023682 894
1616304455704 0.9246543645858765 895
1616304490078 0.8638242483139038 896
1616304525295 0.8724355697631836 897
1616304559798 0.8865021467208862 898
1616304594843 0.8436812162399292 899
1616304634457 0.9223670363426208 900
1616304669654 0.8866543769836426 901
1616304704562 0.902351975440979 902
1616304739611 0.8945542573928833 903
1616304774507 0.8927221298217773 904
1616304808649 0.893817663192749 905
1616304843145 0.8703850507736206 906
1616304877477 0.8713183403015137 907
1616304911815 0.8706784248352051 908
1616304946636 0.8875910043716431 909
1616304986177 0.9086815118789673 910
1616305020535 0.9128655195236206 911
1616305055519 0.8514406681060791 912
1616305090284 0.8949607610702515 913
1616305125312 0.9077255725860596 914
1616305160058 0.8702104091644287 915
1616305194650 0.9002280235290527 916
1616305229671 0.8408640623092651 917
1616305264422 0.883647620677948 918
1616305299359 0.8895609378814697 919
1616305338426 0.8886253833770752 920
1616305372924 0.889517068862915 921
1616305407538 0.8894528150558472 922
1616305442360 0.8854119777679443 923
1616305476569 0.9127310514450073 924
1616305511493 0.8771510124206543 925
1616305546302 0.9040567278862 926
1616305580695 0.9012356400489807 927
1616305615166 0.888015866279602 928
1616305649633 0.8988659381866455 929
1616305688830 0.8573060035705566 930
1616305723789 0.8877491354942322 931
1616305758098 0.8995095491409302 932
1616305793066 0.8906838297843933 933
1616305827873 0.8566040396690369 934
1616305862242 0.8748534917831421 935
1616305896788 0.8623718023300171 936
1616305931856 0.8723594546318054 937
1616305966369 0.8747527599334717 938
1616306001214 0.8844584226608276 939
1616306040665 0.8982124328613281 940
1616306075119 0.8679693937301636 941
1616306109957 0.8711300492286682 942
1616306144210 0.8625736236572266 943
1616306178803 0.9170530438423157 944
1616306213574 0.8941971063613892 945
1616306247883 0.915057897567749 946
1616306282175 0.8253536224365234 947
1616306316478 0.8996607065200806 948
1616306350796 0.9192813634872437 949
1616306390207 0.8769465684890747 950
1616306424757 0.8807193040847778 951
1616306459285 0.92270827293396 952
1616306494572 0.8964579105377197 953
1616306529726 0.8903161287307739 954
1616306564311 0.8769646883010864 955
1616306598736 0.8899592161178589 956
1616306633165 0.8852595686912537 957
1616306668066 0.8927013874053955 958
1616306702954 0.9025795459747314 959
1616306742349 0.8807787895202637 960
1616306777205 0.8774313926696777 961
1616306811511 0.887508749961853 962
1616306845766 0.880614161491394 963
1616306880628 0.8894169330596924 964
1616306914969 0.9101499319076538 965
1616306949364 0.8763173222541809 966
1616306984039 0.8981332778930664 967
1616307018982 0.9265285730361938 968
1616307054210 0.8838819265365601 969
1616307093085 0.8896973133087158 970
1616307127691 0.9087750911712646 971
1616307162099 0.8848249912261963 972
1616307196780 0.8797609806060791 973
1616307231479 0.8954079151153564 974
1616307266284 0.8568581342697144 975
1616307301456 0.9005792737007141 976
1616307336203 0.9038506746292114 977
1616307370611 0.8536878824234009 978
1616307405325 0.8933894634246826 979
1616307444094 0.8369991779327393 980
1616307478902 0.8854477405548096 981
1616307513647 0.8743529319763184 982
1616307547921 0.8801470994949341 983
1616307582310 0.9254612922668457 984
1616307616907 0.8984367847442627 985
1616307651716 0.9144582748413086 986
1616307686333 0.8826887607574463 987
1616307721357 0.9027599096298218 988
1616307755834 0.89945387840271 989
1616307795236 0.8833271861076355 990
1616307829768 0.8899456858634949 991
1616307864768 0.9112036228179932 992
1616307899604 0.8612582683563232 993
1616307934588 0.9096536040306091 994
1616307969470 0.9133395552635193 995
1616308004094 0.9038345813751221 996
1616308038973 0.9273465275764465 997
1616308073469 0.8940446376800537 998
1616308107883 0.864302396774292 999
1616308147105 0.9217779636383057 1000
1616308182281 0.911946713924408 1001
1616308217298 0.9203565120697021 1002
1616308252390 0.908144474029541 1003
1616308286815 0.8958790302276611 1004
1616308321218 0.8849745988845825 1005
1616308356170 0.8848033547401428 1006
1616308391055 0.8862999081611633 1007
1616308425713 0.8925497531890869 1008
1616308460045 0.8560492992401123 1009
1616308499306 0.8620078563690186 1010
1616308533631 0.9138332605361938 1011
1616308568468 0.8939206600189209 1012
1616308602753 0.8782869577407837 1013
1616308636919 0.8933228254318237 1014
1616308671764 0.8891816139221191 1015
1616308706060 0.89055335521698 1016
1616308740974 0.873491644859314 1017
1616308775471 0.9120123386383057 1018
1616308810353 0.904430627822876 1019
1616308849586 0.9055032134056091 1020
1616308884151 0.8815321922302246 1021
1616308918746 0.8525393009185791 1022
1616308953653 0.9077290892601013 1023
1616308988496 0.8793542385101318 1024
1616309023518 0.8327960968017578 1025
1616309058214 0.9082373380661011 1026
1616309092765 0.8682922720909119 1027
1616309127245 0.8915579915046692 1028
1616309161922 0.905859649181366 1029
1616309201352 0.8717586398124695 1030
1616309236263 0.8738858699798584 1031
1616309270516 0.8764272332191467 1032
1616309304816 0.907179594039917 1033
1616309339722 0.8934934139251709 1034
1616309374251 0.9011571407318115 1035
1616309409171 0.8942378759384155 1036
1616309443557 0.8965551257133484 1037
1616309478350 0.8798439502716064 1038
1616309512985 0.8998673558235168 1039
1616309552790 0.8713339567184448 1040
1616309587523 0.9271324872970581 1041
1616309621933 0.8893160223960876 1042
1616309656976 0.87006676197052 1043
1616309691397 0.8851901888847351 1044
1616309725851 0.9078769683837891 1045
1616309761075 0.8826369047164917 1046
1616309795575 0.8615014553070068 1047
1616309829897 0.9000142812728882 1048
1616309864209 0.8918176889419556 1049
1616309903162 0.8929142951965332 1050
1616309937762 0.8783633708953857 1051
1616309972057 0.8448493480682373 1052
1616310006477 0.8913556337356567 1053
1616310041401 0.8895743489265442 1054
1616310076436 0.892056941986084 1055
1616310110974 0.9177963733673096 1056
1616310145797 0.899045467376709 1057
1616310180415 0.8564677834510803 1058
1616310215730 0.8581416606903076 1059
1616310255155 0.8917071223258972 1060
1616310289577 0.8888225555419922 1061
1616310324959 0.8756643533706665 1062
1616310359725 0.8714607954025269 1063
1616310394237 0.8547778725624084 1064
1616310428604 0.8794772624969482 1065
1616310463423 0.9038315415382385 1066
1616310497815 0.8730652928352356 1067
1616310532611 0.8834943771362305 1068
1616310567449 0.8996773958206177 1069
1616310606654 0.8700366020202637 1070
1616310640884 0.884341835975647 1071
1616310675436 0.8613327145576477 1072
1616310710093 0.8880944848060608 1073
1616310744876 0.8892519474029541 1074
1616310780134 0.9039757251739502 1075
1616310814754 0.8845699429512024 1076
1616310849860 0.8624200820922852 1077
1616310885132 0.898829460144043 1078
1616310919495 0.8972907066345215 1079
1616310958827 0.8621776700019836 1080
1616310993274 0.8581324815750122 1081
1616311028245 0.8710380792617798 1082
1616311063161 0.8543140292167664 1083
1616311097494 0.8784614205360413 1084
1616311132462 0.8711248636245728 1085
1616311167486 0.898333728313446 1086
1616311201648 0.8904588222503662 1087
1616311236090 0.8935587406158447 1088
1616311270633 0.8967565298080444 1089
1616311310179 0.8897384405136108 1090
1616311345090 0.8876568078994751 1091
1616311379777 0.8862208724021912 1092
1616311414606 0.8960106372833252 1093
1616311449548 0.8683344125747681 1094
1616311484620 0.8948427438735962 1095
1616311519102 0.8999914526939392 1096
1616311553540 0.8680957555770874 1097
1616311588436 0.8760397434234619 1098
1616311623613 0.9185755252838135 1099
1616311663476 0.9084318280220032 1100
1616311698319 0.9009692668914795 1101
1616311733260 0.872442364692688 1102
1616311767642 0.9195212125778198 1103
1616311802490 0.8911543488502502 1104
1616311837210 0.8689195513725281 1105
1616311871610 0.89902663230896 1106
1616311906487 0.8719267845153809 1107
1616311941218 0.9046849608421326 1108
1616311976348 0.9036531448364258 1109
1616312015223 0.9180352687835693 1110
1616312049714 0.8861260414123535 1111
1616312084288 0.8795903921127319 1112
1616312119080 0.8928415775299072 1113
1616312153580 0.9120734333992004 1114
1616312188553 0.8904199004173279 1115
1616312222825 0.9059523344039917 1116
1616312257256 0.8972092866897583 1117
1616312291561 0.9043985605239868 1118
1616312326196 0.8631302118301392 1119
1616312365055 0.8972075581550598 1120
1616312399648 0.8927152156829834 1121
1616312434059 0.8786414861679077 1122
1616312468631 0.8853191137313843 1123
1616312503278 0.8812298774719238 1124
1616312537847 0.8982328772544861 1125
1616312572269 0.8926690816879272 1126
1616312606825 0.9107004404067993 1127
1616312641239 0.9076306223869324 1128
1616312675962 0.8921560645103455 1129
1616312715217 0.912335991859436 1130
1616312749550 0.8720405101776123 1131
1616312784513 0.9188639521598816 1132
1616312819001 0.8877361416816711 1133
1616312853735 0.8873519897460938 1134
1616312888268 0.8827923536300659 1135
1616312922870 0.9221760034561157 1136
1616312957991 0.9096276760101318 1137
1616312992958 0.8855358362197876 1138
1616313027537 0.8752979040145874 1139
1616313067047 0.8918032646179199 1140
1616313101525 0.8794896602630615 1141
1616313136329 0.8833655118942261 1142
1616313170786 0.8910567760467529 1143
1616313205279 0.8819059133529663 1144
1616313240111 0.9083107113838196 1145
1616313274830 0.8946918249130249 1146
1616313309693 0.9303103685379028 1147
1616313344027 0.8865842819213867 1148
1616313378821 0.878363311290741 1149
1616313418042 0.886732816696167 1150
1616313452403 0.8877816200256348 1151
1616313487297 0.8798853158950806 1152
1616313522015 0.8739537000656128 1153
1616313557037 0.872591495513916 1154
1616313591635 0.881141722202301 1155
1616313626388 0.9068186283111572 1156
1616313661688 0.8970832228660583 1157
1616313696208 0.8946418762207031 1158
1616313731146 0.857627272605896 1159
1616313770730 0.8779088258743286 1160
1616313805586 0.8878740072250366 1161
1616313840007 0.9335235953330994 1162
1616313874516 0.9079968929290771 1163
1616313908860 0.8952231407165527 1164
1616313943787 0.8768693208694458 1165
1616313978288 0.8900250196456909 1166
1616314013250 0.8785250186920166 1167
1616314048238 0.8792702555656433 1168
1616314082970 0.8987023830413818 1169
1616314121497 0.8957710266113281 1170
1616314155885 0.8964593410491943 1171
1616314190806 0.8931033611297607 1172
1616314225655 0.8596238493919373 1173
1616314260424 0.8822418451309204 1174
1616314295293 0.876745343208313 1175
1616314330560 0.910505473613739 1176
1616314365892 0.9174593091011047 1177
1616314400857 0.862480640411377 1178
1616314435866 0.8891579508781433 1179
1616314475263 0.876188337802887 1180
1616314509748 0.9287885427474976 1181
1616314544420 0.8717527985572815 1182
1616314579295 0.883644163608551 1183
1616314613939 0.8926172852516174 1184
1616314648911 0.8877024054527283 1185
1616314683969 0.8874367475509644 1186
1616314719004 0.8894678950309753 1187
1616314753250 0.886019229888916 1188
1616314787980 0.9183548092842102 1189
1616314827566 0.878089427947998 1190
1616314862043 0.9002870321273804 1191
1616314897104 0.9191728234291077 1192
1616314932202 0.87186199426651 1193
1616314966743 0.8995041251182556 1194
1616315001776 0.8984858393669128 1195
1616315036259 0.8885360956192017 1196
1616315070973 0.9101897478103638 1197
1616315105561 0.8989763855934143 1198
1616315140645 0.8997306227684021 1199
1616315179874 0.8661167621612549 1200
1616315201519 0.9088925123214722 0
1616315201538 0.9088925123214722 0
