1616273062058 0.30639415979385376 1
1616273096883 0.4042186141014099 2
1616273131567 0.5464462041854858 3
1616273166477 0.6438819766044617 4
1616273200721 0.650585412979126 5
1616273235512 0.6882637739181519 6
1616273270329 0.6849514842033386 7
1616273305177 0.6888027787208557 8
1616273339497 0.7179256677627563 9
1616273378838 0.7039244174957275 10
1616273413479 0.7375364303588867 11
1616273448295 0.7005072832107544 12
1616273483270 0.7093561291694641 13
1616273518277 0.7280073165893555 14
1616273552552 0.713045597076416 15
1616273586968 0.7352797389030457 16
1616273622447 0.7542131543159485 17
1616273657313 0.7826977968215942 18
1616273691597 0.7363079786300659 19
1616273730234 0.7530953288078308 20
1616273764548 0.7646290063858032 21
1616273799413 0.7870665788650513 22
1616273833828 0.7936525344848633 23
1616273868469 0.785597562789917 24
1616273902988 0.7520673871040344 25
1616273937670 0.7877131700515747 26
1616273972389 0.7761548757553101 27
1616274007653 0.7721292972564697 28
1616274042353 0.7733010053634644 29
1616274082059 0.7729289531707764 30
1616274116431 0.7723437547683716 31
1616274151250 0.7679634094238281 32
1616274185514 0.801777720451355 33
1616274220337 0.7841476202011108 34
1616274254994 0.7998816967010498 35
1616274289538 0.8117208480834961 36
1616274324233 0.8220534920692444 37
1616274359132 0.8154613971710205 38
1616274393693 0.8047241568565369 39
1616274433732 0.7956298589706421 40
1616274468281 0.7804027795791626 41
1616274502970 0.7925652265548706 42
1616274537981 0.8202266693115234 43
1616274572703 0.7955600023269653 44
1616274606994 0.7889571785926819 45
1616274642229 0.8019008636474609 46
1616274677054 0.8206905126571655 47
1616274711663 0.8371312618255615 48
1616274746223 0.8198516964912415 49
1616274785758 0.8026882410049438 50
1616274820227 0.8186033964157104 51
1616274855037 0.7671186923980713 52
1616274889361 0.800432562828064 53
1616274923685 0.8049116730690002 54
1616274958502 0.7869831323623657 55
1616274993157 0.8027831315994263 56
1616275027601 0.8056267499923706 57
1616275061846 0.7859126329421997 58
1616275096793 0.7921261787414551 59
1616275136210 0.8276969194412231 60
1616275171027 0.7912259101867676 61
1616275205984 0.7741057872772217 62
1616275240555 0.7912266254425049 63
1616275275383 0.7784817218780518 64
1616275309762 0.8022965788841248 65
1616275344717 0.8201323747634888 66
1616275379517 0.8219394683837891 67
1616275413808 0.831935703754425 68
1616275449053 0.8228482007980347 69
1616275488127 0.8122893571853638 70
1616275522710 0.805984616279602 71
1616275557586 0.7805420160293579 72
1616275592180 0.7878842353820801 73
1616275626985 0.8061188459396362 74
1616275662153 0.8248472213745117 75
1616275697073 0.820020854473114 76
1616275731422 0.8251530528068542 77
1616275766296 0.8268218636512756 78
1616275801235 0.8208168745040894 79
1616275839982 0.7961908578872681 80
1616275874654 0.806550145149231 81
1616275909831 0.8398581147193909 82
1616275944694 0.8153834939002991 83
1616275979532 0.8415790796279907 84
1616276014251 0.8323103785514832 85
1616276049034 0.8306281566619873 86
1616276083345 0.853188693523407 87
1616276117902 0.8441312313079834 88
1616276152397 0.8456878662109375 89
1616276192005 0.836067795753479 90
1616276227021 0.8185791373252869 91
1616276261907 0.8212263584136963 92
1616276297162 0.8164376020431519 93
1616276331561 0.8247257471084595 94
1616276366333 0.8357725143432617 95
1616276401160 0.8099499940872192 96
1616276435390 0.839358925819397 97
1616276469849 0.808303952217102 98
1616276504726 0.803744912147522 99
1616276543479 0.8018045425415039 100
1616276578043 0.8238182663917542 101
1616276612387 0.8181265592575073 102
1616276647620 0.8569735884666443 103
1616276681865 0.8431073427200317 104
1616276716391 0.8270819783210754 105
1616276751010 0.7873988151550293 106
1616276785977 0.8194903135299683 107
1616276820826 0.8061860203742981 108
1616276855391 0.829780101776123 109
1616276894510 0.8186872005462646 110
1616276928615 0.8400446176528931 111
1616276963386 0.8344534039497375 112
1616276998133 0.8212046027183533 113
1616277032675 0.8087114095687866 114
1616277067175 0.843539834022522 115
1616277101537 0.8089665174484253 116
1616277136168 0.8245426416397095 117
1616277171035 0.7745439410209656 118
1616277205928 0.8419209718704224 119
1616277245141 0.8245694041252136 120
1616277280379 0.8455603122711182 121
1616277315060 0.8431740999221802 122
1616277349862 0.7994437217712402 123
1616277384278 0.8155230283737183 124
1616277419232 0.84189772605896 125
1616277454576 0.8407348394393921 126
1616277489446 0.8503269553184509 127
1616277524185 0.84310382604599 128
1616277558643 0.8375646471977234 129
1616277598119 0.8552284240722656 130
1616277632931 0.8374152779579163 131
1616277667615 0.8339275121688843 132
1616277702076 0.8542925119400024 133
1616277736497 0.8104856014251709 134
1616277771193 0.8671376705169678 135
1616277805875 0.8571810722351074 136
1616277840240 0.8345125913619995 137
1616277874472 0.832840085029602 138
1616277908822 0.8277565240859985 139
1616277948723 0.8239752054214478 140
1616277983013 0.8161776065826416 141
1616278017421 0.8339636325836182 142
1616278052170 0.8575100898742676 143
1616278086363 0.8465397357940674 144
1616278121175 0.8622112274169922 145
1616278155628 0.8523155450820923 146
1616278190068 0.8268390893936157 147
1616278224975 0.8238762617111206 148
1616278259265 0.8391859531402588 149
1616278298203 0.8431668281555176 150
1616278332549 0.8553350567817688 151
1616278367583 0.860895037651062 152
1616278402426 0.8566197156906128 153
1616278437402 0.8875342011451721 154
1616278472383 0.8560514450073242 155
1616278506824 0.8666993975639343 156
1616278541224 0.8838603496551514 157
1616278576098 0.8502354621887207 158
1616278610931 0.876923680305481 159
1616278649928 0.8717540502548218 160
1616278684193 0.7983157634735107 161
1616278718919 0.8272867202758789 162
1616278753734 0.8487029075622559 163
1616278788641 0.8636126518249512 164
1616278823537 0.8470531105995178 165
1616278858309 0.8227164149284363 166
1616278892903 0.8442838191986084 167
1616278927811 0.8559770584106445 168
1616278962354 0.891026496887207 169
1616279001366 0.8529828190803528 170
1616279035729 0.8433383703231812 171
1616279070251 0.8595231771469116 172
1616279104868 0.8467483520507812 173
1616279139277 0.8387125730514526 174
1616279173580 0.8545452356338501 175
1616279208426 0.8520119190216064 176
1616279242819 0.8295401930809021 177
1616279277081 0.8483095169067383 178
1616279311419 0.825366199016571 179
1616279350279 0.870722770690918 180
1616279384872 0.8484671115875244 181
1616279419205 0.8370157480239868 182
1616279454040 0.8224550485610962 183
1616279488373 0.8695736527442932 184
1616279523153 0.8501856327056885 185
1616279557435 0.8545752763748169 186
1616279591765 0.8325347900390625 187
1616279626027 0.829319179058075 188
1616279660419 0.8532123565673828 189
1616279699179 0.8417688608169556 190
1616279733683 0.8813905715942383 191
1616279768286 0.8453909754753113 192
1616279802751 0.826082170009613 193
1616279837691 0.8226139545440674 194
1616279872760 0.8722189664840698 195
1616279907637 0.8349423408508301 196
1616279942100 0.8449227809906006 197
1616279976955 0.854733943939209 198
1616280012132 0.8505491018295288 199
1616280051602 0.8507699370384216 200
1616280086301 0.8373795747756958 201
1616280120564 0.8222157955169678 202
1616280155364 0.8381319046020508 203
1616280189928 0.8520992398262024 204
1616280224635 0.859502911567688 205
1616280258842 0.8660210967063904 206
1616280293529 0.8721185326576233 207
1616280328415 0.8618865013122559 208
1616280362527 0.8709702491760254 209
1616280401237 0.8243933916091919 210
1616280435681 0.8662657737731934 211
1616280470843 0.8498191833496094 212
1616280505749 0.8256731033325195 213
1616280540074 0.849923849105835 214
1616280574824 0.8664206862449646 215
1616280609616 0.8263866305351257 216
1616280644278 0.8686255216598511 217
1616280678701 0.8608356714248657 218
1616280713203 0.8484717011451721 219
1616280752850 0.8458549380302429 220
1616280787200 0.843704879283905 221
1616280822025 0.8497902154922485 222
1616280856985 0.8569811582565308 223
1616280892062 0.8679875135421753 224
1616280926655 0.8360103964805603 225
1616280961156 0.8422784805297852 226
1616280996078 0.8501056432723999 227
1616281031276 0.855846643447876 228
1616281065814 0.8814610242843628 229
1616281105086 0.8780947923660278 230
1616281140016 0.8839619159698486 231
1616281174349 0.8603571057319641 232
1616281209157 0.8343112468719482 233
1616281244198 0.8782256841659546 234
1616281279186 0.8714717626571655 235
1616281313463 0.8687385320663452 236
1616281347857 0.8746984601020813 237
1616281382471 0.8570389747619629 238
1616281416511 0.8802931308746338 239
1616281456493 0.8423684239387512 240
1616281491325 0.8517817854881287 241
1616281525757 0.8667199611663818 242
1616281559967 0.8634605407714844 243
1616281594393 0.8753942847251892 244
1616281628866 0.8683174848556519 245
1616281663699 0.8506239652633667 246
1616281698192 0.8432314395904541 247
1616281732611 0.8652898669242859 248
1616281766970 0.8632997274398804 249
1616281805428 0.8667222261428833 250
1616281840117 0.8704481720924377 251
1616281874722 0.8394938707351685 252
1616281908995 0.8348209261894226 253
1616281943449 0.8614689111709595 254
1616281978533 0.8893309235572815 255
1616282013329 0.8470702171325684 256
1616282047594 0.897783637046814 257
1616282081780 0.877497673034668 258
1616282116625 0.8630205392837524 259
1616282155517 0.8566035032272339 260
1616282190010 0.8799201250076294 261
1616282224840 0.8791618347167969 262
1616282259646 0.861579954624176 263
1616282294470 0.8504974246025085 264
1616282329480 0.8670439720153809 265
1616282363933 0.8516620397567749 266
1616282398998 0.871317982673645 267
1616282433983 0.8534587621688843 268
1616282468358 0.8758667707443237 269
1616282507607 0.8720511198043823 270
1616282542437 0.8836822509765625 271
1616282577260 0.8734610080718994 272
1616282611743 0.847891092300415 273
1616282646060 0.8641312718391418 274
1616282680358 0.8628094792366028 275
1616282715211 0.8347744941711426 276
1616282750318 0.8962192535400391 277
1616282785447 0.8396313786506653 278
1616282820348 0.884783148765564 279
1616282859008 0.8800787925720215 280
1616282893354 0.8785862922668457 281
1616282927895 0.8900392055511475 282
1616282962781 0.864575982093811 283
1616282997484 0.8772903680801392 284
1616283031861 0.829313337802887 285
1616283066009 0.8677409887313843 286
1616283100905 0.8588245511054993 287
1616283135504 0.8538250923156738 288
1616283170001 0.8690018057823181 289
1616283209564 0.865973711013794 290
1616283244444 0.8861038088798523 291
1616283279473 0.8752174377441406 292
1616283314367 0.8706072568893433 293
1616283348616 0.8613361120223999 294
1616283382918 0.8476507663726807 295
1616283417483 0.8582697510719299 296
1616283452323 0.8813064098358154 297
1616283487209 0.8528642654418945 298
1616283522598 0.889958381652832 299
1616283561702 0.8659213185310364 300
1616283596556 0.8449009656906128 301
1616283631490 0.8642560243606567 302
1616283665923 0.8859165906906128 303
1616283700083 0.8799704313278198 304
1616283734863 0.8547136187553406 305
1616283769254 0.8390355110168457 306
1616283804193 0.8614593744277954 307
1616283838469 0.9153136014938354 308
1616283873001 0.891609787940979 309
1616283912058 0.8304468989372253 310
1616283946531 0.856885552406311 311
1616283981120 0.8563141822814941 312
1616284015642 0.8521671295166016 313
1616284050173 0.8865904211997986 314
1616284084660 0.8520874977111816 315
1616284119558 0.8640669584274292 316
1616284154209 0.8767129182815552 317
1616284188771 0.8657758235931396 318
1616284223462 0.8619307279586792 319
1616284262572 0.874375581741333 320
1616284297602 0.8629537224769592 321
1616284332708 0.8676817417144775 322
1616284367162 0.8375627994537354 323
1616284402107 0.8829187154769897 324
1616284436603 0.8429728746414185 325
1616284471468 0.8662556409835815 326
1616284506887 0.881336510181427 327
1616284541673 0.8868560791015625 328
1616284576430 0.8861140608787537 329
1616284615918 0.8414925336837769 330
1616284650799 0.8573573231697083 331
1616284685227 0.863991379737854 332
1616284719594 0.8951479196548462 333
1616284753847 0.859154224395752 334
1616284788134 0.8651783466339111 335
1616284822850 0.8642474412918091 336
1616284857439 0.8873419761657715 337
1616284892275 0.8433493375778198 338
1616284927171 0.8868393898010254 339
1616284966452 0.8870136737823486 340
1616285000896 0.8685459494590759 341
1616285035391 0.8814260363578796 342
1616285070344 0.8557107448577881 343
1616285104848 0.8760664463043213 344
1616285139905 0.8508319854736328 345
1616285174833 0.8412219285964966 346
1616285209791 0.8254513740539551 347
1616285243955 0.8562523722648621 348
1616285278418 0.886298418045044 349
1616285317782 0.8877133131027222 350
1616285352478 0.8799929618835449 351
1616285386890 0.8758803606033325 352
1616285421154 0.8829920291900635 353
1616285455919 0.8946349620819092 354
1616285490712 0.8798537254333496 355
1616285525299 0.8600126504898071 356
1616285560202 0.8785189390182495 357
1616285595128 0.901862382888794 358
1616285629479 0.8515679836273193 359
1616285668899 0.8687816262245178 360
1616285703217 0.8943386673927307 361
1616285738131 0.9010754823684692 362
1616285772641 0.8903495073318481 363
1616285807342 0.8568146824836731 364
1616285842265 0.8907517194747925 365
1616285877150 0.8764404058456421 366
1616285911961 0.871976375579834 367
1616285946957 0.8970780372619629 368
1616285981327 0.8435213565826416 369
1616286021461 0.8550681471824646 370
1616286055921 0.9106327295303345 371
1616286090780 0.8938477039337158 372
1616286125210 0.8645874261856079 373
1616286159256 0.874960720539093 374
1616286193939 0.8693783283233643 375
1616286228810 0.8650818467140198 376
1616286263158 0.8511022329330444 377
1616286297651 0.8484623432159424 378
1616286332479 0.8599691987037659 379
1616286371176 0.8573258519172668 380
1616286405647 0.8654724955558777 381
1616286440459 0.8825386762619019 382
1616286475184 0.8517847061157227 383
1616286509985 0.8763653635978699 384
1616286545196 0.8990101218223572 385
1616286579594 0.8900443315505981 386
1616286614580 0.8742636442184448 387
1616286648917 0.8810872435569763 388
1616286683768 0.879971981048584 389
1616286722601 0.8645893335342407 390
1616286757520 0.8521226644515991 391
1616286791934 0.8581678867340088 392
1616286826393 0.8756040334701538 393
1616286861427 0.846328854560852 394
1616286896193 0.9041142463684082 395
1616286931096 0.8698539733886719 396
1616286966108 0.9043532013893127 397
1616287000862 0.898956298828125 398
1616287035926 0.874395489692688 399
1616287075093 0.8917449712753296 400
1616287109689 0.8804863095283508 401
1616287144308 0.8859030604362488 402
1616287178796 0.8543924689292908 403
1616287213683 0.8944644331932068 404
1616287248162 0.8784444332122803 405
1616287282422 0.8827553987503052 406
1616287317063 0.8238787651062012 407
1616287351750 0.8951478004455566 408
1616287386104 0.8638212084770203 409
1616287425269 0.8634603023529053 410
1616287460022 0.8723291158676147 411
1616287495139 0.8972574472427368 412
1616287530114 0.8919903635978699 413
1616287565450 0.8583352565765381 414
1616287599880 0.8552843332290649 415
1616287634224 0.8777318000793457 416
1616287668452 0.8635672926902771 417
1616287702744 0.87898188829422 418
1616287737236 0.8766966462135315 419
1616287776249 0.8868732452392578 420
1616287810699 0.8763022422790527 421
1616287845369 0.8768880367279053 422
1616287880558 0.8622364401817322 423
1616287915082 0.86861252784729 424
1616287949889 0.8914220929145813 425
1616287984762 0.8736401200294495 426
1616288019476 0.8920736312866211 427
1616288054844 0.8743793964385986 428
1616288089267 0.8393353223800659 429
1616288128878 0.8701945543289185 430
1616288163680 0.8861744403839111 431
1616288198311 0.8711556196212769 432
1616288233194 0.8654714822769165 433
1616288267422 0.8886775970458984 434
1616288301623 0.8430292010307312 435
1616288336584 0.8864947557449341 436
1616288370968 0.875452995300293 437
1616288405333 0.8782384395599365 438
1616288440143 0.8501705527305603 439
1616288479692 0.9155354499816895 440
1616288514402 0.8790218234062195 441
1616288548688 0.8615241646766663 442
1616288583481 0.8751578330993652 443
1616288617845 0.8954139947891235 444
1616288652201 0.8648911714553833 445
1616288687085 0.8731892108917236 446
1616288721425 0.8575668334960938 447
1616288755847 0.8770798444747925 448
1616288790629 0.8930627107620239 449
1616288830192 0.8910180330276489 450
1616288864551 0.8788006901741028 451
1616288899390 0.8772037029266357 452
1616288934182 0.8771661520004272 453
1616288968988 0.8653160333633423 454
1616289003833 0.8935483694076538 455
1616289038738 0.8697795867919922 456
1616289073510 0.8490866422653198 457
1616289108560 0.8448134660720825 458
1616289143391 0.8855781555175781 459
1616289182880 0.8920471668243408 460
1616289217217 0.8870549201965332 461
1616289252152 0.898323655128479 462
1616289286889 0.8854111433029175 463
1616289321570 0.87663733959198 464
1616289356346 0.8845272064208984 465
1616289391220 0.8733426928520203 466
1616289426042 0.8560115694999695 467
1616289460216 0.8703481554985046 468
1616289494440 0.8800463080406189 469
1616289534008 0.8707436323165894 470
1616289568277 0.8672749400138855 471
1616289603062 0.8705072402954102 472
1616289638117 0.8831301927566528 473
1616289672836 0.8687683343887329 474
1616289707735 0.9013708829879761 475
1616289742421 0.8747169971466064 476
1616289776888 0.8733416795730591 477
1616289811620 0.884769082069397 478
1616289846202 0.9081464409828186 479
1616289885269 0.9036364555358887 480
1616289919721 0.8791447281837463 481
1616289954537 0.8982308506965637 482
1616289988843 0.8867009878158569 483
1616290023236 0.8870537281036377 484
1616290057917 0.882355809211731 485
1616290092774 0.8664724230766296 486
1616290127093 0.874330461025238 487
1616290161310 0.884835422039032 488
1616290196218 0.8969433903694153 489
1616290234551 0.911505937576294 490
1616290269119 0.8852552175521851 491
1616290304066 0.8549082279205322 492
1616290338641 0.9184221029281616 493
1616290373801 0.8608895540237427 494
1616290408867 0.8829432725906372 495
1616290443733 0.8788704872131348 496
1616290478517 0.9048136472702026 497
1616290513396 0.8750609159469604 498
1616290547935 0.8845152854919434 499
1616290587325 0.8734852075576782 500
1616290622397 0.861762285232544 501
1616290657275 0.8921153545379639 502
1616290691611 0.9025155305862427 503
1616290726142 0.9010848999023438 504
1616290760933 0.8838878870010376 505
1616290795364 0.8912670612335205 506
1616290830059 0.8607714176177979 507
1616290864294 0.8798613548278809 508
1616290898835 0.8900080323219299 509
1616290937958 0.8865481615066528 510
1616290972839 0.9184306859970093 511
1616291007539 0.8931005001068115 512
1616291042466 0.8889172077178955 513
1616291077798 0.9049859642982483 514
1616291112499 0.8793326616287231 515
1616291146708 0.8893793821334839 516
1616291181139 0.8975518941879272 517
1616291215423 0.8824957013130188 518
1616291250321 0.8662985563278198 519
1616291289490 0.8686842918395996 520
1616291324305 0.8543986678123474 521
1616291358695 0.8812080025672913 522
1616291393255 0.894051194190979 523
1616291428210 0.8916429281234741 524
1616291463336 0.883355975151062 525
1616291498419 0.9189841747283936 526
1616291533417 0.8849260210990906 527
1616291568483 0.8859372138977051 528
1616291603211 0.9071008563041687 529
1616291642387 0.8857367038726807 530
1616291677641 0.8755050897598267 531
1616291712200 0.8829466700553894 532
1616291747015 0.8717309236526489 533
1616291781486 0.8862370848655701 534
1616291815740 0.8713813424110413 535
1616291850531 0.9125853776931763 536
1616291885304 0.863481879234314 537
1616291920231 0.8853509426116943 538
1616291955080 0.8792282938957214 539
1616291994236 0.9072566032409668 540
1616292029084 0.8779948353767395 541
1616292063633 0.8675668835639954 542
1616292098383 0.8947657942771912 543
1616292133341 0.8954005837440491 544
1616292167848 0.8921869993209839 545
1616292202817 0.8958826065063477 546
1616292238053 0.915989100933075 547
1616292273004 0.8676559925079346 548
1616292307889 0.875219464302063 549
1616292347704 0.8922781944274902 550
1616292382248 0.8793245553970337 551
1616292417155 0.8955010175704956 552
1616292451889 0.9027342796325684 553
1616292486586 0.8585556745529175 554
1616292521008 0.8868296146392822 555
1616292555633 0.8995130062103271 556
1616292589905 0.878836989402771 557
1616292624324 0.8833973407745361 558
1616292658637 0.8701981902122498 559
1616292697407 0.9065231084823608 560
1616292731808 0.8753219842910767 561
1616292766186 0.8730875253677368 562
1616292801116 0.8771106600761414 563
1616292835881 0.9219245910644531 564
1616292871196 0.8777269124984741 565
1616292906088 0.9051618576049805 566
1616292940497 0.8804230690002441 567
1616292975246 0.9036567807197571 568
1616293010612 0.8922257423400879 569
1616293050013 0.8860583305358887 570
1616293084829 0.8751085996627808 571
1616293119172 0.8873852491378784 572
1616293153708 0.8878693580627441 573
1616293187936 0.8980387449264526 574
1616293222184 0.8765202164649963 575
1616293256730 0.8839608430862427 576
1616293291526 0.9053984880447388 577
1616293325795 0.9065272808074951 578
1616293360675 0.8817608952522278 579
1616293400137 0.9025757312774658 580
1616293434405 0.916364312171936 581
1616293468867 0.8643950819969177 582
1616293503474 0.8789784908294678 583
1616293538641 0.8952100276947021 584
1616293573067 0.8846498727798462 585
1616293607811 0.8680479526519775 586
1616293642497 0.9132025241851807 587
1616293677470 0.8840441107749939 588
1616293712064 0.8889589309692383 589
1616293752014 0.905373215675354 590
1616293786882 0.8871381282806396 591
1616293822131 0.883736252784729 592
1616293856889 0.8795861005783081 593
1616293891228 0.8922262191772461 594
1616293925626 0.8982436656951904 595
1616293960719 0.8809815049171448 596
1616293995323 0.897649884223938 597
1616294030032 0.8852808475494385 598
1616294064341 0.8880776166915894 599
1616294103187 0.8755638599395752 600
1616294137534 0.9163737297058105 601
1616294171929 0.873969316482544 602
1616294206756 0.8625329732894897 603
1616294241079 0.8775415420532227 604
1616294275837 0.8899427056312561 605
1616294310682 0.8823438882827759 606
1616294345686 0.8907859325408936 607
1616294380272 0.8921486735343933 608
1616294415375 0.8876256942749023 609
1616294454468 0.8924354314804077 610
1616294489080 0.8622291088104248 611
1616294523538 0.8842480182647705 612
1616294558674 0.8853803873062134 613
1616294593478 0.8979108929634094 614
1616294628061 0.8854005336761475 615
1616294662931 0.9018604755401611 616
1616294697764 0.880579948425293 617
1616294732271 0.9157624840736389 618
1616294767194 0.8873323202133179 619
1616294805811 0.8758347034454346 620
1616294840156 0.8979276418685913 621
1616294874393 0.8624564409255981 622
1616294908793 0.8716328144073486 623
1616294943145 0.8903219699859619 624
1616294978335 0.9091143012046814 625
1616295013132 0.8986942768096924 626
1616295047418 0.8991127014160156 627
1616295082225 0.8947741985321045 628
1616295117094 0.8720045685768127 629
1616295156252 0.8833712339401245 630
1616295191366 0.9154117107391357 631
1616295226186 0.8635356426239014 632
1616295260712 0.9020741581916809 633
1616295295534 0.8844201564788818 634
1616295330044 0.8655246496200562 635
1616295364773 0.8812199831008911 636
1616295399157 0.9063423871994019 637
1616295433823 0.8865547180175781 638
1616295468403 0.9004218578338623 639
1616295507411 0.8992694616317749 640
1616295542373 0.8966726064682007 641
1616295577274 0.8786027431488037 642
1616295611629 0.884953498840332 643
1616295646652 0.9029285311698914 644
1616295680966 0.8979060649871826 645
1616295715691 0.8974723815917969 646
1616295750489 0.8941751718521118 647
1616295785241 0.8659526705741882 648
1616295819593 0.8927258253097534 649
1616295858435 0.9217362403869629 650
1616295893139 0.8780132532119751 651
1616295927979 0.894816517829895 652
1616295962459 0.8874993324279785 653
1616295997029 0.908009946346283 654
1616296031666 0.886248767375946 655
1616296066139 0.8911383152008057 656
1616296101173 0.8941163420677185 657
1616296136252 0.8729594945907593 658
1616296171292 0.8795541524887085 659
1616296210122 0.8867517709732056 660
1616296244637 0.9046990871429443 661
1616296279370 0.8822441101074219 662
1616296313736 0.8729497194290161 663
1616296348717 0.8925546407699585 664
1616296383573 0.9043233394622803 665
1616296418511 0.8919695019721985 666
1616296452760 0.8961988687515259 667
1616296487663 0.8797049522399902 668
1616296522519 0.8773714303970337 669
1616296561892 0.8944354057312012 670
1616296596852 0.8940479159355164 671
1616296631131 0.8671586513519287 672
1616296665540 0.8637582063674927 673
1616296700090 0.8803366422653198 674
1616296734449 0.8679544925689697 675
1616296768663 0.897856593132019 676
1616296803084 0.8836531639099121 677
1616296838065 0.8959811925888062 678
1616296872388 0.8893944025039673 679
1616296911839 0.8876143097877502 680
1616296946342 0.8900641202926636 681
1616296980742 0.9001266956329346 682
1616297015589 0.9070777893066406 683
1616297050464 0.8908035755157471 684
1616297085209 0.8904314041137695 685
1616297120167 0.8868961334228516 686
1616297154604 0.9242322444915771 687
1616297189486 0.8784815073013306 688
1616297224301 0.8619245886802673 689
1616297263241 0.8941442966461182 690
1616297297580 0.8950592279434204 691
1616297331917 0.9196932315826416 692
1616297366453 0.9044708609580994 693
1616297400995 0.8919222354888916 694
1616297435496 0.8866291642189026 695
1616297470538 0.9018359184265137 696
1616297505373 0.905532717704773 697
1616297539777 0.8984131217002869 698
1616297574628 0.9134936928749084 699
1616297614094 0.9030784368515015 700
1616297648903 0.8838322162628174 701
1616297683096 0.8916133046150208 702
1616297717350 0.9131155014038086 703
1616297751718 0.8956335783004761 704
1616297786187 0.8765966892242432 705
1616297821106 0.8892195224761963 706
1616297855710 0.8954962491989136 707
1616297890020 0.9091362953186035 708
1616297924666 0.8832283616065979 709
1616297964175 0.9046244025230408 710
1616297998637 0.9036771059036255 711
1616298033105 0.8933907747268677 712
1616298067692 0.9024440050125122 713
1616298102700 0.9137035608291626 714
1616298136954 0.8950142860412598 715
1616298171386 0.8787996172904968 716
1616298205834 0.9113503098487854 717
1616298240404 0.9079891443252563 718
1616298275120 0.8957687020301819 719
1616298313653 0.9050517082214355 720
1616298348664 0.8854573369026184 721
1616298383002 0.8754408359527588 722
1616298417441 0.8872841000556946 723
1616298452438 0.9009816646575928 724
1616298487275 0.8809765577316284 725
1616298522143 0.909914493560791 726
1616298557058 0.9296917915344238 727
1616298591447 0.8901863098144531 728
1616298626083 0.9260194897651672 729
1616298665343 0.9222072958946228 730
1616298700032 0.9031347036361694 731
1616298734669 0.9019192457199097 732
1616298769106 0.9136167168617249 733
1616298803954 0.8824447989463806 734
1616298838178 0.8963948488235474 735
1616298872533 0.9070314168930054 736
1616298907511 0.910097062587738 737
1616298942592 0.9019376039505005 738
1616298977297 0.8990957736968994 739
1616299016019 0.877631425857544 740
1616299050828 0.8674395680427551 741
1616299084900 0.9002175331115723 742
1616299119925 0.9131268858909607 743
1616299154373 0.928141713142395 744
1616299188780 0.8810257911682129 745
1616299223088 0.8998352289199829 746
1616299257528 0.8859151601791382 747
1616299292064 0.8872978687286377 748
1616299326913 0.8915724158287048 749
1616299366134 0.9205571413040161 750
1616299400521 0.8802597522735596 751
1616299435456 0.8874157667160034 752
1616299470372 0.8765134811401367 753
1616299505281 0.8968287706375122 754
1616299540218 0.8959110975265503 755
1616299574655 0.9116623401641846 756
1616299609457 0.8913131952285767 757
1616299644090 0.8796435594558716 758
1616299678403 0.9280202984809875 759
1616299717424 0.8779711723327637 760
1616299752030 0.8849719762802124 761
1616299786946 0.8876493573188782 762
1616299821879 0.9005385637283325 763
1616299856188 0.9081481695175171 764
1616299891267 0.8919540047645569 765
1616299926545 0.9029386043548584 766
1616299961833 0.8954172730445862 767
1616299996495 0.8895281553268433 768
1616300030806 0.9049221277236938 769
1616300070178 0.8961819410324097 770
1616300104486 0.8794031739234924 771
1616300138897 0.8926182985305786 772
1616300173350 0.9042271375656128 773
1616300207775 0.887575089931488 774
1616300242501 0.872087836265564 775
1616300277326 0.9078347682952881 776
1616300311725 0.898082435131073 777
1616300346528 0.8849875330924988 778
1616300381541 0.8742363452911377 779
1616300421063 0.9144093990325928 780
1616300456110 0.8518105745315552 781
1616300490975 0.9115723371505737 782
1616300525692 0.9174655079841614 783
1616300560651 0.9042208194732666 784
1616300595360 0.9055440425872803 785
1616300630167 0.8793231248855591 786
1616300664414 0.8932350873947144 787
1616300699150 0.9119687080383301 788
1616300733427 0.8935432434082031 789
1616300772549 0.892595648765564 790
1616300807432 0.8864688873291016 791
1616300841627 0.9140490889549255 792
1616300876526 0.884270191192627 793
1616300911247 0.9180378913879395 794
1616300945615 0.8822815418243408 795
1616300980691 0.8812187910079956 796
1616301015801 0.9062661528587341 797
1616301050823 0.8800579309463501 798
1616301085360 0.9223546981811523 799
1616301124541 0.8864415884017944 800
1616301159086 0.8763237595558167 801
1616301194249 0.8935128450393677 802
1616301228756 0.9065945148468018 803
1616301263623 0.881665825843811 804
1616301297970 0.8946185111999512 805
1616301332267 0.8871430158615112 806
1616301366707 0.8985388278961182 807
1616301401517 0.8961178064346313 808
1616301435904 0.8832759857177734 809
1616301474978 0.9063910245895386 810
1616301509718 0.8712681531906128 811
1616301544188 0.8900192975997925 812
1616301578634 0.9199768304824829 813
1616301613324 0.9204549789428711 814
1616301648020 0.8895944356918335 815
1616301682719 0.8694370985031128 816
1616301717091 0.9267354011535645 817
1616301751956 0.8842140436172485 818
1616301786365 0.8772129416465759 819
1616301825662 0.8552756309509277 820
1616301860260 0.9081729650497437 821
1616301894902 0.8898784518241882 822
1616301929208 0.8950700163841248 823
1616301963496 0.8999108076095581 824
1616301998336 0.881263256072998 825
1616302032705 0.8846850991249084 826
1616302067386 0.8844102621078491 827
1616302102246 0.9098981618881226 828
1616302136596 0.9054746031761169 829
1616302175915 0.8899148106575012 830
1616302210891 0.8964371681213379 831
1616302245519 0.902256965637207 832
1616302280072 0.9097557067871094 833
1616302315311 0.8937302827835083 834
1616302350478 0.8750654458999634 835
1616302384635 0.9055014848709106 836
1616302419079 0.8589873909950256 837
1616302453739 0.9049147367477417 838
1616302488392 0.9109063148498535 839
1616302526982 0.9014390110969543 840
1616302561554 0.8810632228851318 841
1616302595799 0.9107102155685425 842
1616302630234 0.9163743257522583 843
1616302664811 0.9039157629013062 844
1616302699557 0.8971894383430481 845
1616302733864 0.8984490633010864 846
1616302768846 0.9038246870040894 847
1616302803383 0.87760329246521 848
1616302838067 0.8666002750396729 849
1616302877596 0.8790448904037476 850
1616302912641 0.9192256331443787 851
1616302947615 0.9272702932357788 852
1616302982395 0.8785642385482788 853
1616303017251 0.8889341354370117 854
1616303051870 0.8922268748283386 855
1616303086706 0.9006050825119019 856
1616303121534 0.878698468208313 857
1616303155790 0.9094052314758301 858
1616303190588 0.9022529721260071 859
1616303229726 0.9023756980895996 860
1616303264209 0.87409508228302 861
1616303298466 0.8959000706672668 862
1616303333032 0.8936173915863037 863
1616303367764 0.8690572381019592 864
1616303402468 0.8950833678245544 865
1616303437381 0.8826199769973755 866
1616303471849 0.9124061465263367 867
1616303506905 0.8766275644302368 868
1616303541658 0.8817653656005859 869
1616303581797 0.9154399633407593 870
1616303616804 0.8873039484024048 871
1616303651335 0.909546971321106 872
1616303685685 0.8923609852790833 873
1616303720367 0.9133250117301941 874
1616303754850 0.9001559615135193 875
1616303789429 0.9084206223487854 876
1616303823753 0.8951044082641602 877
1616303858318 0.8671320080757141 878
1616303892701 0.9142436385154724 879
1616303932120 0.914859414100647 880
1616303966714 0.8875905275344849 881
1616304000812 0.8948279023170471 882
1616304035323 0.8779202699661255 883
1616304069826 0.9126977920532227 884
1616304104453 0.8912389278411865 885
1616304139473 0.8664071559906006 886
1616304173805 0.9203920364379883 887
1616304208848 0.8985719680786133 888
1616304243837 0.8653128147125244 889
1616304282772 0.8926161527633667 890
1616304317686 0.920684814453125 891
1616304352077 0.8994489908218384 892
1616304386528 0.8988239169120789 893
1616304421305 0.9080654382705688 894
1616304455704 0.9299136400222778 895
1616304490078 0.876079261302948 896
1616304525295 0.8847028613090515 897
1616304559798 0.8957617282867432 898
1616304594843 0.8596295714378357 899
1616304634457 0.927351176738739 900
1616304669654 0.8959764242172241 901
1616304704562 0.9105651378631592 902
1616304739611 0.9018056392669678 903
1616304774507 0.9026397466659546 904
1616304808649 0.9026848673820496 905
1616304843145 0.8832089900970459 906
1616304877477 0.8823909759521484 907
1616304911815 0.8821796178817749 908
1616304946636 0.8968587517738342 909
1616304986177 0.9159976243972778 910
1616305020535 0.9187344908714294 911
1616305055519 0.8666319251060486 912
1616305090284 0.9042450189590454 913
1616305125312 0.9145773649215698 914
1616305160058 0.8809500336647034 915
1616305194650 0.9079841375350952 916
1616305229671 0.8559983968734741 917
1616305264422 0.8944972157478333 918
1616305299359 0.898867130279541 919
1616305338426 0.8987230062484741 920
1616305372924 0.8995788097381592 921
1616305407538 0.898414671421051 922
1616305442360 0.8950332999229431 923
1616305476569 0.9196313619613647 924
1616305511493 0.8873652219772339 925
1616305546302 0.9127994775772095 926
1616305580695 0.9090659618377686 927
1616305615166 0.897331953048706 928
1616305649633 0.9072699546813965 929
1616305688830 0.8703432679176331 930
1616305723789 0.8963785171508789 931
1616305758098 0.9060952663421631 932
1616305793066 0.8994128704071045 933
1616305827873 0.8691046237945557 934
1616305862242 0.8870335221290588 935
1616305896788 0.8754544854164124 936
1616305931856 0.8835241794586182 937
1616305966369 0.8857492804527283 938
1616306001214 0.8945764303207397 939
1616306040665 0.9046186804771423 940
1616306075119 0.8796716928482056 941
1616306109957 0.8827307820320129 942
1616306144210 0.8749290704727173 943
1616306178803 0.9228702783584595 944
1616306213574 0.9028975963592529 945
1616306247883 0.9208850860595703 946
1616306282175 0.8434592485427856 947
1616306316478 0.9068787097930908 948
1616306350796 0.925117552280426 949
1616306390207 0.887697696685791 950
1616306424757 0.8921701312065125 951
1616306459285 0.9288111329078674 952
1616306494572 0.9041354656219482 953
1616306529726 0.9009062051773071 954
1616306564311 0.8868993520736694 955
1616306598736 0.8998672962188721 956
1616306633165 0.8954417109489441 957
1616306668066 0.902184247970581 958
1616306702954 0.9106193780899048 959
1616306742349 0.8909401893615723 960
1616306777205 0.8871405720710754 961
1616306811511 0.8963745832443237 962
1616306845766 0.891014575958252 963
1616306880628 0.9000456929206848 964
1616306914969 0.9173813462257385 965
1616306949364 0.8869594931602478 966
1616306984039 0.9067195653915405 967
1616307018982 0.9315613508224487 968
1616307054210 0.8932027816772461 969
1616307093085 0.8990432620048523 970
1616307127691 0.9153506755828857 971
1616307162099 0.8956780433654785 972
1616307196780 0.8892545700073242 973
1616307231479 0.9044756889343262 974
1616307266284 0.8711200952529907 975
1616307301456 0.9094181060791016 976
1616307336203 0.9115680456161499 977
1616307370611 0.8675335645675659 978
1616307405325 0.9024168252944946 979
1616307444094 0.8532839417457581 980
1616307478902 0.8954063653945923 981
1616307513647 0.8852002620697021 982
1616307547921 0.8920490145683289 983
1616307582310 0.9297683238983154 984
1616307616907 0.9072703123092651 985
1616307651716 0.9207479953765869 986
1616307686333 0.8938748240470886 987
1616307721357 0.9111582040786743 988
1616307755834 0.9066330790519714 989
1616307795236 0.8933775424957275 990
1616307829768 0.8994041681289673 991
1616307864768 0.9188331365585327 992
1616307899604 0.8753546476364136 993
1616307934588 0.9164977669715881 994
1616307969470 0.9199333190917969 995
1616308004094 0.9108015894889832 996
1616308038973 0.9310002326965332 997
1616308073469 0.9037611484527588 998
1616308107883 0.8765386939048767 999
1616308147105 0.9266649484634399 1000
1616308182281 0.9193141460418701 1001
1616308217298 0.9255084991455078 1002
1616308252390 0.9158008098602295 1003
1616308286815 0.9045209288597107 1004
1616308321218 0.8952574729919434 1005
1616308356170 0.893864631652832 1006
1616308391055 0.8946461081504822 1007
1616308425713 0.9012525081634521 1008
1616308460045 0.8690849542617798 1009
1616308499306 0.8750033378601074 1010
1616308533631 0.919693112373352 1011
1616308568468 0.9036493301391602 1012
1616308602753 0.8872376680374146 1013
1616308636919 0.9028581976890564 1014
1616308671764 0.8989992141723633 1015
1616308706060 0.8991772532463074 1016
1616308740974 0.8854074478149414 1017
1616308775471 0.9188792705535889 1018
1616308810353 0.9123603701591492 1019
1616308849586 0.9122099876403809 1020
1616308884151 0.8925818204879761 1021
1616308918746 0.8666895627975464 1022
1616308953653 0.9156979918479919 1023
1616308988496 0.8915899395942688 1024
1616309023518 0.8490015268325806 1025
1616309058214 0.9144946336746216 1026
1616309092765 0.8800575733184814 1027
1616309127245 0.9000657796859741 1028
1616309161922 0.9127549529075623 1029
1616309201352 0.8829823732376099 1030
1616309236263 0.8846572637557983 1031
1616309270516 0.8875904679298401 1032
1616309304816 0.9139233231544495 1033
1616309339722 0.9021227359771729 1034
1616309374251 0.9100368022918701 1035
1616309409171 0.9021873474121094 1036
1616309443557 0.9044976234436035 1037
1616309478350 0.8914610147476196 1038
1616309512985 0.9075178503990173 1039
1616309552790 0.8830657005310059 1040
1616309587523 0.9311093091964722 1041
1616309621933 0.8990395069122314 1042
1616309656976 0.8824831247329712 1043
1616309691397 0.8949460983276367 1044
1616309725851 0.9158865213394165 1045
1616309761075 0.8930126428604126 1046
1616309795575 0.8754061460494995 1047
1616309829897 0.9074730277061462 1048
1616309864209 0.9009342789649963 1049
1616309903162 0.9024139642715454 1050
1616309937762 0.8870352506637573 1051
1616309972057 0.8606925010681152 1052
1616310006477 0.9019775390625 1053
1616310041401 0.8993988037109375 1054
1616310076436 0.8996899127960205 1055
1616310110974 0.9243845343589783 1056
1616310145797 0.9073100090026855 1057
1616310180415 0.8695372343063354 1058
1616310215730 0.8702675700187683 1059
1616310255155 0.9016442894935608 1060
1616310289577 0.8985615968704224 1061
1616310324959 0.8859343528747559 1062
1616310359725 0.8811036348342896 1063
1616310394237 0.8684688806533813 1064
1616310428604 0.889655590057373 1065
1616310463423 0.9112515449523926 1066
1616310497815 0.8841334581375122 1067
1616310532611 0.8930081129074097 1068
1616310567449 0.9082239866256714 1069
1616310606654 0.882744312286377 1070
1616310640884 0.894955039024353 1071
1616310675436 0.874370813369751 1072
1616310710093 0.897398829460144 1073
1616310744876 0.8988597989082336 1074
1616310780134 0.91143798828125 1075
1616310814754 0.8946322798728943 1076
1616310849860 0.8740956783294678 1077
1616310885132 0.9077324271202087 1078
1616310919495 0.9051077365875244 1079
1616310958827 0.8756438493728638 1080
1616310993274 0.8714463114738464 1081
1616311028245 0.8811702132225037 1082
1616311063161 0.8683940768241882 1083
1616311097494 0.88944411277771 1084
1616311132462 0.8828901052474976 1085
1616311167486 0.9059019684791565 1086
1616311201648 0.9004164934158325 1087
1616311236090 0.9020577669143677 1088
1616311270633 0.9038573503494263 1089
1616311310179 0.8990602493286133 1090
1616311345090 0.8976434469223022 1091
1616311379777 0.8951865434646606 1092
1616311414606 0.904631495475769 1093
1616311449548 0.8802143335342407 1094
1616311484620 0.9031010866165161 1095
1616311519102 0.9097403287887573 1096
1616311553540 0.8796126842498779 1097
1616311588436 0.8869816064834595 1098
1616311623613 0.9238866567611694 1099
1616311663476 0.9157321453094482 1100
1616311698319 0.9092093706130981 1101
1616311733260 0.8837194442749023 1102
1616311767642 0.9249533414840698 1103
1616311802490 0.9009706377983093 1104
1616311837210 0.8802259564399719 1105
1616311871610 0.907389760017395 1106
1616311906487 0.8836740851402283 1107
1616311941218 0.9119704961776733 1108
1616311976348 0.9114251732826233 1109
1616312015223 0.9246463179588318 1110
1616312049714 0.8951435685157776 1111
1616312084288 0.8897167444229126 1112
1616312119080 0.9016556739807129 1113
1616312153580 0.9182332754135132 1114
1616312188553 0.9004086852073669 1115
1616312222825 0.913850724697113 1116
1616312257256 0.9051212668418884 1117
1616312291561 0.9113977551460266 1118
1616312326196 0.8758948445320129 1119
1616312365055 0.9059402346611023 1120
1616312399648 0.9013676643371582 1121
1616312434059 0.8906247615814209 1122
1616312468631 0.8961904048919678 1123
1616312503278 0.8918922543525696 1124
1616312537847 0.9062504768371582 1125
1616312572269 0.9018092155456543 1126
1616312606825 0.9163118004798889 1127
1616312641239 0.9129027128219604 1128
1616312675962 0.901595950126648 1129
1616312715217 0.9190669059753418 1130
1616312749550 0.8825783133506775 1131
1616312784513 0.924358606338501 1132
1616312819001 0.8961248993873596 1133
1616312853735 0.8979389667510986 1134
1616312888268 0.893651008605957 1135
1616312922870 0.9265236854553223 1136
1616312957991 0.9173280596733093 1137
1616312992958 0.8957335948944092 1138
1616313027537 0.8857635259628296 1139
1616313067047 0.9006788730621338 1140
1616313101525 0.8895787000656128 1141
1616313136329 0.8930965065956116 1142
1616313170786 0.9014459848403931 1143
1616313205279 0.892352819442749 1144
1616313240111 0.9141697883605957 1145
1616313274830 0.903232216835022 1146
1616313309693 0.9347549676895142 1147
1616313344027 0.8964133858680725 1148
1616313378821 0.8893731236457825 1149
1616313418042 0.8958923816680908 1150
1616313452403 0.8976612091064453 1151
1616313487297 0.8905383348464966 1152
1616313522015 0.8853200674057007 1153
1616313557037 0.8836410641670227 1154
1616313591635 0.8911889791488647 1155
1616313626388 0.9136826992034912 1156
1616313661688 0.9057879447937012 1157
1616313696208 0.9039356112480164 1158
1616313731146 0.8694771528244019 1159
1616313770730 0.8885759115219116 1160
1616313805586 0.8957915902137756 1161
1616313840007 0.937717854976654 1162
1616313874516 0.916487455368042 1163
1616313908860 0.9031201601028442 1164
1616313943787 0.8885679244995117 1165
1616313978288 0.8989121317863464 1166
1616314013250 0.8895308375358582 1167
1616314048238 0.889599084854126 1168
1616314082970 0.9078992009162903 1169
1616314121497 0.9033742547035217 1170
1616314155885 0.9052152633666992 1171
1616314190806 0.9011484384536743 1172
1616314225655 0.8730592727661133 1173
1616314260424 0.8923909664154053 1174
1616314295293 0.8878524303436279 1175
1616314330560 0.9178518056869507 1176
1616314365892 0.9239197969436646 1177
1616314400857 0.8753484487533569 1178
1616314435866 0.8980966806411743 1179
1616314475263 0.8871342539787292 1180
1616314509748 0.9330955743789673 1181
1616314544420 0.884712815284729 1182
1616314579295 0.8946692943572998 1183
1616314613939 0.9007160067558289 1184
1616314648911 0.898185133934021 1185
1616314683969 0.8957489132881165 1186
1616314719004 0.8988540768623352 1187
1616314753250 0.8946887850761414 1188
1616314787980 0.9234080910682678 1189
1616314827566 0.8889725804328918 1190
1616314862043 0.9084866046905518 1191
1616314897104 0.925372838973999 1192
1616314932202 0.8839655518531799 1193
1616314966743 0.908115804195404 1194
1616315001776 0.906639814376831 1195
1616315036259 0.8981547355651855 1196
1616315070973 0.9164210557937622 1197
1616315105561 0.906211256980896 1198
1616315140645 0.9071173667907715 1199
1616315179874 0.8782845735549927 1200
1616315201517 0.9167907238006592 0
1616315201537 0.9167907238006592 0
