1616273062058 0.13972294330596924 1
1616273096883 0.18332791328430176 2
1616273131567 0.24976623058319092 3
1616273166477 0.2961374819278717 4
1616273200721 0.29490774869918823 5
1616273235512 0.31648746132850647 6
1616273270329 0.31348082423210144 7
1616273305177 0.3180428743362427 8
1616273339497 0.3314427435398102 9
1616273378838 0.3221557140350342 10
1616273413479 0.3446744978427887 11
1616273448295 0.31867900490760803 12
1616273483270 0.32767194509506226 13
1616273518277 0.3381690979003906 14
1616273552552 0.3287760615348816 15
1616273586968 0.3418373465538025 16
1616273622447 0.3563019037246704 17
1616273657313 0.37070924043655396 18
1616273691597 0.34095051884651184 19
1616273730234 0.3532128930091858 20
1616273764548 0.3573271930217743 21
1616273799413 0.36909785866737366 22
1616273833828 0.3845987319946289 23
1616273868469 0.3784283995628357 24
1616273902988 0.3551773428916931 25
1616273937670 0.3762739896774292 26
1616273972389 0.3700668215751648 27
1616274007653 0.36822760105133057 28
1616274042353 0.36831140518188477 29
1616274082059 0.3630528450012207 30
1616274116431 0.3696756958961487 31
1616274151250 0.36123383045196533 32
1616274185514 0.390760600566864 33
1616274220337 0.3694778084754944 34
1616274254994 0.38627296686172485 35
1616274289538 0.3964087665081024 36
1616274324233 0.40078070759773254 37
1616274359132 0.39804011583328247 38
1616274393693 0.3904684782028198 39
1616274433732 0.3874729871749878 40
1616274468281 0.3757014274597168 41
1616274502970 0.37872135639190674 42
1616274537981 0.38922664523124695 43
1616274572703 0.38073819875717163 44
1616274606994 0.3792511820793152 45
1616274642229 0.3842354416847229 46
1616274677054 0.4015760123729706 47
1616274711663 0.41448670625686646 48
1616274746223 0.40092042088508606 49
1616274785758 0.3903695344924927 50
1616274820227 0.4000091552734375 51
1616274855037 0.36041945219039917 52
1616274889361 0.3816887140274048 53
1616274923685 0.38716673851013184 54
1616274958502 0.37332743406295776 55
1616274993157 0.38676804304122925 56
1616275027601 0.39108017086982727 57
1616275061846 0.3767397403717041 58
1616275096793 0.38268446922302246 59
1616275136210 0.40782687067985535 60
1616275171027 0.3848453462123871 61
1616275205984 0.37022262811660767 62
1616275240555 0.38402771949768066 63
1616275275383 0.3639923334121704 64
1616275309762 0.3923112750053406 65
1616275344717 0.4034155607223511 66
1616275379517 0.40432846546173096 67
1616275413808 0.4146210849285126 68
1616275449053 0.4043976664543152 69
1616275488127 0.39589306712150574 70
1616275522710 0.390738844871521 71
1616275557586 0.3692277669906616 72
1616275592180 0.3825393319129944 73
1616275626985 0.3966442942619324 74
1616275662153 0.4059978723526001 75
1616275697073 0.40238475799560547 76
1616275731422 0.4063878655433655 77
1616275766296 0.4132552742958069 78
1616275801235 0.4011014997959137 79
1616275839982 0.3880894184112549 80
1616275874654 0.39463010430336 81
1616275909831 0.42144399881362915 82
1616275944694 0.4024917483329773 83
1616275979532 0.42572420835494995 84
1616276014251 0.41468775272369385 85
1616276049034 0.41557806730270386 86
1616276083345 0.43268883228302 87
1616276117902 0.42840951681137085 88
1616276152397 0.4253873825073242 89
1616276192005 0.4139258861541748 90
1616276227021 0.4101830720901489 91
1616276261907 0.40387487411499023 92
1616276297162 0.4025828242301941 93
1616276331561 0.4102572202682495 94
1616276366333 0.4169228971004486 95
1616276401160 0.3965134918689728 96
1616276435390 0.41998380422592163 97
1616276469849 0.3880097568035126 98
1616276504726 0.3946402370929718 99
1616276543479 0.3918934464454651 100
1616276578043 0.408727765083313 101
1616276612387 0.4020218849182129 102
1616276647620 0.4368355870246887 103
1616276681865 0.42403745651245117 104
1616276716391 0.4061993360519409 105
1616276751010 0.3810892105102539 106
1616276785977 0.4052121043205261 107
1616276820826 0.3986704647541046 108
1616276855391 0.41346561908721924 109
1616276894510 0.40552234649658203 110
1616276928615 0.4269765317440033 111
1616276963386 0.41565966606140137 112
1616276998133 0.40534645318984985 113
1616277032675 0.4010375142097473 114
1616277067175 0.42522937059402466 115
1616277101537 0.39451247453689575 116
1616277136168 0.4074850380420685 117
1616277171035 0.3672197461128235 118
1616277205928 0.42291563749313354 119
1616277245141 0.4071216583251953 120
1616277280379 0.43367844820022583 121
1616277315060 0.4301688075065613 122
1616277349862 0.3884563446044922 123
1616277384278 0.4023709297180176 124
1616277419232 0.430748850107193 125
1616277454576 0.42351359128952026 126
1616277489446 0.43294334411621094 127
1616277524185 0.42716699838638306 128
1616277558643 0.4223158359527588 129
1616277598119 0.44040822982788086 130
1616277632931 0.4212711751461029 131
1616277667615 0.41947996616363525 132
1616277702076 0.43159520626068115 133
1616277736497 0.4018380641937256 134
1616277771193 0.44686758518218994 135
1616277805875 0.43914446234703064 136
1616277840240 0.42521804571151733 137
1616277874472 0.4111829996109009 138
1616277908822 0.4154985249042511 139
1616277948723 0.40528738498687744 140
1616277983013 0.39682143926620483 141
1616278017421 0.4172952175140381 142
1616278052170 0.4428757429122925 143
1616278086363 0.4281535744667053 144
1616278121175 0.44567108154296875 145
1616278155628 0.4342871308326721 146
1616278190068 0.40951791405677795 147
1616278224975 0.41367053985595703 148
1616278259265 0.42301425337791443 149
1616278298203 0.42944711446762085 150
1616278332549 0.43743205070495605 151
1616278367583 0.44526559114456177 152
1616278402426 0.44272875785827637 153
1616278437402 0.4734349846839905 154
1616278472383 0.44057410955429077 155
1616278506824 0.4447649121284485 156
1616278541224 0.4657709002494812 157
1616278576098 0.436747282743454 158
1616278610931 0.45940279960632324 159
1616278649928 0.45473605394363403 160
1616278684193 0.3892456293106079 161
1616278718919 0.41759565472602844 162
1616278753734 0.4381963908672333 163
1616278788641 0.4488056004047394 164
1616278823537 0.4310241937637329 165
1616278858309 0.4082317054271698 166
1616278892903 0.42823296785354614 167
1616278927811 0.4397500455379486 168
1616278962354 0.47773444652557373 169
1616279001366 0.44003206491470337 170
1616279035729 0.42376813292503357 171
1616279070251 0.4477120637893677 172
1616279104868 0.433803915977478 173
1616279139277 0.4253319501876831 174
1616279173580 0.4370931386947632 175
1616279208426 0.4342251420021057 176
1616279242819 0.41663771867752075 177
1616279277081 0.43164950609207153 178
1616279311419 0.41032204031944275 179
1616279350279 0.4556606709957123 180
1616279384872 0.4342793822288513 181
1616279419205 0.4273332953453064 182
1616279454040 0.410907506942749 183
1616279488373 0.45569849014282227 184
1616279523153 0.432034969329834 185
1616279557435 0.43732476234436035 186
1616279591765 0.4235554337501526 187
1616279626027 0.41904348134994507 188
1616279660419 0.4365309476852417 189
1616279699179 0.42264485359191895 190
1616279733683 0.4656454920768738 191
1616279768286 0.42761269211769104 192
1616279802751 0.4056742191314697 193
1616279837691 0.40763115882873535 194
1616279872760 0.4552762806415558 195
1616279907637 0.4208132326602936 196
1616279942100 0.4271465837955475 197
1616279976955 0.4434267282485962 198
1616280012132 0.4378787875175476 199
1616280051602 0.4350385069847107 200
1616280086301 0.41783857345581055 201
1616280120564 0.4080237150192261 202
1616280155364 0.4235911965370178 203
1616280189928 0.4386977255344391 204
1616280224635 0.448921263217926 205
1616280258842 0.45184534788131714 206
1616280293529 0.4575679898262024 207
1616280328415 0.45147019624710083 208
1616280362527 0.4572595953941345 209
1616280401237 0.407329261302948 210
1616280435681 0.45195597410202026 211
1616280470843 0.4325942397117615 212
1616280505749 0.4071604311466217 213
1616280540074 0.4310784339904785 214
1616280574824 0.4460487365722656 215
1616280609616 0.41618815064430237 216
1616280644278 0.4537355899810791 217
1616280678701 0.44043615460395813 218
1616280713203 0.43473368883132935 219
1616280752850 0.4295904338359833 220
1616280787200 0.4296518564224243 221
1616280822025 0.4363704025745392 222
1616280856985 0.4427356719970703 223
1616280892062 0.4559357762336731 224
1616280926655 0.42053547501564026 225
1616280961156 0.43304404616355896 226
1616280996078 0.4341798424720764 227
1616281031276 0.44215160608291626 228
1616281065814 0.4674394428730011 229
1616281105086 0.4629138708114624 230
1616281140016 0.4708629548549652 231
1616281174349 0.44513174891471863 232
1616281209157 0.42431196570396423 233
1616281244198 0.46268266439437866 234
1616281279186 0.46153247356414795 235
1616281313463 0.4532606899738312 236
1616281347857 0.460638165473938 237
1616281382471 0.4436771273612976 238
1616281416511 0.4732317328453064 239
1616281456493 0.4312184751033783 240
1616281491325 0.43429654836654663 241
1616281525757 0.4496786594390869 242
1616281559967 0.45265722274780273 243
1616281594393 0.4694537818431854 244
1616281628866 0.45403218269348145 245
1616281663699 0.4523046016693115 246
1616281698192 0.4306628704071045 247
1616281732611 0.4582352936267853 248
1616281766970 0.44988495111465454 249
1616281805428 0.45746853947639465 250
1616281840117 0.4560610055923462 251
1616281874722 0.43137919902801514 252
1616281908995 0.4308445155620575 253
1616281943449 0.45552951097488403 254
1616281978533 0.4866548180580139 255
1616282013329 0.4380035102367401 256
1616282047594 0.48717784881591797 257
1616282081780 0.479928195476532 258
1616282116625 0.45485469698905945 259
1616282155517 0.44694259762763977 260
1616282190010 0.4780883193016052 261
1616282224840 0.47300630807876587 262
1616282259646 0.4564884305000305 263
1616282294470 0.4418354630470276 264
1616282329480 0.45767486095428467 265
1616282363933 0.44266724586486816 266
1616282398998 0.46380794048309326 267
1616282433983 0.44429218769073486 268
1616282468358 0.4726409614086151 269
1616282507607 0.46740370988845825 270
1616282542437 0.4815870523452759 271
1616282577260 0.4601803123950958 272
1616282611743 0.44921445846557617 273
1616282646060 0.4567735195159912 274
1616282680358 0.46773219108581543 275
1616282715211 0.4297153949737549 276
1616282750318 0.4888271391391754 277
1616282785447 0.44120490550994873 278
1616282820348 0.48157766461372375 279
1616282859008 0.4734700322151184 280
1616282893354 0.4724806547164917 281
1616282927895 0.49301019310951233 282
1616282962781 0.4581795930862427 283
1616282997484 0.4719603657722473 284
1616283031861 0.43299606442451477 285
1616283066009 0.47459733486175537 286
1616283100905 0.4593517780303955 287
1616283135504 0.44872990250587463 288
1616283170001 0.4742516875267029 289
1616283209564 0.4622330665588379 290
1616283244444 0.48907583951950073 291
1616283279473 0.47546303272247314 292
1616283314367 0.4780002236366272 293
1616283348616 0.46572425961494446 294
1616283382918 0.4495672583580017 295
1616283417483 0.4674472212791443 296
1616283452323 0.4820683002471924 297
1616283487209 0.45291078090667725 298
1616283522598 0.48221060633659363 299
1616283561702 0.45918408036231995 300
1616283596556 0.4429594874382019 301
1616283631490 0.46409332752227783 302
1616283665923 0.47938114404678345 303
1616283700083 0.47685888409614563 304
1616283734863 0.44672560691833496 305
1616283769254 0.4386611580848694 306
1616283804193 0.4686175286769867 307
1616283838469 0.5265432596206665 308
1616283873001 0.49256646633148193 309
1616283912058 0.4231463074684143 310
1616283946531 0.4583576023578644 311
1616283981120 0.4665270447731018 312
1616284015642 0.46103635430336 313
1616284050173 0.4908691644668579 314
1616284084660 0.4442739486694336 315
1616284119558 0.45770296454429626 316
1616284154209 0.46836429834365845 317
1616284188771 0.4660124182701111 318
1616284223462 0.46114853024482727 319
1616284262572 0.4786618947982788 320
1616284297602 0.4711182117462158 321
1616284332708 0.4682060182094574 322
1616284367162 0.4342639744281769 323
1616284402107 0.49056509137153625 324
1616284436603 0.4485740065574646 325
1616284471468 0.47561711072921753 326
1616284506887 0.4953639805316925 327
1616284541673 0.5049885511398315 328
1616284576430 0.5007709860801697 329
1616284615918 0.45420485734939575 330
1616284650799 0.45993465185165405 331
1616284685227 0.45902925729751587 332
1616284719594 0.5020730495452881 333
1616284753847 0.46169722080230713 334
1616284788134 0.46312567591667175 335
1616284822850 0.46979042887687683 336
1616284857439 0.49706003069877625 337
1616284892275 0.4520242214202881 338
1616284927171 0.4925752878189087 339
1616284966452 0.48904091119766235 340
1616285000896 0.47901684045791626 341
1616285035391 0.5033766031265259 342
1616285070344 0.4644656777381897 343
1616285104848 0.48800158500671387 344
1616285139905 0.45908862352371216 345
1616285174833 0.440848708152771 346
1616285209791 0.4342021346092224 347
1616285243955 0.4765241742134094 348
1616285278418 0.5093943476676941 349
1616285317782 0.5032516717910767 350
1616285352478 0.4962405562400818 351
1616285386890 0.5115317106246948 352
1616285421154 0.4877888560295105 353
1616285455919 0.512010931968689 354
1616285490712 0.48451679944992065 355
1616285525299 0.47090238332748413 356
1616285560202 0.49523475766181946 357
1616285595128 0.5226700305938721 358
1616285629479 0.4576822519302368 359
1616285668899 0.4777056574821472 360
1616285703217 0.5226476192474365 361
1616285738131 0.528191864490509 362
1616285772641 0.5005863904953003 363
1616285807342 0.46328169107437134 364
1616285842265 0.49320465326309204 365
1616285877150 0.4902646541595459 366
1616285911961 0.48615211248397827 367
1616285946957 0.5099687576293945 368
1616285981327 0.4496159255504608 369
1616286021461 0.4643298387527466 370
1616286055921 0.5239598155021667 371
1616286090780 0.5187013149261475 372
1616286125210 0.48030704259872437 373
1616286159256 0.47381505370140076 374
1616286193939 0.4768521189689636 375
1616286228810 0.4799947738647461 376
1616286263158 0.46180492639541626 377
1616286297651 0.45998910069465637 378
1616286332479 0.46788251399993896 379
1616286371176 0.46948105096817017 380
1616286405647 0.48003607988357544 381
1616286440459 0.5075140595436096 382
1616286475184 0.4594433903694153 383
1616286509985 0.5023400187492371 384
1616286545196 0.516495943069458 385
1616286579594 0.5099817514419556 386
1616286614580 0.48856091499328613 387
1616286648917 0.4846678674221039 388
1616286683768 0.4863657057285309 389
1616286722601 0.4793623089790344 390
1616286757520 0.4554218053817749 391
1616286791934 0.46227163076400757 392
1616286826393 0.49429962038993835 393
1616286861427 0.4677763283252716 394
1616286896193 0.5243704319000244 395
1616286931096 0.4869006872177124 396
1616286966108 0.5265331268310547 397
1616287000862 0.5243427753448486 398
1616287035926 0.48429152369499207 399
1616287075093 0.509573221206665 400
1616287109689 0.4944114685058594 401
1616287144308 0.4988477826118469 402
1616287178796 0.4597206115722656 403
1616287213683 0.512161374092102 404
1616287248162 0.49875712394714355 405
1616287282422 0.5149629712104797 406
1616287317063 0.447407990694046 407
1616287351750 0.5283257961273193 408
1616287386104 0.4732895791530609 409
1616287425269 0.47911912202835083 410
1616287460022 0.5003620982170105 411
1616287495139 0.5267406702041626 412
1616287530114 0.5093753337860107 413
1616287565450 0.46524322032928467 414
1616287599880 0.46595340967178345 415
1616287634224 0.5098804235458374 416
1616287668452 0.4723708927631378 417
1616287702744 0.5040375590324402 418
1616287737236 0.501284658908844 419
1616287776249 0.5135934352874756 420
1616287810699 0.513795018196106 421
1616287845369 0.49829816818237305 422
1616287880558 0.475291907787323 423
1616287915082 0.5011230707168579 424
1616287949889 0.5173097848892212 425
1616287984762 0.48317962884902954 426
1616288019476 0.5277478694915771 427
1616288054844 0.49077898263931274 428
1616288089267 0.46040692925453186 429
1616288128878 0.4840240478515625 430
1616288163680 0.5014065504074097 431
1616288198311 0.49224668741226196 432
1616288233194 0.4777081608772278 433
1616288267422 0.5127969980239868 434
1616288301623 0.45957961678504944 435
1616288336584 0.5056571960449219 436
1616288370968 0.49128642678260803 437
1616288405333 0.5089538097381592 438
1616288440143 0.46603405475616455 439
1616288479692 0.5551915168762207 440
1616288514402 0.4944458603858948 441
1616288548688 0.4770350456237793 442
1616288583481 0.4981163740158081 443
1616288617845 0.5327470302581787 444
1616288652201 0.49341142177581787 445
1616288687085 0.5066646933555603 446
1616288721425 0.4815303683280945 447
1616288755847 0.4897281527519226 448
1616288790629 0.5137010812759399 449
1616288830192 0.5153889656066895 450
1616288864551 0.49459415674209595 451
1616288899390 0.5161669254302979 452
1616288934182 0.5065130591392517 453
1616288968988 0.48577553033828735 454
1616289003833 0.5309621691703796 455
1616289038738 0.4910029172897339 456
1616289073510 0.4782904386520386 457
1616289108560 0.4606364369392395 458
1616289143391 0.5064129829406738 459
1616289182880 0.5142967700958252 460
1616289217217 0.5008018016815186 461
1616289252152 0.5342935919761658 462
1616289286889 0.5130014419555664 463
1616289321570 0.5008407831192017 464
1616289356346 0.5105072259902954 465
1616289391220 0.4959147572517395 466
1616289426042 0.493328332901001 467
1616289460216 0.4912719428539276 468
1616289494440 0.5037585496902466 469
1616289534008 0.4907781481742859 470
1616289568277 0.4830003082752228 471
1616289603062 0.5027486085891724 472
1616289638117 0.5087423920631409 473
1616289672836 0.493726909160614 474
1616289707735 0.5244863033294678 475
1616289742421 0.4945165514945984 476
1616289776888 0.481881320476532 477
1616289811620 0.5014076232910156 478
1616289846202 0.5612976551055908 479
1616289885269 0.5253634452819824 480
1616289919721 0.5069552659988403 481
1616289954537 0.5350910425186157 482
1616289988843 0.5149056315422058 483
1616290023236 0.5178384184837341 484
1616290057917 0.5095076560974121 485
1616290092774 0.4787885546684265 486
1616290127093 0.5033085346221924 487
1616290161310 0.5055431723594666 488
1616290196218 0.534483790397644 489
1616290234551 0.5420820713043213 490
1616290269119 0.5141304731369019 491
1616290304066 0.4861927926540375 492
1616290338641 0.5706818699836731 493
1616290373801 0.4753798246383667 494
1616290408867 0.5051207542419434 495
1616290443733 0.5107424855232239 496
1616290478517 0.5375641584396362 497
1616290513396 0.4928598403930664 498
1616290547935 0.5025346875190735 499
1616290587325 0.5056990385055542 500
1616290622397 0.4899080991744995 501
1616290657275 0.5180031061172485 502
1616290691611 0.5379631519317627 503
1616290726142 0.5319228172302246 504
1616290760933 0.5144426822662354 505
1616290795364 0.516417384147644 506
1616290830059 0.4909936785697937 507
1616290864294 0.48970991373062134 508
1616290898835 0.5228135585784912 509
1616290937958 0.5079449415206909 510
1616290972839 0.5394308567047119 511
1616291007539 0.5262413620948792 512
1616291042466 0.5225352644920349 513
1616291077798 0.5377417206764221 514
1616291112499 0.500770092010498 515
1616291146708 0.5180352926254272 516
1616291181139 0.5286006927490234 517
1616291215423 0.5182384848594666 518
1616291250321 0.4933024048805237 519
1616291289490 0.4947899580001831 520
1616291324305 0.48605701327323914 521
1616291358695 0.508432924747467 522
1616291393255 0.5245879888534546 523
1616291428210 0.529083788394928 524
1616291463336 0.5150066018104553 525
1616291498419 0.551740288734436 526
1616291533417 0.5134026408195496 527
1616291568483 0.5197647213935852 528
1616291603211 0.5543320178985596 529
1616291642387 0.5084446668624878 530
1616291677641 0.49359947443008423 531
1616291712200 0.509541392326355 532
1616291747015 0.5043081045150757 533
1616291781486 0.5212852954864502 534
1616291815740 0.5108855366706848 535
1616291850531 0.5552457571029663 536
1616291885304 0.4984985291957855 537
1616291920231 0.5121592283248901 538
1616291955080 0.5192335844039917 539
1616291994236 0.5656124949455261 540
1616292029084 0.5163935422897339 541
1616292063633 0.49348607659339905 542
1616292098383 0.5221551060676575 543
1616292133341 0.5326916575431824 544
1616292167848 0.5233278274536133 545
1616292202817 0.5263552665710449 546
1616292238053 0.5429856181144714 547
1616292273004 0.49880480766296387 548
1616292307889 0.5070875287055969 549
1616292347704 0.5158129930496216 550
1616292382248 0.5100736618041992 551
1616292417155 0.5363233685493469 552
1616292451889 0.5391034483909607 553
1616292486586 0.4927305579185486 554
1616292521008 0.5275641083717346 555
1616292555633 0.5406145453453064 556
1616292589905 0.510220468044281 557
1616292624324 0.5131114721298218 558
1616292658637 0.4954334497451782 559
1616292697407 0.5503545999526978 560
1616292731808 0.5173940658569336 561
1616292766186 0.4906104803085327 562
1616292801116 0.49742069840431213 563
1616292835881 0.554735541343689 564
1616292871196 0.49681776762008667 565
1616292906088 0.5436800718307495 566
1616292940497 0.5228192806243896 567
1616292975246 0.5310312509536743 568
1616293010612 0.5492188930511475 569
1616293050013 0.5131698250770569 570
1616293084829 0.5147794485092163 571
1616293119172 0.5296725034713745 572
1616293153708 0.5330123901367188 573
1616293187936 0.5395201444625854 574
1616293222184 0.5220147967338562 575
1616293256730 0.5252879858016968 576
1616293291526 0.5576852560043335 577
1616293325795 0.5557533502578735 578
1616293360675 0.514732837677002 579
1616293400137 0.5291851162910461 580
1616293434405 0.5643540620803833 581
1616293468867 0.5021464824676514 582
1616293503474 0.5230673551559448 583
1616293538641 0.5252478122711182 584
1616293573067 0.5275590419769287 585
1616293607811 0.5148113965988159 586
1616293642497 0.5599024891853333 587
1616293677470 0.5255491137504578 588
1616293712064 0.5402379035949707 589
1616293752014 0.5484895706176758 590
1616293786882 0.530152440071106 591
1616293822131 0.5174098014831543 592
1616293856889 0.5146161913871765 593
1616293891228 0.530657947063446 594
1616293925626 0.5383195877075195 595
1616293960719 0.5242429971694946 596
1616293995323 0.5463783740997314 597
1616294030032 0.5183135867118835 598
1616294064341 0.5122532844543457 599
1616294103187 0.5116313695907593 600
1616294137534 0.569207489490509 601
1616294171929 0.5008847713470459 602
1616294206756 0.4904250502586365 603
1616294241079 0.4989506006240845 604
1616294275837 0.5240447521209717 605
1616294310682 0.5330401659011841 606
1616294345686 0.5278782844543457 607
1616294380272 0.531914472579956 608
1616294415375 0.5216677188873291 609
1616294454468 0.5347228646278381 610
1616294489080 0.48210814595222473 611
1616294523538 0.5207759141921997 612
1616294558674 0.5204739570617676 613
1616294593478 0.5419975519180298 614
1616294628061 0.5475811958312988 615
1616294662931 0.5497686266899109 616
1616294697764 0.5124678015708923 617
1616294732271 0.5654754638671875 618
1616294767194 0.5125448703765869 619
1616294805811 0.5133451223373413 620
1616294840156 0.5366621613502502 621
1616294874393 0.48768311738967896 622
1616294908793 0.5120831727981567 623
1616294943145 0.5484665632247925 624
1616294978335 0.5623887777328491 625
1616295013132 0.5523369908332825 626
1616295047418 0.5451405048370361 627
1616295082225 0.5492124557495117 628
1616295117094 0.5307422876358032 629
1616295156252 0.51329106092453 630
1616295191366 0.5721247792243958 631
1616295226186 0.4960247576236725 632
1616295260712 0.542111873626709 633
1616295295534 0.5212255120277405 634
1616295330044 0.49903732538223267 635
1616295364773 0.5126632452011108 636
1616295399157 0.5657680034637451 637
1616295433823 0.526056170463562 638
1616295468403 0.5466588735580444 639
1616295507411 0.5375264883041382 640
1616295542373 0.5491481423377991 641
1616295577274 0.5179024934768677 642
1616295611629 0.5450373291969299 643
1616295646652 0.554719865322113 644
1616295680966 0.5500858426094055 645
1616295715691 0.557698130607605 646
1616295750489 0.5434442758560181 647
1616295785241 0.5084716081619263 648
1616295819593 0.534281849861145 649
1616295858435 0.5686310529708862 650
1616295893139 0.5269873142242432 651
1616295927979 0.5427200794219971 652
1616295962459 0.5394507646560669 653
1616295997029 0.5685203671455383 654
1616296031666 0.5343337655067444 655
1616296066139 0.5371986031532288 656
1616296101173 0.5398916006088257 657
1616296136252 0.5042176246643066 658
1616296171292 0.5163373351097107 659
1616296210122 0.5268547534942627 660
1616296244637 0.5584253668785095 661
1616296279370 0.5103201866149902 662
1616296313736 0.5194292068481445 663
1616296348717 0.5332660675048828 664
1616296383573 0.5649828910827637 665
1616296418511 0.5311989188194275 666
1616296452760 0.5389042496681213 667
1616296487663 0.5140526294708252 668
1616296522519 0.535912036895752 669
1616296561892 0.548179566860199 670
1616296596852 0.5444350242614746 671
1616296631131 0.5049223899841309 672
1616296665540 0.49085158109664917 673
1616296700090 0.5264126062393188 674
1616296734449 0.4981117248535156 675
1616296768663 0.5468270778656006 676
1616296803084 0.5353360772132874 677
1616296838065 0.5350822806358337 678
1616296872388 0.5423035621643066 679
1616296911839 0.5348469018936157 680
1616296946342 0.5272693634033203 681
1616296980742 0.5509853363037109 682
1616297015589 0.5484870672225952 683
1616297050464 0.5250626802444458 684
1616297085209 0.5569450855255127 685
1616297120167 0.5516158938407898 686
1616297154604 0.5903738737106323 687
1616297189486 0.5057907104492188 688
1616297224301 0.49036502838134766 689
1616297263241 0.5302616357803345 690
1616297297580 0.5410465002059937 691
1616297331917 0.5858889818191528 692
1616297366453 0.5469149351119995 693
1616297400995 0.547034502029419 694
1616297435496 0.5468354821205139 695
1616297470538 0.546392023563385 696
1616297505373 0.5544025897979736 697
1616297539777 0.5508318543434143 698
1616297574628 0.5691418647766113 699
1616297614094 0.544708251953125 700
1616297648903 0.523526668548584 701
1616297683096 0.5424044132232666 702
1616297717350 0.5641574263572693 703
1616297751718 0.5492579936981201 704
1616297786187 0.5330329537391663 705
1616297821106 0.5323652029037476 706
1616297855710 0.5343033075332642 707
1616297890020 0.558607816696167 708
1616297924666 0.5325603485107422 709
1616297964175 0.5483951568603516 710
1616297998637 0.5582998991012573 711
1616298033105 0.5355217456817627 712
1616298067692 0.5483356714248657 713
1616298102700 0.5546112656593323 714
1616298136954 0.5551652908325195 715
1616298171386 0.5270311236381531 716
1616298205834 0.5704658031463623 717
1616298240404 0.5667332410812378 718
1616298275120 0.5615572929382324 719
1616298313653 0.5636599063873291 720
1616298348664 0.5378448963165283 721
1616298383002 0.5136047005653381 722
1616298417441 0.5209918022155762 723
1616298452438 0.5477480888366699 724
1616298487275 0.5187036991119385 725
1616298522143 0.572041928768158 726
1616298557058 0.5998644232749939 727
1616298591447 0.528613805770874 728
1616298626083 0.5821384787559509 729
1616298665343 0.5939545035362244 730
1616298700032 0.5505848526954651 731
1616298734669 0.5402308106422424 732
1616298769106 0.5625365972518921 733
1616298803954 0.5268401503562927 734
1616298838178 0.5436398983001709 735
1616298872533 0.5498322248458862 736
1616298907511 0.5625579357147217 737
1616298942592 0.5651915669441223 738
1616298977297 0.5647936463356018 739
1616299016019 0.5028743743896484 740
1616299050828 0.5183689594268799 741
1616299084900 0.5617629289627075 742
1616299119925 0.5561908483505249 743
1616299154373 0.5871500968933105 744
1616299188780 0.5205135345458984 745
1616299223088 0.5526930093765259 746
1616299257528 0.5423285961151123 747
1616299292064 0.5324761867523193 748
1616299326913 0.5256569385528564 749
1616299366134 0.5618817210197449 750
1616299400521 0.5126451849937439 751
1616299435456 0.5419690608978271 752
1616299470372 0.5295078754425049 753
1616299505281 0.5495690107345581 754
1616299540218 0.546924352645874 755
1616299574655 0.5578054785728455 756
1616299609457 0.5476800799369812 757
1616299644090 0.5369545221328735 758
1616299678403 0.5870022177696228 759
1616299717424 0.5222862362861633 760
1616299752030 0.5369833707809448 761
1616299786946 0.5338690876960754 762
1616299821879 0.5385905504226685 763
1616299856188 0.5548673272132874 764
1616299891267 0.5403677225112915 765
1616299926545 0.552140474319458 766
1616299961833 0.551832914352417 767
1616299996495 0.5423625707626343 768
1616300030806 0.5718935132026672 769
1616300070178 0.5475019216537476 770
1616300104486 0.5229685306549072 771
1616300138897 0.541682243347168 772
1616300173350 0.5748324394226074 773
1616300207775 0.5394644141197205 774
1616300242501 0.513447642326355 775
1616300277326 0.5724080204963684 776
1616300311725 0.5504072904586792 777
1616300346528 0.5488462448120117 778
1616300381541 0.5264638662338257 779
1616300421063 0.5733547806739807 780
1616300456110 0.50916588306427 781
1616300490975 0.5758253335952759 782
1616300525692 0.5878567695617676 783
1616300560651 0.5524684190750122 784
1616300595360 0.5735549926757812 785
1616300630167 0.5286887288093567 786
1616300664414 0.5495008230209351 787
1616300699150 0.5783135890960693 788
1616300733427 0.5441608428955078 789
1616300772549 0.5380098819732666 790
1616300807432 0.5265927910804749 791
1616300841627 0.5663057565689087 792
1616300876526 0.5196114182472229 793
1616300911247 0.5862176418304443 794
1616300945615 0.5475419759750366 795
1616300980691 0.5433852672576904 796
1616301015801 0.5735033750534058 797
1616301050823 0.5153198838233948 798
1616301085360 0.6047276854515076 799
1616301124541 0.5370336771011353 800
1616301159086 0.5113428831100464 801
1616301194249 0.5565954446792603 802
1616301228756 0.5592288374900818 803
1616301263623 0.5501912832260132 804
1616301297970 0.5416377782821655 805
1616301332267 0.555872917175293 806
1616301366707 0.5475680828094482 807
1616301401517 0.5380687713623047 808
1616301435904 0.5211297273635864 809
1616301474978 0.5493979454040527 810
1616301509718 0.5180477499961853 811
1616301544188 0.5576496720314026 812
1616301578634 0.5801906585693359 813
1616301613324 0.600193977355957 814
1616301648020 0.551239550113678 815
1616301682719 0.5261095762252808 816
1616301717091 0.595876932144165 817
1616301751956 0.5319966077804565 818
1616301786365 0.5220537185668945 819
1616301825662 0.4965110719203949 820
1616301860260 0.565197229385376 821
1616301894902 0.5364910364151001 822
1616301929208 0.550981879234314 823
1616301963496 0.552269697189331 824
1616301998336 0.5331644415855408 825
1616302032705 0.5497166514396667 826
1616302067386 0.5408360958099365 827
1616302102246 0.5664699077606201 828
1616302136596 0.5581504702568054 829
1616302175915 0.5634915828704834 830
1616302210891 0.5356246829032898 831
1616302245519 0.556028425693512 832
1616302280072 0.5675339698791504 833
1616302315311 0.5286973714828491 834
1616302350478 0.534264087677002 835
1616302384635 0.5637036561965942 836
1616302419079 0.49106842279434204 837
1616302453739 0.5449408292770386 838
1616302488392 0.5766867399215698 839
1616302526982 0.5557783842086792 840
1616302561554 0.5283257961273193 841
1616302595799 0.5709028244018555 842
1616302630234 0.579688549041748 843
1616302664811 0.5629236698150635 844
1616302699557 0.5395082235336304 845
1616302733864 0.5732950568199158 846
1616302768846 0.566342294216156 847
1616302803383 0.5151448845863342 848
1616302838067 0.5152575969696045 849
1616302877596 0.5282644629478455 850
1616302912641 0.592426061630249 851
1616302947615 0.594990611076355 852
1616302982395 0.524282693862915 853
1616303017251 0.5426368713378906 854
1616303051870 0.5522488355636597 855
1616303086706 0.5541960000991821 856
1616303121534 0.5187026262283325 857
1616303155790 0.5624265670776367 858
1616303190588 0.5669054985046387 859
1616303229726 0.5817568302154541 860
1616303264209 0.5132774710655212 861
1616303298466 0.5483204126358032 862
1616303333032 0.5377228260040283 863
1616303367764 0.5077950358390808 864
1616303402468 0.5469513535499573 865
1616303437381 0.5281511545181274 866
1616303471849 0.5817945599555969 867
1616303506905 0.5302260518074036 868
1616303541658 0.5372770428657532 869
1616303581797 0.5807681083679199 870
1616303616804 0.5398371815681458 871
1616303651335 0.5672269463539124 872
1616303685685 0.5202421545982361 873
1616303720367 0.5551262497901917 874
1616303754850 0.5530657768249512 875
1616303789429 0.5739454030990601 876
1616303823753 0.5411418676376343 877
1616303858318 0.497298002243042 878
1616303892701 0.5876184701919556 879
1616303932120 0.5722618103027344 880
1616303966714 0.5424817800521851 881
1616304000812 0.546129047870636 882
1616304035323 0.5222785472869873 883
1616304069826 0.5610661506652832 884
1616304104453 0.5372908711433411 885
1616304139473 0.516410768032074 886
1616304173805 0.593505859375 887
1616304208848 0.5595937967300415 888
1616304243837 0.5114576816558838 889
1616304282772 0.5501774549484253 890
1616304317686 0.5935134887695312 891
1616304352077 0.5437842607498169 892
1616304386528 0.5729516744613647 893
1616304421305 0.5638540983200073 894
1616304455704 0.6088817119598389 895
1616304490078 0.5298129320144653 896
1616304525295 0.5198846459388733 897
1616304559798 0.5538262128829956 898
1616304594843 0.5064483880996704 899
1616304634457 0.6001099944114685 900
1616304669654 0.552892804145813 901
1616304704562 0.5783559083938599 902
1616304739611 0.5698401927947998 903
1616304774507 0.5715709924697876 904
1616304808649 0.5507978796958923 905
1616304843145 0.5520690679550171 906
1616304877477 0.5215933322906494 907
1616304911815 0.5372304916381836 908
1616304946636 0.5441550016403198 909
1616304986177 0.5722032189369202 910
1616305020535 0.5755032300949097 911
1616305055519 0.5141174793243408 912
1616305090284 0.5637162923812866 913
1616305125312 0.5743682384490967 914
1616305160058 0.5038582682609558 915
1616305194650 0.5652428865432739 916
1616305229671 0.5003571510314941 917
1616305264422 0.5613819360733032 918
1616305299359 0.5518566966056824 919
1616305338426 0.5590373873710632 920
1616305372924 0.5544652938842773 921
1616305407538 0.5458946824073792 922
1616305442360 0.5612941384315491 923
1616305476569 0.5919434428215027 924
1616305511493 0.539887547492981 925
1616305546302 0.58150315284729 926
1616305580695 0.5710649490356445 927
1616305615166 0.5451174974441528 928
1616305649633 0.5651789903640747 929
1616305688830 0.49991482496261597 930
1616305723789 0.5544004440307617 931
1616305758098 0.555828332901001 932
1616305793066 0.5589780807495117 933
1616305827873 0.509604811668396 934
1616305862242 0.5470668077468872 935
1616305896788 0.5172114968299866 936
1616305931856 0.5154259204864502 937
1616305966369 0.5322701930999756 938
1616306001214 0.556606113910675 939
1616306040665 0.5520797967910767 940
1616306075119 0.522826075553894 941
1616306109957 0.546341061592102 942
1616306144210 0.5261388421058655 943
1616306178803 0.5769746899604797 944
1616306213574 0.5641563534736633 945
1616306247883 0.5925462245941162 946
1616306282175 0.4857473373413086 947
1616306316478 0.5728326439857483 948
1616306350796 0.5966606140136719 949
1616306390207 0.5495057106018066 950
1616306424757 0.546026349067688 951
1616306459285 0.5880370140075684 952
1616306494572 0.5625888109207153 953
1616306529726 0.5727904438972473 954
1616306564311 0.5177627801895142 955
1616306598736 0.5647614002227783 956
1616306633165 0.5496480464935303 957
1616306668066 0.575960099697113 958
1616306702954 0.5642693638801575 959
1616306742349 0.5167183876037598 960
1616306777205 0.5399601459503174 961
1616306811511 0.5712878704071045 962
1616306845766 0.5428998470306396 963
1616306880628 0.5652187466621399 964
1616306914969 0.5943973064422607 965
1616306949364 0.5268433094024658 966
1616306984039 0.5652964115142822 967
1616307018982 0.6051719188690186 968
1616307054210 0.5528385043144226 969
1616307093085 0.5527350306510925 970
1616307127691 0.5794885754585266 971
1616307162099 0.5618374347686768 972
1616307196780 0.5379099249839783 973
1616307231479 0.5577976703643799 974
1616307266284 0.5299638509750366 975
1616307301456 0.5577715635299683 976
1616307336203 0.5719295740127563 977
1616307370611 0.5001107454299927 978
1616307405325 0.554966926574707 979
1616307444094 0.49938085675239563 980
1616307478902 0.541348934173584 981
1616307513647 0.5315873026847839 982
1616307547921 0.5450683832168579 983
1616307582310 0.6009163856506348 984
1616307616907 0.5688142776489258 985
1616307651716 0.5868536233901978 986
1616307686333 0.5542358160018921 987
1616307721357 0.5761557817459106 988
1616307755834 0.5749940276145935 989
1616307795236 0.5428083539009094 990
1616307829768 0.548970103263855 991
1616307864768 0.5943562984466553 992
1616307899604 0.542339026927948 993
1616307934588 0.5757428407669067 994
1616307969470 0.5921947956085205 995
1616308004094 0.5734392404556274 996
1616308038973 0.6009986400604248 997
1616308073469 0.5592172145843506 998
1616308107883 0.534960150718689 999
1616308147105 0.5866062641143799 1000
1616308182281 0.580732524394989 1001
1616308217298 0.5904474258422852 1002
1616308252390 0.5705257654190063 1003
1616308286815 0.5515111684799194 1004
1616308321218 0.5537909865379333 1005
1616308356170 0.556807279586792 1006
1616308391055 0.5548070669174194 1007
1616308425713 0.5539464950561523 1008
1616308460045 0.5194203853607178 1009
1616308499306 0.5225710868835449 1010
1616308533631 0.5778470039367676 1011
1616308568468 0.5561584234237671 1012
1616308602753 0.5390239357948303 1013
1616308636919 0.5743883848190308 1014
1616308671764 0.5598315000534058 1015
1616308706060 0.5572222471237183 1016
1616308740974 0.5405148267745972 1017
1616308775471 0.5658329725265503 1018
1616308810353 0.5772967338562012 1019
1616308849586 0.5757219791412354 1020
1616308884151 0.5554689168930054 1021
1616308918746 0.5095558166503906 1022
1616308953653 0.5809794068336487 1023
1616308988496 0.5618257522583008 1024
1616309023518 0.5158195495605469 1025
1616309058214 0.5785948634147644 1026
1616309092765 0.5474292039871216 1027
1616309127245 0.5498383045196533 1028
1616309161922 0.5847554206848145 1029
1616309201352 0.5381852388381958 1030
1616309236263 0.5393373370170593 1031
1616309270516 0.5529306530952454 1032
1616309304816 0.5769487619400024 1033
1616309339722 0.5620381832122803 1034
1616309374251 0.5716354250907898 1035
1616309409171 0.5623140931129456 1036
1616309443557 0.5776479244232178 1037
1616309478350 0.548604428768158 1038
1616309512985 0.5560270547866821 1039
1616309552790 0.5510826110839844 1040
1616309587523 0.5976701974868774 1041
1616309621933 0.5613467693328857 1042
1616309656976 0.553061842918396 1043
1616309691397 0.5427963137626648 1044
1616309725851 0.5821067690849304 1045
1616309761075 0.5425882935523987 1046
1616309795575 0.5228341221809387 1047
1616309829897 0.5631004571914673 1048
1616309864209 0.5599837899208069 1049
1616309903162 0.5603801012039185 1050
1616309937762 0.5381424427032471 1051
1616309972057 0.5154904127120972 1052
1616310006477 0.5568368434906006 1053
1616310041401 0.5522023439407349 1054
1616310076436 0.5388939380645752 1055
1616310110974 0.5978938341140747 1056
1616310145797 0.5792937874794006 1057
1616310180415 0.5009943246841431 1058
1616310215730 0.5088927149772644 1059
1616310255155 0.5593252778053284 1060
1616310289577 0.5649764537811279 1061
1616310324959 0.5237507820129395 1062
1616310359725 0.5254344344139099 1063
1616310394237 0.507175087928772 1064
1616310428604 0.530775785446167 1065
1616310463423 0.5770028829574585 1066
1616310497815 0.5312193632125854 1067
1616310532611 0.5345367193222046 1068
1616310567449 0.5622364282608032 1069
1616310606654 0.5366630554199219 1070
1616310640884 0.5512194037437439 1071
1616310675436 0.508762001991272 1072
1616310710093 0.5325849056243896 1073
1616310744876 0.5494495630264282 1074
1616310780134 0.5749520063400269 1075
1616310814754 0.5486741065979004 1076
1616310849860 0.530270516872406 1077
1616310885132 0.5666314959526062 1078
1616310919495 0.5556652545928955 1079
1616310958827 0.5296351909637451 1080
1616310993274 0.5247605443000793 1081
1616311028245 0.5266865491867065 1082
1616311063161 0.5096588134765625 1083
1616311097494 0.5335632562637329 1084
1616311132462 0.5336065888404846 1085
1616311167486 0.5613102316856384 1086
1616311201648 0.5660891532897949 1087
1616311236090 0.5622456073760986 1088
1616311270633 0.5405845642089844 1089
1616311310179 0.5635437965393066 1090
1616311345090 0.5620417594909668 1091
1616311379777 0.5495585799217224 1092
1616311414606 0.5580130815505981 1093
1616311449548 0.5258597135543823 1094
1616311484620 0.5661526918411255 1095
1616311519102 0.5738818645477295 1096
1616311553540 0.52468341588974 1097
1616311588436 0.5441762208938599 1098
1616311623613 0.5914016962051392 1099
1616311663476 0.5795840620994568 1100
1616311698319 0.5644350647926331 1101
1616311733260 0.5288299322128296 1102
1616311767642 0.5963356494903564 1103
1616311802490 0.5675194263458252 1104
1616311837210 0.5248034596443176 1105
1616311871610 0.5791710019111633 1106
1616311906487 0.5357668399810791 1107
1616311941218 0.5673258304595947 1108
1616311976348 0.577279806137085 1109
1616312015223 0.6018668413162231 1110
1616312049714 0.5441163778305054 1111
1616312084288 0.5274913907051086 1112
1616312119080 0.5488914251327515 1113
1616312153580 0.5794752836227417 1114
1616312188553 0.5584750175476074 1115
1616312222825 0.5966755747795105 1116
1616312257256 0.5608941316604614 1117
1616312291561 0.5652159452438354 1118
1616312326196 0.5168565511703491 1119
1616312365055 0.5658597946166992 1120
1616312399648 0.5595470666885376 1121
1616312434059 0.5506910085678101 1122
1616312468631 0.5651333928108215 1123
1616312503278 0.5506265163421631 1124
1616312537847 0.5752042531967163 1125
1616312572269 0.5660196542739868 1126
1616312606825 0.5732746124267578 1127
1616312641239 0.5698081254959106 1128
1616312675962 0.5625081062316895 1129
1616312715217 0.6003689765930176 1130
1616312749550 0.5333020687103271 1131
1616312784513 0.5895399451255798 1132
1616312819001 0.5694392919540405 1133
1616312853735 0.5622203350067139 1134
1616312888268 0.5581036806106567 1135
1616312922870 0.5907219648361206 1136
1616312957991 0.5718887448310852 1137
1616312992958 0.5416791439056396 1138
1616313027537 0.5415733456611633 1139
1616313067047 0.5499379634857178 1140
1616313101525 0.5263038873672485 1141
1616313136329 0.5542804002761841 1142
1616313170786 0.562993049621582 1143
1616313205279 0.5408384799957275 1144
1616313240111 0.5783401727676392 1145
1616313274830 0.5465999841690063 1146
1616313309693 0.6079696416854858 1147
1616313344027 0.5629197359085083 1148
1616313378821 0.5461265444755554 1149
1616313418042 0.5571563839912415 1150
1616313452403 0.5617207288742065 1151
1616313487297 0.5380502343177795 1152
1616313522015 0.543033242225647 1153
1616313557037 0.537769079208374 1154
1616313591635 0.5451408624649048 1155
1616313626388 0.5816249251365662 1156
1616313661688 0.5615313053131104 1157
1616313696208 0.5670101642608643 1158
1616313731146 0.5088762044906616 1159
1616313770730 0.5288530588150024 1160
1616313805586 0.5509143471717834 1161
1616313840007 0.6178269386291504 1162
1616313874516 0.5795282125473022 1163
1616313908860 0.560627818107605 1164
1616313943787 0.5265015363693237 1165
1616313978288 0.5676676034927368 1166
1616314013250 0.5554713010787964 1167
1616314048238 0.5298808813095093 1168
1616314082970 0.5653904676437378 1169
1616314121497 0.5666449069976807 1170
1616314155885 0.5697975754737854 1171
1616314190806 0.5607185363769531 1172
1616314225655 0.526165783405304 1173
1616314260424 0.5536872148513794 1174
1616314295293 0.5502688884735107 1175
1616314330560 0.5880391597747803 1176
1616314365892 0.5846351981163025 1177
1616314400857 0.5378566980361938 1178
1616314435866 0.5554287433624268 1179
1616314475263 0.54864501953125 1180
1616314509748 0.5987566113471985 1181
1616314544420 0.5395885705947876 1182
1616314579295 0.5602520108222961 1183
1616314613939 0.5552823543548584 1184
1616314648911 0.5477431416511536 1185
1616314683969 0.5444875955581665 1186
1616314719004 0.5619066953659058 1187
1616314753250 0.5466068387031555 1188
1616314787980 0.5926803350448608 1189
1616314827566 0.5577545166015625 1190
1616314862043 0.558631181716919 1191
1616314897104 0.5957016348838806 1192
1616314932202 0.5390301942825317 1193
1616314966743 0.5575203895568848 1194
1616315001776 0.5622572898864746 1195
1616315036259 0.5551387667655945 1196
1616315070973 0.5557495951652527 1197
1616315105561 0.5629931092262268 1198
1616315140645 0.5655754804611206 1199
1616315179874 0.5320116281509399 1200
1616315201518 0.5832817554473877 0
1616315201538 0.5832817554473877 0
