1615234166952 0.23444338142871857 1
1615234201330 0.31993141770362854 2
1615234235511 0.4889623522758484 3
1615234269604 0.594515860080719 4
1615234303795 0.6104485392570496 5
1615234337919 0.6313169002532959 6
1615234372504 0.6352398991584778 7
1615234407322 0.6463412046432495 8
1615234441804 0.6765269041061401 9
1615234478149 0.6511318683624268 10
1615234512796 0.7133693695068359 11
1615234547240 0.6895615458488464 12
1615234581484 0.651676595211029 13
1615234616298 0.6674184799194336 14
1615234650599 0.6761573553085327 15
1615234685053 0.6905062794685364 16
1615234719269 0.7118152976036072 17
1615234753346 0.7351589202880859 18
1615234787590 0.7003138065338135 19
1615234823491 0.7298687696456909 20
1615234857583 0.7197448015213013 21
1615234891846 0.7431385517120361 22
1615234926084 0.7534049153327942 23
1615234960178 0.7498416900634766 24
1615234994482 0.7261810302734375 25
1615235028995 0.7717940211296082 26
1615235063255 0.7455426454544067 27
1615235097491 0.7593631744384766 28
1615235131818 0.7292835712432861 29
1615235167876 0.7365880012512207 30
1615235202450 0.7626186013221741 31
1615235236966 0.7420298457145691 32
1615235271290 0.7653752565383911 33
1615235305524 0.7523272037506104 34
1615235339958 0.7723650932312012 35
1615235374441 0.7699410915374756 36
1615235408939 0.7958232760429382 37
1615235443292 0.7904074192047119 38
1615235477566 0.7780113220214844 39
1615235513654 0.7745106220245361 40
1615235547859 0.7765260338783264 41
1615235581979 0.7450816035270691 42
1615235616133 0.7667655348777771 43
1615235650352 0.786347508430481 44
1615235684549 0.7738590240478516 45
1615235718755 0.7456963062286377 46
1615235753149 0.7772873640060425 47
1615235787771 0.8301920890808105 48
1615235822643 0.8007467985153198 49
1615235859073 0.7884442806243896 50
1615235893394 0.7903380393981934 51
1615235927824 0.7199001312255859 52
1615235962185 0.7495036721229553 53
1615235996503 0.7727727293968201 54
1615236030718 0.7608100175857544 55
1615236064986 0.7776210904121399 56
1615236099318 0.7562385201454163 57
1615236133710 0.7665494680404663 58
1615236168405 0.7898173332214355 59
1615236204565 0.7872568368911743 60
1615236238934 0.7748154401779175 61
1615236273174 0.7718956470489502 62
1615236307517 0.7677007913589478 63
1615236341793 0.7370889186859131 64
1615236376241 0.7816324234008789 65
1615236410409 0.8051645755767822 66
1615236444654 0.802344560623169 67
1615236479065 0.807720959186554 68
1615236513622 0.7716068625450134 69
1615236550308 0.7773842811584473 70
1615236585016 0.7710546255111694 71
1615236620023 0.7514438629150391 72
1615236654425 0.7591571807861328 73
1615236688733 0.7757083177566528 74
1615236723250 0.7950781583786011 75
1615236757639 0.8060097694396973 76
1615236791847 0.8187557458877563 77
1615236826105 0.8221281170845032 78
1615236860345 0.7959824800491333 79
1615236896281 0.771655797958374 80
1615236931076 0.7831606864929199 81
1615236965630 0.8257628679275513 82
1615237000400 0.8012598156929016 83
1615237034841 0.8259165287017822 84
1615237069220 0.8127124905586243 85
1615237103643 0.8109043836593628 86
1615237137946 0.827754557132721 87
1615237172327 0.8291568756103516 88
1615237206570 0.8129581809043884 89
1615237242719 0.8054196238517761 90
1615237276989 0.8137816190719604 91
1615237311477 0.7943580150604248 92
1615237345776 0.8118793368339539 93
1615237380065 0.8317152261734009 94
1615237414184 0.8384674787521362 95
1615237448394 0.7981773018836975 96
1615237482616 0.789446234703064 97
1615237516832 0.7734874486923218 98
1615237551042 0.8047460913658142 99
1615237586880 0.8083161115646362 100
1615237621646 0.8239826560020447 101
1615237656086 0.7952775359153748 102
1615237690563 0.8225629925727844 103
1615237724877 0.8372060060501099 104
1615237759230 0.7978947162628174 105
1615237793684 0.7567477822303772 106
1615237827945 0.80950528383255 107
1615237862311 0.7979731559753418 108
1615237896589 0.819368302822113 109
1615237932645 0.8007572889328003 110
1615237967008 0.8237000703811646 111
1615238001260 0.8190573453903198 112
1615238035520 0.8043614029884338 113
1615238069938 0.7823377847671509 114
1615238104094 0.8080177903175354 115
1615238138309 0.7924667596817017 116
1615238172555 0.8202878832817078 117
1615238206739 0.7519931793212891 118
1615238240972 0.8224010467529297 119
1615238276941 0.8084427118301392 120
1615238311396 0.8257547616958618 121
1615238345624 0.8047218918800354 122
1615238380093 0.7803972959518433 123
1615238414553 0.7921015620231628 124
1615238449003 0.802009105682373 125
1615238483681 0.8247866630554199 126
1615238517993 0.8320931196212769 127
1615238552350 0.828152060508728 128
1615238586698 0.8174842596054077 129
1615238622773 0.834368109703064 130
1615238657010 0.8157205581665039 131
1615238691567 0.8206911087036133 132
1615238725718 0.839816689491272 133
1615238759997 0.8089251518249512 134
1615238794311 0.8613853454589844 135
1615238828500 0.8601174354553223 136
1615238862755 0.8253512382507324 137
1615238896985 0.7943156957626343 138
1615238931429 0.7985563278198242 139
1615238967677 0.8067225217819214 140
1615239002107 0.8060228824615479 141
1615239036588 0.8255680203437805 142
1615239071269 0.8483935594558716 143
1615239105652 0.8191167116165161 144
1615239139917 0.8573119044303894 145
1615239174143 0.8299169540405273 146
1615239208423 0.817903995513916 147
1615239242937 0.8144419193267822 148
1615239277293 0.832055926322937 149
1615239313631 0.8229970932006836 150
1615239347838 0.8333775997161865 151
1615239381976 0.8311935663223267 152
1615239416180 0.8399499654769897 153
1615239450388 0.8875057697296143 154
1615239484664 0.8491123914718628 155
1615239518827 0.8604055643081665 156
1615239552993 0.8583526611328125 157
1615239587304 0.8392702341079712 158
1615239621604 0.873381495475769 159
1615239657562 0.8562835454940796 160
1615239692013 0.7954577207565308 161
1615239726427 0.8163899779319763 162
1615239760871 0.8295434713363647 163
1615239795306 0.8545925617218018 164
1615239829682 0.827385425567627 165
1615239864178 0.8030869960784912 166
1615239898571 0.8437691926956177 167
1615239932979 0.8520724773406982 168
1615239967311 0.878205418586731 169
1615240003287 0.841240406036377 170
1615240037703 0.8242038488388062 171
1615240071999 0.8560148477554321 172
1615240106490 0.8388229608535767 173
1615240140784 0.8344117999076843 174
1615240175216 0.835718035697937 175
1615240209367 0.8344602584838867 176
1615240243725 0.8056989908218384 177
1615240278164 0.8267192840576172 178
1615240312915 0.8175108432769775 179
1615240349650 0.8786673545837402 180
1615240384535 0.8418589234352112 181
1615240418900 0.8230921030044556 182
1615240453208 0.7937226891517639 183
1615240487627 0.8496408462524414 184
1615240521939 0.8414492607116699 185
1615240556184 0.8335821628570557 186
1615240590352 0.8128334879875183 187
1615240624732 0.8222019672393799 188
1615240658930 0.826468825340271 189
1615240694828 0.8353210687637329 190
1615240729306 0.8765199780464172 191
1615240763529 0.8315353393554688 192
1615240797704 0.8076674938201904 193
1615240831928 0.818570613861084 194
1615240866456 0.8515841960906982 195
1615240901441 0.8009942173957825 196
1615240935927 0.8446310758590698 197
1615240971073 0.8407898545265198 198
1615241005376 0.8401992321014404 199
1615241041233 0.8175526261329651 200
1615241075532 0.8118975758552551 201
1615241109702 0.8021724224090576 202
1615241143885 0.8283748626708984 203
1615241178097 0.8367825746536255 204
1615241212343 0.847831130027771 205
1615241246588 0.8594456911087036 206
1615241280799 0.8654299974441528 207
1615241314952 0.8643413782119751 208
1615241349312 0.8709210157394409 209
1615241385444 0.8091818690299988 210
1615241420784 0.8471998572349548 211
1615241455298 0.8472545146942139 212
1615241489671 0.7983019948005676 213
1615241524018 0.8210330605506897 214
1615241558312 0.8577650189399719 215
1615241592546 0.8213380575180054 216
1615241626914 0.837695837020874 217
1615241661107 0.8393591642379761 218
1615241695630 0.8355153799057007 219
1615241731431 0.837271511554718 220
1615241765673 0.8291311264038086 221
1615241799952 0.8228777647018433 222
1615241834306 0.8561103343963623 223
1615241868827 0.8490511178970337 224
1615241903228 0.8227987885475159 225
1615241937918 0.8355336785316467 226
1615241972462 0.8247296810150146 227
1615242006724 0.8501546382904053 228
1615242041007 0.8723803758621216 229
1615242076827 0.8524357080459595 230
1615242111162 0.8761310577392578 231
1615242145430 0.8554946184158325 232
1615242179738 0.8276424407958984 233
1615242214136 0.8474897742271423 234
1615242248450 0.8405523300170898 235
1615242282750 0.8464483022689819 236
1615242317340 0.8501681089401245 237
1615242351579 0.8449865579605103 238
1615242385830 0.8765138983726501 239
1615242421676 0.8392751812934875 240
1615242455959 0.8280633687973022 241
1615242490186 0.8473466634750366 242
1615242524456 0.8538709282875061 243
1615242558807 0.8660000562667847 244
1615242593214 0.8463884592056274 245
1615242627605 0.8503060340881348 246
1615242665921 0.8154327869415283 247
1615242700450 0.8442854285240173 248
1615242734796 0.8396549224853516 249
1615242771055 0.8499453067779541 250
1615242805337 0.872260570526123 251
1615242839647 0.8369107246398926 252
1615242873940 0.8075995445251465 253
1615242908213 0.8313310146331787 254
1615242942522 0.8535242080688477 255
1615242976810 0.8524712324142456 256
1615243011253 0.8905655145645142 257
1615243045502 0.8552554249763489 258
1615243079692 0.8463176488876343 259
1615243115447 0.8262656331062317 260
1615243149723 0.8580565452575684 261
1615243184026 0.8666684627532959 262
1615243218214 0.8473148345947266 263
1615243252534 0.8177619576454163 264
1615243286744 0.846850574016571 265
1615243321260 0.838204026222229 266
1615243356420 0.8535182476043701 267
1615243390805 0.8322722315788269 268
1615243425203 0.8520029187202454 269
1615243461519 0.8507417440414429 270
1615243495790 0.8690148591995239 271
1615243530272 0.8546494245529175 272
1615243564472 0.8457752466201782 273
1615243598757 0.8505852222442627 274
1615243633034 0.8379544019699097 275
1615243667315 0.803414523601532 276
1615243701649 0.8880183696746826 277
1615243735911 0.8377484083175659 278
1615243770133 0.8754435777664185 279
1615243806020 0.8697963356971741 280
1615243840723 0.8578200340270996 281
1615243875348 0.8701227307319641 282
1615243909859 0.8443571329116821 283
1615243944317 0.860930323600769 284
1615243978579 0.8150848150253296 285
1615244012918 0.8612602353096008 286
1615244047251 0.8437312841415405 287
1615244081659 0.833055853843689 288
1615244116042 0.8583430051803589 289
1615244151971 0.8423811793327332 290
1615244186248 0.8655208349227905 291
1615244220827 0.8552015423774719 292
1615244255058 0.8644530773162842 293
1615244289256 0.8530350923538208 294
1615244323421 0.8435014486312866 295
1615244357662 0.8397452235221863 296
1615244391889 0.8670530319213867 297
1615244426078 0.8578824996948242 298
1615244460348 0.8743741512298584 299
1615244496149 0.8701205253601074 300
1615244530433 0.8143128156661987 301
1615244564619 0.8587510585784912 302
1615244599245 0.8822576999664307 303
1615244633656 0.8748162984848022 304
1615244668116 0.8427339196205139 305
1615244702404 0.8353855609893799 306
1615244737050 0.8550132513046265 307
1615244771381 0.9098188877105713 308
1615244805574 0.8924243450164795 309
1615244841791 0.8262950778007507 310
1615244876045 0.8236048221588135 311
1615244910330 0.8492187261581421 312
1615244944687 0.8379184007644653 313
1615244978971 0.8839280605316162 314
1615245013246 0.8513748049736023 315
1615245047893 0.8647974729537964 316
1615245082140 0.8755959272384644 317
1615245116439 0.8473635315895081 318
1615245150697 0.8498739004135132 319
1615245186390 0.8626571893692017 320
1615245220647 0.8538782596588135 321
1615245254917 0.8481978178024292 322
1615245289344 0.8253118991851807 323
1615245323986 0.8748469948768616 324
1615245358564 0.8335813879966736 325
1615245393118 0.8534919023513794 326
1615245427693 0.8574509024620056 327
1615245462049 0.8703643679618835 328
1615245496404 0.8807949423789978 329
1615245532302 0.8245633840560913 330
1615245566851 0.8340219855308533 331
1615245601356 0.8487051129341125 332
1615245635555 0.8883882164955139 333
1615245669739 0.8405427932739258 334
1615245703897 0.8629283905029297 335
1615245738189 0.841661810874939 336
1615245772383 0.8714466094970703 337
1615245806849 0.8314201831817627 338
1615245841416 0.8868536949157715 339
1615245877806 0.8767706155776978 340
1615245912518 0.8543103933334351 341
1615245946958 0.8750163912773132 342
1615245981397 0.8436263799667358 343
1615246015788 0.8576045036315918 344
1615246050045 0.8441843390464783 345
1615246084352 0.8221124410629272 346
1615246118649 0.8078276515007019 347
1615246153080 0.8427160978317261 348
1615246187479 0.8733165264129639 349
1615246223581 0.886795699596405 350
1615246258035 0.8693272471427917 351
1615246292421 0.8658657073974609 352
1615246326679 0.8745133280754089 353
1615246360876 0.8837462663650513 354
1615246395148 0.8730223178863525 355
1615246429329 0.8541315793991089 356
1615246463472 0.8756384253501892 357
1615246497717 0.8965461850166321 358
1615246531984 0.8378901481628418 359
1615246568482 0.8538243770599365 360
1615246602755 0.8856973648071289 361
1615246637132 0.8859115839004517 362
1615246671443 0.8655878901481628 363
1615246705834 0.8431976437568665 364
1615246740166 0.8666020631790161 365
1615246774600 0.8476616144180298 366
1615246809115 0.8678169250488281 367
1615246843519 0.8800536394119263 368
1615246877830 0.8451773524284363 369
1615246913979 0.85822594165802 370
1615246948270 0.8989158868789673 371
1615246982500 0.8839205503463745 372
1615247016765 0.8604729771614075 373
1615247051018 0.8599655628204346 374
1615247085477 0.863946795463562 375
1615247119755 0.8559502363204956 376
1615247154046 0.8098055124282837 377
1615247188426 0.824937105178833 378
1615247223051 0.8383454084396362 379
1615247258782 0.8373348712921143 380
1615247293071 0.8633794188499451 381
1615247327323 0.864959716796875 382
1615247361422 0.8476119041442871 383
1615247395705 0.867246150970459 384
1615247429978 0.8777686357498169 385
1615247464212 0.8661419153213501 386
1615247498486 0.8465233445167542 387
1615247532691 0.8611879944801331 388
1615247566884 0.8606441020965576 389
1615247602725 0.8432546854019165 390
1615247636989 0.845641016960144 391
1615247671521 0.8468794226646423 392
1615247705839 0.8633980751037598 393
1615247740428 0.8389822840690613 394
1615247774826 0.9055079221725464 395
1615247809265 0.8563104867935181 396
1615247843600 0.8784868121147156 397
1615247877982 0.8840970993041992 398
1615247912186 0.8626951575279236 399
1615247948471 0.8748562335968018 400
1615247982767 0.8648582696914673 401
1615248017113 0.865339994430542 402
1615248051580 0.827597975730896 403
1615248085948 0.8820761442184448 404
1615248120289 0.8635392189025879 405
1615248154770 0.8659460544586182 406
1615248189154 0.8215216398239136 407
1615248223396 0.8711326122283936 408
1615248257841 0.850304365158081 409
1615248293663 0.8584431409835815 410
1615248327945 0.8593339920043945 411
1615248362171 0.8783760666847229 412
1615248396416 0.8815455436706543 413
1615248430559 0.8524660468101501 414
1615248464873 0.8406673669815063 415
1615248499467 0.8670682907104492 416
1615248534088 0.8580350875854492 417
1615248569006 0.8690722584724426 418
1615248603536 0.8631148338317871 419
1615248639691 0.878172755241394 420
1615248673973 0.8669458031654358 421
1615248708168 0.8626017570495605 422
1615248742618 0.839158296585083 423
1615248777223 0.8513785600662231 424
1615248811459 0.8830276727676392 425
1615248845732 0.8614242672920227 426
1615248880000 0.8813584446907043 427
1615248914229 0.8543903827667236 428
1615248948504 0.8243146538734436 429
1615248984280 0.8372983932495117 430
1615249018449 0.8700345754623413 431
1615249052610 0.8579321503639221 432
1615249086900 0.8524444103240967 433
1615249121428 0.8694900870323181 434
1615249156810 0.795669674873352 435
1615249191279 0.8681014776229858 436
1615249225789 0.8628621101379395 437
1615249260085 0.8658150434494019 438
1615249294498 0.8331592082977295 439
1615249330698 0.8955371379852295 440
1615249364987 0.8778502941131592 441
1615249399256 0.8399638533592224 442
1615249433774 0.8645979166030884 443
1615249467996 0.8865470886230469 444
1615249502248 0.8628451824188232 445
1615249536446 0.8486023545265198 446
1615249570624 0.8400732278823853 447
1615249604898 0.8674147725105286 448
1615249639255 0.8781053423881531 449
1615249675264 0.8890016078948975 450
1615249709655 0.879660427570343 451
1615249744084 0.8651078939437866 452
1615249778455 0.8587422966957092 453
1615249812895 0.8512535095214844 454
1615249847220 0.8880071640014648 455
1615249883429 0.8500074148178101 456
1615249917751 0.8334804773330688 457
1615249952047 0.8310361504554749 458
1615249986403 0.8695604801177979 459
1615250022500 0.8766258358955383 460
1615250056752 0.8794006109237671 461
1615250091109 0.8811211585998535 462
1615250125687 0.8587355613708496 463
1615250160056 0.8623170852661133 464
1615250194287 0.8736898303031921 465
1615250228560 0.8561110496520996 466
1615250262811 0.8448753952980042 467
1615250297081 0.8564981818199158 468
1615250331303 0.8695566058158875 469
1615250367167 0.8432493209838867 470
1615250401471 0.8412911891937256 471
1615250435730 0.8558245897293091 472
1615250470097 0.8590434789657593 473
1615250504583 0.8537026643753052 474
1615250538991 0.8806573152542114 475
1615250573611 0.8559173345565796 476
1615250608199 0.8597668409347534 477
1615250642445 0.8680891394615173 478
1615250676801 0.9003423452377319 479
1615250712682 0.8917193412780762 480
1615250747005 0.8679800033569336 481
1615250781270 0.88133704662323 482
1615250815597 0.8596330881118774 483
1615250850196 0.8639631271362305 484
1615250884459 0.8601574897766113 485
1615250918655 0.8535179495811462 486
1615250952963 0.8506196737289429 487
1615250987297 0.869389533996582 488
1615251021575 0.8804469108581543 489
1615251057412 0.8966829776763916 490
1615251091850 0.8678605556488037 491
1615251126703 0.8362507820129395 492
1615251161544 0.9105685353279114 493
1615251196065 0.8225128054618835 494
1615251230439 0.8701433539390564 495
1615251264711 0.8561291694641113 496
1615251298995 0.8889263868331909 497
1615251333593 0.8611782789230347 498
1615251367885 0.8830318450927734 499
1615251403863 0.8573988676071167 500
1615251438092 0.8350009918212891 501
1615251472651 0.8777419328689575 502
1615251506944 0.8858352899551392 503
1615251541263 0.8926085233688354 504
1615251575480 0.8652568459510803 505
1615251609774 0.8836777210235596 506
1615251644136 0.8444799184799194 507
1615251678495 0.8602229356765747 508
1615251712827 0.8757314682006836 509
1615251749916 0.8691775798797607 510
1615251785313 0.9118499755859375 511
1615251819724 0.8777917623519897 512
1615251854098 0.8822983503341675 513
1615251888399 0.888736367225647 514
1615251922623 0.8621481657028198 515
1615251956909 0.883701741695404 516
1615251991178 0.8961738348007202 517
1615252025616 0.864592432975769 518
1615252059962 0.8513544797897339 519
1615252096135 0.8456346988677979 520
1615252130635 0.8353028297424316 521
1615252165127 0.864923894405365 522
1615252199610 0.8814223408699036 523
1615252234176 0.8784201145172119 524
1615252268615 0.864399790763855 525
1615252302876 0.9088654518127441 526
1615252337058 0.8711915016174316 527
1615252371257 0.8638491630554199 528
1615252405415 0.9014503955841064 529
1615252441692 0.8689292669296265 530
1615252475918 0.8509924411773682 531
1615252510266 0.8598941564559937 532
1615252544481 0.8637599945068359 533
1615252578684 0.8727582693099976 534
1615252613212 0.8607394695281982 535
1615252647514 0.9076993465423584 536
1615252681772 0.8592644929885864 537
1615252715985 0.8757779598236084 538
1615252750122 0.8682609796524048 539
1615252786153 0.9010941386222839 540
1615252820368 0.8598687648773193 541
1615252855203 0.8459867238998413 542
1615252889698 0.8758735060691833 543
1615252924174 0.8856195211410522 544
1615252958558 0.8705614805221558 545
1615252992948 0.8826063871383667 546
1615253027253 0.9071350693702698 547
1615253061795 0.8553114533424377 548
1615253096155 0.8509416580200195 549
1615253132021 0.8889896869659424 550
1615253166286 0.8782591819763184 551
1615253200585 0.8788621425628662 552
1615253234799 0.895814836025238 553
1615253268905 0.8359009027481079 554
1615253303049 0.8670182228088379 555
1615253337300 0.8922419548034668 556
1615253371400 0.8674336671829224 557
1615253405616 0.8676661252975464 558
1615253439903 0.8472335338592529 559
1615253475751 0.8917287588119507 560
1615253510823 0.8653061389923096 561
1615253545269 0.8589274883270264 562
1615253579826 0.8702925443649292 563
1615253614242 0.9202737212181091 564
1615253648603 0.8494370579719543 565
1615253682954 0.8851321935653687 566
1615253717379 0.8747700452804565 567
1615253751784 0.9006798267364502 568
1615253786050 0.8750596046447754 569
1615253822060 0.8757312893867493 570
1615253856304 0.8461334705352783 571
1615253890524 0.8652849197387695 572
1615253924869 0.8633924722671509 573
1615253959136 0.8850721120834351 574
1615253993305 0.8659065961837769 575
1615254027789 0.8734893202781677 576
1615254062003 0.8978590369224548 577
1615254098787 0.8992481231689453 578
1615254133018 0.8804092407226562 579
1615254168862 0.892183780670166 580
1615254203073 0.9051645994186401 581
1615254237297 0.8416905403137207 582
1615254271497 0.8676366806030273 583
1615254305845 0.8808574676513672 584
1615254340433 0.864202618598938 585
1615254374819 0.8763763904571533 586
1615254410959 0.9051678776741028 587
1615254445298 0.8708065748214722 588
1615254480018 0.8623936176300049 589
1615254515931 0.8892168998718262 590
1615254550241 0.8765869140625 591
1615254584481 0.8722147941589355 592
1615254619459 0.8608444929122925 593
1615254653918 0.8708127737045288 594
1615254689622 0.8846546411514282 595
1615254723832 0.8786022663116455 596
1615254758101 0.888563871383667 597
1615254792242 0.8684622049331665 598
1615254826529 0.8691425323486328 599
1615254862796 0.8538905382156372 600
1615254897580 0.9059758186340332 601
1615254932156 0.8786587119102478 602
1615254966969 0.8408253192901611 603
1615255001448 0.861512303352356 604
1615255035713 0.8767499923706055 605
1615255070042 0.8748533725738525 606
1615255104207 0.8775945901870728 607
1615255138640 0.891726016998291 608
1615255173232 0.8783791661262512 609
1615255209096 0.87787264585495 610
1615255243344 0.8395074605941772 611
1615255277934 0.8768860101699829 612
1615255312246 0.868944525718689 613
1615255346524 0.8790320158004761 614
1615255380768 0.8592345714569092 615
1615255414948 0.8789429664611816 616
1615255449159 0.8602898120880127 617
1615255483393 0.8967020511627197 618
1615255517642 0.8717062473297119 619
1615255553956 0.8630858659744263 620
1615255588518 0.8873637914657593 621
1615255623361 0.8495473861694336 622
1615255657937 0.8575462102890015 623
1615255692240 0.8822720646858215 624
1615255726730 0.903183102607727 625
1615255760952 0.891960620880127 626
1615255795570 0.8870957493782043 627
1615255830045 0.8750918507575989 628
1615255864227 0.8525307178497314 629
1615255899972 0.8730391263961792 630
1615255934123 0.9082231521606445 631
1615255968310 0.8568255305290222 632
1615256002574 0.8996576070785522 633
1615256036730 0.8855817914009094 634
1615256070919 0.8446670770645142 635
1615256105174 0.8625394701957703 636
1615256139422 0.8934000730514526 637
1615256173610 0.8753707408905029 638
1615256207947 0.8787195682525635 639
1615256244204 0.874958872795105 640
1615256278661 0.8793351650238037 641
1615256313065 0.8636804223060608 642
1615256347434 0.8801831007003784 643
1615256381936 0.8877288103103638 644
1615256416366 0.8849397301673889 645
1615256450669 0.8845142722129822 646
1615256485088 0.8899909257888794 647
1615256519483 0.8611105680465698 648
1615256553895 0.8887133598327637 649
1615256589976 0.9104202389717102 650
1615256624486 0.8709434270858765 651
1615256658722 0.8848150968551636 652
1615256693048 0.8755028247833252 653
1615256727338 0.896519124507904 654
1615256761531 0.8846009969711304 655
1615256795932 0.8850499391555786 656
1615256830092 0.8786411285400391 657
1615256864404 0.8578365445137024 658
1615256898532 0.8585027456283569 659
1615256934633 0.8726106882095337 660
1615256969072 0.8964326977729797 661
1615257003928 0.8721009492874146 662
1615257038535 0.862209677696228 663
1615257073018 0.8721860647201538 664
1615257107436 0.8931622505187988 665
1615257141716 0.8781273365020752 666
1615257176002 0.8863087892532349 667
1615257210518 0.8770474791526794 668
1615257244710 0.8647888898849487 669
1615257280601 0.8815348744392395 670
1615257314803 0.8768742084503174 671
1615257349441 0.8385801315307617 672
1615257383662 0.8455482721328735 673
1615257417995 0.8680527210235596 674
1615257452238 0.8445687294006348 675
1615257486572 0.8802995681762695 676
1615257520903 0.8686358332633972 677
1615257555110 0.8833780288696289 678
1615257589403 0.86952805519104 679
1615257625123 0.8811947107315063 680
1615257659357 0.876249372959137 681
1615257693764 0.899902880191803 682
1615257728202 0.9011672735214233 683
1615257762593 0.8736103177070618 684
1615257797014 0.8748416900634766 685
1615257831552 0.8764369487762451 686
1615257865879 0.9175369739532471 687
1615257900300 0.8665601015090942 688
1615257934621 0.833810567855835 689
1615257971212 0.8825687170028687 690
1615258005574 0.8838882446289062 691
1615258039996 0.909684419631958 692
1615258074186 0.8946614265441895 693
1615258108355 0.8829642534255981 694
1615258142988 0.8672807812690735 695
1615258177269 0.8865447044372559 696
1615258211496 0.8960935473442078 697
1615258245773 0.8840640187263489 698
1615258280555 0.8999719619750977 699
1615258317070 0.8951914310455322 700
1615258351635 0.8698465824127197 701
1615258386160 0.8770934343338013 702
1615258420437 0.9052197337150574 703
1615258454660 0.8810870051383972 704
1615258488942 0.8583738803863525 705
1615258523361 0.8759444952011108 706
1615258557837 0.8829859495162964 707
1615258592496 0.895295262336731 708
1615258626740 0.8638746738433838 709
1615258662712 0.8963726758956909 710
1615258696931 0.8922711610794067 711
1615258731282 0.8806973099708557 712
1615258765490 0.8933408260345459 713
1615258799974 0.9010939598083496 714
1615258834345 0.8822875022888184 715
1615258868827 0.8615691661834717 716
1615258903075 0.905631959438324 717
1615258937531 0.9112800359725952 718
1615258972126 0.879125714302063 719
1615259008120 0.8922327160835266 720
1615259042320 0.8724623322486877 721
1615259076684 0.8544079065322876 722
1615259111012 0.873303234577179 723
1615259145400 0.8892543315887451 724
1615259179712 0.8667637705802917 725
1615259213945 0.9081000089645386 726
1615259248587 0.9253360033035278 727
1615259282755 0.8747082352638245 728
1615259316961 0.9180904626846313 729
1615259352869 0.9120322465896606 730
1615259387169 0.8968919515609741 731
1615259421363 0.893050491809845 732
1615259455559 0.9014232754707336 733
1615259489666 0.8657587766647339 734
1615259524034 0.8798146843910217 735
1615259558240 0.8923816680908203 736
1615259592432 0.9052905440330505 737
1615259626608 0.8827416300773621 738
1615259660743 0.8891390562057495 739
1615259696470 0.866374671459198 740
1615259730787 0.858132004737854 741
1615259765164 0.8930325508117676 742
1615259799706 0.9051839113235474 743
1615259837364 0.9242158532142639 744
1615259871978 0.8665748834609985 745
1615259906301 0.8863760232925415 746
1615259940727 0.8715872168540955 747
1615259975228 0.8740094304084778 748
1615260009528 0.8751250505447388 749
1615260045786 0.9156448841094971 750
1615260079931 0.8623964786529541 751
1615260114092 0.8777977228164673 752
1615260148238 0.8686543107032776 753
1615260182437 0.8807543516159058 754
1615260216678 0.8837172985076904 755
1615260250930 0.8989661931991577 756
1615260285188 0.8786674737930298 757
1615260319445 0.8672887682914734 758
1615260353858 0.9227474927902222 759
1615260390423 0.8748937845230103 760
1615260424891 0.8598260283470154 761
1615260459218 0.8673543334007263 762
1615260493538 0.8856377601623535 763
1615260527942 0.8959826827049255 764
1615260562214 0.873429000377655 765
1615260596421 0.8877420425415039 766
1615260630875 0.8894286155700684 767
1615260665361 0.8684195876121521 768
1615260699650 0.8933579921722412 769
1615260735764 0.87815260887146 770
1615260770267 0.8571780920028687 771
1615260804500 0.880696177482605 772
1615260838749 0.8947707414627075 773
1615260873035 0.886786699295044 774
1615260907218 0.8568956851959229 775
1615260941492 0.8954419493675232 776
1615260975740 0.8843161463737488 777
1615261010343 0.8697611689567566 778
1615261044784 0.8584833145141602 779
1615261080669 0.8987669348716736 780
1615261115274 0.8268575668334961 781
1615261149686 0.8979838490486145 782
1615261183995 0.9119372367858887 783
1615261218204 0.8963473439216614 784
1615261252370 0.8930635452270508 785
1615261286713 0.8593251705169678 786
1615261321138 0.8776049613952637 787
1615261356436 0.9031369090080261 788
1615261390816 0.8763859868049622 789
1615261426871 0.8805854320526123 790
1615261461107 0.8720362186431885 791
1615261495296 0.9015487432479858 792
1615261529460 0.8667174577713013 793
1615261563740 0.9060418605804443 794
1615261598163 0.8636351823806763 795
1615261632649 0.8706467151641846 796
1615261667359 0.8917416334152222 797
1615261702067 0.8654718399047852 798
1615261736791 0.9090186953544617 799
1615261772959 0.8680195808410645 800
1615261807236 0.8568919897079468 801
1615261841509 0.8769518136978149 802
1615261875856 0.8915595412254333 803
1615261910278 0.8714436292648315 804
1615261944413 0.876095175743103 805
1615261978634 0.8734930753707886 806
1615262013123 0.8823862075805664 807
1615262047305 0.8804721832275391 808
1615262081466 0.8648478388786316 809
1615262117702 0.8886919021606445 810
1615262151942 0.8600038290023804 811
1615262186186 0.8718674182891846 812
1615262220447 0.9087191820144653 813
1615262254595 0.9090902805328369 814
1615262288822 0.8816928863525391 815
1615262323058 0.8589719533920288 816
1615262357581 0.9151672124862671 817
1615262391991 0.8625373840332031 818
1615262426454 0.8722285032272339 819
1615262462533 0.8358573913574219 820
1615262496905 0.896602213382721 821
1615262531284 0.8694841265678406 822
1615262565507 0.8801882266998291 823
1615262599836 0.8920472264289856 824
1615262634007 0.8649317026138306 825
1615262668244 0.8623976707458496 826
1615262702443 0.8717151880264282 827
1615262736844 0.9002755880355835 828
1615262771144 0.8906233310699463 829
1615262807217 0.8771534562110901 830
1615262841419 0.884575366973877 831
1615262875641 0.8908786773681641 832
1615262909916 0.9008041620254517 833
1615262944136 0.8835246562957764 834
1615262978382 0.8640879988670349 835
1615263012555 0.8991923332214355 836
1615263046724 0.8376792669296265 837
1615263081086 0.8923246264457703 838
1615263115449 0.8957273960113525 839
1615263151322 0.8891810178756714 840
1615263185653 0.86760413646698 841
1615263220013 0.9002183675765991 842
1615263254337 0.9077556133270264 843
1615263288653 0.8986835479736328 844
1615263323254 0.8812216520309448 845
1615263357807 0.8824249505996704 846
1615263392141 0.8890012502670288 847
1615263426323 0.8624091148376465 848
1615263460601 0.8572574257850647 849
1615263496638 0.8696731328964233 850
1615263530852 0.9118019342422485 851
1615263565036 0.9262369275093079 852
1615263599215 0.8602945804595947 853
1615263633527 0.8720060586929321 854
1615263667775 0.8765361309051514 855
1615263701938 0.8860194683074951 856
1615263736240 0.8712411522865295 857
1615263770770 0.8937526941299438 858
1615263806013 0.8906431794166565 859
1615263842059 0.8904949426651001 860
1615263876686 0.8556429147720337 861
1615263911042 0.8850817680358887 862
1615263945253 0.8773880004882812 863
1615263979461 0.8546059727668762 864
1615264013775 0.8778871893882751 865
1615264048437 0.86173015832901 866
1615264082704 0.8981375694274902 867
1615264116969 0.8596134185791016 868
1615264151217 0.866597056388855 869
1615264187045 0.9086946845054626 870
1615264221192 0.8717695474624634 871
1615264255330 0.9012632369995117 872
1615264289560 0.8793217539787292 873
1615264323743 0.9020551443099976 874
1615264358030 0.8877080082893372 875
1615264392807 0.8983175754547119 876
1615264427339 0.8784791827201843 877
1615264461911 0.848777711391449 878
1615264496516 0.9020651578903198 879
1615264532354 0.8994832634925842 880
1615264566907 0.8747944235801697 881
1615264601224 0.8844658136367798 882
1615264635545 0.8588715195655823 883
1615264669765 0.9019712209701538 884
1615264704298 0.8712518215179443 885
1615264738692 0.845248818397522 886
1615264772991 0.9091154336929321 887
1615264807244 0.8793817758560181 888
1615264841506 0.8425949215888977 889
1615264877215 0.8783054351806641 890
1615264911428 0.9116442203521729 891
1615264946880 0.8826777935028076 892
1615264981082 0.8850964307785034 893
1615265015314 0.8946024179458618 894
1615265049697 0.9193193912506104 895
1615265084291 0.8488999605178833 896
1615265119075 0.8699031472206116 897
1615265153587 0.8875049352645874 898
1615265188161 0.8407312631607056 899
1615265224156 0.9181356430053711 900
1615265258471 0.8799452185630798 901
1615265292812 0.8998392820358276 902
1615265327102 0.8878492712974548 903
1615265361365 0.8867250084877014 904
1615265395777 0.8856702446937561 905
1615265430478 0.8684029579162598 906
1615265464762 0.866051197052002 907
1615265499093 0.865027129650116 908
1615265533418 0.8866690993309021 909
1615265569339 0.9026069641113281 910
1615265603538 0.9033765196800232 911
1615265637684 0.8484364748001099 912
1615265672003 0.8873285055160522 913
1615265706329 0.9045596122741699 914
1615265740814 0.860945463180542 915
1615265775322 0.8949381113052368 916
1615265809780 0.8384997844696045 917
1615265844592 0.8794716000556946 918
1615265879043 0.8859680891036987 919
1615265915025 0.8872466087341309 920
1615265949384 0.883959949016571 921
1615265983929 0.8835666179656982 922
1615266018267 0.8835657835006714 923
1615266052472 0.907881498336792 924
1615266086834 0.8756699562072754 925
1615266121104 0.9024206399917603 926
1615266155375 0.8975226879119873 927
1615266189572 0.8831648826599121 928
1615266223781 0.8964518308639526 929
1615266259892 0.8517923951148987 930
1615266294391 0.8839970827102661 931
1615266328556 0.8918102979660034 932
1615266362794 0.8894392848014832 933
1615266397013 0.8560928702354431 934
1615266431198 0.868800163269043 935
1615266465443 0.8536206483840942 936
1615266499728 0.8679397106170654 937
1615266533953 0.8735187649726868 938
1615266568187 0.8936772346496582 939
1615266604354 0.8958055973052979 940
1615266638833 0.8629099130630493 941
1615266673275 0.8656482696533203 942
1615266707664 0.858020544052124 943
1615266742039 0.9115102291107178 944
1615266776347 0.8930530548095703 945
1615266810688 0.9126056432723999 946
1615266844950 0.8214235305786133 947
1615266879227 0.8987041711807251 948
1615266913800 0.9111060500144958 949
1615266949859 0.8734252452850342 950
1615266984242 0.8771317005157471 951
1615267018525 0.9226105213165283 952
1615267052796 0.891987681388855 953
1615267087018 0.8891993761062622 954
1615267121319 0.8743754625320435 955
1615267155582 0.8855705261230469 956
1615267189849 0.8839439153671265 957
1615267224065 0.8866790533065796 958
1615267258335 0.897009015083313 959
1615267294174 0.8735039830207825 960
1615267328986 0.8710982799530029 961
1615267363419 0.881864070892334 962
1615267398057 0.8779721260070801 963
1615267432302 0.8830040097236633 964
1615267466796 0.9093090295791626 965
1615267501421 0.8678175210952759 966
1615267535619 0.8953296542167664 967
1615267569912 0.9266344308853149 968
1615267604094 0.879642128944397 969
1615267640055 0.8854602575302124 970
1615267674304 0.904205858707428 971
1615267708509 0.8736282587051392 972
1615267742718 0.8780573606491089 973
1615267776916 0.8915529847145081 974
1615267811163 0.8480438590049744 975
1615267845962 0.8962396383285522 976
1615267880391 0.8967841267585754 977
1615267914776 0.8498047590255737 978
1615267949144 0.892491340637207 979
1615267985257 0.8300715088844299 980
1615268019653 0.882517397403717 981
1615268053884 0.8737044930458069 982
1615268088182 0.876136064529419 983
1615268122543 0.9228579998016357 984
1615268156941 0.8956469893455505 985
1615268191209 0.9089961051940918 986
1615268225597 0.8801453113555908 987
1615268259776 0.8959245681762695 988
1615268294008 0.8895307779312134 989
1615268329893 0.877004861831665 990
1615268364260 0.8840221166610718 991
1615268398469 0.90833580493927 992
1615268432707 0.8541896343231201 993
1615268467084 0.9109560251235962 994
1615268501351 0.905078113079071 995
1615268535615 0.904873251914978 996
1615268569879 0.925269365310669 997
1615268604250 0.8911829590797424 998
1615268638683 0.8581328392028809 999
1615268674931 0.9186457395553589 1000
1615268709358 0.9088441133499146 1001
1615268743897 0.9142746925354004 1002
1615268778482 0.9030729532241821 1003
1615268812826 0.8918337821960449 1004
1615268847053 0.8796595335006714 1005
1615268881293 0.873973548412323 1006
1615268915515 0.8770694732666016 1007
1615268949805 0.8929899334907532 1008
1615268984188 0.848434329032898 1009
1615269020222 0.8582428097724915 1010
1615269054527 0.9148637056350708 1011
1615269088880 0.8870875835418701 1012
1615269123500 0.8685919642448425 1013
1615269157693 0.8874455690383911 1014
1615269191853 0.885978102684021 1015
1615269226065 0.8911730647087097 1016
1615269260282 0.8652105331420898 1017
1615269294580 0.9142289161682129 1018
1615269329118 0.9038496017456055 1019
1615269365297 0.897563636302948 1020
1615269399752 0.8739533424377441 1021
1615269434553 0.8491673469543457 1022
1615269468856 0.9048522710800171 1023
1615269503173 0.8720129728317261 1024
1615269537494 0.8279949426651001 1025
1615269571730 0.9085347652435303 1026
1615269605984 0.8671636581420898 1027
1615269640399 0.8894950747489929 1028
1615269675034 0.8980706930160522 1029
1615269711131 0.8715337514877319 1030
1615269745352 0.8663374185562134 1031
1615269779652 0.870451807975769 1032
1615269813891 0.9038556814193726 1033
1615269848146 0.8952884674072266 1034
1615269882466 0.8945930004119873 1035
1615269916697 0.8949460387229919 1036
1615269950981 0.8918278217315674 1037
1615269985293 0.8678883910179138 1038
1615270019713 0.8880609273910522 1039
1615270056245 0.8633126616477966 1040
1615270090827 0.9211851358413696 1041
1615270125318 0.886398434638977 1042
1615270159684 0.870261549949646 1043
1615270194044 0.8785727024078369 1044
1615270228384 0.908366322517395 1045
1615270262561 0.8696257472038269 1046
1615270297012 0.86207115650177 1047
1615270331252 0.8964986205101013 1048
1615270365523 0.886919379234314 1049
1615270401879 0.8955087065696716 1050
1615270436197 0.8670123815536499 1051
1615270470413 0.8417981863021851 1052
1615270504686 0.8925203680992126 1053
1615270538984 0.8840824961662292 1054
1615270573141 0.8875688910484314 1055
1615270607834 0.9077591896057129 1056
1615270642255 0.9047667384147644 1057
1615270676595 0.8517316579818726 1058
1615270711069 0.8464363813400269 1059
1615270747550 0.8867205381393433 1060
1615270781975 0.8831268548965454 1061
1615270816337 0.8757756948471069 1062
1615270850593 0.8665968179702759 1063
1615270884955 0.8503463268280029 1064
1615270919384 0.8713178038597107 1065
1615270953900 0.89512699842453 1066
1615270988164 0.8703891038894653 1067
1615271022458 0.8773806095123291 1068
1615271056703 0.8954057693481445 1069
1615271092580 0.8639959096908569 1070
1615271126825 0.8722072243690491 1071
1615271161082 0.8544735908508301 1072
1615271195523 0.884162962436676 1073
1615271230124 0.8815330266952515 1074
1615271264685 0.8997154831886292 1075
1615271299096 0.8794506788253784 1076
1615271333636 0.8690081834793091 1077
1615271367974 0.8911318778991699 1078
1615271402277 0.8949098587036133 1079
1615271438245 0.855147659778595 1080
1615271472434 0.8528591394424438 1081
1615271506979 0.8582132458686829 1082
1615271541163 0.8489362001419067 1083
1615271575516 0.8743196129798889 1084
1615271609694 0.8654828071594238 1085
1615271643915 0.8936569690704346 1086
1615271678157 0.8863487243652344 1087
1615271712480 0.8859894275665283 1088
1615271746656 0.8944268226623535 1089
1615271782525 0.8854386210441589 1090
1615271817052 0.895258903503418 1091
1615271851514 0.8847829699516296 1092
1615271885886 0.891876220703125 1093
1615271920264 0.8589189052581787 1094
1615271954541 0.8937039375305176 1095
1615271989197 0.90073561668396 1096
1615272023510 0.8665243983268738 1097
1615272057990 0.8677337169647217 1098
1615272092227 0.910786509513855 1099
1615272128297 0.9046635627746582 1100
1615272162740 0.899584949016571 1101
1615272197062 0.8702806234359741 1102
1615272231597 0.9116775989532471 1103
1615272265815 0.887873649597168 1104
1615272300075 0.865659236907959 1105
1615272334308 0.8929036855697632 1106
1615272368496 0.8749101161956787 1107
1615272402681 0.9010425806045532 1108
1615272436959 0.9010576605796814 1109
1615272472905 0.9153978824615479 1110
1615272507135 0.8811106085777283 1111
1615272541504 0.8780861496925354 1112
1615272575972 0.8842000961303711 1113
1615272610345 0.9093061685562134 1114
1615272644828 0.8843013048171997 1115
1615272679283 0.9059373736381531 1116
1615272713713 0.8942739963531494 1117
1615272748053 0.9004182815551758 1118
1615272782355 0.8609095811843872 1119
1615272818295 0.8925023078918457 1120
1615272852752 0.8896673917770386 1121
1615272887125 0.8707107901573181 1122
1615272921467 0.8746656179428101 1123
1615272955663 0.8808468580245972 1124
1615272990086 0.8898520469665527 1125
1615273024428 0.8841903805732727 1126
1615273058794 0.9038010835647583 1127
1615273093028 0.8977108001708984 1128
1615273127281 0.8894428014755249 1129
1615273163072 0.9042844176292419 1130
1615273197275 0.8687658905982971 1131
1615273231459 0.9165747165679932 1132
1615273265900 0.8916641473770142 1133
1615273300564 0.8838828802108765 1134
1615273335283 0.8827593326568604 1135
1615273369658 0.9159433841705322 1136
1615273403973 0.9024230241775513 1137
1615273438266 0.8795469403266907 1138
1615273472548 0.8681144118309021 1139
1615273508559 0.886060357093811 1140
1615273543012 0.8736166954040527 1141
1615273577278 0.8813984394073486 1142
1615273611547 0.895575225353241 1143
1615273645835 0.8791384696960449 1144
1615273680045 0.9065732955932617 1145
1615273714309 0.8900935053825378 1146
1615273748684 0.9287996292114258 1147
1615273783096 0.8847324848175049 1148
1615273817625 0.8804527521133423 1149
1615273853802 0.8826233744621277 1150
1615273888390 0.8818113803863525 1151
1615273922927 0.8766554594039917 1152
1615273957372 0.8640090823173523 1153
1615273991792 0.8640649318695068 1154
1615274026267 0.8751740455627441 1155
1615274060583 0.9058144092559814 1156
1615274094914 0.894081711769104 1157
1615274129493 0.887436032295227 1158
1615274163725 0.8579608201980591 1159
1615274199579 0.8735648393630981 1160
1615274233938 0.8823518753051758 1161
1615274269144 0.9278541803359985 1162
1615274303335 0.9029414653778076 1163
1615274337547 0.8922131061553955 1164
1615274371853 0.8712529540061951 1165
1615274406001 0.8837145566940308 1166
1615274440268 0.876806378364563 1167
1615274474543 0.8785613179206848 1168
1615274508697 0.9019666910171509 1169
1615274544575 0.8921658992767334 1170
1615274578994 0.8894548416137695 1171
1615274613393 0.8878737688064575 1172
1615274647917 0.8583924770355225 1173
1615274682359 0.8850076794624329 1174
1615274716642 0.8653892278671265 1175
1615274751154 0.9044814705848694 1176
1615274785617 0.9138875603675842 1177
1615274820146 0.8512358665466309 1178
1615274854570 0.8883141279220581 1179
1615274890776 0.8733989000320435 1180
1615274925299 0.9276052713394165 1181
1615274959681 0.8724743127822876 1182
1615274993869 0.8735899925231934 1183
1615275028119 0.8830286860466003 1184
1615275062416 0.8820194005966187 1185
1615275096751 0.8768998980522156 1186
1615275131031 0.8821283578872681 1187
1615275165279 0.8758289217948914 1188
1615275199526 0.9141864776611328 1189
1615275235265 0.8752156496047974 1190
1615275269680 0.8952053785324097 1191
1615275304100 0.9144726395606995 1192
1615275338545 0.8620560765266418 1193
1615275372976 0.8886300921440125 1194
1615275407304 0.8912054896354675 1195
1615275441727 0.8850953578948975 1196
1615275476174 0.9017428159713745 1197
1615275510360 0.8940880298614502 1198
1615275544598 0.8974224328994751 1199
1615275580544 0.8666088581085205 1200
1615275604001 0.905940592288971 0
1615275604013 0.905940592288971 0
