1616507573329 0.0011726128868758678 1
1616507607512 0.00014650366210844368 2
1616507641677 0.00013861407933291048 3
1616507675893 4.291884397389367e-05 4
1616507709961 4.623489439836703e-05 5
1616507744773 4.614261797541985e-06 6
1616507779396 4.770218424710038e-07 7
1616507814008 0.0 8
1616507849261 0.0 9
1616507889828 0.0 10
1616507925490 0.0 11
1616507960247 0.0 12
1616507994968 0.0 13
1616508028990 0.0 14
1616508063747 0.0 15
1616508098553 0.0 16
1616508132793 0.0 17
1616508166806 0.0 18
1616508201106 0.0 19
1616508239905 0.0 20
1616508274151 0.0 21
1616508308379 0.0 22
1616508342635 0.0 23
1616508377492 0.0 24
1616508411425 0.0 25
1616508445552 0.0 26
1616508479892 0.0 27
1616508514478 0.0 28
1616508550139 0.0 29
1616508591090 0.0 30
1616508626744 0.0 31
1616508661928 0.0 32
1616508696442 0.0 33
1616508731715 0.0 34
1616508766800 0.0 35
1616508801467 0.0 36
1616508835772 0.0 37
1616508869732 0.0 38
1616508903958 0.0 39
1616508942096 0.0 40
1616508976085 0.0 41
1616509010812 0.0 42
1616509046302 0.0 43
1616509082142 0.0 44
1616509116876 0.0 45
1616509151707 1.1998175978078507e-05 46
1616509186038 0.0 47
1616509220593 0.0 48
1616509255252 0.0 49
1616509293790 0.0 50
1616509328483 0.0 51
1616509362902 0.0 52
1616509397674 0.0 53
1616509432858 0.0 54
1616509467199 0.0 55
1616509501578 0.0 56
1616509535653 0.0 57
1616509569895 0.0 58
1616509604726 0.0 59
1616509643218 0.0 60
1616509678116 0.0 61
1616509712434 0.0 62
1616509747828 0.0 63
1616509782536 0.0 64
1616509818328 0.0 65
1616509853504 3.233499000998563e-06 66
1616509888167 0.0 67
1616509922749 0.0 68
1616509958059 0.0 69
1616509997850 0.0 70
1616510032623 0.0 71
1616510067401 0.0 72
1616510102190 0.0 73
1616510136800 0.0 74
1616510171650 0.0 75
1616510206326 0.0 76
1616510240913 0.0 77
1616510275417 0.0 78
1616510310241 0.0 79
1616510348705 0.0 80
1616510382910 0.0 81
1616510417565 3.991264748037793e-06 82
1616510451673 0.0 83
1616510486325 1.8773871488519944e-05 84
1616510521122 0.0 85
1616510556494 0.0 86
1616510591288 0.00016497194883413613 87
1616510625861 0.0 88
1616510660186 2.071004246317898e-06 89
1616510699149 0.0 90
1616510733659 0.0 91
1616510768590 0.0006699480582028627 92
1616510803554 6.192333785293158e-06 93
1616510837858 0.0 94
1616510872642 0.0 95
1616510906729 0.0 96
1616510941693 0.0 97
1616510976515 4.4824957967648515e-07 98
1616511010710 0.0 99
1616511050343 0.0 100
1616511085035 0.0 101
1616511120992 0.0 102
1616511156701 0.0 103
1616511192394 0.0 104
1616511227691 0.0 105
1616511262057 0.0 106
1616511296407 0.0 107
1616511331351 0.00011747200187528506 108
1616511365686 0.0 109
1616511405585 0.0 110
1616511440274 0.0 111
1616511474216 0.0 112
1616511509784 0.0 113
1616511544341 0.002087225206196308 114
1616511578480 1.6042376671521197e-07 115
1616511613319 0.00017946798470802605 116
1616511647580 0.0 117
1616511682101 0.0 118
1616511716512 3.7991466683706676e-07 119
1616511756157 2.213961352026672e-06 120
1616511790497 0.0 121
1616511825004 5.92666367538186e-07 122
1616511859958 3.6633115087170154e-05 123
1616511894912 0.0 124
1616511929741 0.00014952108904253691 125
1616511964689 1.1562568943190854e-05 126
1616511999647 7.299270509975031e-05 127
1616512034913 3.0097959097474813e-05 128
1616512069502 0.00015400386473629624 129
1616512108036 9.709729783935472e-05 130
1616512142590 0.00010285879397997633 131
1616512177005 0.003288752632215619 132
1616512211139 4.858226020587608e-05 133
1616512246725 0.00023562044952996075 134
1616512280937 0.000133721245219931 135
1616512315089 9.697574569145218e-05 136
1616512349978 3.452131568337791e-05 137
1616512384247 5.383168627304258e-06 138
1616512419729 5.2231134759495035e-05 139
1616512459592 0.000205264484975487 140
1616512494758 0.0002949491608887911 141
1616512530077 6.721197860315442e-05 142
1616512565018 0.00043072280823253095 143
1616512600109 0.0004223547293804586 144
1616512634982 0.0005552368238568306 145
1616512669964 0.00011870757589349523 146
1616512704483 8.789015555521473e-05 147
1616512739260 1.026804147841176e-05 148
1616512773465 6.263338582357392e-05 149
1616512812113 4.772682586917654e-06 150
1616512846296 0.0008368682465516031 151
1616512881090 0.0007645980222150683 152
1616512915409 0.004269504453986883 153
1616512950051 0.0012283483520150185 154
1616512985995 9.256796147383284e-06 155
1616513021473 2.9127530069672503e-05 156
1616513056610 1.763990985637065e-05 157
1616513091761 0.003282466670498252 158
1616513126363 0.0012285608099773526 159
1616513165934 0.0013445410877466202 160
1616513200973 1.0646039299899712e-05 161
1616513235334 1.78579557541525e-05 162
1616513270444 0.0035500582307577133 163
1616513304896 0.00026065745623782277 164
1616513339706 0.0005992020596750081 165
1616513373670 0.000614251010119915 166
1616513407712 3.6822413676418364e-05 167
1616513442565 0.00024836615193635225 168
1616513477086 0.0023866561241447926 169
1616513515812 0.002436462789773941 170
1616513550453 0.0011393779423087835 171
1616513585885 0.0016501315403729677 172
1616513621159 0.0004382095648907125 173
1616513656783 0.0005143912858329713 174
1616513692077 0.002346321940422058 175
1616513726947 0.00022232224000617862 176
1616513761475 0.0004993565962649882 177
1616513796313 0.0017481441609561443 178
1616513830968 0.0026174411177635193 179
1616513869537 0.008338087238371372 180
1616513904341 0.0014515018556267023 181
1616513939099 0.0016431205440312624 182
1616513973414 0.00016751700604800135 183
1616514009629 0.0009197872132062912 184
1616514044280 0.00047131915926001966 185
1616514078919 0.0012182012433186173 186
1616514114534 0.0010564555414021015 187
1616514149542 0.0003333499771542847 188
1616514184234 3.3093776437453926e-05 189
1616514223274 0.0020043523982167244 190
1616514257474 0.004442536272108555 191
1616514291708 0.00024487977498210967 192
1616514326608 0.002855753293260932 193
1616514361541 0.00043665352859534323 194
1616514395933 0.0005995022365823388 195
1616514430772 0.0047024572268128395 196
1616514465618 0.0029773321002721786 197
1616514500397 0.002369761234149337 198
1616514534612 0.0009959060698747635 199
1616514573429 0.007829129695892334 200
1616514609112 0.001579824835062027 201
1616514644532 0.008719096891582012 202
1616514679419 0.0026149116456508636 203
1616514714888 0.004541323985904455 204
1616514750098 0.010011639446020126 205
1616514785523 0.013661148957908154 206
1616514820402 0.0024232296273112297 207
1616514854896 0.0010884974617511034 208
1616514889833 0.003061862662434578 209
1616514929957 0.008396274410188198 210
1616514964855 0.0017824498936533928 211
1616514999696 0.002944773994386196 212
1616515034630 0.0012019017012789845 213
1616515069013 0.0007883741636760533 214
1616515103960 0.0005246388027444482 215
1616515138290 0.001917876536026597 216
1616515172328 0.00014162463776301593 217
1616515207139 7.167937292251736e-05 218
1616515242033 0.0037233158946037292 219
1616515281150 0.006301877088844776 220
1616515315988 0.00200608535669744 221
1616515350864 0.002396494382992387 222
1616515385511 0.0032116074580699205 223
1616515420051 0.0015857331454753876 224
1616515454886 0.00033375422935932875 225
1616515488842 0.0008033136837184429 226
1616515523840 0.0006560864858329296 227
1616515558557 0.0041635530069470406 228
1616515593063 0.0019847899675369263 229
1616515632366 0.005532063543796539 230
1616515667289 0.00319137005135417 231
1616515701839 0.002363723935559392 232
1616515736443 0.010244643315672874 233
1616515771834 0.002603886416181922 234
1616515806881 0.005651550367474556 235
1616515841291 0.014632172882556915 236
1616515876352 0.005754399113357067 237
1616515911216 0.003297767834737897 238
1616515945358 0.010011885315179825 239
1616515984487 0.016310283914208412 240
1616516019456 0.005241501145064831 241
1616516053893 0.0005411942838691175 242
1616516088260 0.000707601779140532 243
1616516123624 0.001269536092877388 244
1616516158159 0.005908925551921129 245
1616516192238 0.004348054062575102 246
1616516226426 0.022960659116506577 247
1616516261141 0.020004022866487503 248
1616516296114 0.002648339606821537 249
1616516334262 0.0013257978716865182 250
1616516368934 0.012254091911017895 251
1616516404339 0.0018466647015884519 252
1616516439738 0.012175535783171654 253
1616516474814 0.0017683624755591154 254
1616516509816 0.013301277533173561 255
1616516545105 0.003294271184131503 256
1616516579735 0.00394132174551487 257
1616516614569 0.012984306551516056 258
1616516648981 0.00991376768797636 259
1616516688955 0.022372476756572723 260
1616516723502 0.007282452657818794 261
1616516757784 0.01904904842376709 262
1616516792002 0.0076597281731665134 263
1616516826283 0.019038230180740356 264
1616516861118 0.004207386169582605 265
1616516895314 0.0029481351375579834 266
1616516929514 0.01011726912111044 267
1616516964764 0.029239552095532417 268
1616517000296 0.021055588498711586 269
1616517039962 0.011174516752362251 270
1616517075817 0.033034276217222214 271
1616517110871 0.02554636262357235 272
1616517145845 0.018047893419861794 273
1616517180161 0.0032924499828368425 274
1616517214739 0.0033734419848769903 275
1616517249293 0.03359256312251091 276
1616517283420 0.028787139803171158 277
1616517318840 0.012446273118257523 278
1616517353212 0.017983224242925644 279
1616517391736 0.009155134670436382 280
1616517425976 0.008764604106545448 281
1616517460091 0.011949056759476662 282
1616517494635 0.034189943224191666 283
1616517529056 0.016241874545812607 284
1616517563776 0.017807643860578537 285
1616517598342 0.04432442784309387 286
1616517633358 0.02974049001932144 287
1616517668314 0.03701029345393181 288
1616517703564 0.010717712342739105 289
1616517744041 0.009498689323663712 290
1616517778979 0.018288005143404007 291
1616517813437 0.02314077317714691 292
1616517847967 0.02763756550848484 293
1616517882082 0.033591654151678085 294
1616517916311 0.018562087789177895 295
1616517950734 0.021231789141893387 296
1616517985272 0.02175101824104786 297
1616518020211 0.028177281841635704 298
1616518054470 0.030216388404369354 299
1616518092716 0.03435793146491051 300
1616518127007 0.028085730969905853 301
1616518161585 0.02996637485921383 302
1616518196368 0.006762207951396704 303
1616518230299 0.017067749053239822 304
1616518264561 0.037566229701042175 305
1616518299011 0.03672235459089279 306
1616518333331 0.03584077209234238 307
1616518368807 0.04762998968362808 308
1616518404311 0.06846430152654648 309
1616518443443 0.034998372197151184 310
1616518478712 0.04544707387685776 311
1616518513788 0.0526038333773613 312
1616518548894 0.08476012945175171 313
1616518583210 0.057664655148983 314
1616518617760 0.048571642488241196 315
1616518652097 0.02090996876358986 316
1616518687746 0.04271891713142395 317
1616518722173 0.035336896777153015 318
1616518756474 0.028905872255563736 319
1616518795127 0.030115965753793716 320
1616518829246 0.053921692073345184 321
1616518863637 0.040831394493579865 322
1616518898113 0.03300798684358597 323
1616518932402 0.018422886729240417 324
1616518966823 0.05053224787116051 325
1616519001416 0.04712499678134918 326
1616519038178 0.05490020290017128 327
1616519074533 0.07199162989854813 328
1616519109847 0.04012521356344223 329
1616519150904 0.05094172805547714 330
1616519185345 0.0345941036939621 331
1616519220224 0.060508280992507935 332
1616519254532 0.04557899758219719 333
1616519289005 0.037368692457675934 334
1616519324551 0.025619570165872574 335
1616519358880 0.021798904985189438 336
1616519393620 0.03308812156319618 337
1616519428524 0.03184422850608826 338
1616519463316 0.03365359082818031 339
1616519501275 0.03281477093696594 340
1616519536037 0.03265870362520218 341
1616519570925 0.058057405054569244 342
1616519605869 0.06691520661115646 343
1616519640200 0.04133050888776779 344
1616519674198 0.02867189049720764 345
1616519709815 0.043624140322208405 346
1616519745802 0.040381550788879395 347
1616519781496 0.04149284213781357 348
1616519817226 0.06506528705358505 349
1616519856756 0.06672239303588867 350
1616519891895 0.05254049599170685 351
1616519926512 0.07188230007886887 352
1616519962205 0.05004311352968216 353
1616519996079 0.05905032902956009 354
1616520031093 0.055013902485370636 355
1616520065376 0.06600169092416763 356
1616520100078 0.0612516924738884 357
1616520134565 0.04289168119430542 358
1616520169424 0.0973275825381279 359
1616520207721 0.03803006932139397 360
1616520243688 0.047166623175144196 361
1616520278506 0.061183758080005646 362
1616520314325 0.07240920513868332 363
1616520350175 0.04350079596042633 364
1616520385702 0.04193803668022156 365
1616520420715 0.02848750352859497 366
1616520455124 0.0317048504948616 367
1616520490371 0.03424786031246185 368
1616520525145 0.056366145610809326 369
1616520563540 0.0433729849755764 370
1616520598156 0.036276306957006454 371
1616520633025 0.09706994891166687 372
1616520667389 0.06572650372982025 373
1616520701718 0.042367853224277496 374
1616520736637 0.06507661193609238 375
1616520771289 0.03345157578587532 376
1616520806799 0.046617764979600906 377
1616520842490 0.05635054409503937 378
1616520878491 0.0587783008813858 379
1616520917105 0.07976146042346954 380
1616520952285 0.08714912831783295 381
1616520986739 0.04037166386842728 382
1616521021028 0.07624472677707672 383
1616521055995 0.0630645602941513 384
1616521090862 0.02819700911641121 385
1616521125213 0.029348233714699745 386
1616521159267 0.11205822229385376 387
1616521193818 0.057901203632354736 388
1616521228647 0.04781807214021683 389
1616521267564 0.07788265496492386 390
1616521302438 0.09020420908927917 391
1616521336869 0.07279693335294724 392
1616521371569 0.06264737993478775 393
1616521406614 0.04518831521272659 394
1616521441576 0.05323619395494461 395
1616521476050 0.0720168799161911 396
1616521513112 0.05070411041378975 397
1616521548907 0.06527553498744965 398
1616521583962 0.03225046396255493 399
1616521623889 0.07959054410457611 400
1616521658816 0.0514974519610405 401
1616521693113 0.03552781045436859 402
1616521727718 0.06734076887369156 403
1616521761908 0.07368053495883942 404
1616521796647 0.06748088449239731 405
1616521831027 0.09611758589744568 406
1616521865085 0.08235246688127518 407
1616521899561 0.06036622077226639 408
1616521936175 0.0846022367477417 409
1616521977310 0.057800691574811935 410
1616522012244 0.057413533329963684 411
1616522047608 0.054111260920763016 412
1616522082240 0.04521217942237854 413
1616522117103 0.04453916847705841 414
1616522152138 0.08080780506134033 415
1616522187539 0.0928659588098526 416
1616522222127 0.0568881556391716 417
1616522256555 0.0850493460893631 418
1616522290709 0.07928839325904846 419
1616522329311 0.08263599872589111 420
1616522363822 0.04780161753296852 421
1616522398581 0.07817710936069489 422
1616522433984 0.0660177618265152 423
1616522469583 0.07502858340740204 424
1616522504576 0.046664346009492874 425
1616522539771 0.06537220627069473 426
1616522574581 0.07706332951784134 427
1616522609055 0.06798622012138367 428
1616522643708 0.10781002789735794 429
1616522682077 0.08261150121688843 430
1616522717125 0.05814892426133156 431
1616522752356 0.06358328461647034 432
1616522786776 0.07188103348016739 433
1616522820929 0.07605127990245819 434
1616522855143 0.05923116207122803 435
1616522889605 0.06793709099292755 436
1616522923876 0.042876243591308594 437
1616522957925 0.05461736395955086 438
1616522994507 0.0729789137840271 439
1616523035496 0.10242259502410889 440
1616523070818 0.10386182367801666 441
1616523105761 0.08617865294218063 442
1616523139783 0.12165535241365433 443
1616523174233 0.07516384869813919 444
1616523208580 0.0815248042345047 445
1616523243676 0.11565461754798889 446
1616523278580 0.11016048491001129 447
1616523313196 0.09003090858459473 448
1616523347503 0.07349865138530731 449
1616523387024 0.0973440557718277 450
1616523421231 0.09458734840154648 451
1616523456157 0.0922674685716629 452
1616523490965 0.11311367899179459 453
1616523525670 0.07137032598257065 454
1616523560876 0.06794808804988861 455
1616523595663 0.05737921595573425 456
1616523630252 0.14407727122306824 457
1616523665791 0.11775727570056915 458
1616523700415 0.08739704638719559 459
1616523739790 0.07682538032531738 460
1616523774954 0.06665360182523727 461
1616523809395 0.09083996713161469 462
1616523844365 0.06557391583919525 463
1616523878661 0.07423818856477737 464
1616523913743 0.08453114330768585 465
1616523948658 0.10781314969062805 466
1616523982813 0.10205445438623428 467
1616524017052 0.07316460460424423 468
1616524051472 0.11029787361621857 469
1616524090570 0.11391378939151764 470
1616524126298 0.06652087718248367 471
1616524161634 0.06369112432003021 472
1616524197312 0.09640654921531677 473
1616524232887 0.07044890522956848 474
1616524267393 0.09381519258022308 475
1616524302107 0.09740473330020905 476
1616524336480 0.09512104839086533 477
1616524371068 0.114052414894104 478
1616524406065 0.08961097151041031 479
1616524445664 0.10598116368055344 480
1616524480778 0.06956925243139267 481
1616524515703 0.0894487276673317 482
1616524549927 0.07522057741880417 483
1616524584457 0.1122606098651886 484
1616524619234 0.07537847757339478 485
1616524654115 0.08827224373817444 486
1616524688079 0.08078444004058838 487
1616524722612 0.08915915340185165 488
1616524757408 0.07796052098274231 489
1616524796332 0.0906861424446106 490
1616524830754 0.06793629378080368 491
1616524866097 0.10534276813268661 492
1616524900939 0.14192736148834229 493
1616524936240 0.09654104709625244 494
1616524971290 0.12507575750350952 495
1616525005982 0.10518448799848557 496
1616525041066 0.11330252140760422 497
1616525076160 0.09012097865343094 498
1616525110869 0.09021776914596558 499
1616525150054 0.08173561096191406 500
1616525184654 0.09207510203123093 501
1616525219557 0.09672601521015167 502
1616525253809 0.13491889834403992 503
1616525288008 0.13396573066711426 504
1616525322574 0.05643104761838913 505
1616525356985 0.0903845727443695 506
1616525391352 0.0958365723490715 507
1616525426437 0.09547834098339081 508
1616525462262 0.07965683937072754 509
1616525503283 0.09465336799621582 510
1616525538630 0.05599325895309448 511
1616525573347 0.1578199863433838 512
1616525607897 0.10931632667779922 513
1616525642273 0.1058025062084198 514
1616525676601 0.1072523295879364 515
1616525711392 0.06964956969022751 516
1616525746458 0.09655879437923431 517
1616525781302 0.11423696577548981 518
1616525816113 0.07782016694545746 519
1616525855656 0.11786757409572601 520
1616525889861 0.10624894499778748 521
1616525924005 0.11543852090835571 522
1616525958322 0.09881657361984253 523
1616525992321 0.08233889937400818 524
1616526027103 0.049521490931510925 525
1616526062530 0.043372221291065216 526
1616526097472 0.055951379239559174 527
1616526133266 0.11405941843986511 528
1616526168711 0.0990675538778305 529
1616526208171 0.08851633965969086 530
1616526242527 0.07207991927862167 531
1616526277426 0.05481012910604477 532
1616526311823 0.11293058842420578 533
1616526346874 0.08186463266611099 534
1616526381739 0.10035020112991333 535
1616526416662 0.08792082220315933 536
1616526451001 0.09674087166786194 537
1616526486090 0.12598375976085663 538
1616526522077 0.12149976193904877 539
1616526562031 0.10515390336513519 540
1616526597285 0.10650669038295746 541
1616526632218 0.07414577901363373 542
1616526667001 0.13975591957569122 543
1616526702041 0.12125897407531738 544
1616526736467 0.06311745941638947 545
1616526770763 0.06113806366920471 546
1616526805424 0.08587965369224548 547
1616526839956 0.08657961338758469 548
1616526874862 0.07214844226837158 549
1616526912963 0.09850618988275528 550
1616526947451 0.11763758957386017 551
1616526981713 0.11124090850353241 552
1616527015856 0.07906275987625122 553
1616527050151 0.06516992300748825 554
1616527084991 0.09750181436538696 555
1616527119303 0.11826926469802856 556
1616527153262 0.13358613848686218 557
1616527187886 0.12858907878398895 558
1616527222209 0.10921601951122284 559
1616527260421 0.11152564734220505 560
1616527295078 0.11657747626304626 561
1616527329358 0.15473167598247528 562
1616527364834 0.1240745484828949 563
1616527401297 0.09402905404567719 564
1616527436389 0.14264294505119324 565
1616527471274 0.09744710475206375 566
1616527505790 0.08917644619941711 567
1616527540817 0.18318195641040802 568
1616527575841 0.10393746197223663 569
1616527613916 0.07590815424919128 570
1616527648075 0.13510042428970337 571
1616527682873 0.10486959666013718 572
1616527717709 0.16943970322608948 573
1616527751947 0.11837385594844818 574
1616527786305 0.1759496033191681 575
1616527820884 0.14649800956249237 576
1616527854950 0.1177607923746109 577
1616527889353 0.10867844521999359 578
1616527923367 0.08578722923994064 579
1616527962184 0.11410252749919891 580
1616527996380 0.10290689766407013 581
1616528031449 0.13927887380123138 582
1616528066054 0.12499728798866272 583
1616528101295 0.0880388617515564 584
1616528137643 0.1490962654352188 585
1616528174218 0.1311953365802765 586
1616528209003 0.13622643053531647 587
1616528243485 0.09299314022064209 588
1616528278373 0.12523356080055237 589
1616528317149 0.13269740343093872 590
1616528351403 0.10903725028038025 591
1616528386416 0.13383851945400238 592
1616528421136 0.1191169023513794 593
1616528455274 0.11355133354663849 594
1616528489594 0.15217088162899017 595
1616528523774 0.09277339279651642 596
1616528558326 0.1432604044675827 597
1616528592864 0.08045126497745514 598
1616528627384 0.1561318337917328 599
1616528666208 0.09338304400444031 600
1616528700886 0.07757657766342163 601
1616528735662 0.1305769979953766 602
1616528770522 0.11886849254369736 603
1616528806374 0.1498628854751587 604
1616528842357 0.10834871977567673 605
1616528877247 0.1507512629032135 606
1616528912697 0.12989991903305054 607
1616528947198 0.1380833089351654 608
1616528981424 0.12231583893299103 609
1616529020696 0.11984807252883911 610
1616529055276 0.1272607147693634 611
1616529089478 0.16062474250793457 612
1616529123895 0.12768709659576416 613
1616529158900 0.136522114276886 614
1616529193584 0.12604227662086487 615
1616529228350 0.17432820796966553 616
1616529262372 0.13539499044418335 617
1616529298484 0.09803928434848785 618
1616529334889 0.1093723326921463 619
1616529373864 0.11871884763240814 620
1616529408940 0.1327590048313141 621
1616529443725 0.14730204641819 622
1616529478571 0.10980928689241409 623
1616529513285 0.1487402766942978 624
1616529548392 0.12299422174692154 625
1616529583430 0.10890508443117142 626
1616529618555 0.14204740524291992 627
1616529653029 0.12317025661468506 628
1616529686992 0.10169558227062225 629
1616529725784 0.09187234938144684 630
1616529760041 0.15926659107208252 631
1616529794636 0.16334524750709534 632
1616529829364 0.11071781814098358 633
1616529863536 0.16950584948062897 634
1616529898088 0.1316099911928177 635
1616529933616 0.09869704395532608 636
1616529970764 0.14516395330429077 637
1616530006200 0.11307009309530258 638
1616530041238 0.14267756044864655 639
1616530080851 0.10129749774932861 640
1616530115115 0.15000702440738678 641
1616530150920 0.12912744283676147 642
1616530185364 0.14850226044654846 643
1616530220274 0.12451401352882385 644
1616530255181 0.11879879236221313 645
1616530290109 0.0963517352938652 646
1616530325034 0.1005023941397667 647
1616530359522 0.1166543960571289 648
1616530394557 0.10319389402866364 649
1616530433250 0.13546152412891388 650
1616530469635 0.11762288212776184 651
1616530504787 0.13969266414642334 652
1616530539876 0.11197054386138916 653
1616530575220 0.14819180965423584 654
1616530610035 0.12655481696128845 655
1616530644577 0.12949681282043457 656
1616530679696 0.14773786067962646 657
1616530714714 0.14673468470573425 658
1616530749881 0.10487867891788483 659
1616530788923 0.14950619637966156 660
1616530823448 0.12149139493703842 661
1616530858485 0.13561682403087616 662
1616530892742 0.12749694287776947 663
1616530927233 0.11836958676576614 664
1616530961890 0.16182255744934082 665
1616530996134 0.1263100504875183 666
1616531030407 0.11488305777311325 667
1616531065316 0.12843124568462372 668
1616531099791 0.17914673686027527 669
1616531139894 0.08169212937355042 670
1616531175198 0.15198785066604614 671
1616531209988 0.1270078867673874 672
1616531244913 0.1289830207824707 673
1616531279986 0.12179921567440033 674
1616531314497 0.12222538888454437 675
1616531349465 0.13955260813236237 676
1616531384117 0.1887122392654419 677
1616531418817 0.16525259613990784 678
1616531453716 0.13764919340610504 679
1616531493339 0.11843515932559967 680
1616531527676 0.15549466013908386 681
1616531562874 0.1077854111790657 682
1616531597144 0.12633326649665833 683
1616531631109 0.11758357286453247 684
1616531665577 0.1141672432422638 685
1616531700510 0.13369376957416534 686
1616531735532 0.1377490609884262 687
1616531770503 0.13728708028793335 688
1616531806898 0.16839757561683655 689
1616531847721 0.11502411961555481 690
1616531883102 0.10436500608921051 691
1616531917313 0.13387569785118103 692
1616531952463 0.1439158171415329 693
1616531987410 0.11805769056081772 694
1616532021897 0.12941619753837585 695
1616532057119 0.13377691805362701 696
1616532091350 0.10772112011909485 697
1616532126220 0.16750892996788025 698
1616532160906 0.16262751817703247 699
1616532199102 0.13894520699977875 700
1616532233821 0.10650621354579926 701
1616532268604 0.11852116882801056 702
1616532303525 0.1378767192363739 703
1616532337648 0.10727144032716751 704
1616532372459 0.11087004840373993 705
1616532407206 0.13278794288635254 706
1616532442718 0.10889289528131485 707
1616532477556 0.10174715518951416 708
1616532512361 0.14338582754135132 709
1616532551870 0.12469848990440369 710
1616532586464 0.1483365297317505 711
1616532622603 0.13305214047431946 712
1616532656966 0.12059448659420013 713
1616532691653 0.13740821182727814 714
1616532725978 0.14364932477474213 715
1616532760102 0.12409711629152298 716
1616532794324 0.17105479538440704 717
1616532828603 0.14727294445037842 718
1616532862951 0.14520123600959778 719
1616532901211 0.1606222689151764 720
1616532935814 0.13970695436000824 721
1616532970677 0.1593780815601349 722
1616533005331 0.15046954154968262 723
1616533039950 0.16152307391166687 724
1616533075549 0.16846507787704468 725
1616533111318 0.14700140058994293 726
1616533146972 0.1388002187013626 727
1616533181873 0.09209499508142471 728
1616533217078 0.14626489579677582 729
1616533256496 0.1560625284910202 730
1616533291240 0.13371117413043976 731
1616533326391 0.09620421379804611 732
1616533361947 0.16906359791755676 733
1616533396722 0.12816202640533447 734
1616533430910 0.11298206448554993 735
1616533464908 0.10017368197441101 736
1616533499277 0.10289351642131805 737
1616533533732 0.11054699867963791 738
1616533568511 0.16355574131011963 739
1616533607272 0.12994328141212463 740
1616533641915 0.12683357298374176 741
1616533676413 0.12958839535713196 742
1616533712571 0.11641184985637665 743
1616533748953 0.07094705104827881 744
1616533783980 0.19250144064426422 745
1616533818936 0.1605217456817627 746
1616533853628 0.12299390882253647 747
1616533888054 0.12493574619293213 748
1616533922655 0.16430601477622986 749
1616533961082 0.13157838582992554 750
1616533995246 0.10954369604587555 751
1616534029595 0.11282163858413696 752
1616534064487 0.17769065499305725 753
1616534099371 0.11516474187374115 754
1616534133704 0.1315949559211731 755
1616534168559 0.16338178515434265 756
1616534203008 0.1232481375336647 757
1616534237956 0.16795337200164795 758
1616534272602 0.10755697637796402 759
1616534311693 0.1528930813074112 760
1616534346644 0.13100236654281616 761
1616534381464 0.11165787279605865 762
1616534416763 0.1258619725704193 763
1616534452090 0.13733837008476257 764
1616534487607 0.12834692001342773 765
1616534522689 0.129367858171463 766
1616534557134 0.1403946727514267 767
1616534591434 0.1252126544713974 768
1616534626393 0.14796991646289825 769
1616534665268 0.11143087595701218 770
1616534699767 0.15485605597496033 771
1616534735352 0.14582496881484985 772
1616534769784 0.1861952692270279 773
1616534804077 0.15371447801589966 774
1616534838313 0.1172906681895256 775
1616534872653 0.12504351139068604 776
1616534907519 0.17432555556297302 777
1616534942250 0.13332563638687134 778
1616534976624 0.11622083932161331 779
1616535015532 0.13455228507518768 780
1616535050013 0.1453607678413391 781
1616535085047 0.13304699957370758 782
1616535120677 0.10982094705104828 783
1616535155992 0.1626897156238556 784
1616535190723 0.14566582441329956 785
1616535225868 0.10677558183670044 786
1616535261138 0.12489267438650131 787
1616535295702 0.1457601636648178 788
1616535330716 0.18505722284317017 789
1616535369078 0.11398279666900635 790
1616535403882 0.14377379417419434 791
1616535438783 0.09258440136909485 792
1616535472807 0.15434828400611877 793
1616535507339 0.1223769336938858 794
1616535542308 0.13582465052604675 795
1616535576303 0.18044999241828918 796
1616535610497 0.1395460069179535 797
1616535644618 0.11169328540563583 798
1616535679218 0.13231737911701202 799
1616535717273 0.1421358585357666 800
1616535751719 0.1693953275680542 801
1616535786648 0.13375508785247803 802
1616535820949 0.15442386269569397 803
1616535856921 0.13024845719337463 804
1616535892338 0.1135195940732956 805
1616535927986 0.09092265367507935 806
1616535962975 0.13361820578575134 807
1616535997856 0.09015274047851562 808
1616536032297 0.09765369445085526 809
1616536070949 0.14568018913269043 810
1616536106210 0.11043673008680344 811
1616536140594 0.1204637810587883 812
1616536176028 0.13511718809604645 813
1616536210329 0.12951022386550903 814
1616536245173 0.11402464658021927 815
1616536280120 0.11900065839290619 816
1616536314212 0.12393742799758911 817
1616536348640 0.11316929012537003 818
1616536382804 0.14855235815048218 819
1616536421665 0.15329894423484802 820
1616536455999 0.14925765991210938 821
1616536490168 0.13541866838932037 822
1616536525957 0.12345308065414429 823
1616536560992 0.14135313034057617 824
1616536595895 0.1718837320804596 825
1616536631121 0.1587177962064743 826
1616536666502 0.12921123206615448 827
1616536701437 0.11490918695926666 828
1616536736397 0.12005265057086945 829
1616536776122 0.14370453357696533 830
1616536810253 0.10197101533412933 831
1616536845104 0.16248565912246704 832
1616536879563 0.14703784883022308 833
1616536914910 0.13268977403640747 834
1616536949716 0.13505053520202637 835
1616536984303 0.1425463855266571 836
1616537019228 0.11906228959560394 837
1616537053539 0.16952642798423767 838
1616537088412 0.13953839242458344 839
1616537127644 0.13316386938095093 840
1616537162252 0.14603716135025024 841
1616537196889 0.1726580411195755 842
1616537231237 0.09911614656448364 843
1616537265846 0.14195382595062256 844
1616537300902 0.13461273908615112 845
1616537336102 0.1359471082687378 846
1616537371019 0.12355019152164459 847
1616537405725 0.11462739109992981 848
1616537440786 0.1577979177236557 849
1616537479665 0.12588177621364594 850
1616537514392 0.12467605620622635 851
1616537548769 0.14092233777046204 852
1616537583650 0.13308481872081757 853
1616537618010 0.07985973358154297 854
1616537652242 0.14265738427639008 855
1616537686776 0.16703400015830994 856
1616537721943 0.10859082639217377 857
1616537756278 0.15897437930107117 858
1616537790279 0.11197847127914429 859
1616537828624 0.1204119622707367 860
1616537862675 0.14936737716197968 861
1616537897489 0.158871591091156 862
1616537931623 0.1354774534702301 863
1616537966612 0.10080663859844208 864
1616538001043 0.15608865022659302 865
1616538035339 0.15471360087394714 866
1616538070113 0.11369442194700241 867
1616538104753 0.1544925421476364 868
1616538139159 0.1555824875831604 869
1616538178376 0.18157494068145752 870
1616538213045 0.13397741317749023 871
1616538247846 0.16420820355415344 872
1616538282666 0.13929584622383118 873
1616538317544 0.1439976841211319 874
1616538352300 0.1344909965991974 875
1616538387424 0.14327219128608704 876
1616538422109 0.143934965133667 877
1616538456373 0.14643220603466034 878
1616538491775 0.1789536476135254 879
1616538530850 0.11599388718605042 880
1616538566408 0.14689423143863678 881
1616538600532 0.14437824487686157 882
1616538635565 0.11645188927650452 883
1616538669891 0.12705619633197784 884
1616538704809 0.13660362362861633 885
1616538739635 0.20952634513378143 886
1616538774724 0.11595066636800766 887
1616538809519 0.15291328728199005 888
1616538845165 0.1499180793762207 889
1616538884881 0.12822481989860535 890
1616538919684 0.13990814983844757 891
1616538954986 0.14897260069847107 892
1616538990511 0.13649600744247437 893
1616539025504 0.15692012012004852 894
1616539059986 0.13994696736335754 895
1616539094452 0.14628198742866516 896
1616539128477 0.10676124691963196 897
1616539163060 0.09153668582439423 898
1616539197971 0.13027113676071167 899
1616539236810 0.14672105014324188 900
1616539271876 0.1358276605606079 901
1616539306031 0.12518393993377686 902
1616539340943 0.1045493558049202 903
1616539375578 0.11064131557941437 904
1616539410222 0.13592445850372314 905
1616539445958 0.13831301033496857 906
1616539481941 0.13123397529125214 907
1616539517423 0.11000670492649078 908
1616539552619 0.14635306596755981 909
1616539592032 0.10134889930486679 910
1616539626383 0.14008647203445435 911
1616539661425 0.14486277103424072 912
1616539695896 0.15074267983436584 913
1616539730085 0.16050787270069122 914
1616539764340 0.11724169552326202 915
1616539799207 0.15343603491783142 916
1616539833441 0.1279955506324768 917
1616539867797 0.10606177151203156 918
1616539901963 0.1452963799238205 919
1616539941693 0.14041176438331604 920
1616539976243 0.10510686039924622 921
1616540011085 0.12526121735572815 922
1616540046253 0.17899489402770996 923
1616540082173 0.1553051471710205 924
1616540117764 0.13207612931728363 925
1616540152480 0.1633671075105667 926
1616540187630 0.13312757015228271 927
1616540222559 0.1205328181385994 928
1616540256846 0.1266988217830658 929
1616540296105 0.16099326312541962 930
1616540331013 0.11223894357681274 931
1616540365065 0.17311225831508636 932
1616540400216 0.11958438903093338 933
1616540434344 0.11850394308567047 934
1616540468626 0.12002721428871155 935
1616540503094 0.06858332455158234 936
1616540537817 0.1189405545592308 937
1616540572213 0.11828690767288208 938
1616540607323 0.130798801779747 939
1616540647661 0.18721246719360352 940
1616540682820 0.1509515941143036 941
1616540717666 0.15322764217853546 942
1616540752379 0.10824791342020035 943
1616540787605 0.149774968624115 944
1616540821793 0.14495468139648438 945
1616540856287 0.15009240806102753 946
1616540891310 0.107000432908535 947
1616540925508 0.08957784622907639 948
1616540960649 0.1455809772014618 949
1616540999649 0.17395196855068207 950
1616541033596 0.11223511397838593 951
1616541067787 0.11343777179718018 952
1616541102644 0.16483056545257568 953
1616541137593 0.17772217094898224 954
1616541172135 0.13646531105041504 955
1616541206982 0.148198664188385 956
1616541241987 0.14513473212718964 957
1616541275848 0.12146364152431488 958
1616541310685 0.1386670470237732 959
1616541348960 0.13413135707378387 960
1616541383245 0.13783034682273865 961
1616541418183 0.11525942385196686 962
1616541452611 0.13997645676136017 963
1616541487129 0.14619886875152588 964
1616541522404 0.14586469531059265 965
1616541557828 0.14819073677062988 966
1616541592681 0.16083496809005737 967
1616541627556 0.10598248243331909 968
1616541662573 0.16030120849609375 969
1616541701124 0.10608163475990295 970
1616541736199 0.11934859305620193 971
1616541771257 0.13121268153190613 972
1616541806961 0.1204448938369751 973
1616541841677 0.15108934044837952 974
1616541876506 0.1580699384212494 975
1616541910867 0.10442604124546051 976
1616541945656 0.09646178781986237 977
1616541979964 0.10635824501514435 978
1616542014886 0.12882356345653534 979
1616542054171 0.11628944426774979 980
1616542089055 0.15609894692897797 981
1616542123269 0.13224539160728455 982
1616542157565 0.12070067971944809 983
1616542191829 0.15724679827690125 984
1616542227404 0.12109953165054321 985
1616542263886 0.1564868986606598 986
1616542299066 0.07205983251333237 987
1616542333975 0.1537068784236908 988
1616542368443 0.13688808679580688 989
1616542407415 0.13060680031776428 990
1616542441877 0.1454591155052185 991
1616542476590 0.137950599193573 992
1616542510945 0.1056538075208664 993
1616542546132 0.1535346806049347 994
1616542581055 0.18191900849342346 995
1616542615382 0.14324383437633514 996
1616542650795 0.11832057684659958 997
1616542684974 0.13558721542358398 998
1616542719363 0.1320587694644928 999
1616542758444 0.14931868016719818 1000
1616542792984 0.11800268292427063 1001
1616542827249 0.1439976543188095 1002
1616542861618 0.17302453517913818 1003
1616542896985 0.17041312158107758 1004
1616542932017 0.1324828863143921 1005
1616542967668 0.12857648730278015 1006
1616543002329 0.16969481110572815 1007
1616543037302 0.16234570741653442 1008
1616543072403 0.13538359105587006 1009
1616543112192 0.13418877124786377 1010
1616543146666 0.06935189664363861 1011
1616543181114 0.13534757494926453 1012
1616543215668 0.1355251967906952 1013
1616543249732 0.09158399701118469 1014
1616543284402 0.15731096267700195 1015
1616543319041 0.11855126172304153 1016
1616543353601 0.13606195151805878 1017
1616543387994 0.10555704683065414 1018
1616543422975 0.13470736145973206 1019
1616543461108 0.1624411642551422 1020
1616543495503 0.13634538650512695 1021
1616543529425 0.1348312795162201 1022
1616543563381 0.13579408824443817 1023
1616543598464 0.1389283835887909 1024
1616543634579 0.12073749303817749 1025
1616543670253 0.15852519869804382 1026
1616543705639 0.15728873014450073 1027
1616543740502 0.14357072114944458 1028
1616543775516 0.16657918691635132 1029
1616543815028 0.14624789357185364 1030
1616543850235 0.13683563470840454 1031
1616543884770 0.17388352751731873 1032
1616543919942 0.12949535250663757 1033
1616543954861 0.1713135838508606 1034
1616543989184 0.1744997501373291 1035
1616544024171 0.12823954224586487 1036
1616544058345 0.1402905434370041 1037
1616544093362 0.12626484036445618 1038
1616544128261 0.10526199638843536 1039
1616544166597 0.15608593821525574 1040
1616544200902 0.1490444839000702 1041
1616544236840 0.15231287479400635 1042
1616544274361 0.13431020081043243 1043
1616544309682 0.12766556441783905 1044
1616544344319 0.15637262165546417 1045
1616544379422 0.12779252231121063 1046
1616544414020 0.11287875473499298 1047
1616544448802 0.14599156379699707 1048
1616544483737 0.12496708333492279 1049
1616544522702 0.13067321479320526 1050
1616544556901 0.16627991199493408 1051
1616544591804 0.1309766173362732 1052
1616544626483 0.07702664285898209 1053
1616544660800 0.12590491771697998 1054
1616544695061 0.14026880264282227 1055
1616544729888 0.1445339024066925 1056
1616544763946 0.11385920643806458 1057
1616544797959 0.15286846458911896 1058
1616544832418 0.08771319687366486 1059
1616544872880 0.16508735716342926 1060
1616544908954 0.11418361216783524 1061
1616544944169 0.14137601852416992 1062
1616544979684 0.14984627068042755 1063
1616545014960 0.1522173285484314 1064
1616545050360 0.13214074075222015 1065
1616545084876 0.1258082389831543 1066
1616545119745 0.17695729434490204 1067
1616545154227 0.0853540375828743 1068
1616545188391 0.13211539387702942 1069
1616545227225 0.15408706665039062 1070
1616545262227 0.15232673287391663 1071
1616545297240 0.10701274871826172 1072
1616545332118 0.09096309542655945 1073
1616545367055 0.1722099781036377 1074
1616545401373 0.17669548094272614 1075
1616545436370 0.14659833908081055 1076
1616545471259 0.12396058440208435 1077
1616545506045 0.15492673218250275 1078
1616545540942 0.16805428266525269 1079
1616545578747 0.11558263748884201 1080
1616545613005 0.15629005432128906 1081
1616545648029 0.17067277431488037 1082
1616545682711 0.1564379632472992 1083
1616545718953 0.1227184608578682 1084
1616545754064 0.1346132755279541 1085
1616545789260 0.09170327335596085 1086
1616545824717 0.12332333624362946 1087
1616545859850 0.16623201966285706 1088
1616545894472 0.15746425092220306 1089
1616545934035 0.1612779200077057 1090
1616545968161 0.10915323346853256 1091
1616546002805 0.1268194019794464 1092
1616546037758 0.1222708448767662 1093
1616546072128 0.1731332242488861 1094
1616546106410 0.15434697270393372 1095
1616546140554 0.133855938911438 1096
1616546175150 0.15125423669815063 1097
1616546209524 0.17710883915424347 1098
1616546245365 0.16714593768119812 1099
1616546287093 0.14508402347564697 1100
1616546322120 0.14534611999988556 1101
1616546358014 0.19236737489700317 1102
1616546392766 0.14693182706832886 1103
1616546427834 0.1236630380153656 1104
1616546462399 0.12503886222839355 1105
1616546496964 0.19156032800674438 1106
1616546531099 0.1590932011604309 1107
1616546565375 0.1417895406484604 1108
1616546600358 0.15445274114608765 1109
1616546638631 0.11956531554460526 1110
1616546673263 0.16271881759166718 1111
1616546708653 0.13417449593544006 1112
1616546743573 0.1387358009815216 1113
1616546779110 0.16068482398986816 1114
1616546814860 0.10868968814611435 1115
1616546849968 0.1428529918193817 1116
1616546885761 0.15899530053138733 1117
1616546921380 0.16640102863311768 1118
1616546955848 0.10934711992740631 1119
1616546995557 0.11574356257915497 1120
1616547030468 0.14186708629131317 1121
1616547064904 0.13617603480815887 1122
1616547099159 0.1691318154335022 1123
1616547133198 0.14902350306510925 1124
1616547167481 0.14907047152519226 1125
1616547202392 0.14882132411003113 1126
1616547237465 0.11413896083831787 1127
1616547272331 0.1313793957233429 1128
1616547307310 0.13389545679092407 1129
1616547347013 0.12471224367618561 1130
1616547381962 0.13482360541820526 1131
1616547416369 0.1178913414478302 1132
1616547451355 0.1410215198993683 1133
1616547485924 0.12529654800891876 1134
1616547520837 0.13748180866241455 1135
1616547555877 0.13576531410217285 1136
1616547590647 0.10868217051029205 1137
1616547625559 0.16436031460762024 1138
1616547660692 0.11646689474582672 1139
1616547699803 0.13746988773345947 1140
1616547734726 0.0988033190369606 1141
1616547769388 0.12710562348365784 1142
1616547803703 0.1201101690530777 1143
1616547838151 0.1236557886004448 1144
1616547872123 0.09059837460517883 1145
1616547907012 0.12949609756469727 1146
1616547941602 0.12503498792648315 1147
1616547977096 0.16199563443660736 1148
1616548012215 0.12396296113729477 1149
1616548051889 0.1789272129535675 1150
1616548086712 0.07371074706315994 1151
1616548121320 0.16830189526081085 1152
1616548156238 0.09032951295375824 1153
1616548191341 0.12414008378982544 1154
1616548225850 0.13108064234256744 1155
1616548261530 0.15046527981758118 1156
1616548296447 0.12881793081760406 1157
1616548331041 0.09884848445653915 1158
1616548365191 0.15526935458183289 1159
1616548403987 0.09424887597560883 1160
1616548438820 0.09945008158683777 1161
1616548473343 0.15064558386802673 1162
1616548507747 0.12331162393093109 1163
1616548542665 0.12183727324008942 1164
1616548577569 0.1165473461151123 1165
1616548613173 0.14664490520954132 1166
1616548648904 0.15795500576496124 1167
1616548684493 0.14572641253471375 1168
1616548719304 0.1360136866569519 1169
1616548758861 0.1330380141735077 1170
1616548793306 0.15269193053245544 1171
1616548827948 0.14138063788414001 1172
1616548863142 0.15956731140613556 1173
1616548898116 0.14194078743457794 1174
1616548933101 0.14929762482643127 1175
1616548967495 0.12198426574468613 1176
1616549002605 0.12280058860778809 1177
1616549037503 0.08496011793613434 1178
1616549072274 0.15923744440078735 1179
1616549111140 0.16411101818084717 1180
1616549147627 0.11651641875505447 1181
1616549182761 0.16533884406089783 1182
1616549218049 0.14259883761405945 1183
1616549253096 0.12636351585388184 1184
1616549287698 0.10118795931339264 1185
1616549322206 0.1237855777144432 1186
1616549357437 0.15408888459205627 1187
1616549392339 0.14708736538887024 1188
1616549426677 0.1329638659954071 1189
1616549466495 0.12907227873802185 1190
1616549500753 0.13582520186901093 1191
1616549535131 0.11589805781841278 1192
1616549570072 0.13640710711479187 1193
1616549604857 0.1430881917476654 1194
1616549639816 0.20548272132873535 1195
1616549675493 0.13777272403240204 1196
1616549711079 0.12561869621276855 1197
1616549747075 0.14195281267166138 1198
1616549782733 0.14548513293266296 1199
1616549822865 0.13535518944263458 1200
1616549852904 0.10638515651226044 0
1616549852916 0.10638515651226044 0
