1616507573329 0.03806297481060028 1
1616507607512 0.0346100777387619 2
1616507641677 0.03141593560576439 3
1616507675893 0.02925671823322773 4
1616507709961 0.027831166982650757 5
1616507744773 0.02601679414510727 6
1616507779396 0.026738237589597702 7
1616507814008 0.02497609332203865 8
1616507849261 0.024960704147815704 9
1616507889828 0.024758946150541306 10
1616507925490 0.023561544716358185 11
1616507960247 0.02248285338282585 12
1616507994968 0.022690892219543457 13
1616508028990 0.022661900147795677 14
1616508063747 0.021311460062861443 15
1616508098553 0.023090407252311707 16
1616508132793 0.02216396853327751 17
1616508166806 0.02153065800666809 18
1616508201106 0.022508881986141205 19
1616508239905 0.021635813638567924 20
1616508274151 0.020239470526576042 21
1616508308379 0.02142629399895668 22
1616508342635 0.020745795220136642 23
1616508377492 0.020290348678827286 24
1616508411425 0.02161847986280918 25
1616508445552 0.0217023603618145 26
1616508479892 0.02087792567908764 27
1616508514478 0.021442599594593048 28
1616508550139 0.019892912358045578 29
1616508591090 0.021586202085018158 30
1616508626744 0.020551860332489014 31
1616508661928 0.02072211727499962 32
1616508696442 0.019741930067539215 33
1616508731715 0.020068272948265076 34
1616508766800 0.019361265003681183 35
1616508801467 0.019285280257463455 36
1616508835772 0.02049151249229908 37
1616508869732 0.01999511756002903 38
1616508903958 0.01998727396130562 39
1616508942096 0.01973574422299862 40
1616508976085 0.019086617976427078 41
1616509010812 0.018380790948867798 42
1616509046302 0.019655637443065643 43
1616509082142 0.019904987886548042 44
1616509116876 0.0209153164178133 45
1616509151707 0.019103122875094414 46
1616509186038 0.01863846927881241 47
1616509220593 0.019077185541391373 48
1616509255252 0.01862310990691185 49
1616509293790 0.019074831157922745 50
1616509328483 0.01890762895345688 51
1616509362902 0.019515227526426315 52
1616509397674 0.018646113574504852 53
1616509432858 0.020487580448389053 54
1616509467199 0.019739989191293716 55
1616509501578 0.018249250948429108 56
1616509535653 0.018559394404292107 57
1616509569895 0.017487002536654472 58
1616509604726 0.019242536276578903 59
1616509643218 0.01848449744284153 60
1616509678116 0.018578380346298218 61
1616509712434 0.018278952687978745 62
1616509747828 0.019066937267780304 63
1616509782536 0.01792970672249794 64
1616509818328 0.018963731825351715 65
1616509853504 0.0190872922539711 66
1616509888167 0.017727622762322426 67
1616509922749 0.017427679151296616 68
1616509958059 0.018177945166826248 69
1616509997850 0.01759730465710163 70
1616510032623 0.018114157021045685 71
1616510067401 0.017389943823218346 72
1616510102190 0.01879282295703888 73
1616510136800 0.017833653837442398 74
1616510171650 0.018607504665851593 75
1616510206326 0.018406182527542114 76
1616510240913 0.017144551500678062 77
1616510275417 0.01794871687889099 78
1616510310241 0.017331792041659355 79
1616510348705 0.01843716762959957 80
1616510382910 0.018382085487246513 81
1616510417565 0.018356479704380035 82
1616510451673 0.01758989691734314 83
1616510486325 0.0174421314150095 84
1616510521122 0.019326576963067055 85
1616510556494 0.017778843641281128 86
1616510591288 0.017092905938625336 87
1616510625861 0.017105791717767715 88
1616510660186 0.01671336591243744 89
1616510699149 0.017411265522241592 90
1616510733659 0.016307111829519272 91
1616510768590 0.016715655103325844 92
1616510803554 0.019726023077964783 93
1616510837858 0.01741865649819374 94
1616510872642 0.016736213117837906 95
1616510906729 0.016962174326181412 96
1616510941693 0.018296703696250916 97
1616510976515 0.01800370216369629 98
1616511010710 0.01828937977552414 99
1616511050343 0.01657950133085251 100
1616511085035 0.01772860810160637 101
1616511120992 0.01633542589843273 102
1616511156701 0.015907935798168182 103
1616511192394 0.017605718225240707 104
1616511227691 0.0169797632843256 105
1616511262057 0.015788454562425613 106
1616511296407 0.017249371856451035 107
1616511331351 0.016070637851953506 108
1616511365686 0.01838492974638939 109
1616511405585 0.017570052295923233 110
1616511440274 0.016055075451731682 111
1616511474216 0.01608678698539734 112
1616511509784 0.01757727563381195 113
1616511544341 0.01590239256620407 114
1616511578480 0.01630372181534767 115
1616511613319 0.017430104315280914 116
1616511647580 0.017079107463359833 117
1616511682101 0.016151320189237595 118
1616511716512 0.01799910143017769 119
1616511756157 0.016246499493718147 120
1616511790497 0.017491407692432404 121
1616511825004 0.017315465956926346 122
1616511859958 0.0167952049523592 123
1616511894912 0.016176540404558182 124
1616511929741 0.016802828758955002 125
1616511964689 0.01651240698993206 126
1616511999647 0.015933318063616753 127
1616512034913 0.016474703326821327 128
1616512069502 0.0163698922842741 129
1616512108036 0.016232948750257492 130
1616512142590 0.01537531241774559 131
1616512177005 0.016145354136824608 132
1616512211139 0.015725210309028625 133
1616512246725 0.016308903694152832 134
1616512280937 0.01647317409515381 135
1616512315089 0.017635416239500046 136
1616512349978 0.016877228394150734 137
1616512384247 0.016560517251491547 138
1616512419729 0.015380458906292915 139
1616512459592 0.016841232776641846 140
1616512494758 0.015757249668240547 141
1616512530077 0.016022276133298874 142
1616512565018 0.015513969585299492 143
1616512600109 0.015783844515681267 144
1616512634982 0.015563573688268661 145
1616512669964 0.01521420106291771 146
1616512704483 0.01585358940064907 147
1616512739260 0.0148989949375391 148
1616512773465 0.014781637117266655 149
1616512812113 0.01587510295212269 150
1616512846296 0.015735294669866562 151
1616512881090 0.014986848458647728 152
1616512915409 0.015582794323563576 153
1616512950051 0.017280157655477524 154
1616512985995 0.01521195936948061 155
1616513021473 0.015649499371647835 156
1616513056610 0.015454338863492012 157
1616513091761 0.01896177977323532 158
1616513126363 0.01859951764345169 159
1616513165934 0.016859646886587143 160
1616513200973 0.016754696145653725 161
1616513235334 0.01559678465127945 162
1616513270444 0.016815660521388054 163
1616513304896 0.017207562923431396 164
1616513339706 0.01659274846315384 165
1616513373670 0.01601230353116989 166
1616513407712 0.014953801408410072 167
1616513442565 0.014561928808689117 168
1616513477086 0.015361620113253593 169
1616513515812 0.014636586420238018 170
1616513550453 0.015892140567302704 171
1616513585885 0.015064097940921783 172
1616513621159 0.015493283048272133 173
1616513656783 0.015555975027382374 174
1616513692077 0.015309730544686317 175
1616513726947 0.015328848734498024 176
1616513761475 0.01450023427605629 177
1616513796313 0.015395722351968288 178
1616513830968 0.01587344892323017 179
1616513869537 0.014789707958698273 180
1616513904341 0.015365056693553925 181
1616513939099 0.01480295043438673 182
1616513973414 0.01589069329202175 183
1616514009629 0.01518271304666996 184
1616514044280 0.014958145096898079 185
1616514078919 0.01479032076895237 186
1616514114534 0.014921454712748528 187
1616514149542 0.015589985996484756 188
1616514184234 0.014869723469018936 189
1616514223274 0.014451835304498672 190
1616514257474 0.015057752840220928 191
1616514291708 0.014682507142424583 192
1616514326608 0.014513840898871422 193
1616514361541 0.014666765928268433 194
1616514395933 0.016684144735336304 195
1616514430772 0.014261305332183838 196
1616514465618 0.01341276429593563 197
1616514500397 0.014956789091229439 198
1616514534612 0.015375086106359959 199
1616514573429 0.014839437790215015 200
1616514609112 0.014496195130050182 201
1616514644532 0.014717348851263523 202
1616514679419 0.01582011580467224 203
1616514714888 0.014480439014732838 204
1616514750098 0.013845148496329784 205
1616514785523 0.015085788443684578 206
1616514820402 0.01333552785217762 207
1616514854896 0.01337565016001463 208
1616514889833 0.015146251767873764 209
1616514929957 0.014443392865359783 210
1616514964855 0.01408134214580059 211
1616514999696 0.01559612900018692 212
1616515034630 0.015180575661361217 213
1616515069013 0.014283929020166397 214
1616515103960 0.015949279069900513 215
1616515138290 0.015104923397302628 216
1616515172328 0.01706627756357193 217
1616515207139 0.014007499441504478 218
1616515242033 0.01489746943116188 219
1616515281150 0.014397356659173965 220
1616515315988 0.014387324452400208 221
1616515350864 0.014582919888198376 222
1616515385511 0.014755982905626297 223
1616515420051 0.013774460181593895 224
1616515454886 0.015170784667134285 225
1616515488842 0.013045542873442173 226
1616515523840 0.015233602374792099 227
1616515558557 0.015009642578661442 228
1616515593063 0.014535192400217056 229
1616515632366 0.014966664835810661 230
1616515667289 0.014299169182777405 231
1616515701839 0.013541089370846748 232
1616515736443 0.013399749994277954 233
1616515771834 0.015175292268395424 234
1616515806881 0.014202173799276352 235
1616515841291 0.01468728855252266 236
1616515876352 0.014443522319197655 237
1616515911216 0.01433427445590496 238
1616515945358 0.014781816862523556 239
1616515984487 0.014412088319659233 240
1616516019456 0.015135947614908218 241
1616516053893 0.01598319597542286 242
1616516088260 0.016202621161937714 243
1616516123624 0.014748775400221348 244
1616516158159 0.013476635329425335 245
1616516192238 0.014612499624490738 246
1616516226426 0.014671502634882927 247
1616516261141 0.014868580736219883 248
1616516296114 0.015038527548313141 249
1616516334262 0.013270532712340355 250
1616516368934 0.015488890931010246 251
1616516404339 0.013916509225964546 252
1616516439738 0.013569265604019165 253
1616516474814 0.01623239368200302 254
1616516509816 0.014322996139526367 255
1616516545105 0.014240264892578125 256
1616516579735 0.014742336235940456 257
1616516614569 0.013306239619851112 258
1616516648981 0.012753537856042385 259
1616516688955 0.015808885917067528 260
1616516723502 0.014196501113474369 261
1616516757784 0.01335453987121582 262
1616516792002 0.013152413070201874 263
1616516826283 0.015325667336583138 264
1616516861118 0.014362521469593048 265
1616516895314 0.015000376850366592 266
1616516929514 0.013411995954811573 267
1616516964764 0.013316240161657333 268
1616517000296 0.014459452591836452 269
1616517039962 0.0146371740847826 270
1616517075817 0.013462885282933712 271
1616517110871 0.013752632774412632 272
1616517145845 0.014524290338158607 273
1616517180161 0.01540234126150608 274
1616517214739 0.014318447560071945 275
1616517249293 0.014564083889126778 276
1616517283420 0.014511264860630035 277
1616517318840 0.015251152217388153 278
1616517353212 0.014383269473910332 279
1616517391736 0.014249286614358425 280
1616517425976 0.012649429962038994 281
1616517460091 0.01310194656252861 282
1616517494635 0.013449558988213539 283
1616517529056 0.01301046647131443 284
1616517563776 0.013682674616575241 285
1616517598342 0.013089119456708431 286
1616517633358 0.012591765262186527 287
1616517668314 0.012972807511687279 288
1616517703564 0.012555873952805996 289
1616517744041 0.01319214142858982 290
1616517778979 0.01352012436836958 291
1616517813437 0.013679366558790207 292
1616517847967 0.014223666861653328 293
1616517882082 0.014714639633893967 294
1616517916311 0.013548781163990498 295
1616517950734 0.014540421776473522 296
1616517985272 0.014210909605026245 297
1616518020211 0.014054423198103905 298
1616518054470 0.01367798913270235 299
1616518092716 0.01272640936076641 300
1616518127007 0.01479649543762207 301
1616518161585 0.014798255637288094 302
1616518196368 0.013676215894520283 303
1616518230299 0.014574293978512287 304
1616518264561 0.013068984262645245 305
1616518299011 0.014458253979682922 306
1616518333331 0.014205975458025932 307
1616518368807 0.012568218633532524 308
1616518404311 0.012963994406163692 309
1616518443443 0.013812769204378128 310
1616518478712 0.014501861296594143 311
1616518513788 0.012269550934433937 312
1616518548894 0.01197737455368042 313
1616518583210 0.013535350561141968 314
1616518617760 0.013891784474253654 315
1616518652097 0.013131375424563885 316
1616518687746 0.013174913823604584 317
1616518722173 0.015425797551870346 318
1616518756474 0.014212674461305141 319
1616518795127 0.012924199923872948 320
1616518829246 0.0120616490021348 321
1616518863637 0.013379661366343498 322
1616518898113 0.013624035753309727 323
1616518932402 0.015188202261924744 324
1616518966823 0.014060292392969131 325
1616519001416 0.01244799792766571 326
1616519038178 0.012796788476407528 327
1616519074533 0.013224022462964058 328
1616519109847 0.01270812563598156 329
1616519150904 0.012903288938105106 330
1616519185345 0.013188425451517105 331
1616519220224 0.01388150081038475 332
1616519254532 0.011957988142967224 333
1616519289005 0.013680988922715187 334
1616519324551 0.012256952002644539 335
1616519358880 0.014654610306024551 336
1616519393620 0.013186836615204811 337
1616519428524 0.012412382289767265 338
1616519463316 0.012125636450946331 339
1616519501275 0.012910707853734493 340
1616519536037 0.013416530564427376 341
1616519570925 0.012314284220337868 342
1616519605869 0.012800188735127449 343
1616519640200 0.012706191278994083 344
1616519674198 0.013865141198039055 345
1616519709815 0.013652913272380829 346
1616519745802 0.013533007353544235 347
1616519781496 0.012144481763243675 348
1616519817226 0.014007662422955036 349
1616519856756 0.01154780201613903 350
1616519891895 0.012217458337545395 351
1616519926512 0.01128096878528595 352
1616519962205 0.013462591916322708 353
1616519996079 0.01581156626343727 354
1616520031093 0.012193678878247738 355
1616520065376 0.01274166814982891 356
1616520100078 0.01236879825592041 357
1616520134565 0.01182953454554081 358
1616520169424 0.012504832819104195 359
1616520207721 0.01304215844720602 360
1616520243688 0.0130781140178442 361
1616520278506 0.013009516522288322 362
1616520314325 0.011970652267336845 363
1616520350175 0.012183217331767082 364
1616520385702 0.014142140746116638 365
1616520420715 0.017178766429424286 366
1616520455124 0.012203080579638481 367
1616520490371 0.01412181556224823 368
1616520525145 0.013113880529999733 369
1616520563540 0.015385570004582405 370
1616520598156 0.012534641660749912 371
1616520633025 0.012093937024474144 372
1616520667389 0.014369769021868706 373
1616520701718 0.013058607466518879 374
1616520736637 0.013780580833554268 375
1616520771289 0.013832025229930878 376
1616520806799 0.012713260017335415 377
1616520842490 0.014052093029022217 378
1616520878491 0.013795924372971058 379
1616520917105 0.012097911909222603 380
1616520952285 0.011924095451831818 381
1616520986739 0.013679053634405136 382
1616521021028 0.012909016571938992 383
1616521055995 0.01184812095016241 384
1616521090862 0.013750771060585976 385
1616521125213 0.012983434833586216 386
1616521159267 0.01143219880759716 387
1616521193818 0.014285117387771606 388
1616521228647 0.013374408707022667 389
1616521267564 0.011471248231828213 390
1616521302438 0.013119769282639027 391
1616521336869 0.013389760628342628 392
1616521371569 0.01322869025170803 393
1616521406614 0.013355295173823833 394
1616521441576 0.01448845025151968 395
1616521476050 0.012299872934818268 396
1616521513112 0.0130526814609766 397
1616521548907 0.014446419663727283 398
1616521583962 0.012224814854562283 399
1616521623889 0.01246412843465805 400
1616521658816 0.014943147078156471 401
1616521693113 0.014117969200015068 402
1616521727718 0.011478635482490063 403
1616521761908 0.01200832612812519 404
1616521796647 0.015257492661476135 405
1616521831027 0.012892292812466621 406
1616521865085 0.013025185093283653 407
1616521899561 0.013617395423352718 408
1616521936175 0.012803519144654274 409
1616521977310 0.013983793556690216 410
1616522012244 0.01412077248096466 411
1616522047608 0.014197264797985554 412
1616522082240 0.015149975195527077 413
1616522117103 0.01165897585451603 414
1616522152138 0.011930776759982109 415
1616522187539 0.012489120475947857 416
1616522222127 0.013421458192169666 417
1616522256555 0.013718392699956894 418
1616522290709 0.011244472116231918 419
1616522329311 0.014635839499533176 420
1616522363822 0.012549660168588161 421
1616522398581 0.013481853529810905 422
1616522433984 0.012731434777379036 423
1616522469583 0.012572119012475014 424
1616522504576 0.01350298523902893 425
1616522539771 0.011051586829125881 426
1616522574581 0.012022947892546654 427
1616522609055 0.01459560263901949 428
1616522643708 0.011015105061233044 429
1616522682077 0.011435411870479584 430
1616522717125 0.012461860664188862 431
1616522752356 0.011047720909118652 432
1616522786776 0.011688114143908024 433
1616522820929 0.01336008682847023 434
1616522855143 0.01026196964085102 435
1616522889605 0.011515388265252113 436
1616522923876 0.012996811419725418 437
1616522957925 0.011784214526414871 438
1616522994507 0.013309525325894356 439
1616523035496 0.013682708144187927 440
1616523070818 0.011821972206234932 441
1616523105761 0.01357222069054842 442
1616523139783 0.011324785649776459 443
1616523174233 0.012478530406951904 444
1616523208580 0.011802869848906994 445
1616523243676 0.013512544333934784 446
1616523278580 0.011730900034308434 447
1616523313196 0.012780675664544106 448
1616523347503 0.013650596141815186 449
1616523387024 0.011078136041760445 450
1616523421231 0.012457543984055519 451
1616523456157 0.011025152169167995 452
1616523490965 0.0115309813991189 453
1616523525670 0.010954142548143864 454
1616523560876 0.013272622600197792 455
1616523595663 0.012136283330619335 456
1616523630252 0.010351479053497314 457
1616523665791 0.011608881875872612 458
1616523700415 0.011415097862482071 459
1616523739790 0.013044070452451706 460
1616523774954 0.012476379051804543 461
1616523809395 0.012114016339182854 462
1616523844365 0.012754898518323898 463
1616523878661 0.012309694662690163 464
1616523913743 0.011879270896315575 465
1616523948658 0.01152222789824009 466
1616523982813 0.01230743806809187 467
1616524017052 0.013387028127908707 468
1616524051472 0.012288899160921574 469
1616524090570 0.011224966496229172 470
1616524126298 0.013485662639141083 471
1616524161634 0.012045923620462418 472
1616524197312 0.013356193900108337 473
1616524232887 0.012822208926081657 474
1616524267393 0.01321939006447792 475
1616524302107 0.011243748478591442 476
1616524336480 0.01055563148111105 477
1616524371068 0.012343714013695717 478
1616524406065 0.01111111231148243 479
1616524445664 0.012252846732735634 480
1616524480778 0.012380219995975494 481
1616524515703 0.012315183877944946 482
1616524549927 0.010937558487057686 483
1616524584457 0.011696387082338333 484
1616524619234 0.013088822364807129 485
1616524654115 0.011395910754799843 486
1616524688079 0.012335916049778461 487
1616524722612 0.012087265960872173 488
1616524757408 0.012460671365261078 489
1616524796332 0.01252422109246254 490
1616524830754 0.012068258598446846 491
1616524866097 0.011823659762740135 492
1616524900939 0.010944820940494537 493
1616524936240 0.011608528904616833 494
1616524971290 0.01055606734007597 495
1616525005982 0.011602403596043587 496
1616525041066 0.011574486270546913 497
1616525076160 0.011376643553376198 498
1616525110869 0.01288672536611557 499
1616525150054 0.011943616904318333 500
1616525184654 0.01079839188605547 501
1616525219557 0.01141105405986309 502
1616525253809 0.011735335923731327 503
1616525288008 0.011006155982613564 504
1616525322574 0.013577846810221672 505
1616525356985 0.01316802017390728 506
1616525391352 0.013506368733942509 507
1616525426437 0.01218497846275568 508
1616525462262 0.011236332356929779 509
1616525503283 0.012033669278025627 510
1616525538630 0.012724594213068485 511
1616525573347 0.010582389310002327 512
1616525607897 0.013630721718072891 513
1616525642273 0.010715126991271973 514
1616525676601 0.01155824027955532 515
1616525711392 0.012176133692264557 516
1616525746458 0.012966685928404331 517
1616525781302 0.011746720410883427 518
1616525816113 0.013738323003053665 519
1616525855656 0.01206671167165041 520
1616525889861 0.010661333799362183 521
1616525924005 0.0102858180180192 522
1616525958322 0.012218551710247993 523
1616525992321 0.011009352281689644 524
1616526027103 0.01541589293628931 525
1616526062530 0.012973269447684288 526
1616526097472 0.012629073113203049 527
1616526133266 0.011047085747122765 528
1616526168711 0.012618044391274452 529
1616526208171 0.011703578755259514 530
1616526242527 0.0141731146723032 531
1616526277426 0.013610417023301125 532
1616526311823 0.010553375817835331 533
1616526346874 0.012504462152719498 534
1616526381739 0.011308643966913223 535
1616526416662 0.012438097037374973 536
1616526451001 0.011442823335528374 537
1616526486090 0.011709769256412983 538
1616526522077 0.010470753535628319 539
1616526562031 0.011523392051458359 540
1616526597285 0.01346437819302082 541
1616526632218 0.012064803391695023 542
1616526667001 0.010915985330939293 543
1616526702041 0.012613551691174507 544
1616526736467 0.013691384345293045 545
1616526770763 0.013084789738059044 546
1616526805424 0.012451931834220886 547
1616526839956 0.01210953388363123 548
1616526874862 0.013368027284741402 549
1616526912963 0.01222481019794941 550
1616526947451 0.011801382526755333 551
1616526981713 0.010989291593432426 552
1616527015856 0.01140330359339714 553
1616527050151 0.013186179101467133 554
1616527084991 0.012172246351838112 555
1616527119303 0.010797693394124508 556
1616527153262 0.010172897949814796 557
1616527187886 0.011172102764248848 558
1616527222209 0.01160299964249134 559
1616527260421 0.013473602011799812 560
1616527295078 0.01162288710474968 561
1616527329358 0.009778207167983055 562
1616527364834 0.011727100238204002 563
1616527401297 0.01215103454887867 564
1616527436389 0.011665960773825645 565
1616527471274 0.011791711673140526 566
1616527505790 0.012635892257094383 567
1616527540817 0.009113551117479801 568
1616527575841 0.010492127388715744 569
1616527613916 0.01221379078924656 570
1616527648075 0.011159130372107029 571
1616527682873 0.012362572364509106 572
1616527717709 0.009229261428117752 573
1616527751947 0.012415650300681591 574
1616527786305 0.010378403589129448 575
1616527820884 0.011581357568502426 576
1616527854950 0.011002648621797562 577
1616527889353 0.012147605419158936 578
1616527923367 0.012020602822303772 579
1616527962184 0.011607727035880089 580
1616527996380 0.011142952367663383 581
1616528031449 0.009931754320859909 582
1616528066054 0.011103838682174683 583
1616528101295 0.011250725015997887 584
1616528137643 0.010051325894892216 585
1616528174218 0.010943306609988213 586
1616528209003 0.011137339286506176 587
1616528243485 0.012703834101557732 588
1616528278373 0.01124020479619503 589
1616528317149 0.00964286457747221 590
1616528351403 0.012782879173755646 591
1616528386416 0.010295039042830467 592
1616528421136 0.013291369192302227 593
1616528455274 0.008984975516796112 594
1616528489594 0.010379040613770485 595
1616528523774 0.013193216174840927 596
1616528558326 0.010104639455676079 597
1616528592864 0.011591755785048008 598
1616528627384 0.010668943636119366 599
1616528666208 0.012722614221274853 600
1616528700886 0.012443816289305687 601
1616528735662 0.010442308150231838 602
1616528770522 0.011561557650566101 603
1616528806374 0.011568326503038406 604
1616528842357 0.011876557022333145 605
1616528877247 0.00972822867333889 606
1616528912697 0.01249755546450615 607
1616528947198 0.010935725644230843 608
1616528981424 0.010469970293343067 609
1616529020696 0.011024094186723232 610
1616529055276 0.011658752337098122 611
1616529089478 0.009366629645228386 612
1616529123895 0.009296517819166183 613
1616529158900 0.011424429714679718 614
1616529193584 0.01070525124669075 615
1616529228350 0.010239936411380768 616
1616529262372 0.012197881937026978 617
1616529298484 0.01143050566315651 618
1616529334889 0.011235537938773632 619
1616529373864 0.010920364409685135 620
1616529408940 0.010381277650594711 621
1616529443725 0.010509112849831581 622
1616529478571 0.012216882780194283 623
1616529513285 0.010410784743726254 624
1616529548392 0.010183393023908138 625
1616529583430 0.012390002608299255 626
1616529618555 0.010074002668261528 627
1616529653029 0.010893555358052254 628
1616529686992 0.011607319116592407 629
1616529725784 0.011280582286417484 630
1616529760041 0.01067544985562563 631
1616529794636 0.01096399687230587 632
1616529829364 0.010916156694293022 633
1616529863536 0.009107200428843498 634
1616529898088 0.009983431547880173 635
1616529933616 0.011357000097632408 636
1616529970764 0.009568876586854458 637
1616530006200 0.011118551716208458 638
1616530041238 0.01066402904689312 639
1616530080851 0.011673095636069775 640
1616530115115 0.01101849228143692 641
1616530150920 0.0110600171610713 642
1616530185364 0.008721703663468361 643
1616530220274 0.01109045185148716 644
1616530255181 0.011426410637795925 645
1616530290109 0.012254181317985058 646
1616530325034 0.01060805656015873 647
1616530359522 0.01276281476020813 648
1616530394557 0.011731009930372238 649
1616530433250 0.012423021718859673 650
1616530469635 0.011906098574399948 651
1616530504787 0.010002471506595612 652
1616530539876 0.012076936662197113 653
1616530575220 0.012012392282485962 654
1616530610035 0.01001444086432457 655
1616530644577 0.01050320640206337 656
1616530679696 0.01090431958436966 657
1616530714714 0.009613508358597755 658
1616530749881 0.009847509674727917 659
1616530788923 0.010552621446549892 660
1616530823448 0.010892465710639954 661
1616530858485 0.01024753600358963 662
1616530892742 0.011223917827010155 663
1616530927233 0.011263309046626091 664
1616530961890 0.010826176032423973 665
1616530996134 0.010790128260850906 666
1616531030407 0.010533716529607773 667
1616531065316 0.010540911927819252 668
1616531099791 0.007983952760696411 669
1616531139894 0.013239370658993721 670
1616531175198 0.01087225042283535 671
1616531209988 0.010819599963724613 672
1616531244913 0.010131161659955978 673
1616531279986 0.010478569194674492 674
1616531314497 0.01056678593158722 675
1616531349465 0.011749207973480225 676
1616531384117 0.009917260147631168 677
1616531418817 0.010201647877693176 678
1616531453716 0.010984137654304504 679
1616531493339 0.010717680677771568 680
1616531527676 0.009075284004211426 681
1616531562874 0.012274784967303276 682
1616531597144 0.011672844178974628 683
1616531631109 0.011408213526010513 684
1616531665577 0.01192234642803669 685
1616531700510 0.011537710204720497 686
1616531735532 0.011389357969164848 687
1616531770503 0.010358653962612152 688
1616531806898 0.010118186473846436 689
1616531847721 0.010066023096442223 690
1616531883102 0.011547442525625229 691
1616531917313 0.010251674801111221 692
1616531952463 0.010515118017792702 693
1616531987410 0.011410210281610489 694
1616532021897 0.01140114851295948 695
1616532057119 0.010127326473593712 696
1616532091350 0.010448082350194454 697
1616532126220 0.010433293879032135 698
1616532160906 0.010298959910869598 699
1616532199102 0.013108499348163605 700
1616532233821 0.012708158232271671 701
1616532268604 0.011768500320613384 702
1616532303525 0.012445158325135708 703
1616532337648 0.010805625468492508 704
1616532372459 0.012095415964722633 705
1616532407206 0.010215740650892258 706
1616532442718 0.011146288365125656 707
1616532477556 0.013251662254333496 708
1616532512361 0.009807155467569828 709
1616532551870 0.011789729818701744 710
1616532586464 0.011714935302734375 711
1616532622603 0.010417798534035683 712
1616532656966 0.010521013289690018 713
1616532691653 0.01311475969851017 714
1616532725978 0.010355119593441486 715
1616532760102 0.011189911514520645 716
1616532794324 0.010358231142163277 717
1616532828603 0.0108222346752882 718
1616532862951 0.01078595407307148 719
1616532901211 0.01031222939491272 720
1616532935814 0.010931156575679779 721
1616532970677 0.009238685481250286 722
1616533005331 0.011371506378054619 723
1616533039950 0.011535972356796265 724
1616533075549 0.01120966300368309 725
1616533111318 0.009912627749145031 726
1616533146972 0.01203775592148304 727
1616533181873 0.010586888529360294 728
1616533217078 0.011831643059849739 729
1616533256496 0.01012733206152916 730
1616533291240 0.010219627991318703 731
1616533326391 0.011418156325817108 732
1616533361947 0.011513510718941689 733
1616533396722 0.011071644723415375 734
1616533430910 0.012724140658974648 735
1616533464908 0.011725801974534988 736
1616533499277 0.011687034741044044 737
1616533533732 0.01140405423939228 738
1616533568511 0.009738318622112274 739
1616533607272 0.011960280127823353 740
1616533641915 0.01170370914041996 741
1616533676413 0.011561069637537003 742
1616533712571 0.010834896937012672 743
1616533748953 0.012879675254225731 744
1616533783980 0.010971736162900925 745
1616533818936 0.009930080734193325 746
1616533853628 0.014196207746863365 747
1616533888054 0.011109450832009315 748
1616533922655 0.010352540761232376 749
1616533961082 0.011955088004469872 750
1616533995246 0.01051761582493782 751
1616534029595 0.011416025459766388 752
1616534064487 0.010502106510102749 753
1616534099371 0.010400015860795975 754
1616534133704 0.0107603520154953 755
1616534168559 0.010060939937829971 756
1616534203008 0.009759828448295593 757
1616534237956 0.010054677724838257 758
1616534272602 0.01141391508281231 759
1616534311693 0.009610898792743683 760
1616534346644 0.012835363857448101 761
1616534381464 0.011134706437587738 762
1616534416763 0.010997693985700607 763
1616534452090 0.01076197624206543 764
1616534487607 0.011034175753593445 765
1616534522689 0.011070244945585728 766
1616534557134 0.010883903130888939 767
1616534591434 0.010868579149246216 768
1616534626393 0.01251857541501522 769
1616534665268 0.01149013265967369 770
1616534699767 0.009513180702924728 771
1616534735352 0.01189311221241951 772
1616534769784 0.008916705846786499 773
1616534804077 0.010453342460095882 774
1616534838313 0.01285698264837265 775
1616534872653 0.01087596733123064 776
1616534907519 0.009352665394544601 777
1616534942250 0.011026754043996334 778
1616534976624 0.012269105762243271 779
1616535015532 0.010880112648010254 780
1616535050013 0.011453941464424133 781
1616535085047 0.01231924258172512 782
1616535120677 0.011376873590052128 783
1616535155992 0.01066714245826006 784
1616535190723 0.01192479021847248 785
1616535225868 0.011525214649736881 786
1616535261138 0.0101607795804739 787
1616535295702 0.011098984628915787 788
1616535330716 0.009505869820713997 789
1616535369078 0.011918509379029274 790
1616535403882 0.011164385825395584 791
1616535438783 0.011806955561041832 792
1616535472807 0.008679952472448349 793
1616535507339 0.01138606108725071 794
1616535542308 0.011378273367881775 795
1616535576303 0.010129190981388092 796
1616535610497 0.0117648309096694 797
1616535644618 0.011976268142461777 798
1616535679218 0.009962374344468117 799
1616535717273 0.011396721005439758 800
1616535751719 0.009476777166128159 801
1616535786648 0.010664327070116997 802
1616535820949 0.010136213153600693 803
1616535856921 0.012142122723162174 804
1616535892338 0.01264558732509613 805
1616535927986 0.012278759852051735 806
1616535962975 0.009572701528668404 807
1616535997856 0.012529157102108002 808
1616536032297 0.010808955878019333 809
1616536070949 0.011813974007964134 810
1616536106210 0.009980244562029839 811
1616536140594 0.010746147483587265 812
1616536176028 0.01087190955877304 813
1616536210329 0.01122574508190155 814
1616536245173 0.012294834479689598 815
1616536280120 0.01286234986037016 816
1616536314212 0.010717124678194523 817
1616536348640 0.01361154392361641 818
1616536382804 0.010499352589249611 819
1616536421665 0.010740560479462147 820
1616536455999 0.010120179504156113 821
1616536490168 0.011859623715281487 822
1616536525957 0.011617513373494148 823
1616536560992 0.011365598998963833 824
1616536595895 0.010484292171895504 825
1616536631121 0.010732384398579597 826
1616536666502 0.01091187447309494 827
1616536701437 0.009915407747030258 828
1616536736397 0.012498946860432625 829
1616536776122 0.010368764400482178 830
1616536810253 0.011190162971615791 831
1616536845104 0.011389296501874924 832
1616536879563 0.011110981926321983 833
1616536914910 0.011460278183221817 834
1616536949716 0.011701161041855812 835
1616536984303 0.01091159787029028 836
1616537019228 0.011883461847901344 837
1616537053539 0.010472225025296211 838
1616537088412 0.01024940237402916 839
1616537127644 0.009458453394472599 840
1616537162252 0.010865956544876099 841
1616537196889 0.010231604799628258 842
1616537231237 0.014355754479765892 843
1616537265846 0.011809498071670532 844
1616537300902 0.01134613249450922 845
1616537336102 0.010475425980985165 846
1616537371019 0.0106912050396204 847
1616537405725 0.011089022271335125 848
1616537440786 0.011594727635383606 849
1616537479665 0.011546510271728039 850
1616537514392 0.011346375569701195 851
1616537548769 0.010614690370857716 852
1616537583650 0.010363860987126827 853
1616537618010 0.011754912324249744 854
1616537652242 0.010505933314561844 855
1616537686776 0.009339213371276855 856
1616537721943 0.011893772520124912 857
1616537756278 0.008862674236297607 858
1616537790279 0.012701261788606644 859
1616537828624 0.01122585590928793 860
1616537862675 0.009667139500379562 861
1616537897489 0.010038219392299652 862
1616537931623 0.009730448946356773 863
1616537966612 0.0130869559943676 864
1616538001043 0.009231705218553543 865
1616538035339 0.00997091643512249 866
1616538070113 0.011260299943387508 867
1616538104753 0.012761497870087624 868
1616538139159 0.009735940024256706 869
1616538178376 0.010274550877511501 870
1616538213045 0.011568539775907993 871
1616538247846 0.010111644864082336 872
1616538282666 0.010586008429527283 873
1616538317544 0.010862255468964577 874
1616538352300 0.01078253798186779 875
1616538387424 0.011458348482847214 876
1616538422109 0.009893102571368217 877
1616538456373 0.010092105716466904 878
1616538491775 0.009779362007975578 879
1616538530850 0.011021552607417107 880
1616538566408 0.010597964748740196 881
1616538600532 0.010349764488637447 882
1616538635565 0.010993646457791328 883
1616538669891 0.010882824659347534 884
1616538704809 0.01100127398967743 885
1616538739635 0.010752089321613312 886
1616538774724 0.010418040677905083 887
1616538809519 0.01007722970098257 888
1616538845165 0.010020781308412552 889
1616538884881 0.011120470240712166 890
1616538919684 0.009068966843187809 891
1616538954986 0.010951632633805275 892
1616538990511 0.01019243337213993 893
1616539025504 0.010724086314439774 894
1616539059986 0.010355917736887932 895
1616539094452 0.010743306018412113 896
1616539128477 0.012018125504255295 897
1616539163060 0.011268701404333115 898
1616539197971 0.011264534667134285 899
1616539236810 0.011051975190639496 900
1616539271876 0.010822870768606663 901
1616539306031 0.011589357629418373 902
1616539340943 0.00994811113923788 903
1616539375578 0.01274331659078598 904
1616539410222 0.010072089731693268 905
1616539445958 0.01082448847591877 906
1616539481941 0.00921277143061161 907
1616539517423 0.010544316843152046 908
1616539552619 0.011020032688975334 909
1616539592032 0.013321959413588047 910
1616539626383 0.01115667074918747 911
1616539661425 0.010030698031187057 912
1616539695896 0.010953164659440517 913
1616539730085 0.011586184613406658 914
1616539764340 0.01162782870233059 915
1616539799207 0.011814473196864128 916
1616539833441 0.011407111771404743 917
1616539867797 0.012780645862221718 918
1616539901963 0.011821972206234932 919
1616539941693 0.010833214968442917 920
1616539976243 0.010886813513934612 921
1616540011085 0.009564136154949665 922
1616540046253 0.010368626564741135 923
1616540082173 0.013277215883135796 924
1616540117764 0.010223358869552612 925
1616540152480 0.009581665508449078 926
1616540187630 0.012105355970561504 927
1616540222559 0.01130861509591341 928
1616540256846 0.010849867016077042 929
1616540296105 0.012136412784457207 930
1616540331013 0.011194678954780102 931
1616540365065 0.011171860620379448 932
1616540400216 0.010716963559389114 933
1616540434344 0.012466676533222198 934
1616540468626 0.013181552290916443 935
1616540503094 0.013116145506501198 936
1616540537817 0.010694214142858982 937
1616540572213 0.011440278962254524 938
1616540607323 0.011143675073981285 939
1616540647661 0.009978565387427807 940
1616540682820 0.009321563877165318 941
1616540717666 0.009410157799720764 942
1616540752379 0.011619488708674908 943
1616540787605 0.01105237565934658 944
1616540821793 0.011351065710186958 945
1616540856287 0.0102457944303751 946
1616540891310 0.012492602691054344 947
1616540925508 0.01190202496945858 948
1616540960649 0.011067379266023636 949
1616540999649 0.00901537574827671 950
1616541033596 0.012102639302611351 951
1616541067787 0.01155487634241581 952
1616541102644 0.011774299666285515 953
1616541137593 0.009488086216151714 954
1616541172135 0.010494212619960308 955
1616541206982 0.010848937556147575 956
1616541241987 0.00979287177324295 957
1616541275848 0.011384112760424614 958
1616541310685 0.009642986580729485 959
1616541348960 0.012045936658978462 960
1616541383245 0.012362910434603691 961
1616541418183 0.01149030588567257 962
1616541452611 0.009341873228549957 963
1616541487129 0.010761935263872147 964
1616541522404 0.011281631886959076 965
1616541557828 0.010041369125247002 966
1616541592681 0.009712222032248974 967
1616541627556 0.012044951319694519 968
1616541662573 0.010340600274503231 969
1616541701124 0.013104777783155441 970
1616541736199 0.01033482700586319 971
1616541771257 0.011251546442508698 972
1616541806961 0.012399706058204174 973
1616541841677 0.010721182450652122 974
1616541876506 0.009812673553824425 975
1616541910867 0.011680932715535164 976
1616541945656 0.01316273957490921 977
1616541979964 0.011550430208444595 978
1616542014886 0.012568269856274128 979
1616542054171 0.010762217454612255 980
1616542089055 0.009660251438617706 981
1616542123269 0.012602616101503372 982
1616542157565 0.01128385029733181 983
1616542191829 0.010546269826591015 984
1616542227404 0.011040308512747288 985
1616542263886 0.009828165173530579 986
1616542299066 0.012433759868144989 987
1616542333975 0.009524283930659294 988
1616542368443 0.012129383161664009 989
1616542407415 0.0110264727845788 990
1616542441877 0.010654065757989883 991
1616542476590 0.010300236754119396 992
1616542510945 0.01362970843911171 993
1616542546132 0.01021699607372284 994
1616542581055 0.009930568747222424 995
1616542615382 0.011666156351566315 996
1616542650795 0.011684708297252655 997
1616542684974 0.011745593510568142 998
1616542719363 0.011859385296702385 999
1616542758444 0.01034839078783989 1000
1616542792984 0.012986598536372185 1001
1616542827249 0.012141687795519829 1002
1616542861618 0.010001203045248985 1003
1616542896985 0.009500231593847275 1004
1616542932017 0.011543022468686104 1005
1616542967668 0.010603363625705242 1006
1616543002329 0.009797455742955208 1007
1616543037302 0.009274556301534176 1008
1616543072403 0.009827138856053352 1009
1616543112192 0.010915707796812057 1010
1616543146666 0.01440178882330656 1011
1616543181114 0.010697105899453163 1012
1616543215668 0.010176497511565685 1013
1616543249732 0.011702090501785278 1014
1616543284402 0.009839804843068123 1015
1616543319041 0.011083574965596199 1016
1616543353601 0.01162414439022541 1017
1616543387994 0.012502658180892467 1018
1616543422975 0.01048288494348526 1019
1616543461108 0.009849993512034416 1020
1616543495503 0.011213136836886406 1021
1616543529425 0.01137139555066824 1022
1616543563381 0.012367207556962967 1023
1616543598464 0.011532986536622047 1024
1616543634579 0.011767051182687283 1025
1616543670253 0.010198711417615414 1026
1616543705639 0.010151205584406853 1027
1616543740502 0.01021591667085886 1028
1616543775516 0.009136827662587166 1029
1616543815028 0.010056575760245323 1030
1616543850235 0.011349538341164589 1031
1616543884770 0.010052109137177467 1032
1616543919942 0.011713837273418903 1033
1616543954861 0.009234024211764336 1034
1616543989184 0.008881316520273685 1035
1616544024171 0.010578231886029243 1036
1616544058345 0.011999249458312988 1037
1616544093362 0.011341767385601997 1038
1616544128261 0.012325497344136238 1039
1616544166597 0.011558711528778076 1040
1616544200902 0.009297924116253853 1041
1616544236840 0.010005155578255653 1042
1616544274361 0.01066275779157877 1043
1616544309682 0.011787878349423409 1044
1616544344319 0.009866745211184025 1045
1616544379422 0.01082354225218296 1046
1616544414020 0.010356742888689041 1047
1616544448802 0.011417903937399387 1048
1616544483737 0.011197151616215706 1049
1616544522702 0.011805232614278793 1050
1616544556901 0.011782006360590458 1051
1616544591804 0.011625775136053562 1052
1616544626483 0.012625094503164291 1053
1616544660800 0.011831223964691162 1054
1616544695061 0.010471225716173649 1055
1616544729888 0.009799044579267502 1056
1616544763946 0.013306699693202972 1057
1616544797959 0.008926453068852425 1058
1616544832418 0.01276511698961258 1059
1616544872880 0.010627752169966698 1060
1616544908954 0.010899179615080357 1061
1616544944169 0.011223072186112404 1062
1616544979684 0.011763027869164944 1063
1616545014960 0.01044988539069891 1064
1616545050360 0.009940506890416145 1065
1616545084876 0.010996031574904919 1066
1616545119745 0.010111842304468155 1067
1616545154227 0.012932214885950089 1068
1616545188391 0.010421499609947205 1069
1616545227225 0.011523849330842495 1070
1616545262227 0.01178979966789484 1071
1616545297240 0.012064214795827866 1072
1616545332118 0.011840609833598137 1073
1616545367055 0.009135575965046883 1074
1616545401373 0.010269129648804665 1075
1616545436370 0.011893147602677345 1076
1616545471259 0.012369886040687561 1077
1616545506045 0.009412205778062344 1078
1616545540942 0.009406061843037605 1079
1616545578747 0.01153392344713211 1080
1616545613005 0.011480332352221012 1081
1616545648029 0.010430125519633293 1082
1616545682711 0.009296301752328873 1083
1616545718953 0.012471264228224754 1084
1616545754064 0.011335750110447407 1085
1616545789260 0.010929105803370476 1086
1616545824717 0.01105593517422676 1087
1616545859850 0.011265743523836136 1088
1616545894472 0.011001414619386196 1089
1616545934035 0.009881244041025639 1090
1616545968161 0.01220741681754589 1091
1616546002805 0.009016045369207859 1092
1616546037758 0.01101647038012743 1093
1616546072128 0.009679442271590233 1094
1616546106410 0.010402894578874111 1095
1616546140554 0.011129377409815788 1096
1616546175150 0.008963117375969887 1097
1616546209524 0.00976938009262085 1098
1616546245365 0.010326146148145199 1099
1616546287093 0.011049394495785236 1100
1616546322120 0.01120404526591301 1101
1616546358014 0.010007109493017197 1102
1616546392766 0.010737931355834007 1103
1616546427834 0.010760348290205002 1104
1616546462399 0.01270968746393919 1105
1616546496964 0.00849086046218872 1106
1616546531099 0.010470634326338768 1107
1616546565375 0.009245675057172775 1108
1616546600358 0.010159105062484741 1109
1616546638631 0.01126803457736969 1110
1616546673263 0.011185253039002419 1111
1616546708653 0.012074489146471024 1112
1616546743573 0.010081453248858452 1113
1616546779110 0.009598514065146446 1114
1616546814860 0.011936740949749947 1115
1616546849968 0.012000496499240398 1116
1616546885761 0.010153544135391712 1117
1616546921380 0.009264863096177578 1118
1616546955848 0.011775929480791092 1119
1616546995557 0.012494580820202827 1120
1616547030468 0.01132633164525032 1121
1616547064904 0.010751532390713692 1122
1616547099159 0.01084910798817873 1123
1616547133198 0.010340879671275616 1124
1616547167481 0.00958582479506731 1125
1616547202392 0.01099858246743679 1126
1616547237465 0.013025112450122833 1127
1616547272331 0.010958870872855186 1128
1616547307310 0.010364296846091747 1129
1616547347013 0.011569526046514511 1130
1616547381962 0.011283135041594505 1131
1616547416369 0.010789087042212486 1132
1616547451355 0.009815540164709091 1133
1616547485924 0.009901191107928753 1134
1616547520837 0.01143714226782322 1135
1616547555877 0.009667566046118736 1136
1616547590647 0.014526169747114182 1137
1616547625559 0.00979641079902649 1138
1616547660692 0.010937508195638657 1139
1616547699803 0.011227423325181007 1140
1616547734726 0.01168238278478384 1141
1616547769388 0.013183219358325005 1142
1616547803703 0.010992305353283882 1143
1616547838151 0.010918683372437954 1144
1616547872123 0.012146657332777977 1145
1616547907012 0.011520713567733765 1146
1616547941602 0.011457386426627636 1147
1616547977096 0.010569324716925621 1148
1616548012215 0.009652230888605118 1149
1616548051889 0.010846306569874287 1150
1616548086712 0.012089229188859463 1151
1616548121320 0.011053770780563354 1152
1616548156238 0.011983690783381462 1153
1616548191341 0.011731289327144623 1154
1616548225850 0.010179574601352215 1155
1616548261530 0.010150599293410778 1156
1616548296447 0.01053482573479414 1157
1616548331041 0.01085687056183815 1158
1616548365191 0.010610786266624928 1159
1616548403987 0.01225089281797409 1160
1616548438820 0.011655544862151146 1161
1616548473343 0.00915383268147707 1162
1616548507747 0.01117721013724804 1163
1616548542665 0.01146089006215334 1164
1616548577569 0.010541938245296478 1165
1616548613173 0.01115681603550911 1166
1616548648904 0.010396650061011314 1167
1616548684493 0.011564692482352257 1168
1616548719304 0.01130053773522377 1169
1616548758861 0.010125214233994484 1170
1616548793306 0.012426573783159256 1171
1616548827948 0.00973567832261324 1172
1616548863142 0.009903897531330585 1173
1616548898116 0.010202620178461075 1174
1616548933101 0.010614434257149696 1175
1616548967495 0.012298500165343285 1176
1616549002605 0.011304219253361225 1177
1616549037503 0.011993639171123505 1178
1616549072274 0.009317873045802116 1179
1616549111140 0.010810783132910728 1180
1616549147627 0.009653745219111443 1181
1616549182761 0.010741148144006729 1182
1616549218049 0.010441463440656662 1183
1616549253096 0.009950192645192146 1184
1616549287698 0.014965797774493694 1185
1616549322206 0.011746041476726532 1186
1616549357437 0.010655203834176064 1187
1616549392339 0.011194070801138878 1188
1616549426677 0.011746947653591633 1189
1616549466495 0.010509268380701542 1190
1616549500753 0.010865816846489906 1191
1616549535131 0.011281013488769531 1192
1616549570072 0.009647607803344727 1193
1616549604857 0.010575487278401852 1194
1616549639816 0.009106799960136414 1195
1616549675493 0.0094375628978014 1196
1616549711079 0.009630500338971615 1197
1616549747075 0.010139222256839275 1198
1616549782733 0.010484145022928715 1199
1616549822865 0.0112076411023736 1200
1616549852901 0.013389566913247108 0
1616549852913 0.013389566913247108 0
