1616507573329 0.3101000487804413 1
1616507607512 0.35012608766555786 2
1616507641677 0.4947579503059387 3
1616507675893 0.5883282423019409 4
1616507709961 0.6344956755638123 5
1616507744773 0.6834317445755005 6
1616507779396 0.6788514256477356 7
1616507814008 0.6847336888313293 8
1616507849261 0.7206421494483948 9
1616507889828 0.7124617099761963 10
1616507925490 0.7158041000366211 11
1616507960247 0.7647923827171326 12
1616507994968 0.7311354279518127 13
1616508028990 0.7562869787216187 14
1616508063747 0.7870782613754272 15
1616508098553 0.7521423101425171 16
1616508132793 0.7761591076850891 17
1616508166806 0.7875431776046753 18
1616508201106 0.7457751035690308 19
1616508239905 0.7574540376663208 20
1616508274151 0.7773947715759277 21
1616508308379 0.7796542048454285 22
1616508342635 0.785078763961792 23
1616508377492 0.7848727107048035 24
1616508411425 0.7701732516288757 25
1616508445552 0.7711018323898315 26
1616508479892 0.772168755531311 27
1616508514478 0.7881389856338501 28
1616508550139 0.7884061336517334 29
1616508591090 0.7894542217254639 30
1616508626744 0.7697616219520569 31
1616508661928 0.8134725093841553 32
1616508696442 0.8037722110748291 33
1616508731715 0.7884047627449036 34
1616508766800 0.7860348224639893 35
1616508801467 0.8342224955558777 36
1616508835772 0.7887345552444458 37
1616508869732 0.7967876195907593 38
1616508903958 0.7896878719329834 39
1616508942096 0.8018074035644531 40
1616508976085 0.795897901058197 41
1616509010812 0.8109731674194336 42
1616509046302 0.8029548525810242 43
1616509082142 0.7820647954940796 44
1616509116876 0.7915654182434082 45
1616509151707 0.7947690486907959 46
1616509186038 0.8216484189033508 47
1616509220593 0.8158038854598999 48
1616509255252 0.8204012513160706 49
1616509293790 0.8046243190765381 50
1616509328483 0.7872918844223022 51
1616509362902 0.7989214658737183 52
1616509397674 0.8045089840888977 53
1616509432858 0.8145095109939575 54
1616509467199 0.7905711531639099 55
1616509501578 0.8071796298027039 56
1616509535653 0.824556291103363 57
1616509569895 0.827745258808136 58
1616509604726 0.8023220896720886 59
1616509643218 0.8117172122001648 60
1616509678116 0.80535888671875 61
1616509712434 0.8317123651504517 62
1616509747828 0.807201623916626 63
1616509782536 0.8111284375190735 64
1616509818328 0.7892172932624817 65
1616509853504 0.8185892105102539 66
1616509888167 0.8189637660980225 67
1616509922749 0.8421180844306946 68
1616509958059 0.8365036249160767 69
1616509997850 0.8066303730010986 70
1616510032623 0.8247489929199219 71
1616510067401 0.8324924111366272 72
1616510102190 0.7891420125961304 73
1616510136800 0.8244475722312927 74
1616510171650 0.8116468787193298 75
1616510206326 0.8229382038116455 76
1616510240913 0.827908992767334 77
1616510275417 0.8356316089630127 78
1616510310241 0.8307092785835266 79
1616510348705 0.8132911920547485 80
1616510382910 0.8105649948120117 81
1616510417565 0.8000034093856812 82
1616510451673 0.823544979095459 83
1616510486325 0.8400567770004272 84
1616510521122 0.8146449327468872 85
1616510556494 0.8129563927650452 86
1616510591288 0.8400704860687256 87
1616510625861 0.8326757550239563 88
1616510660186 0.8454751968383789 89
1616510699149 0.8334058523178101 90
1616510733659 0.8297715187072754 91
1616510768590 0.8520752191543579 92
1616510803554 0.8213969469070435 93
1616510837858 0.8124995827674866 94
1616510872642 0.832868754863739 95
1616510906729 0.8445510864257812 96
1616510941693 0.829088568687439 97
1616510976515 0.8233452439308167 98
1616511010710 0.8178791999816895 99
1616511050343 0.8492214679718018 100
1616511085035 0.814659059047699 101
1616511120992 0.8449862599372864 102
1616511156701 0.839309573173523 103
1616511192394 0.855377197265625 104
1616511227691 0.834884524345398 105
1616511262057 0.829342246055603 106
1616511296407 0.8449695706367493 107
1616511331351 0.8490186929702759 108
1616511365686 0.8282860517501831 109
1616511405585 0.8155735731124878 110
1616511440274 0.84791499376297 111
1616511474216 0.8462083339691162 112
1616511509784 0.8243861794471741 113
1616511544341 0.8329685926437378 114
1616511578480 0.847553014755249 115
1616511613319 0.8406475782394409 116
1616511647580 0.8335610628128052 117
1616511682101 0.8361011743545532 118
1616511716512 0.8188959360122681 119
1616511756157 0.8285789489746094 120
1616511790497 0.8322290182113647 121
1616511825004 0.835291862487793 122
1616511859958 0.8382946252822876 123
1616511894912 0.8614817261695862 124
1616511929741 0.8426163196563721 125
1616511964689 0.8405662775039673 126
1616511999647 0.8484219908714294 127
1616512034913 0.8423372507095337 128
1616512069502 0.8454781770706177 129
1616512108036 0.8496893644332886 130
1616512142590 0.8439502716064453 131
1616512177005 0.8472495079040527 132
1616512211139 0.8466018438339233 133
1616512246725 0.8521720170974731 134
1616512280937 0.8509764671325684 135
1616512315089 0.8238751292228699 136
1616512349978 0.8471271991729736 137
1616512384247 0.8512437343597412 138
1616512419729 0.8645392656326294 139
1616512459592 0.840570330619812 140
1616512494758 0.855155348777771 141
1616512530077 0.8486132621765137 142
1616512565018 0.8597630858421326 143
1616512600109 0.8412017226219177 144
1616512634982 0.8599809408187866 145
1616512669964 0.868969202041626 146
1616512704483 0.8490654230117798 147
1616512739260 0.8465700149536133 148
1616512773465 0.8666293025016785 149
1616512812113 0.848764181137085 150
1616512846296 0.8671483993530273 151
1616512881090 0.8597548007965088 152
1616512915409 0.8521915078163147 153
1616512950051 0.8339394330978394 154
1616512985995 0.8381975889205933 155
1616513021473 0.8568402528762817 156
1616513056610 0.8564025163650513 157
1616513091761 0.8043690323829651 158
1616513126363 0.8338515758514404 159
1616513165934 0.8522872924804688 160
1616513200973 0.8325756788253784 161
1616513235334 0.8519800901412964 162
1616513270444 0.853313684463501 163
1616513304896 0.826733410358429 164
1616513339706 0.8485902547836304 165
1616513373670 0.8520721197128296 166
1616513407712 0.868192195892334 167
1616513442565 0.8724132776260376 168
1616513477086 0.868091344833374 169
1616513515812 0.8646031022071838 170
1616513550453 0.8607329726219177 171
1616513585885 0.8595271110534668 172
1616513621159 0.8595985174179077 173
1616513656783 0.8640284538269043 174
1616513692077 0.8569623231887817 175
1616513726947 0.8391321897506714 176
1616513761475 0.8864370584487915 177
1616513796313 0.855551540851593 178
1616513830968 0.8625760674476624 179
1616513869537 0.879426121711731 180
1616513904341 0.8515783548355103 181
1616513939099 0.8722986578941345 182
1616513973414 0.8460866212844849 183
1616514009629 0.8688600063323975 184
1616514044280 0.8642584085464478 185
1616514078919 0.8764095902442932 186
1616514114534 0.8648273944854736 187
1616514149542 0.8797302842140198 188
1616514184234 0.8540046215057373 189
1616514223274 0.8479161262512207 190
1616514257474 0.8728492856025696 191
1616514291708 0.8765062689781189 192
1616514326608 0.8713729977607727 193
1616514361541 0.8749349117279053 194
1616514395933 0.8338017463684082 195
1616514430772 0.8505983352661133 196
1616514465618 0.8885971307754517 197
1616514500397 0.8673185110092163 198
1616514534612 0.8524795770645142 199
1616514573429 0.8598262071609497 200
1616514609112 0.8715068697929382 201
1616514644532 0.8777359127998352 202
1616514679419 0.8537288904190063 203
1616514714888 0.8665568828582764 204
1616514750098 0.8815172910690308 205
1616514785523 0.853982150554657 206
1616514820402 0.877732515335083 207
1616514854896 0.8809884190559387 208
1616514889833 0.8718134164810181 209
1616514929957 0.8768517971038818 210
1616514964855 0.8730067014694214 211
1616514999696 0.854688286781311 212
1616515034630 0.8482887744903564 213
1616515069013 0.8585307598114014 214
1616515103960 0.8589500188827515 215
1616515138290 0.8407302498817444 216
1616515172328 0.8547393679618835 217
1616515207139 0.8823671340942383 218
1616515242033 0.8418747782707214 219
1616515281150 0.8571587204933167 220
1616515315988 0.8559503555297852 221
1616515350864 0.870020866394043 222
1616515385511 0.8686747550964355 223
1616515420051 0.8622542023658752 224
1616515454886 0.8664222955703735 225
1616515488842 0.873586893081665 226
1616515523840 0.8442796468734741 227
1616515558557 0.8534135222434998 228
1616515593063 0.8587874174118042 229
1616515632366 0.8676015138626099 230
1616515667289 0.854229211807251 231
1616515701839 0.8838399648666382 232
1616515736443 0.8731467723846436 233
1616515771834 0.8537185788154602 234
1616515806881 0.8798402547836304 235
1616515841291 0.8679745197296143 236
1616515876352 0.8556690216064453 237
1616515911216 0.8670992851257324 238
1616515945358 0.8671935796737671 239
1616515984487 0.8516237735748291 240
1616516019456 0.8608391880989075 241
1616516053893 0.8533433675765991 242
1616516088260 0.8629111051559448 243
1616516123624 0.8769071102142334 244
1616516158159 0.8977510333061218 245
1616516192238 0.8581988215446472 246
1616516226426 0.8540017604827881 247
1616516261141 0.8555160760879517 248
1616516296114 0.8585293292999268 249
1616516334262 0.8717463612556458 250
1616516368934 0.8659465312957764 251
1616516404339 0.8703157901763916 252
1616516439738 0.8686240911483765 253
1616516474814 0.8588882088661194 254
1616516509816 0.868707537651062 255
1616516545105 0.8617688417434692 256
1616516579735 0.8716694116592407 257
1616516614569 0.8684710264205933 258
1616516648981 0.8879662156105042 259
1616516688955 0.8593228459358215 260
1616516723502 0.8710532188415527 261
1616516757784 0.8819066286087036 262
1616516792002 0.8775382041931152 263
1616516826283 0.8409322500228882 264
1616516861118 0.8564448952674866 265
1616516895314 0.8546262979507446 266
1616516929514 0.8550316691398621 267
1616516964764 0.8774911165237427 268
1616517000296 0.8812639117240906 269
1616517039962 0.8528242111206055 270
1616517075817 0.8677194118499756 271
1616517110871 0.8628584146499634 272
1616517145845 0.8630268573760986 273
1616517180161 0.8722045421600342 274
1616517214739 0.8579788208007812 275
1616517249293 0.8532930016517639 276
1616517283420 0.8609683513641357 277
1616517318840 0.8620761036872864 278
1616517353212 0.8599414825439453 279
1616517391736 0.8569205403327942 280
1616517425976 0.8858928680419922 281
1616517460091 0.8812105655670166 282
1616517494635 0.8678045272827148 283
1616517529056 0.8869796991348267 284
1616517563776 0.8674681186676025 285
1616517598342 0.8729391098022461 286
1616517633358 0.8919574022293091 287
1616517668314 0.8850609064102173 288
1616517703564 0.8928936719894409 289
1616517744041 0.8850736618041992 290
1616517778979 0.8802764415740967 291
1616517813437 0.8698024749755859 292
1616517847967 0.8816419839859009 293
1616517882082 0.8546832203865051 294
1616517916311 0.8633542656898499 295
1616517950734 0.8667579293251038 296
1616517985272 0.8647230863571167 297
1616518020211 0.8566630482673645 298
1616518054470 0.875971794128418 299
1616518092716 0.8812433481216431 300
1616518127007 0.8371065258979797 301
1616518161585 0.8665478229522705 302
1616518196368 0.8707500696182251 303
1616518230299 0.8654391169548035 304
1616518264561 0.8804320096969604 305
1616518299011 0.8633900880813599 306
1616518333331 0.870344877243042 307
1616518368807 0.882494330406189 308
1616518404311 0.8800715804100037 309
1616518443443 0.8790231943130493 310
1616518478712 0.8622734546661377 311
1616518513788 0.8777622580528259 312
1616518548894 0.9072986841201782 313
1616518583210 0.8727049827575684 314
1616518617760 0.8662519454956055 315
1616518652097 0.8691838383674622 316
1616518687746 0.8767038583755493 317
1616518722173 0.8429639935493469 318
1616518756474 0.8694347143173218 319
1616518795127 0.8672363758087158 320
1616518829246 0.8855003118515015 321
1616518863637 0.8829793930053711 322
1616518898113 0.8627676963806152 323
1616518932402 0.8428114652633667 324
1616518966823 0.8501681685447693 325
1616519001416 0.8872870206832886 326
1616519038178 0.8706574440002441 327
1616519074533 0.8714947700500488 328
1616519109847 0.8876975178718567 329
1616519150904 0.87168949842453 330
1616519185345 0.8863654136657715 331
1616519220224 0.8601194620132446 332
1616519254532 0.8793935179710388 333
1616519289005 0.8775238990783691 334
1616519324551 0.8920778036117554 335
1616519358880 0.8753567934036255 336
1616519393620 0.8684325218200684 337
1616519428524 0.8798097372055054 338
1616519463316 0.8882809281349182 339
1616519501275 0.868919849395752 340
1616519536037 0.8770936727523804 341
1616519570925 0.8784768581390381 342
1616519605869 0.8704589605331421 343
1616519640200 0.8784732818603516 344
1616519674198 0.8673413395881653 345
1616519709815 0.8660260438919067 346
1616519745802 0.8760193586349487 347
1616519781496 0.8881137371063232 348
1616519817226 0.8519498109817505 349
1616519856756 0.885822594165802 350
1616519891895 0.8929798603057861 351
1616519926512 0.8915685415267944 352
1616519962205 0.879239559173584 353
1616519996079 0.8518036603927612 354
1616520031093 0.8805309534072876 355
1616520065376 0.8900138139724731 356
1616520100078 0.8914775848388672 357
1616520134565 0.8821958303451538 358
1616520169424 0.8850024938583374 359
1616520207721 0.8736019134521484 360
1616520243688 0.8705483675003052 361
1616520278506 0.865642786026001 362
1616520314325 0.88872230052948 363
1616520350175 0.8758207559585571 364
1616520385702 0.8685822486877441 365
1616520420715 0.843004584312439 366
1616520455124 0.8930990695953369 367
1616520490371 0.88959801197052 368
1616520525145 0.8552839159965515 369
1616520563540 0.8502288460731506 370
1616520598156 0.8870052099227905 371
1616520633025 0.8920413255691528 372
1616520667389 0.8627081513404846 373
1616520701718 0.8665386438369751 374
1616520736637 0.8689808249473572 375
1616520771289 0.8590695858001709 376
1616520806799 0.8743915557861328 377
1616520842490 0.8670751452445984 378
1616520878491 0.8650320768356323 379
1616520917105 0.878542423248291 380
1616520952285 0.8955997228622437 381
1616520986739 0.8686349391937256 382
1616521021028 0.8747379779815674 383
1616521055995 0.8901751041412354 384
1616521090862 0.8814449310302734 385
1616521125213 0.8617894649505615 386
1616521159267 0.879399299621582 387
1616521193818 0.8605127334594727 388
1616521228647 0.879397988319397 389
1616521267564 0.8989058136940002 390
1616521302438 0.8936235904693604 391
1616521336869 0.8765419721603394 392
1616521371569 0.8569509983062744 393
1616521406614 0.8792702555656433 394
1616521441576 0.8595746755599976 395
1616521476050 0.8670915961265564 396
1616521513112 0.8779381513595581 397
1616521548907 0.8693046569824219 398
1616521583962 0.8849186897277832 399
1616521623889 0.8844249248504639 400
1616521658816 0.8513497114181519 401
1616521693113 0.8638830184936523 402
1616521727718 0.8805833458900452 403
1616521761908 0.8703908920288086 404
1616521796647 0.8710591793060303 405
1616521831027 0.8632364273071289 406
1616521865085 0.873144805431366 407
1616521899561 0.8697707653045654 408
1616521936175 0.8722680807113647 409
1616521977310 0.8614623546600342 410
1616522012244 0.8593763113021851 411
1616522047608 0.8608706593513489 412
1616522082240 0.835028886795044 413
1616522117103 0.8983842730522156 414
1616522152138 0.8884710669517517 415
1616522187539 0.8758527040481567 416
1616522222127 0.881506085395813 417
1616522256555 0.861320436000824 418
1616522290709 0.8912292718887329 419
1616522329311 0.8742474317550659 420
1616522363822 0.8818581104278564 421
1616522398581 0.8656206727027893 422
1616522433984 0.8769993782043457 423
1616522469583 0.8906064033508301 424
1616522504576 0.8768941164016724 425
1616522539771 0.8901174068450928 426
1616522574581 0.8860796689987183 427
1616522609055 0.8432878851890564 428
1616522643708 0.8928742408752441 429
1616522682077 0.8824501037597656 430
1616522717125 0.8941103219985962 431
1616522752356 0.8881686329841614 432
1616522786776 0.885739803314209 433
1616522820929 0.876836359500885 434
1616522855143 0.8978867530822754 435
1616522889605 0.9004848003387451 436
1616522923876 0.8890119194984436 437
1616522957925 0.8853631019592285 438
1616522994507 0.8734923601150513 439
1616523035496 0.8743525743484497 440
1616523070818 0.8920750021934509 441
1616523105761 0.8697705268859863 442
1616523139783 0.8807284832000732 443
1616523174233 0.8774919509887695 444
1616523208580 0.8934116363525391 445
1616523243676 0.8761159181594849 446
1616523278580 0.8843648433685303 447
1616523313196 0.85798180103302 448
1616523347503 0.8709546327590942 449
1616523387024 0.8844449520111084 450
1616523421231 0.8863710761070251 451
1616523456157 0.8853636980056763 452
1616523490965 0.889363169670105 453
1616523525670 0.9057283997535706 454
1616523560876 0.8731354475021362 455
1616523595663 0.888110876083374 456
1616523630252 0.8998724818229675 457
1616523665791 0.8951340913772583 458
1616523700415 0.898838222026825 459
1616523739790 0.8708949685096741 460
1616523774954 0.8826203346252441 461
1616523809395 0.8666581511497498 462
1616523844365 0.8827207684516907 463
1616523878661 0.8876801133155823 464
1616523913743 0.8753142356872559 465
1616523948658 0.8793174028396606 466
1616523982813 0.862758994102478 467
1616524017052 0.8758169412612915 468
1616524051472 0.8653627634048462 469
1616524090570 0.9020808935165405 470
1616524126298 0.8766294717788696 471
1616524161634 0.8937256932258606 472
1616524197312 0.8609286546707153 473
1616524232887 0.8742119073867798 474
1616524267393 0.8718224167823792 475
1616524302107 0.8916155695915222 476
1616524336480 0.906612753868103 477
1616524371068 0.8845798969268799 478
1616524406065 0.8958611488342285 479
1616524445664 0.8719989061355591 480
1616524480778 0.8716766834259033 481
1616524515703 0.8698936700820923 482
1616524549927 0.8913387656211853 483
1616524584457 0.8822355270385742 484
1616524619234 0.8765732049942017 485
1616524654115 0.8915449380874634 486
1616524688079 0.8817954063415527 487
1616524722612 0.8899859189987183 488
1616524757408 0.8705549240112305 489
1616524796332 0.8727462887763977 490
1616524830754 0.8750552535057068 491
1616524866097 0.8912286758422852 492
1616524900939 0.8919823169708252 493
1616524936240 0.893247663974762 494
1616524971290 0.8964354395866394 495
1616525005982 0.8955026865005493 496
1616525041066 0.887016773223877 497
1616525076160 0.8820515275001526 498
1616525110869 0.8871459364891052 499
1616525150054 0.8925262093544006 500
1616525184654 0.9038231372833252 501
1616525219557 0.902607798576355 502
1616525253809 0.8878800868988037 503
1616525288008 0.8807912468910217 504
1616525322574 0.878180742263794 505
1616525356985 0.8532838821411133 506
1616525391352 0.8791005611419678 507
1616525426437 0.873376727104187 508
1616525462262 0.8957512378692627 509
1616525503283 0.8922580480575562 510
1616525538630 0.869576632976532 511
1616525573347 0.8863766193389893 512
1616525607897 0.8730776309967041 513
1616525642273 0.891440749168396 514
1616525676601 0.8948642015457153 515
1616525711392 0.8788427114486694 516
1616525746458 0.8674174547195435 517
1616525781302 0.8963643312454224 518
1616525816113 0.8590366244316101 519
1616525855656 0.873227596282959 520
1616525889861 0.8892163038253784 521
1616525924005 0.8885897397994995 522
1616525958322 0.8941178321838379 523
1616525992321 0.8941203355789185 524
1616526027103 0.8608278036117554 525
1616526062530 0.8775615692138672 526
1616526097472 0.8787896037101746 527
1616526133266 0.8790534734725952 528
1616526168711 0.8842402100563049 529
1616526208171 0.8810691833496094 530
1616526242527 0.8735554814338684 531
1616526277426 0.8623164892196655 532
1616526311823 0.9045659899711609 533
1616526346874 0.8849886059761047 534
1616526381739 0.8824717998504639 535
1616526416662 0.8891865015029907 536
1616526451001 0.888808012008667 537
1616526486090 0.8774664998054504 538
1616526522077 0.8996016979217529 539
1616526562031 0.9052202701568604 540
1616526597285 0.8786901235580444 541
1616526632218 0.8858485221862793 542
1616526667001 0.8829877376556396 543
1616526702041 0.883359432220459 544
1616526736467 0.8780580759048462 545
1616526770763 0.8837792873382568 546
1616526805424 0.8779945373535156 547
1616526839956 0.8828469514846802 548
1616526874862 0.875518262386322 549
1616526912963 0.8797934651374817 550
1616526947451 0.8698283433914185 551
1616526981713 0.895607590675354 552
1616527015856 0.8996948599815369 553
1616527050151 0.8660396337509155 554
1616527084991 0.8701359033584595 555
1616527119303 0.8819482922554016 556
1616527153262 0.9022216796875 557
1616527187886 0.8921908140182495 558
1616527222209 0.8804705142974854 559
1616527260421 0.8703470230102539 560
1616527295078 0.8782486319541931 561
1616527329358 0.8968834280967712 562
1616527364834 0.8789023160934448 563
1616527401297 0.8762682676315308 564
1616527436389 0.8827776908874512 565
1616527471274 0.8837055563926697 566
1616527505790 0.885770320892334 567
1616527540817 0.9038128852844238 568
1616527575841 0.9133018255233765 569
1616527613916 0.8847318291664124 570
1616527648075 0.8845869302749634 571
1616527682873 0.8694870471954346 572
1616527717709 0.9010838270187378 573
1616527751947 0.8830161094665527 574
1616527786305 0.8890355825424194 575
1616527820884 0.8821629285812378 576
1616527854950 0.8835633993148804 577
1616527889353 0.8890789151191711 578
1616527923367 0.876233696937561 579
1616527962184 0.8811967372894287 580
1616527996380 0.899082362651825 581
1616528031449 0.9006511569023132 582
1616528066054 0.8849356770515442 583
1616528101295 0.8901933431625366 584
1616528137643 0.8945406675338745 585
1616528174218 0.8965353965759277 586
1616528209003 0.8775902986526489 587
1616528243485 0.8740631341934204 588
1616528278373 0.8907561898231506 589
1616528317149 0.9089761972427368 590
1616528351403 0.8831016421318054 591
1616528386416 0.8996922969818115 592
1616528421136 0.8805485963821411 593
1616528455274 0.9188039302825928 594
1616528489594 0.8874572515487671 595
1616528523774 0.8721146583557129 596
1616528558326 0.8927136659622192 597
1616528592864 0.8874421119689941 598
1616528627384 0.8825492858886719 599
1616528666208 0.8900063633918762 600
1616528700886 0.8997892141342163 601
1616528735662 0.892969012260437 602
1616528770522 0.8697828054428101 603
1616528806374 0.8898671865463257 604
1616528842357 0.9036120176315308 605
1616528877247 0.9011067152023315 606
1616528912697 0.8709270358085632 607
1616528947198 0.8946873545646667 608
1616528981424 0.8939297199249268 609
1616529020696 0.898847222328186 610
1616529055276 0.8993690013885498 611
1616529089478 0.9071035385131836 612
1616529123895 0.9104174971580505 613
1616529158900 0.884198784828186 614
1616529193584 0.8892577886581421 615
1616529228350 0.897140622138977 616
1616529262372 0.8711354732513428 617
1616529298484 0.9113612771034241 618
1616529334889 0.9005205631256104 619
1616529373864 0.8930671215057373 620
1616529408940 0.9051821827888489 621
1616529443725 0.9001439809799194 622
1616529478571 0.8957844972610474 623
1616529513285 0.8950763940811157 624
1616529548392 0.9125349521636963 625
1616529583430 0.8769253492355347 626
1616529618555 0.900337815284729 627
1616529653029 0.9053373336791992 628
1616529686992 0.891919732093811 629
1616529725784 0.8923922777175903 630
1616529760041 0.8990249037742615 631
1616529794636 0.8860083818435669 632
1616529829364 0.8910322189331055 633
1616529863536 0.8992037773132324 634
1616529898088 0.8976638317108154 635
1616529933616 0.8821315765380859 636
1616529970764 0.9065654873847961 637
1616530006200 0.8981713056564331 638
1616530041238 0.8929502367973328 639
1616530080851 0.8924480676651001 640
1616530115115 0.8908035755157471 641
1616530150920 0.8989683389663696 642
1616530185364 0.9168063998222351 643
1616530220274 0.9046521782875061 644
1616530255181 0.9056451320648193 645
1616530290109 0.8883478045463562 646
1616530325034 0.8909627199172974 647
1616530359522 0.8623401522636414 648
1616530394557 0.8985472917556763 649
1616530433250 0.8759185671806335 650
1616530469635 0.8841022253036499 651
1616530504787 0.9029504060745239 652
1616530539876 0.8833298683166504 653
1616530575220 0.8853170871734619 654
1616530610035 0.8875623941421509 655
1616530644577 0.8897862434387207 656
1616530679696 0.8891840577125549 657
1616530714714 0.9058579206466675 658
1616530749881 0.9102613925933838 659
1616530788923 0.902478814125061 660
1616530823448 0.8995265960693359 661
1616530858485 0.9105731248855591 662
1616530892742 0.9017471075057983 663
1616530927233 0.8946232795715332 664
1616530961890 0.8763898611068726 665
1616530996134 0.9033458232879639 666
1616531030407 0.9075466990470886 667
1616531065316 0.9007378220558167 668
1616531099791 0.9264904856681824 669
1616531139894 0.890655517578125 670
1616531175198 0.8925220370292664 671
1616531209988 0.896779477596283 672
1616531244913 0.9061056971549988 673
1616531279986 0.8916335105895996 674
1616531314497 0.8798027038574219 675
1616531349465 0.8852864503860474 676
1616531384117 0.8975986242294312 677
1616531418817 0.9020352363586426 678
1616531453716 0.8982644081115723 679
1616531493339 0.910612940788269 680
1616531527676 0.9164165258407593 681
1616531562874 0.8959676027297974 682
1616531597144 0.8884939551353455 683
1616531631109 0.9010213613510132 684
1616531665577 0.8914854526519775 685
1616531700510 0.8804500699043274 686
1616531735532 0.8883371353149414 687
1616531770503 0.899071216583252 688
1616531806898 0.8957198858261108 689
1616531847721 0.8995792269706726 690
1616531883102 0.888668954372406 691
1616531917313 0.9056950211524963 692
1616531952463 0.8895390629768372 693
1616531987410 0.9007953405380249 694
1616532021897 0.8953731656074524 695
1616532057119 0.8955830335617065 696
1616532091350 0.9045320153236389 697
1616532126220 0.8974478840827942 698
1616532160906 0.8871312141418457 699
1616532199102 0.8742092251777649 700
1616532233821 0.8869650959968567 701
1616532268604 0.8731604814529419 702
1616532303525 0.8873615264892578 703
1616532337648 0.8910007476806641 704
1616532372459 0.8826446533203125 705
1616532407206 0.8939638137817383 706
1616532442718 0.8865194320678711 707
1616532477556 0.8940300941467285 708
1616532512361 0.8998507261276245 709
1616532551870 0.8991729617118835 710
1616532586464 0.8781911134719849 711
1616532622603 0.9034816026687622 712
1616532656966 0.9078922271728516 713
1616532691653 0.8775537014007568 714
1616532725978 0.8926355838775635 715
1616532760102 0.885953426361084 716
1616532794324 0.8757741451263428 717
1616532828603 0.8856863975524902 718
1616532862951 0.8916083574295044 719
1616532901211 0.8992299437522888 720
1616532935814 0.8948323726654053 721
1616532970677 0.9137066602706909 722
1616533005331 0.8748999834060669 723
1616533039950 0.8839516639709473 724
1616533075549 0.8838865756988525 725
1616533111318 0.8948599100112915 726
1616533146972 0.8866319060325623 727
1616533181873 0.9102400541305542 728
1616533217078 0.8811396360397339 729
1616533256496 0.8957140445709229 730
1616533291240 0.8912667036056519 731
1616533326391 0.8927502036094666 732
1616533361947 0.8872278928756714 733
1616533396722 0.8975715041160583 734
1616533430910 0.8849809169769287 735
1616533464908 0.9000606536865234 736
1616533499277 0.8918225765228271 737
1616533533732 0.904746413230896 738
1616533568511 0.9089527130126953 739
1616533607272 0.8794279098510742 740
1616533641915 0.8875117897987366 741
1616533676413 0.88443922996521 742
1616533712571 0.8945629596710205 743
1616533748953 0.8818933963775635 744
1616533783980 0.889728307723999 745
1616533818936 0.9082281589508057 746
1616533853628 0.8784415125846863 747
1616533888054 0.8838373422622681 748
1616533922655 0.9150403738021851 749
1616533961082 0.8843046426773071 750
1616533995246 0.9171324968338013 751
1616534029595 0.8903541564941406 752
1616534064487 0.8926783800125122 753
1616534099371 0.902390718460083 754
1616534133704 0.8824754953384399 755
1616534168559 0.8978104591369629 756
1616534203008 0.9011999368667603 757
1616534237956 0.9087801575660706 758
1616534272602 0.8901228904724121 759
1616534311693 0.9046102166175842 760
1616534346644 0.861700713634491 761
1616534381464 0.8955710530281067 762
1616534416763 0.8945865631103516 763
1616534452090 0.9033328890800476 764
1616534487607 0.889078676700592 765
1616534522689 0.890360414981842 766
1616534557134 0.8963840007781982 767
1616534591434 0.8892632126808167 768
1616534626393 0.8773388266563416 769
1616534665268 0.8892455697059631 770
1616534699767 0.8966591358184814 771
1616534735352 0.8746587038040161 772
1616534769784 0.9043303728103638 773
1616534804077 0.8984084129333496 774
1616534838313 0.8834377527236938 775
1616534872653 0.8948273658752441 776
1616534907519 0.9048925638198853 777
1616534942250 0.8958616256713867 778
1616534976624 0.870419979095459 779
1616535015532 0.8855444192886353 780
1616535050013 0.8838469982147217 781
1616535085047 0.8891298770904541 782
1616535120677 0.8930659294128418 783
1616535155992 0.8888471126556396 784
1616535190723 0.8755912780761719 785
1616535225868 0.8959813117980957 786
1616535261138 0.8987984657287598 787
1616535295702 0.8969563245773315 788
1616535330716 0.8993908762931824 789
1616535369078 0.893017053604126 790
1616535403882 0.8741374015808105 791
1616535438783 0.8946548700332642 792
1616535472807 0.9142687916755676 793
1616535507339 0.8848443627357483 794
1616535542308 0.8781287670135498 795
1616535576303 0.9019185304641724 796
1616535610497 0.886202335357666 797
1616535644618 0.8998193740844727 798
1616535679218 0.9033602476119995 799
1616535717273 0.8795022964477539 800
1616535751719 0.8991497755050659 801
1616535786648 0.9085046648979187 802
1616535820949 0.8897351026535034 803
1616535856921 0.8607639670372009 804
1616535892338 0.8800634741783142 805
1616535927986 0.883888304233551 806
1616535962975 0.903527021408081 807
1616535997856 0.8882312178611755 808
1616536032297 0.9032303094863892 809
1616536070949 0.8938233256340027 810
1616536106210 0.9018972516059875 811
1616536140594 0.8972353339195251 812
1616536176028 0.8948089480400085 813
1616536210329 0.8956722021102905 814
1616536245173 0.8645466566085815 815
1616536280120 0.8820725679397583 816
1616536314212 0.8995697498321533 817
1616536348640 0.8790643215179443 818
1616536382804 0.8927592039108276 819
1616536421665 0.8870335817337036 820
1616536455999 0.8846501708030701 821
1616536490168 0.8940927982330322 822
1616536525957 0.8763037323951721 823
1616536560992 0.8788995742797852 824
1616536595895 0.8979208469390869 825
1616536631121 0.8762787580490112 826
1616536666502 0.9058334827423096 827
1616536701437 0.9078333377838135 828
1616536736397 0.8871004581451416 829
1616536776122 0.905003547668457 830
1616536810253 0.9095860719680786 831
1616536845104 0.882266640663147 832
1616536879563 0.8798348903656006 833
1616536914910 0.8836855888366699 834
1616536949716 0.8811768889427185 835
1616536984303 0.8885010480880737 836
1616537019228 0.8823033571243286 837
1616537053539 0.8970450162887573 838
1616537088412 0.8913215398788452 839
1616537127644 0.9060685634613037 840
1616537162252 0.8899250030517578 841
1616537196889 0.8899403214454651 842
1616537231237 0.8616211414337158 843
1616537265846 0.8985782265663147 844
1616537300902 0.9015100598335266 845
1616537336102 0.8919628262519836 846
1616537371019 0.8961058855056763 847
1616537405725 0.8937335014343262 848
1616537440786 0.8852592706680298 849
1616537479665 0.8822450637817383 850
1616537514392 0.8873345851898193 851
1616537548769 0.9042022228240967 852
1616537583650 0.9117820262908936 853
1616537618010 0.8993433117866516 854
1616537652242 0.9086689949035645 855
1616537686776 0.9072992205619812 856
1616537721943 0.8843778967857361 857
1616537756278 0.9109609723091125 858
1616537790279 0.8915469646453857 859
1616537828624 0.8943140506744385 860
1616537862675 0.9107829332351685 861
1616537897489 0.893069863319397 862
1616537931623 0.910651683807373 863
1616537966612 0.8733270168304443 864
1616538001043 0.9021673202514648 865
1616538035339 0.9015346765518188 866
1616538070113 0.9062021970748901 867
1616538104753 0.8835692405700684 868
1616538139159 0.9077219367027283 869
1616538178376 0.8697265386581421 870
1616538213045 0.8851182460784912 871
1616538247846 0.8923453092575073 872
1616538282666 0.8880476951599121 873
1616538317544 0.8975965976715088 874
1616538352300 0.8915396928787231 875
1616538387424 0.8917253017425537 876
1616538422109 0.8882584571838379 877
1616538456373 0.8867964744567871 878
1616538491775 0.9031005501747131 879
1616538530850 0.8875507712364197 880
1616538566408 0.8898308277130127 881
1616538600532 0.8916016817092896 882
1616538635565 0.9071034789085388 883
1616538669891 0.9095714688301086 884
1616538704809 0.8913228511810303 885
1616538739635 0.8925964832305908 886
1616538774724 0.9172396063804626 887
1616538809519 0.9000577926635742 888
1616538845165 0.8945610523223877 889
1616538884881 0.888094425201416 890
1616538919684 0.9079773426055908 891
1616538954986 0.8989030122756958 892
1616538990511 0.9030033349990845 893
1616539025504 0.8888880610466003 894
1616539059986 0.9012277126312256 895
1616539094452 0.874977171421051 896
1616539128477 0.8845303654670715 897
1616539163060 0.9099405407905579 898
1616539197971 0.907335638999939 899
1616539236810 0.8897222280502319 900
1616539271876 0.8862794041633606 901
1616539306031 0.8859401941299438 902
1616539340943 0.9198971390724182 903
1616539375578 0.8874047994613647 904
1616539410222 0.9081265926361084 905
1616539445958 0.8877291083335876 906
1616539481941 0.9143983125686646 907
1616539517423 0.8891862034797668 908
1616539552619 0.8759486675262451 909
1616539592032 0.874570369720459 910
1616539626383 0.8976373076438904 911
1616539661425 0.9142189025878906 912
1616539695896 0.8972188234329224 913
1616539730085 0.8878695964813232 914
1616539764340 0.8849871158599854 915
1616539799207 0.861215353012085 916
1616539833441 0.9019096493721008 917
1616539867797 0.8560059070587158 918
1616539901963 0.8863629102706909 919
1616539941693 0.8710020780563354 920
1616539976243 0.9050126671791077 921
1616540011085 0.906038761138916 922
1616540046253 0.889923095703125 923
1616540082173 0.8684315085411072 924
1616540117764 0.8938044309616089 925
1616540152480 0.9044191837310791 926
1616540187630 0.8784774541854858 927
1616540222559 0.8873118162155151 928
1616540256846 0.895228922367096 929
1616540296105 0.8717257976531982 930
1616540331013 0.916447103023529 931
1616540365065 0.8837390542030334 932
1616540400216 0.8860224485397339 933
1616540434344 0.8591606020927429 934
1616540468626 0.8589630126953125 935
1616540503094 0.8901379108428955 936
1616540537817 0.9031262397766113 937
1616540572213 0.8953299522399902 938
1616540607323 0.8977728486061096 939
1616540647661 0.9009741544723511 940
1616540682820 0.9101634621620178 941
1616540717666 0.9081658124923706 942
1616540752379 0.8967981338500977 943
1616540787605 0.8924859762191772 944
1616540821793 0.8897289633750916 945
1616540856287 0.8941487073898315 946
1616540891310 0.883459210395813 947
1616540925508 0.9020622372627258 948
1616540960649 0.8870534300804138 949
1616540999649 0.9159749746322632 950
1616541033596 0.8905140161514282 951
1616541067787 0.8890078067779541 952
1616541102644 0.883326530456543 953
1616541137593 0.8984593749046326 954
1616541172135 0.8888036608695984 955
1616541206982 0.9016613960266113 956
1616541241987 0.8988498449325562 957
1616541275848 0.9093270301818848 958
1616541310685 0.9104890823364258 959
1616541348960 0.8801273107528687 960
1616541383245 0.8641447424888611 961
1616541418183 0.8892923593521118 962
1616541452611 0.9115861654281616 963
1616541487129 0.8871667385101318 964
1616541522404 0.883797287940979 965
1616541557828 0.9077845215797424 966
1616541592681 0.9056244492530823 967
1616541627556 0.8891957998275757 968
1616541662573 0.8893524408340454 969
1616541701124 0.8866185545921326 970
1616541736199 0.9183500409126282 971
1616541771257 0.8966155052185059 972
1616541806961 0.8932386636734009 973
1616541841677 0.8951704502105713 974
1616541876506 0.8982608318328857 975
1616541910867 0.8956257104873657 976
1616541945656 0.8825802206993103 977
1616541979964 0.8946676254272461 978
1616542014886 0.884001612663269 979
1616542054171 0.8984273076057434 980
1616542089055 0.9020950198173523 981
1616542123269 0.885597825050354 982
1616542157565 0.9047589302062988 983
1616542191829 0.8855769634246826 984
1616542227404 0.8808375597000122 985
1616542263886 0.8999032974243164 986
1616542299066 0.8949403762817383 987
1616542333975 0.9020562171936035 988
1616542368443 0.8790322542190552 989
1616542407415 0.8813201785087585 990
1616542441877 0.8942834734916687 991
1616542476590 0.8836745023727417 992
1616542510945 0.8634052872657776 993
1616542546132 0.9075614213943481 994
1616542581055 0.8918988704681396 995
1616542615382 0.8786991238594055 996
1616542650795 0.8798084259033203 997
1616542684974 0.8809285163879395 998
1616542719363 0.8951727151870728 999
1616542758444 0.8892938494682312 1000
1616542792984 0.879480242729187 1001
1616542827249 0.8790985345840454 1002
1616542861618 0.8934829235076904 1003
1616542896985 0.9092149138450623 1004
1616542932017 0.8883470892906189 1005
1616542967668 0.8866491913795471 1006
1616543002329 0.9007107615470886 1007
1616543037302 0.9071552753448486 1008
1616543072403 0.9198779463768005 1009
1616543112192 0.8749711513519287 1010
1616543146666 0.8820467591285706 1011
1616543181114 0.8916032910346985 1012
1616543215668 0.895835280418396 1013
1616543249732 0.8992056846618652 1014
1616543284402 0.9031827449798584 1015
1616543319041 0.9072295427322388 1016
1616543353601 0.8791319131851196 1017
1616543387994 0.8811648488044739 1018
1616543422975 0.8936114311218262 1019
1616543461108 0.892807126045227 1020
1616543495503 0.8904614448547363 1021
1616543529425 0.8762863278388977 1022
1616543563381 0.8687421083450317 1023
1616543598464 0.8791817426681519 1024
1616543634579 0.9012139439582825 1025
1616543670253 0.8969594240188599 1026
1616543705639 0.9050005674362183 1027
1616543740502 0.9060838222503662 1028
1616543775516 0.9081908464431763 1029
1616543815028 0.8988301157951355 1030
1616543850235 0.8829284906387329 1031
1616543884770 0.897446870803833 1032
1616543919942 0.8853996396064758 1033
1616543954861 0.9119793176651001 1034
1616543989184 0.9055744409561157 1035
1616544024171 0.8995488882064819 1036
1616544058345 0.8792870044708252 1037
1616544093362 0.8893457651138306 1038
1616544128261 0.882821261882782 1039
1616544166597 0.8892149329185486 1040
1616544200902 0.9066476821899414 1041
1616544236840 0.9032993316650391 1042
1616544274361 0.9011521339416504 1043
1616544309682 0.900976300239563 1044
1616544344319 0.892431378364563 1045
1616544379422 0.8951393365859985 1046
1616544414020 0.9008972644805908 1047
1616544448802 0.8807517290115356 1048
1616544483737 0.8936214447021484 1049
1616544522702 0.8747730255126953 1050
1616544556901 0.8778799772262573 1051
1616544591804 0.8791576623916626 1052
1616544626483 0.8970729112625122 1053
1616544660800 0.8817496299743652 1054
1616544695061 0.885909914970398 1055
1616544729888 0.8985786437988281 1056
1616544763946 0.8838841319084167 1057
1616544797959 0.90557861328125 1058
1616544832418 0.8697798252105713 1059
1616544872880 0.8905293941497803 1060
1616544908954 0.8919962048530579 1061
1616544944169 0.883072555065155 1062
1616544979684 0.8778777718544006 1063
1616545014960 0.8936766386032104 1064
1616545050360 0.9045491218566895 1065
1616545084876 0.8980194330215454 1066
1616545119745 0.8867684602737427 1067
1616545154227 0.8785117268562317 1068
1616545188391 0.8924697041511536 1069
1616545227225 0.8782907128334045 1070
1616545262227 0.8829514384269714 1071
1616545297240 0.8997306227684021 1072
1616545332118 0.8980135917663574 1073
1616545367055 0.9008145332336426 1074
1616545401373 0.8944231867790222 1075
1616545436370 0.8816488981246948 1076
1616545471259 0.8811789751052856 1077
1616545506045 0.9017329216003418 1078
1616545540942 0.9001505970954895 1079
1616545578747 0.8906112909317017 1080
1616545613005 0.8781272172927856 1081
1616545648029 0.8999962210655212 1082
1616545682711 0.9093260765075684 1083
1616545718953 0.879867672920227 1084
1616545754064 0.9029544591903687 1085
1616545789260 0.8869408369064331 1086
1616545824717 0.8954206705093384 1087
1616545859850 0.8823739290237427 1088
1616545894472 0.887661337852478 1089
1616545934035 0.8986717462539673 1090
1616545968161 0.8860472440719604 1091
1616546002805 0.9243240356445312 1092
1616546037758 0.8865071535110474 1093
1616546072128 0.9055321216583252 1094
1616546106410 0.8932108879089355 1095
1616546140554 0.889725923538208 1096
1616546175150 0.9123860597610474 1097
1616546209524 0.8992820382118225 1098
1616546245365 0.898147463798523 1099
1616546287093 0.896715521812439 1100
1616546322120 0.8835029602050781 1101
1616546358014 0.8964947462081909 1102
1616546392766 0.8881229162216187 1103
1616546427834 0.8988660573959351 1104
1616546462399 0.8897643685340881 1105
1616546496964 0.9151682257652283 1106
1616546531099 0.8961693048477173 1107
1616546565375 0.91400146484375 1108
1616546600358 0.9081510305404663 1109
1616546638631 0.9007759094238281 1110
1616546673263 0.8858109712600708 1111
1616546708653 0.8874769806861877 1112
1616546743573 0.902995228767395 1113
1616546779110 0.8990565538406372 1114
1616546814860 0.8841768503189087 1115
1616546849968 0.8828655481338501 1116
1616546885761 0.8977646827697754 1117
1616546921380 0.9086635112762451 1118
1616546955848 0.8919054269790649 1119
1616546995557 0.8729180097579956 1120
1616547030468 0.8844325542449951 1121
1616547064904 0.8961883783340454 1122
1616547099159 0.8947003483772278 1123
1616547133198 0.8974374532699585 1124
1616547167481 0.8943506479263306 1125
1616547202392 0.8892756700515747 1126
1616547237465 0.872829794883728 1127
1616547272331 0.8980940580368042 1128
1616547307310 0.8992753028869629 1129
1616547347013 0.8787345886230469 1130
1616547381962 0.8822144269943237 1131
1616547416369 0.9049336910247803 1132
1616547451355 0.9020931124687195 1133
1616547485924 0.900925874710083 1134
1616547520837 0.889132559299469 1135
1616547555877 0.9120684862136841 1136
1616547590647 0.8652481436729431 1137
1616547625559 0.900688886642456 1138
1616547660692 0.9038311243057251 1139
1616547699803 0.8920474052429199 1140
1616547734726 0.8994100093841553 1141
1616547769388 0.8718974590301514 1142
1616547803703 0.9004347324371338 1143
1616547838151 0.8926026821136475 1144
1616547872123 0.8899260759353638 1145
1616547907012 0.898566484451294 1146
1616547941602 0.8874928951263428 1147
1616547977096 0.900681734085083 1148
1616548012215 0.9069256782531738 1149
1616548051889 0.8885291814804077 1150
1616548086712 0.8964974880218506 1151
1616548121320 0.8825118541717529 1152
1616548156238 0.8937078714370728 1153
1616548191341 0.8955644369125366 1154
1616548225850 0.9009438753128052 1155
1616548261530 0.8973807096481323 1156
1616548296447 0.9042361974716187 1157
1616548331041 0.8993551731109619 1158
1616548365191 0.8901970982551575 1159
1616548403987 0.8907896280288696 1160
1616548438820 0.8810721635818481 1161
1616548473343 0.9132525324821472 1162
1616548507747 0.8826285004615784 1163
1616548542665 0.884602427482605 1164
1616548577569 0.9085556268692017 1165
1616548613173 0.8813692331314087 1166
1616548648904 0.8894984722137451 1167
1616548684493 0.8825299739837646 1168
1616548719304 0.8890021443367004 1169
1616548758861 0.9014573097229004 1170
1616548793306 0.869444727897644 1171
1616548827948 0.9071780443191528 1172
1616548863142 0.8928206562995911 1173
1616548898116 0.9084779024124146 1174
1616548933101 0.9012640714645386 1175
1616548967495 0.867780327796936 1176
1616549002605 0.8876640796661377 1177
1616549037503 0.9010794162750244 1178
1616549072274 0.9137941598892212 1179
1616549111140 0.8960445523262024 1180
1616549147627 0.912437915802002 1181
1616549182761 0.8789114952087402 1182
1616549218049 0.8993969559669495 1183
1616549253096 0.9075376391410828 1184
1616549287698 0.8515921831130981 1185
1616549322206 0.8820053935050964 1186
1616549357437 0.8871054649353027 1187
1616549392339 0.8870006799697876 1188
1616549426677 0.8792434930801392 1189
1616549466495 0.8823609352111816 1190
1616549500753 0.8989982604980469 1191
1616549535131 0.8880791664123535 1192
1616549570072 0.8991295099258423 1193
1616549604857 0.8770918846130371 1194
1616549639816 0.9127373695373535 1195
1616549675493 0.9028919339179993 1196
1616549711079 0.9139772653579712 1197
1616549747075 0.8997220993041992 1198
1616549782733 0.890504002571106 1199
1616549822865 0.8893190622329712 1200
1616549852902 0.8806557655334473 0
1616549852914 0.8806557655334473 0
