1616507573329 0.12579846382141113 1
1616507607512 0.1452139914035797 2
1616507641677 0.2114117443561554 3
1616507675893 0.2560117244720459 4
1616507709961 0.2827953100204468 5
1616507744773 0.3098767399787903 6
1616507779396 0.30415862798690796 7
1616507814008 0.3121420741081238 8
1616507849261 0.33183205127716064 9
1616507889828 0.32748493552207947 10
1616507925490 0.33077290654182434 11
1616507960247 0.36099740862846375 12
1616507994968 0.34046921133995056 13
1616508028990 0.35061734914779663 14
1616508063747 0.3767005205154419 15
1616508098553 0.3492245078086853 16
1616508132793 0.3676252067089081 17
1616508166806 0.3751731812953949 18
1616508201106 0.34587693214416504 19
1616508239905 0.3581050634384155 20
1616508274151 0.37271010875701904 21
1616508308379 0.3688246011734009 22
1616508342635 0.37423175573349 23
1616508377492 0.375912070274353 24
1616508411425 0.36291590332984924 25
1616508445552 0.3649482727050781 26
1616508479892 0.36384838819503784 27
1616508514478 0.3710569143295288 28
1616508550139 0.3795943856239319 29
1616508591090 0.374813437461853 30
1616508626744 0.36316949129104614 31
1616508661928 0.3943929672241211 32
1616508696442 0.3885996639728546 33
1616508731715 0.37789541482925415 34
1616508766800 0.37819546461105347 35
1616508801467 0.41016876697540283 36
1616508835772 0.37741222977638245 37
1616508869732 0.3833423852920532 38
1616508903958 0.3737555742263794 39
1616508942096 0.38987159729003906 40
1616508976085 0.38445448875427246 41
1616509010812 0.398018479347229 42
1616509046302 0.38566648960113525 43
1616509082142 0.3734390437602997 44
1616509116876 0.37585967779159546 45
1616509151707 0.38625138998031616 46
1616509186038 0.40595418214797974 47
1616509220593 0.40244150161743164 48
1616509255252 0.40035051107406616 49
1616509293790 0.38891810178756714 50
1616509328483 0.377719521522522 51
1616509362902 0.38694465160369873 52
1616509397674 0.3889375925064087 53
1616509432858 0.397952139377594 54
1616509467199 0.382445752620697 55
1616509501578 0.39639171957969666 56
1616509535653 0.4026244878768921 57
1616509569895 0.4097048342227936 58
1616509604726 0.3902324438095093 59
1616509643218 0.3985280394554138 60
1616509678116 0.39319777488708496 61
1616509712434 0.41121792793273926 62
1616509747828 0.3942996561527252 63
1616509782536 0.3989434838294983 64
1616509818328 0.378692626953125 65
1616509853504 0.4057997763156891 66
1616509888167 0.4050450921058655 67
1616509922749 0.42537084221839905 68
1616509958059 0.4188095033168793 69
1616509997850 0.39657315611839294 70
1616510032623 0.40687665343284607 71
1616510067401 0.4160866439342499 72
1616510102190 0.38410651683807373 73
1616510136800 0.4108732342720032 74
1616510171650 0.39383772015571594 75
1616510206326 0.4049939811229706 76
1616510240913 0.412594199180603 77
1616510275417 0.4151065945625305 78
1616510310241 0.4138331413269043 79
1616510348705 0.3966176509857178 80
1616510382910 0.39255982637405396 81
1616510417565 0.3846133351325989 82
1616510451673 0.40943241119384766 83
1616510486325 0.422659307718277 84
1616510521122 0.39949870109558105 85
1616510556494 0.400840163230896 86
1616510591288 0.42093944549560547 87
1616510625861 0.41768166422843933 88
1616510660186 0.4245145618915558 89
1616510699149 0.4148145914077759 90
1616510733659 0.41605526208877563 91
1616510768590 0.4334438443183899 92
1616510803554 0.40344303846359253 93
1616510837858 0.3979226350784302 94
1616510872642 0.4170491099357605 95
1616510906729 0.425601065158844 96
1616510941693 0.4128558039665222 97
1616510976515 0.40686583518981934 98
1616511010710 0.40500229597091675 99
1616511050343 0.432170569896698 100
1616511085035 0.40335512161254883 101
1616511120992 0.4311716556549072 102
1616511156701 0.4253920912742615 103
1616511192394 0.43728387355804443 104
1616511227691 0.4176253080368042 105
1616511262057 0.41382813453674316 106
1616511296407 0.4231724143028259 107
1616511331351 0.42712241411209106 108
1616511365686 0.41293057799339294 109
1616511405585 0.40304091572761536 110
1616511440274 0.4341285526752472 111
1616511474216 0.4276030659675598 112
1616511509784 0.4102252721786499 113
1616511544341 0.42315202951431274 114
1616511578480 0.4298807978630066 115
1616511613319 0.42405378818511963 116
1616511647580 0.41751188039779663 117
1616511682101 0.4196021854877472 118
1616511716512 0.408221036195755 119
1616511756157 0.4143317937850952 120
1616511790497 0.41694629192352295 121
1616511825004 0.4223407506942749 122
1616511859958 0.4262216091156006 123
1616511894912 0.44204699993133545 124
1616511929741 0.42799144983291626 125
1616511964689 0.4233570694923401 126
1616511999647 0.42959120869636536 127
1616512034913 0.4267559051513672 128
1616512069502 0.43321698904037476 129
1616512108036 0.4310116767883301 130
1616512142590 0.4321547746658325 131
1616512177005 0.43398749828338623 132
1616512211139 0.4303683042526245 133
1616512246725 0.436074823141098 134
1616512280937 0.4373819828033447 135
1616512315089 0.4103275239467621 136
1616512349978 0.42880088090896606 137
1616512384247 0.4317159652709961 138
1616512419729 0.448930025100708 139
1616512459592 0.42470094561576843 140
1616512494758 0.4378964304924011 141
1616512530077 0.4376143217086792 142
1616512565018 0.4418952167034149 143
1616512600109 0.4264768958091736 144
1616512634982 0.4463483691215515 145
1616512669964 0.45308226346969604 146
1616512704483 0.4337548613548279 147
1616512739260 0.4326205253601074 148
1616512773465 0.4508430063724518 149
1616512812113 0.4350643754005432 150
1616512846296 0.4525614380836487 151
1616512881090 0.4440823495388031 152
1616512915409 0.4363129138946533 153
1616512950051 0.41853511333465576 154
1616512985995 0.4249633550643921 155
1616513021473 0.44380879402160645 156
1616513056610 0.4366220235824585 157
1616513091761 0.39544540643692017 158
1616513126363 0.4133269786834717 159
1616513165934 0.43284207582473755 160
1616513200973 0.41824549436569214 161
1616513235334 0.4368334412574768 162
1616513270444 0.43722909688949585 163
1616513304896 0.41435956954956055 164
1616513339706 0.4286472499370575 165
1616513373670 0.43812334537506104 166
1616513407712 0.4543057680130005 167
1616513442565 0.4565849304199219 168
1616513477086 0.45248037576675415 169
1616513515812 0.45292118191719055 170
1616513550453 0.44596266746520996 171
1616513585885 0.4469478726387024 172
1616513621159 0.442013680934906 173
1616513656783 0.4486408829689026 174
1616513692077 0.43984097242355347 175
1616513726947 0.42398756742477417 176
1616513761475 0.47349387407302856 177
1616513796313 0.4426896572113037 178
1616513830968 0.45131567120552063 179
1616513869537 0.4652743339538574 180
1616513904341 0.4383881092071533 181
1616513939099 0.45916420221328735 182
1616513973414 0.43157774209976196 183
1616514009629 0.4540739059448242 184
1616514044280 0.44735509157180786 185
1616514078919 0.46384191513061523 186
1616514114534 0.4515446424484253 187
1616514149542 0.46515148878097534 188
1616514184234 0.44375455379486084 189
1616514223274 0.4351224899291992 190
1616514257474 0.46038389205932617 191
1616514291708 0.46420150995254517 192
1616514326608 0.4559575915336609 193
1616514361541 0.4567224383354187 194
1616514395933 0.4191795587539673 195
1616514430772 0.4394211173057556 196
1616514465618 0.4744814336299896 197
1616514500397 0.4543677270412445 198
1616514534612 0.44266030192375183 199
1616514573429 0.4496459364891052 200
1616514609112 0.45468997955322266 201
1616514644532 0.46701157093048096 202
1616514679419 0.441399484872818 203
1616514714888 0.45197170972824097 204
1616514750098 0.473352313041687 205
1616514785523 0.4411848783493042 206
1616514820402 0.4658051133155823 207
1616514854896 0.4681386351585388 208
1616514889833 0.45834454894065857 209
1616514929957 0.46124839782714844 210
1616514964855 0.45864105224609375 211
1616514999696 0.44186317920684814 212
1616515034630 0.435020387172699 213
1616515069013 0.4456786513328552 214
1616515103960 0.4472495913505554 215
1616515138290 0.4332309663295746 216
1616515172328 0.4362267255783081 217
1616515207139 0.46643441915512085 218
1616515242033 0.4370255470275879 219
1616515281150 0.44841086864471436 220
1616515315988 0.4426480531692505 221
1616515350864 0.458590567111969 222
1616515385511 0.4502568244934082 223
1616515420051 0.4490445852279663 224
1616515454886 0.4566259980201721 225
1616515488842 0.4618365168571472 226
1616515523840 0.4290579557418823 227
1616515558557 0.44512224197387695 228
1616515593063 0.4482417702674866 229
1616515632366 0.4563192129135132 230
1616515667289 0.44570618867874146 231
1616515701839 0.47693151235580444 232
1616515736443 0.46422749757766724 233
1616515771834 0.44436103105545044 234
1616515806881 0.4683355689048767 235
1616515841291 0.46093645691871643 236
1616515876352 0.44098562002182007 237
1616515911216 0.45469599962234497 238
1616515945358 0.4530777335166931 239
1616515984487 0.44708994030952454 240
1616516019456 0.4485827088356018 241
1616516053893 0.44057977199554443 242
1616516088260 0.4455776810646057 243
1616516123624 0.46518632769584656 244
1616516158159 0.48751240968704224 245
1616516192238 0.4460975229740143 246
1616516226426 0.44735145568847656 247
1616516261141 0.4476264715194702 248
1616516296114 0.4471970200538635 249
1616516334262 0.4590647220611572 250
1616516368934 0.45263996720314026 251
1616516404339 0.46045467257499695 252
1616516439738 0.46184486150741577 253
1616516474814 0.44529393315315247 254
1616516509816 0.4605816602706909 255
1616516545105 0.45099741220474243 256
1616516579735 0.45807337760925293 257
1616516614569 0.46199652552604675 258
1616516648981 0.4829869568347931 259
1616516688955 0.450992614030838 260
1616516723502 0.4666154682636261 261
1616516757784 0.4715571403503418 262
1616516792002 0.4695267975330353 263
1616516826283 0.43451690673828125 264
1616516861118 0.4458991587162018 265
1616516895314 0.43981218338012695 266
1616516929514 0.45032525062561035 267
1616516964764 0.4737623333930969 268
1616517000296 0.4746882915496826 269
1616517039962 0.44098299741744995 270
1616517075817 0.4642748236656189 271
1616517110871 0.4615311026573181 272
1616517145845 0.4604155421257019 273
1616517180161 0.45787784457206726 274
1616517214739 0.4462648034095764 275
1616517249293 0.45227324962615967 276
1616517283420 0.45427531003952026 277
1616517318840 0.4519450068473816 278
1616517353212 0.4564995765686035 279
1616517391736 0.4479483962059021 280
1616517425976 0.4818325340747833 281
1616517460091 0.471984326839447 282
1616517494635 0.466841459274292 283
1616517529056 0.4825116991996765 284
1616517563776 0.46546149253845215 285
1616517598342 0.4789049029350281 286
1616517633358 0.4936915636062622 287
1616517668314 0.4862697124481201 288
1616517703564 0.4870213270187378 289
1616517744041 0.47827357053756714 290
1616517778979 0.4737604558467865 291
1616517813437 0.46592020988464355 292
1616517847967 0.4809943437576294 293
1616517882082 0.45271384716033936 294
1616517916311 0.461836040019989 295
1616517950734 0.46337413787841797 296
1616517985272 0.4611280560493469 297
1616518020211 0.4532957077026367 298
1616518054470 0.47071853280067444 299
1616518092716 0.48189446330070496 300
1616518127007 0.4396582841873169 301
1616518161585 0.46108707785606384 302
1616518196368 0.4628502130508423 303
1616518230299 0.46399837732315063 304
1616518264561 0.4823276698589325 305
1616518299011 0.46265366673469543 306
1616518333331 0.4710853099822998 307
1616518368807 0.4868933856487274 308
1616518404311 0.4921834468841553 309
1616518443443 0.4802590608596802 310
1616518478712 0.46996432542800903 311
1616518513788 0.48612526059150696 312
1616518548894 0.5339974761009216 313
1616518583210 0.4870602488517761 314
1616518617760 0.4750664234161377 315
1616518652097 0.46368131041526794 316
1616518687746 0.48038575053215027 317
1616518722173 0.44341355562210083 318
1616518756474 0.4742838442325592 319
1616518795127 0.4659298360347748 320
1616518829246 0.4995179772377014 321
1616518863637 0.4916321635246277 322
1616518898113 0.4615267515182495 323
1616518932402 0.4415547251701355 324
1616518966823 0.4555339813232422 325
1616519001416 0.4921795725822449 326
1616519038178 0.4789719581604004 327
1616519074533 0.4871542453765869 328
1616519109847 0.49696993827819824 329
1616519150904 0.4809260368347168 330
1616519185345 0.48771876096725464 331
1616519220224 0.4717056453227997 332
1616519254532 0.48599326610565186 333
1616519289005 0.484647661447525 334
1616519324551 0.49606019258499146 335
1616519358880 0.47516125440597534 336
1616519393620 0.4738869071006775 337
1616519428524 0.47749972343444824 338
1616519463316 0.4885765016078949 339
1616519501275 0.4725598692893982 340
1616519536037 0.4773138165473938 341
1616519570925 0.4898670017719269 342
1616519605869 0.48414990305900574 343
1616519640200 0.48490482568740845 344
1616519674198 0.469860315322876 345
1616519709815 0.4694672226905823 346
1616519745802 0.48087364435195923 347
1616519781496 0.4899597465991974 348
1616519817226 0.46160149574279785 349
1616519856756 0.5011581182479858 350
1616519891895 0.5008161067962646 351
1616519926512 0.5116923451423645 352
1616519962205 0.4862867593765259 353
1616519996079 0.4617919921875 354
1616520031093 0.4879506528377533 355
1616520065376 0.4990500211715698 356
1616520100078 0.5073084831237793 357
1616520134565 0.4945191740989685 358
1616520169424 0.5116560459136963 359
1616520207721 0.47757285833358765 360
1616520243688 0.47609370946884155 361
1616520278506 0.47843384742736816 362
1616520314325 0.5047298669815063 363
1616520350175 0.48231905698776245 364
1616520385702 0.4698100984096527 365
1616520420715 0.44254007935523987 366
1616520455124 0.49869030714035034 367
1616520490371 0.4911748468875885 368
1616520525145 0.4619349241256714 369
1616520563540 0.45278435945510864 370
1616520598156 0.49421608448028564 371
1616520633025 0.5180292129516602 372
1616520667389 0.47318458557128906 373
1616520701718 0.4722363352775574 374
1616520736637 0.477577805519104 375
1616520771289 0.4593542218208313 376
1616520806799 0.48082274198532104 377
1616520842490 0.48083212971687317 378
1616520878491 0.4718392491340637 379
1616520917105 0.4977115988731384 380
1616520952285 0.5171942710876465 381
1616520986739 0.4715738892555237 382
1616521021028 0.49683254957199097 383
1616521055995 0.5027243494987488 384
1616521090862 0.4803820848464966 385
1616521125213 0.46271049976348877 386
1616521159267 0.509705662727356 387
1616521193818 0.47289690375328064 388
1616521228647 0.4892715811729431 389
1616521267564 0.5171768665313721 390
1616521302438 0.5216009020805359 391
1616521336869 0.4936347007751465 392
1616521371569 0.474650502204895 393
1616521406614 0.4863223135471344 394
1616521441576 0.4688798785209656 395
1616521476050 0.47987037897109985 396
1616521513112 0.48691219091415405 397
1616521548907 0.48079773783683777 398
1616521583962 0.48849210143089294 399
1616521623889 0.5026836395263672 400
1616521658816 0.4578610062599182 401
1616521693113 0.4692980647087097 402
1616521727718 0.49497756361961365 403
1616521761908 0.49089866876602173 404
1616521796647 0.47724097967147827 405
1616521831027 0.4885944128036499 406
1616521865085 0.49331092834472656 407
1616521899561 0.4792884588241577 408
1616521936175 0.4922434687614441 409
1616521977310 0.47068655490875244 410
1616522012244 0.465423047542572 411
1616522047608 0.46663475036621094 412
1616522082240 0.4366726279258728 413
1616522117103 0.5107424259185791 414
1616522152138 0.5098302960395813 415
1616522187539 0.49541589617729187 416
1616522222127 0.4934591054916382 417
1616522256555 0.4851267635822296 418
1616522290709 0.5093850493431091 419
1616522329311 0.4846530258655548 420
1616522363822 0.49348488450050354 421
1616522398581 0.4873919188976288 422
1616522433984 0.484580397605896 423
1616522469583 0.5106381773948669 424
1616522504576 0.4913027286529541 425
1616522539771 0.5071353912353516 426
1616522574581 0.5019741058349609 427
1616522609055 0.4501921534538269 428
1616522643708 0.5231456756591797 429
1616522682077 0.5046553611755371 430
1616522717125 0.5090298652648926 431
1616522752356 0.5072503685951233 432
1616522786776 0.4984361529350281 433
1616522820929 0.49709922075271606 434
1616522855143 0.5121904611587524 435
1616522889605 0.5200877785682678 436
1616522923876 0.5009976029396057 437
1616522957925 0.49710744619369507 438
1616522994507 0.48525646328926086 439
1616523035496 0.5037685036659241 440
1616523070818 0.5181580781936646 441
1616523105761 0.4931032955646515 442
1616523139783 0.5162359476089478 443
1616523174233 0.49448758363723755 444
1616523208580 0.5157464742660522 445
1616523243676 0.510917067527771 446
1616523278580 0.5156728625297546 447
1616523313196 0.4820236563682556 448
1616523347503 0.4864261746406555 449
1616523387024 0.5104950666427612 450
1616523421231 0.5142936706542969 451
1616523456157 0.5084428191184998 452
1616523490965 0.5229490995407104 453
1616523525670 0.5259467363357544 454
1616523560876 0.48745208978652954 455
1616523595663 0.5013001561164856 456
1616523630252 0.5423584580421448 457
1616523665791 0.527812659740448 458
1616523700415 0.5238670706748962 459
1616523739790 0.49036598205566406 460
1616523774954 0.5005995631217957 461
1616523809395 0.48777157068252563 462
1616523844365 0.4984697103500366 463
1616523878661 0.5032682418823242 464
1616523913743 0.49634063243865967 465
1616523948658 0.5022352933883667 466
1616523982813 0.48988327383995056 467
1616524017052 0.48920494318008423 468
1616524051472 0.49175918102264404 469
1616524090570 0.5358546376228333 470
1616524126298 0.495941162109375 471
1616524161634 0.5103420615196228 472
1616524197312 0.48690688610076904 473
1616524232887 0.49473005533218384 474
1616524267393 0.49118703603744507 475
1616524302107 0.5183035135269165 476
1616524336480 0.534654974937439 477
1616524371068 0.5213969349861145 478
1616524406065 0.519119918346405 479
1616524445664 0.5026673078536987 480
1616524480778 0.49041569232940674 481
1616524515703 0.4921846389770508 482
1616524549927 0.510483980178833 483
1616524584457 0.5108598470687866 484
1616524619234 0.4974905848503113 485
1616524654115 0.5136899948120117 486
1616524688079 0.4997227191925049 487
1616524722612 0.5141509175300598 488
1616524757408 0.48775047063827515 489
1616524796332 0.49676358699798584 490
1616524830754 0.48764246702194214 491
1616524866097 0.516671359539032 492
1616524900939 0.5297566652297974 493
1616524936240 0.5205801725387573 494
1616524971290 0.5302308201789856 495
1616525005982 0.5266563296318054 496
1616525041066 0.516402006149292 497
1616525076160 0.5098918080329895 498
1616525110869 0.5154708027839661 499
1616525150054 0.5120530128479004 500
1616525184654 0.5301382541656494 501
1616525219557 0.5364036560058594 502
1616525253809 0.5289219617843628 503
1616525288008 0.5169368982315063 504
1616525322574 0.48695507645606995 505
1616525356985 0.47198987007141113 506
1616525391352 0.5035581588745117 507
1616525426437 0.498196005821228 508
1616525462262 0.5173491835594177 509
1616525503283 0.5164240002632141 510
1616525538630 0.4837931990623474 511
1616525573347 0.5314397811889648 512
1616525607897 0.5081018209457397 513
1616525642273 0.5212821364402771 514
1616525676601 0.5255481004714966 515
1616525711392 0.4947426915168762 516
1616525746458 0.49526989459991455 517
1616525781302 0.5321543216705322 518
1616525816113 0.4796273112297058 519
1616525855656 0.5035317540168762 520
1616525889861 0.5229828357696533 521
1616525924005 0.5217848420143127 522
1616525958322 0.5220369100570679 523
1616525992321 0.5130048990249634 524
1616526027103 0.46478983759880066 525
1616526062530 0.4901753067970276 526
1616526097472 0.4897366166114807 527
1616526133266 0.5129480957984924 528
1616526168711 0.5131738185882568 529
1616526208171 0.5047828555107117 530
1616526242527 0.4897879958152771 531
1616526277426 0.469963937997818 532
1616526311823 0.5396816730499268 533
1616526346874 0.502071738243103 534
1616526381739 0.5071782469749451 535
1616526416662 0.5131820440292358 536
1616526451001 0.5155468583106995 537
1616526486090 0.511814296245575 538
1616526522077 0.5399495363235474 539
1616526562031 0.5414018630981445 540
1616526597285 0.5035756826400757 541
1616526632218 0.5081745386123657 542
1616526667001 0.5238457918167114 543
1616526702041 0.5090983510017395 544
1616526736467 0.4870680272579193 545
1616526770763 0.500728189945221 546
1616526805424 0.5001451373100281 547
1616526839956 0.505567729473114 548
1616526874862 0.4953077435493469 549
1616526912963 0.5077296495437622 550
1616526947451 0.5025408267974854 551
1616526981713 0.5239108800888062 552
1616527015856 0.5201016664505005 553
1616527050151 0.4783444106578827 554
1616527084991 0.49178606271743774 555
1616527119303 0.5148683786392212 556
1616527153262 0.5445032119750977 557
1616527187886 0.532036304473877 558
1616527222209 0.5077680349349976 559
1616527260421 0.49896833300590515 560
1616527295078 0.5102518796920776 561
1616527329358 0.5458358526229858 562
1616527364834 0.5136964321136475 563
1616527401297 0.499755322933197 564
1616527436389 0.5265536308288574 565
1616527471274 0.5075832009315491 566
1616527505790 0.5182610750198364 567
1616527540817 0.5599813461303711 568
1616527575841 0.545516848564148 569
1616527613916 0.5022720098495483 570
1616527648075 0.5208470821380615 571
1616527682873 0.496035099029541 572
1616527717709 0.5501528978347778 573
1616527751947 0.5112947225570679 574
1616527786305 0.5401649475097656 575
1616527820884 0.5235109329223633 576
1616527854950 0.5152652859687805 577
1616527889353 0.5139886140823364 578
1616527923367 0.4943258762359619 579
1616527962184 0.5108280181884766 580
1616527996380 0.5283569693565369 581
1616528031449 0.5474233627319336 582
1616528066054 0.5211473107337952 583
1616528101295 0.5175949931144714 584
1616528137643 0.5439879894256592 585
1616528174218 0.5369806289672852 586
1616528209003 0.5173459053039551 587
1616528243485 0.495319128036499 588
1616528278373 0.527400016784668 589
1616528317149 0.5536456108093262 590
1616528351403 0.5146516561508179 591
1616528386416 0.5401084423065186 592
1616528421136 0.5239751935005188 593
1616528455274 0.5608623623847961 594
1616528489594 0.5327311754226685 595
1616528523774 0.4955514073371887 596
1616528558326 0.5348038673400879 597
1616528592864 0.5099479556083679 598
1616528627384 0.5252376198768616 599
1616528666208 0.5193584561347961 600
1616528700886 0.517662525177002 601
1616528735662 0.5293101072311401 602
1616528770522 0.49848639965057373 603
1616528806374 0.5340009927749634 604
1616528842357 0.5312345027923584 605
1616528877247 0.5503073930740356 606
1616528912697 0.5069144368171692 607
1616528947198 0.5366993546485901 608
1616528981424 0.5375012755393982 609
1616529020696 0.5356533527374268 610
1616529055276 0.5365834832191467 611
1616529089478 0.5559200048446655 612
1616529123895 0.5491583943367004 613
1616529158900 0.5197250843048096 614
1616529193584 0.5262273550033569 615
1616529228350 0.5510022044181824 616
1616529262372 0.5095226764678955 617
1616529298484 0.5421690940856934 618
1616529334889 0.5339594483375549 619
1616529373864 0.5277023315429688 620
1616529408940 0.5514353513717651 621
1616529443725 0.5456372499465942 622
1616529478571 0.5289708375930786 623
1616529513285 0.5446189045906067 624
1616529548392 0.5516707301139832 625
1616529583430 0.5008071064949036 626
1616529618555 0.5405877232551575 627
1616529653029 0.5442754626274109 628
1616529686992 0.5221492052078247 629
1616529725784 0.523745596408844 630
1616529760041 0.5449010729789734 631
1616529794636 0.5340209007263184 632
1616529829364 0.524641752243042 633
1616529863536 0.5584648847579956 634
1616529898088 0.5416191220283508 635
1616529933616 0.5077225565910339 636
1616529970764 0.5521965026855469 637
1616530006200 0.5362590551376343 638
1616530041238 0.531564474105835 639
1616530080851 0.5207726955413818 640
1616530115115 0.53580242395401 641
1616530150920 0.5382205247879028 642
1616530185364 0.5720598697662354 643
1616530220274 0.544775128364563 644
1616530255181 0.5458732843399048 645
1616530290109 0.515743613243103 646
1616530325034 0.5250181555747986 647
1616530359522 0.49148082733154297 648
1616530394557 0.5314083099365234 649
1616530433250 0.513411283493042 650
1616530469635 0.517005980014801 651
1616530504787 0.5482742786407471 652
1616530539876 0.5199901461601257 653
1616530575220 0.5258218050003052 654
1616530610035 0.5321030020713806 655
1616530644577 0.5244706869125366 656
1616530679696 0.5256040096282959 657
1616530714714 0.5507543087005615 658
1616530749881 0.5458236336708069 659
1616530788923 0.5512661933898926 660
1616530823448 0.5359010100364685 661
1616530858485 0.5556386709213257 662
1616530892742 0.5370273590087891 663
1616530927233 0.5327374935150146 664
1616530961890 0.5218048095703125 665
1616530996134 0.5400322675704956 666
1616531030407 0.5418128967285156 667
1616531065316 0.5376025438308716 668
1616531099791 0.5918854475021362 669
1616531139894 0.5145028829574585 670
1616531175198 0.5332558155059814 671
1616531209988 0.5333963632583618 672
1616531244913 0.5485793352127075 673
1616531279986 0.5276753902435303 674
1616531314497 0.51552414894104 675
1616531349465 0.5212982892990112 676
1616531384117 0.5530146956443787 677
1616531418817 0.5530783534049988 678
1616531453716 0.537328839302063 679
1616531493339 0.5507222414016724 680
1616531527676 0.5704060792922974 681
1616531562874 0.5309399366378784 682
1616531597144 0.5220229625701904 683
1616531631109 0.5376420617103577 684
1616531665577 0.5248863101005554 685
1616531700510 0.5183212161064148 686
1616531735532 0.529349684715271 687
1616531770503 0.5428733825683594 688
1616531806898 0.5449633598327637 689
1616531847721 0.5322756767272949 690
1616531883102 0.5177004337310791 691
1616531917313 0.5515151023864746 692
1616531952463 0.5310462713241577 693
1616531987410 0.5366567969322205 694
1616532021897 0.5321812629699707 695
1616532057119 0.532518208026886 696
1616532091350 0.5389654636383057 697
1616532126220 0.548469066619873 698
1616532160906 0.5349965691566467 699
1616532199102 0.5112868547439575 700
1616532233821 0.5151458978652954 701
1616532268604 0.506732165813446 702
1616532303525 0.5253618359565735 703
1616532337648 0.5192439556121826 704
1616532372459 0.5103354454040527 705
1616532407206 0.5375385284423828 706
1616532442718 0.5178588628768921 707
1616532477556 0.5286232233047485 708
1616532512361 0.542595624923706 709
1616532551870 0.5352088809013367 710
1616532586464 0.5165512561798096 711
1616532622603 0.5438463687896729 712
1616532656966 0.54799485206604 713
1616532691653 0.518138587474823 714
1616532725978 0.5376155376434326 715
1616532760102 0.5218310356140137 716
1616532794324 0.52469801902771 717
1616532828603 0.5298897624015808 718
1616532862951 0.5362504720687866 719
1616532901211 0.5488372445106506 720
1616532935814 0.5361366271972656 721
1616532970677 0.5667355060577393 722
1616533005331 0.5129366517066956 723
1616533039950 0.532812237739563 724
1616533075549 0.5376309156417847 725
1616533111318 0.538180947303772 726
1616533146972 0.5269870758056641 727
1616533181873 0.5415332317352295 728
1616533217078 0.5235476493835449 729
1616533256496 0.5450614094734192 730
1616533291240 0.5371963977813721 731
1616533326391 0.5219804048538208 732
1616533361947 0.5370298027992249 733
1616533396722 0.5338796377182007 734
1616533430910 0.5135635733604431 735
1616533464908 0.5303208827972412 736
1616533499277 0.5221684575080872 737
1616533533732 0.5393512845039368 738
1616533568511 0.5584088563919067 739
1616533607272 0.5123319625854492 740
1616533641915 0.5273432731628418 741
1616533676413 0.5265802145004272 742
1616533712571 0.5288912653923035 743
1616533748953 0.5019227266311646 744
1616533783980 0.5449472665786743 745
1616533818936 0.5566972494125366 746
1616533853628 0.5137549638748169 747
1616533888054 0.5154663324356079 748
1616533922655 0.5723851919174194 749
1616533961082 0.521263837814331 750
1616533995246 0.5549135804176331 751
1616534029595 0.5168133974075317 752
1616534064487 0.5490676164627075 753
1616534099371 0.5375000238418579 754
1616534133704 0.5276191234588623 755
1616534168559 0.5481523871421814 756
1616534203008 0.5374889373779297 757
1616534237956 0.5632367134094238 758
1616534272602 0.5263727903366089 759
1616534311693 0.5533109903335571 760
1616534346644 0.49746274948120117 761
1616534381464 0.5329318046569824 762
1616534416763 0.5326482057571411 763
1616534452090 0.5457457304000854 764
1616534487607 0.5246790647506714 765
1616534522689 0.5285622477531433 766
1616534557134 0.5394848585128784 767
1616534591434 0.5263872146606445 768
1616534626393 0.5203635692596436 769
1616534665268 0.5215662717819214 770
1616534699767 0.5451850891113281 771
1616534735352 0.5167458653450012 772
1616534769784 0.5623108744621277 773
1616534804077 0.5438121557235718 774
1616534838313 0.5207500457763672 775
1616534872653 0.5322552919387817 776
1616534907519 0.5583807826042175 777
1616534942250 0.5347177982330322 778
1616534976624 0.4989907443523407 779
1616535015532 0.5214512348175049 780
1616535050013 0.5263880491256714 781
1616535085047 0.5308758020401001 782
1616535120677 0.5253150463104248 783
1616535155992 0.5349681377410889 784
1616535190723 0.5219696760177612 785
1616535225868 0.5260190963745117 786
1616535261138 0.538453221321106 787
1616535295702 0.5416455268859863 788
1616535330716 0.5564815402030945 789
1616535369078 0.5287322998046875 790
1616535403882 0.5172727108001709 791
1616535438783 0.5180990099906921 792
1616535472807 0.5646052956581116 793
1616535507339 0.5188982486724854 794
1616535542308 0.5145630836486816 795
1616535576303 0.5562214255332947 796
1616535610497 0.52280592918396 797
1616535644618 0.5314372777938843 798
1616535679218 0.5419307947158813 799
1616535717273 0.5135797262191772 800
1616535751719 0.5495947599411011 801
1616535786648 0.5491479635238647 802
1616535820949 0.5342296361923218 803
1616535856921 0.49506813287734985 804
1616535892338 0.5085963010787964 805
1616535927986 0.5088640451431274 806
1616535962975 0.5450639128684998 807
1616535997856 0.5111786127090454 808
1616536032297 0.5319355726242065 809
1616536070949 0.5403263568878174 810
1616536106210 0.5358362197875977 811
1616536140594 0.5352288484573364 812
1616536176028 0.5402587652206421 813
1616536210329 0.534759521484375 814
1616536245173 0.4917011260986328 815
1616536280120 0.5203306078910828 816
1616536314212 0.5319119095802307 817
1616536348640 0.5103063583374023 818
1616536382804 0.5360039472579956 819
1616536421665 0.5319811701774597 820
1616536455999 0.5274823307991028 821
1616536490168 0.5323206782341003 822
1616536525957 0.5089987516403198 823
1616536560992 0.525738000869751 824
1616536595895 0.5493351221084595 825
1616536631121 0.5222584009170532 826
1616536666502 0.5466771125793457 827
1616536701437 0.5460168123245239 828
1616536736397 0.5249081254005432 829
1616536776122 0.5462863445281982 830
1616536810253 0.543370246887207 831
1616536845104 0.5276542901992798 832
1616536879563 0.520817220211029 833
1616536914910 0.5195579528808594 834
1616536949716 0.518618106842041 835
1616536984303 0.5358877778053284 836
1616537019228 0.5164159536361694 837
1616537053539 0.5498148202896118 838
1616537088412 0.5351765155792236 839
1616537127644 0.5487695932388306 840
1616537162252 0.5356195569038391 841
1616537196889 0.5414960384368896 842
1616537231237 0.4898500442504883 843
1616537265846 0.5413526296615601 844
1616537300902 0.5432278513908386 845
1616537336102 0.5337998867034912 846
1616537371019 0.534914493560791 847
1616537405725 0.5251875519752502 848
1616537440786 0.527808427810669 849
1616537479665 0.5205331444740295 850
1616537514392 0.5214656591415405 851
1616537548769 0.5436383485794067 852
1616537583650 0.5566678047180176 853
1616537618010 0.5209057331085205 854
1616537652242 0.554328203201294 855
1616537686776 0.5615651607513428 856
1616537721943 0.513113260269165 857
1616537756278 0.562349796295166 858
1616537790279 0.5208276510238647 859
1616537828624 0.53261798620224 860
1616537862675 0.5557987689971924 861
1616537897489 0.5356673002243042 862
1616537931623 0.5550545454025269 863
1616537966612 0.5005881786346436 864
1616538001043 0.5485188961029053 865
1616538035339 0.5510020852088928 866
1616538070113 0.5415903925895691 867
1616538104753 0.5248004198074341 868
1616538139159 0.5631356835365295 869
1616538178376 0.5232725143432617 870
1616538213045 0.519580602645874 871
1616538247846 0.5423959493637085 872
1616538282666 0.5312546491622925 873
1616538317544 0.5431927442550659 874
1616538352300 0.5329160094261169 875
1616538387424 0.5363037586212158 876
1616538422109 0.5333620309829712 877
1616538456373 0.5276911854743958 878
1616538491775 0.5646772384643555 879
1616538530850 0.5221191644668579 880
1616538566408 0.5346648097038269 881
1616538600532 0.5366536378860474 882
1616538635565 0.5475436449050903 883
1616538669891 0.5552737712860107 884
1616538704809 0.5343849658966064 885
1616538739635 0.5582430362701416 886
1616538774724 0.5556673407554626 887
1616538809519 0.5492881536483765 888
1616538845165 0.536157488822937 889
1616538884881 0.5254726409912109 890
1616538919684 0.5552122592926025 891
1616538954986 0.5467045307159424 892
1616538990511 0.548196017742157 893
1616539025504 0.5333718657493591 894
1616539059986 0.5403523445129395 895
1616539094452 0.5176193118095398 896
1616539128477 0.5167043209075928 897
1616539163060 0.5387251377105713 898
1616539197971 0.5530303716659546 899
1616539236810 0.5334188938140869 900
1616539271876 0.5268703699111938 901
1616539306031 0.519119381904602 902
1616539340943 0.5581387281417847 903
1616539375578 0.522531270980835 904
1616539410222 0.553133487701416 905
1616539445958 0.5293947458267212 906
1616539481941 0.5567467212677002 907
1616539517423 0.5209486484527588 908
1616539552619 0.5148028135299683 909
1616539592032 0.4984329342842102 910
1616539626383 0.5452656745910645 911
1616539661425 0.5582337975502014 912
1616539695896 0.5439362525939941 913
1616539730085 0.5380839109420776 914
1616539764340 0.5194739103317261 915
1616539799207 0.5027456283569336 916
1616539833441 0.540418267250061 917
1616539867797 0.4804931879043579 918
1616539901963 0.5266082286834717 919
1616539941693 0.5112716555595398 920
1616539976243 0.5357050895690918 921
1616540011085 0.5456604957580566 922
1616540046253 0.5460207462310791 923
1616540082173 0.5116304755210876 924
1616540117764 0.5310778021812439 925
1616540152480 0.5573368072509766 926
1616540187630 0.5161070823669434 927
1616540222559 0.5205686092376709 928
1616540256846 0.5325117707252502 929
1616540296105 0.5163642764091492 930
1616540331013 0.5553072690963745 931
1616540365065 0.5358151197433472 932
1616540400216 0.5228984355926514 933
1616540434344 0.4936843514442444 934
1616540468626 0.4929421544075012 935
1616540503094 0.5085017681121826 936
1616540537817 0.5369075536727905 937
1616540572213 0.5346922278404236 938
1616540607323 0.5345386862754822 939
1616540647661 0.5562578439712524 940
1616540682820 0.5610500574111938 941
1616540717666 0.5569947957992554 942
1616540752379 0.5314445495605469 943
1616540787605 0.5349813103675842 944
1616540821793 0.5315755605697632 945
1616540856287 0.5413433313369751 946
1616540891310 0.5117919445037842 947
1616540925508 0.5302128195762634 948
1616540960649 0.5301668643951416 949
1616540999649 0.5739467144012451 950
1616541033596 0.5234954953193665 951
1616541067787 0.5196741819381714 952
1616541102644 0.5350049734115601 953
1616541137593 0.5568303465843201 954
1616541172135 0.5294080376625061 955
1616541206982 0.5514819622039795 956
1616541241987 0.5451977252960205 957
1616541275848 0.5497157573699951 958
1616541310685 0.5586305260658264 959
1616541348960 0.5189425945281982 960
1616541383245 0.4994078278541565 961
1616541418183 0.5236409902572632 962
1616541452611 0.5588035583496094 963
1616541487129 0.5284672975540161 964
1616541522404 0.5241801738739014 965
1616541557828 0.5535718202590942 966
1616541592681 0.5596864819526672 967
1616541627556 0.5208803415298462 968
1616541662573 0.5334774255752563 969
1616541701124 0.5172898769378662 970
1616541736199 0.5597853660583496 971
1616541771257 0.5354688167572021 972
1616541806961 0.5280891060829163 973
1616541841677 0.5384261608123779 974
1616541876506 0.5481743812561035 975
1616541910867 0.5290441513061523 976
1616541945656 0.5057830214500427 977
1616541979964 0.5229203701019287 978
1616542014886 0.5182499289512634 979
1616542054171 0.5297162532806396 980
1616542089055 0.5511209964752197 981
1616542123269 0.522817850112915 982
1616542157565 0.5380774736404419 983
1616542191829 0.5339680314064026 984
1616542227404 0.511516809463501 985
1616542263886 0.5433559417724609 986
1616542299066 0.51954185962677 987
1616542333975 0.5492187738418579 988
1616542368443 0.5140767693519592 989
1616542407415 0.5210312604904175 990
1616542441877 0.5350573062896729 991
1616542476590 0.518378496170044 992
1616542510945 0.49052488803863525 993
1616542546132 0.5561846494674683 994
1616542581055 0.5474181175231934 995
1616542615382 0.5216038227081299 996
1616542650795 0.5160056948661804 997
1616542684974 0.5188961029052734 998
1616542719363 0.5309176445007324 999
1616542758444 0.5363248586654663 1000
1616542792984 0.5189172029495239 1001
1616542827249 0.5200030207633972 1002
1616542861618 0.5470539927482605 1003
1616542896985 0.5652598738670349 1004
1616542932017 0.5250915884971619 1005
1616542967668 0.5264428853988647 1006
1616543002329 0.556876540184021 1007
1616543037302 0.5578287243843079 1008
1616543072403 0.5668950080871582 1009
1616543112192 0.5103375911712646 1010
1616543146666 0.4922218322753906 1011
1616543181114 0.5323691368103027 1012
1616543215668 0.5406445264816284 1013
1616543249732 0.527113676071167 1014
1616543284402 0.5508788228034973 1015
1616543319041 0.5448195934295654 1016
1616543353601 0.518581748008728 1017
1616543387994 0.511154294013977 1018
1616543422975 0.5356284379959106 1019
1616543461108 0.5411235094070435 1020
1616543495503 0.5292279124259949 1021
1616543529425 0.5138351917266846 1022
1616543563381 0.5033106803894043 1023
1616543598464 0.5166553258895874 1024
1616543634579 0.5349586606025696 1025
1616543670253 0.5457775592803955 1026
1616543705639 0.5569478273391724 1027
1616543740502 0.5497866868972778 1028
1616543775516 0.566453218460083 1029
1616543815028 0.5421587228775024 1030
1616543850235 0.5211840271949768 1031
1616543884770 0.5548246502876282 1032
1616543919942 0.5273162722587585 1033
1616543954861 0.5700007081031799 1034
1616543989184 0.5610287189483643 1035
1616544024171 0.5366427898406982 1036
1616544058345 0.5202550888061523 1037
1616544093362 0.5291348695755005 1038
1616544128261 0.5137159824371338 1039
1616544166597 0.5293044447898865 1040
1616544200902 0.5562739968299866 1041
1616544236840 0.5489332675933838 1042
1616544274361 0.5404701828956604 1043
1616544309682 0.5435213446617126 1044
1616544344319 0.5357553958892822 1045
1616544379422 0.5322277545928955 1046
1616544414020 0.533045768737793 1047
1616544448802 0.5181179642677307 1048
1616544483737 0.5317997932434082 1049
1616544522702 0.5099191665649414 1050
1616544556901 0.5257077813148499 1051
1616544591804 0.5129014253616333 1052
1616544626483 0.5205683708190918 1053
1616544660800 0.5195531845092773 1054
1616544695061 0.5224757194519043 1055
1616544729888 0.5436865091323853 1056
1616544763946 0.5147431492805481 1057
1616544797959 0.5506423711776733 1058
1616544832418 0.49080538749694824 1059
1616544872880 0.540848970413208 1060
1616544908954 0.5290578603744507 1061
1616544944169 0.5254858732223511 1062
1616544979684 0.5153364539146423 1063
1616545014960 0.5388096570968628 1064
1616545050360 0.54427170753479 1065
1616545084876 0.5382100343704224 1066
1616545119745 0.5379776954650879 1067
1616545154227 0.4980083107948303 1068
1616545188391 0.5346202850341797 1069
1616545227225 0.5214208960533142 1070
1616545262227 0.5253708362579346 1071
1616545297240 0.5335022807121277 1072
1616545332118 0.5300123691558838 1073
1616545367055 0.5520737171173096 1074
1616545401373 0.5445019006729126 1075
1616545436370 0.5255393981933594 1076
1616545471259 0.5159823298454285 1077
1616545506045 0.5495092868804932 1078
1616545540942 0.5499647855758667 1079
1616545578747 0.5174809098243713 1080
1616545613005 0.5258585214614868 1081
1616545648029 0.5556439161300659 1082
1616545682711 0.5568163394927979 1083
1616545718953 0.513325035572052 1084
1616545754064 0.5405204892158508 1085
1616545789260 0.5116201639175415 1086
1616545824717 0.5356838703155518 1087
1616545859850 0.53126060962677 1088
1616545894472 0.529731273651123 1089
1616545934035 0.5518842935562134 1090
1616545968161 0.5171622037887573 1091
1616546002805 0.571611762046814 1092
1616546037758 0.5236148238182068 1093
1616546072128 0.5649069547653198 1094
1616546106410 0.5420450568199158 1095
1616546140554 0.5302828550338745 1096
1616546175150 0.5653039216995239 1097
1616546209524 0.5583853721618652 1098
1616546245365 0.5524191856384277 1099
1616546287093 0.5442452430725098 1100
1616546322120 0.5223268866539001 1101
1616546358014 0.5589767098426819 1102
1616546392766 0.5332973003387451 1103
1616546427834 0.5344108939170837 1104
1616546462399 0.521553635597229 1105
1616546496964 0.5813603401184082 1106
1616546531099 0.5480735301971436 1107
1616546565375 0.5610178709030151 1108
1616546600358 0.5593905448913574 1109
1616546638631 0.5386663675308228 1110
1616546673263 0.5338244438171387 1111
1616546708653 0.5286369919776917 1112
1616546743573 0.5466501712799072 1113
1616546779110 0.5464612245559692 1114
1616546814860 0.5094698667526245 1115
1616546849968 0.5259015560150146 1116
1616546885761 0.5469960570335388 1117
1616546921380 0.5663950443267822 1118
1616546955848 0.5237839818000793 1119
1616546995557 0.5036866664886475 1120
1616547030468 0.5249108076095581 1121
1616547064904 0.5361189246177673 1122
1616547099159 0.5471148490905762 1123
1616547133198 0.5442745685577393 1124
1616547167481 0.53724205493927 1125
1616547202392 0.5287234783172607 1126
1616547237465 0.503208339214325 1127
1616547272331 0.5373615026473999 1128
1616547307310 0.5363161563873291 1129
1616547347013 0.5156070590019226 1130
1616547381962 0.5228309631347656 1131
1616547416369 0.5399690866470337 1132
1616547451355 0.5441877841949463 1133
1616547485924 0.5424154996871948 1134
1616547520837 0.5319792032241821 1135
1616547555877 0.5600682497024536 1136
1616547590647 0.4974769949913025 1137
1616547625559 0.5549418926239014 1138
1616547660692 0.5407018065452576 1139
1616547699803 0.530689001083374 1140
1616547734726 0.5283702611923218 1141
1616547769388 0.5049440264701843 1142
1616547803703 0.5398816466331482 1143
1616547838151 0.5305863618850708 1144
1616547872123 0.5122438669204712 1145
1616547907012 0.5359874367713928 1146
1616547941602 0.5262750387191772 1147
1616547977096 0.5471166968345642 1148
1616548012215 0.5452619194984436 1149
1616548051889 0.545342206954956 1150
1616548086712 0.5125848054885864 1151
1616548121320 0.5321289300918579 1152
1616548156238 0.5176892280578613 1153
1616548191341 0.5375703573226929 1154
1616548225850 0.5407332181930542 1155
1616548261530 0.5496028661727905 1156
1616548296447 0.547409176826477 1157
1616548331041 0.5293480157852173 1158
1616548365191 0.5364024043083191 1159
1616548403987 0.5204319953918457 1160
1616548438820 0.5045010447502136 1161
1616548473343 0.5621941685676575 1162
1616548507747 0.513707160949707 1163
1616548542665 0.5220104455947876 1164
1616548577569 0.5428928732872009 1165
1616548613173 0.5236589908599854 1166
1616548648904 0.5356436967849731 1167
1616548684493 0.5229893922805786 1168
1616548719304 0.5326308012008667 1169
1616548758861 0.544223964214325 1170
1616548793306 0.5111926198005676 1171
1616548827948 0.5545774698257446 1172
1616548863142 0.5417405366897583 1173
1616548898116 0.5537005662918091 1174
1616548933101 0.5479729771614075 1175
1616548967495 0.49850720167160034 1176
1616549002605 0.5278542637825012 1177
1616549037503 0.5309002995491028 1178
1616549072274 0.5672392845153809 1179
1616549111140 0.543488085269928 1180
1616549147627 0.5554347038269043 1181
1616549182761 0.5263869166374207 1182
1616549218049 0.5435229539871216 1183
1616549253096 0.5434784293174744 1184
1616549287698 0.47814059257507324 1185
1616549322206 0.5145301818847656 1186
1616549357437 0.5326422452926636 1187
1616549392339 0.5269905924797058 1188
1616549426677 0.5176987648010254 1189
1616549466495 0.5193204879760742 1190
1616549500753 0.5380276441574097 1191
1616549535131 0.5214306116104126 1192
1616549570072 0.5427146553993225 1193
1616549604857 0.5148318409919739 1194
1616549639816 0.5813468098640442 1195
1616549675493 0.5443471670150757 1196
1616549711079 0.5549893975257874 1197
1616549747075 0.5480062961578369 1198
1616549782733 0.5306479930877686 1199
1616549822865 0.530461847782135 1200
1616549852902 0.5069810748100281 0
1616549852914 0.5069810748100281 0
