1616010050307 0.3059372901916504 1
1616010084603 0.40472301840782166 2
1616010118960 0.5476105213165283 3
1616010153417 0.6380399465560913 4
1616010187650 0.6533671617507935 5
1616010221880 0.6701226234436035 6
1616010256059 0.672713577747345 7
1616010290680 0.6860443353652954 8
1616010324957 0.7105896472930908 9
1616010360903 0.6885329484939575 10
1616010395135 0.7440075874328613 11
1616010429399 0.7212646007537842 12
1616010463569 0.6889500617980957 13
1616010498089 0.7046505808830261 14
1616010533056 0.7123459577560425 15
1616010567746 0.7232423424720764 16
1616010602370 0.7436392307281494 17
1616010636850 0.7614924907684326 18
1616010671333 0.7311869859695435 19
1616010707688 0.7551676034927368 20
1616010741882 0.7482807636260986 21
1616010776211 0.765730619430542 22
1616010810454 0.7789790630340576 23
1616010844821 0.7761962413787842 24
1616010879064 0.7531418800354004 25
1616010913337 0.793129026889801 26
1616010947524 0.7701036930084229 27
1616010982231 0.7834624648094177 28
1616011016505 0.7558778524398804 29
1616011052526 0.7610731720924377 30
1616011086780 0.7869091033935547 31
1616011121039 0.7674411535263062 32
1616011155304 0.7887281775474548 33
1616011189547 0.7724670171737671 34
1616011223784 0.7941382527351379 35
1616011258103 0.7924525737762451 36
1616011292504 0.8152022361755371 37
1616011326910 0.8111315965652466 38
1616011361519 0.7998526692390442 39
1616011398112 0.7949118614196777 40
1616011432778 0.797060489654541 41
1616011467805 0.7690451145172119 42
1616011502220 0.7874768972396851 43
1616011536688 0.8023302555084229 44
1616011573206 0.7936161756515503 45
1616011607602 0.770111083984375 46
1616011642239 0.7997193336486816 47
1616011676818 0.84501713514328 48
1616011711073 0.8168753385543823 49
1616011747238 0.8081514835357666 50
1616011781572 0.810210108757019 51
1616011815713 0.7476891875267029 52
1616011849922 0.7755065560340881 53
1616011884276 0.7937933206558228 54
1616011918822 0.7816770076751709 55
1616011953627 0.7971780300140381 56
1616011988383 0.7777032256126404 57
1616012022938 0.7894909381866455 58
1616012057586 0.809434175491333 59
1616012093924 0.8079715967178345 60
1616012128144 0.7964053750038147 61
1616012162551 0.7932194471359253 62
1616012196964 0.7891896963119507 63
1616012231409 0.7633030414581299 64
1616012265704 0.8017396926879883 65
1616012300413 0.8236315250396729 66
1616012334676 0.8204931020736694 67
1616012368956 0.825189471244812 68
1616012403248 0.7943050861358643 69
1616012438910 0.7984719276428223 70
1616012473119 0.7932407855987549 71
1616012507356 0.7743169069290161 72
1616012541565 0.7836689949035645 73
1616012575901 0.7973969578742981 74
1616012610358 0.8124645352363586 75
1616012644922 0.8246904611587524 76
1616012679812 0.8358257412910461 77
1616012714235 0.8379172086715698 78
1616012748826 0.8150267601013184 79
1616012785341 0.7939867973327637 80
1616012820005 0.8048590421676636 81
1616012854328 0.8402540683746338 82
1616012888785 0.8190841674804688 83
1616012923310 0.8417340517044067 84
1616012957737 0.8299314975738525 85
1616012992333 0.8285285830497742 86
1616013026708 0.8433014154434204 87
1616013061153 0.84495609998703 88
1616013095405 0.83016437292099 89
1616013131284 0.8218346238136292 90
1616013165518 0.8304609060287476 91
1616013199725 0.8126181960105896 92
1616013233893 0.8291890025138855 93
1616013268146 0.8471255898475647 94
1616013302414 0.8519273996353149 95
1616013336784 0.8157086372375488 96
1616013371763 0.8095890879631042 97
1616013406865 0.7930712699890137 98
1616013441410 0.8217239379882812 99
1616013477971 0.8249070644378662 100
1616013512436 0.8384589552879333 101
1616013546779 0.814915657043457 102
1616013581153 0.8393114805221558 103
1616013615657 0.8524977564811707 104
1616013650588 0.8159791231155396 105
1616013684904 0.7818232774734497 106
1616013719244 0.8258839845657349 107
1616013753555 0.8177956342697144 108
1616013787834 0.8355173468589783 109
1616013823946 0.8190577030181885 110
1616013858245 0.8399772644042969 111
1616013892668 0.8359090089797974 112
1616013927259 0.8219540119171143 113
1616013961944 0.8037177324295044 114
1616013996855 0.8273364305496216 115
1616014031654 0.8114712834358215 116
1616014066133 0.835691511631012 117
1616014100512 0.7754080891609192 118
1616014134876 0.8392213582992554 119
1616014171054 0.8266204595565796 120
1616014205358 0.8419663310050964 121
1616014239708 0.8239189386367798 122
1616014273987 0.802527904510498 123
1616014308699 0.8113480806350708 124
1616014342986 0.8216166496276855 125
1616014377201 0.8408448696136475 126
1616014411512 0.8476124405860901 127
1616014445776 0.8448766469955444 128
1616014480007 0.8340073823928833 129
1616014516040 0.8492308259010315 130
1616014550548 0.8320159316062927 131
1616014585131 0.8372671604156494 132
1616014619936 0.8534428477287292 133
1616014655057 0.8263980150222778 134
1616014689662 0.8735265731811523 135
1616014724321 0.8718148469924927 136
1616014758646 0.8393120169639587 137
1616014793424 0.8144471645355225 138
1616014827700 0.8183659911155701 139
1616014863723 0.824170708656311 140
1616014898076 0.8232049942016602 141
1616014932380 0.8417847156524658 142
1616014966580 0.8613070249557495 143
1616015000885 0.836357831954956 144
1616015035293 0.869164228439331 145
1616015069795 0.8454010486602783 146
1616015104355 0.8328815698623657 147
1616015139139 0.831406831741333 148
1616015173883 0.847360372543335 149
1616015210022 0.8396520018577576 150
1616015244400 0.8489886522293091 151
1616015278717 0.8460997343063354 152
1616015313261 0.8541848063468933 153
1616015348209 0.8959155082702637 154
1616015382498 0.8620175123214722 155
1616015416788 0.8713202476501465 156
1616015451153 0.8701285123825073 157
1616015487113 0.8535448312759399 158
1616015521822 0.8836721181869507 159
1616015558207 0.8682092428207397 160
1616015592839 0.8145343661308289 161
1616015627247 0.8338153958320618 162
1616015661581 0.845621645450592 163
1616015695904 0.8670303821563721 164
1616015730315 0.8417797088623047 165
1616015764696 0.8221453428268433 166
1616015798988 0.8583943247795105 167
1616015834238 0.8644270896911621 168
1616015868504 0.886972188949585 169
1616015904523 0.8557767868041992 170
1616015938849 0.8405739068984985 171
1616015973111 0.8677718639373779 172
1616016007537 0.8540953397750854 173
1616016042073 0.8478574156761169 174
1616016076992 0.850120484828949 175
1616016111585 0.8471570611000061 176
1616016146000 0.8234133720397949 177
1616016180418 0.8439793586730957 178
1616016214941 0.834802508354187 179
1616016251380 0.8879212141036987 180
1616016285676 0.8554009199142456 181
1616016319963 0.8401395678520203 182
1616016354446 0.8137632012367249 183
1616016388849 0.862288236618042 184
1616016423180 0.8554618954658508 185
1616016457461 0.8496208190917969 186
1616016491723 0.8295086622238159 187
1616016525930 0.8368740081787109 188
1616016560166 0.8434709310531616 189
1616016596022 0.8503484725952148 190
1616016630488 0.8862433433532715 191
1616016665154 0.8456021547317505 192
1616016700001 0.8254475593566895 193
1616016734756 0.8349738121032715 194
1616016769176 0.8644700050354004 195
1616016803436 0.8205587863922119 196
1616016837707 0.8575359582901001 197
1616016872011 0.8553440570831299 198
1616016906302 0.8538840413093567 199
1616016942386 0.8345028162002563 200
1616016976721 0.8294243812561035 201
1616017011339 0.8208624124526978 202
1616017045658 0.8426744341850281 203
1616017079884 0.8520570993423462 204
1616017114125 0.8603115081787109 205
1616017148369 0.871168315410614 206
1616017182597 0.8780168890953064 207
1616017216827 0.8734318017959595 208
1616017251155 0.8811122179031372 209
1616017287338 0.8261815905570984 210
1616017322189 0.8610718250274658 211
1616017356829 0.8614981770515442 212
1616017391347 0.8172992467880249 213
1616017426001 0.8380987644195557 214
1616017460474 0.8699929714202881 215
1616017494850 0.8375656604766846 216
1616017529043 0.8534327745437622 217
1616017563297 0.855046272277832 218
1616017597715 0.8506486415863037 219
1616017633743 0.851628303527832 220
1616017668176 0.8461079597473145 221
1616017702557 0.8395720720291138 222
1616017736860 0.8678573966026306 223
1616017771145 0.8627530336380005 224
1616017805417 0.8398281335830688 225
1616017839691 0.8508179187774658 226
1616017873946 0.8414767980575562 227
1616017908100 0.862241268157959 228
1616017942322 0.882868766784668 229
1616017978165 0.865371584892273 230
1616018012567 0.8854273557662964 231
1616018047221 0.8676194548606873 232
1616018082415 0.8430192470550537 233
1616018117249 0.860834002494812 234
1616018151844 0.85500168800354 235
1616018186311 0.859705924987793 236
1616018220915 0.8633926510810852 237
1616018255293 0.8582848310470581 238
1616018289710 0.8859297633171082 239
1616018326026 0.85335373878479 240
1616018360313 0.8440837860107422 241
1616018394678 0.861060619354248 242
1616018429291 0.8670650720596313 243
1616018463553 0.8762631416320801 244
1616018497841 0.8598775267601013 245
1616018532065 0.8611915111541748 246
1616018566330 0.833864688873291 247
1616018600656 0.8579428791999817 248
1616018635177 0.8536059856414795 249
1616018671780 0.8619105815887451 250
1616018706468 0.8827418088912964 251
1616018741026 0.8517156839370728 252
1616018775686 0.8258020877838135 253
1616018810223 0.8463653922080994 254
1616018844757 0.8660880327224731 255
1616018879630 0.8644190430641174 256
1616018913945 0.8972745537757874 257
1616018948259 0.8687865138053894 258
1616018982651 0.8584968447685242 259
1616019018521 0.8421427011489868 260
1616019052847 0.8707389831542969 261
1616019087135 0.8782427310943604 262
1616019121401 0.8598425388336182 263
1616019156052 0.8343237042427063 264
1616019190699 0.8603152632713318 265
1616019225266 0.8521366119384766 266
1616019259748 0.8659607172012329 267
1616019294275 0.8472152948379517 268
1616019328703 0.8655961751937866 269
1616019364965 0.8626309037208557 270
1616019399421 0.8791533708572388 271
1616019433808 0.8673465847969055 272
1616019468720 0.8581428527832031 273
1616019503121 0.8616625070571899 274
1616019537464 0.8524388670921326 275
1616019571873 0.8225210905075073 276
1616019606350 0.8963651061058044 277
1616019640906 0.851129412651062 278
1616019675521 0.8851725459098816 279
1616019711418 0.879976749420166 280
1616019745833 0.8695769309997559 281
1616019780240 0.8810205459594727 282
1616019814857 0.8583922386169434 283
1616019849207 0.8729023933410645 284
1616019883563 0.8307780027389526 285
1616019917932 0.8724103569984436 286
1616019952275 0.8569621443748474 287
1616019986567 0.8478626012802124 288
1616020021075 0.8704979419708252 289
1616020057192 0.8579872846603394 290
1616020092002 0.876948893070221 291
1616020126330 0.8679286241531372 292
1616020160554 0.8753119111061096 293
1616020194834 0.8654509782791138 294
1616020229188 0.8579322695732117 295
1616020263451 0.8521156311035156 296
1616020297738 0.8783146142959595 297
1616020332013 0.8699177503585815 298
1616020366251 0.8846131563186646 299
1616020402110 0.8794788122177124 300
1616020436418 0.8315611481666565 301
1616020470902 0.8710552453994751 302
1616020505413 0.8914824724197388 303
1616020540247 0.8855369091033936 304
1616020574687 0.8557627201080322 305
1616020609410 0.8505614995956421 306
1616020644025 0.8680828809738159 307
1616020678417 0.9158101081848145 308
1616020712739 0.8998640775680542 309
1616020748840 0.8409424424171448 310
1616020783252 0.8407478928565979 311
1616020817540 0.862101674079895 312
1616020851843 0.8527798056602478 313
1616020886060 0.8927723169326782 314
1616020920916 0.8627648949623108 315
1616020955276 0.8757066130638123 316
1616020989582 0.8846869468688965 317
1616021023844 0.8610621690750122 318
1616021058129 0.8643460869789124 319
1616021093969 0.8735306262969971 320
1616021128230 0.8664904832839966 321
1616021162490 0.8620356917381287 322
1616021196822 0.8401734828948975 323
1616021231255 0.8836294412612915 324
1616021266167 0.8480519652366638 325
1616021300683 0.8666553497314453 326
1616021335134 0.8704878091812134 327
1616021369607 0.880572497844696 328
1616021403917 0.890188455581665 329
1616021440022 0.8397424221038818 330
1616021474434 0.848330020904541 331
1616021508730 0.8623268604278564 332
1616021543113 0.8964760899543762 333
1616021577467 0.8556540012359619 334
1616021612186 0.8734023571014404 335
1616021646502 0.8567594289779663 336
1616021680785 0.8824822902679443 337
1616021715141 0.8482193946838379 338
1616021749418 0.8939052224159241 339
1616021785377 0.886509120464325 340
1616021819609 0.8675104379653931 341
1616021853912 0.8851598501205444 342
1616021888190 0.8557892441749573 343
1616021922669 0.8700128793716431 344
1616021957203 0.8581695556640625 345
1616021991778 0.8387856483459473 346
1616022026241 0.8241283297538757 347
1616022060736 0.8579598069190979 348
1616022095180 0.883520245552063 349
1616022131338 0.8951184749603271 350
1616022165747 0.8802160024642944 351
1616022200106 0.8761870265007019 352
1616022234476 0.8837358951568604 353
1616022268796 0.892991304397583 354
1616022303564 0.8836619257926941 355
1616022337825 0.8660718202590942 356
1616022372121 0.8820626735687256 357
1616022406961 0.9032373428344727 358
1616022441160 0.8519575595855713 359
1616022477032 0.8654503226280212 360
1616022511313 0.8924040794372559 361
1616022545699 0.8935309648513794 362
1616022579967 0.8769092559814453 363
1616022614615 0.8578618168830872 364
1616022649152 0.877021312713623 365
1616022684039 0.8596882820129395 366
1616022718760 0.8777339458465576 367
1616022753233 0.8890988826751709 368
1616022787676 0.8580787181854248 369
1616022823768 0.8696627020835876 370
1616022858324 0.9052325487136841 371
1616022892760 0.892392635345459 372
1616022927543 0.8707051277160645 373
1616022962092 0.8724983334541321 374
1616022996362 0.874312162399292 375
1616023030658 0.8654599189758301 376
1616023064930 0.8285669088363647 377
1616023099102 0.8396439552307129 378
1616023133440 0.8536255359649658 379
1616023169179 0.8532712459564209 380
1616023203454 0.8751593828201294 381
1616023237803 0.8768614530563354 382
1616023272686 0.8616191148757935 383
1616023308124 0.8792656660079956 384
1616023342770 0.8867976069450378 385
1616023377185 0.8773735761642456 386
1616023411479 0.8596970438957214 387
1616023445883 0.8724017143249512 388
1616023480103 0.8724002242088318 389
1616023516432 0.8555262088775635 390
1616023550844 0.859078049659729 391
1616023585560 0.8612512350082397 392
1616023619848 0.8760659098625183 393
1616023654221 0.8529331088066101 394
1616023688552 0.9115406274795532 395
1616023722864 0.8652628660202026 396
1616023757195 0.8893290758132935 397
1616023791517 0.8934075832366943 398
1616023826249 0.8750897645950317 399
1616023862534 0.884601354598999 400
1616023897083 0.8746328353881836 401
1616023931433 0.8764944076538086 402
1616023965768 0.8446540832519531 403
1616024000318 0.8916488289833069 404
1616024034986 0.8749840259552002 405
1616024069492 0.876849889755249 406
1616024103957 0.8366104364395142 407
1616024138281 0.8806254267692566 408
1616024172541 0.8628697991371155 409
1616024209002 0.8711351156234741 410
1616024243255 0.8720322847366333 411
1616024277574 0.8871773481369019 412
1616024311884 0.8904702663421631 413
1616024346116 0.8657108545303345 414
1616024380341 0.8552027940750122 415
1616024414698 0.8778125047683716 416
1616024449033 0.8693981170654297 417
1616024483570 0.8807275295257568 418
1616024517997 0.8749498128890991 419
1616024554530 0.8881708979606628 420
1616024589083 0.8784170150756836 421
1616024623475 0.8734925985336304 422
1616024658204 0.8554551601409912 423
1616024692787 0.8655472993850708 424
1616024727429 0.8907365798950195 425
1616024761976 0.8707840442657471 426
1616024796471 0.8908851146697998 427
1616024830792 0.8668545484542847 428
1616024865142 0.8375928401947021 429
1616024901460 0.8533830642700195 430
1616024935699 0.8812718987464905 431
1616024970026 0.8708310127258301 432
1616025004262 0.8628389835357666 433
1616025038526 0.879656195640564 434
1616025072789 0.815684974193573 435
1616025107026 0.879636287689209 436
1616025141273 0.8753874897956848 437
1616025175620 0.877204954624176 438
1616025210260 0.8501043319702148 439
1616025246449 0.9031744003295898 440
1616025281006 0.8870017528533936 441
1616025315565 0.8548949360847473 442
1616025350150 0.87689208984375 443
1616025384541 0.89533531665802 444
1616025418833 0.8756502866744995 445
1616025453351 0.8632352948188782 446
1616025487920 0.8537147045135498 447
1616025522280 0.8788462281227112 448
1616025556550 0.8883188962936401 449
1616025592898 0.8974471092224121 450
1616025627194 0.8890923261642456 451
1616025661476 0.8766745924949646 452
1616025695810 0.8701997995376587 453
1616025730014 0.8648808598518372 454
1616025764215 0.8969036340713501 455
1616025798806 0.8631939888000488 456
1616025833257 0.8486990928649902 457
1616025867903 0.8469250202178955 458
1616025902459 0.8809182047843933 459
1616025938686 0.8875094652175903 460
1616025973101 0.8881688117980957 461
1616026007788 0.8903576135635376 462
1616026042311 0.8703286647796631 463
1616026076673 0.8753082752227783 464
1616026111044 0.8846707344055176 465
1616026145327 0.8670073747634888 466
1616026180145 0.8597499132156372 467
1616026214428 0.8691550493240356 468
1616026248654 0.8810846209526062 469
1616026284546 0.857399582862854 470
1616026318851 0.8552019596099854 471
1616026353091 0.8660262227058411 472
1616026387347 0.8717743158340454 473
1616026421657 0.8672212362289429 474
1616026455938 0.889755129814148 475
1616026490407 0.8686115741729736 476
1616026525020 0.8712876439094543 477
1616026559712 0.8795571327209473 478
1616026594462 0.9087574481964111 479
1616026630529 0.8984599113464355 480
1616026664992 0.8791121244430542 481
1616026699731 0.8892772793769836 482
1616026734103 0.8730525970458984 483
1616026768649 0.8758353590965271 484
1616026803301 0.8731527328491211 485
1616026838214 0.866668164730072 486
1616026872508 0.8637926578521729 487
1616026906764 0.8805967569351196 488
1616026941065 0.8916743993759155 489
1616026977029 0.9043740034103394 490
1616027011258 0.8796238899230957 491
1616027045558 0.8514009118080139 492
1616027079781 0.9149713516235352 493
1616027114019 0.8395730257034302 494
1616027148343 0.8800536394119263 495
1616027182725 0.8683822154998779 496
1616027217039 0.8988837003707886 497
1616027251572 0.8720223903656006 498
1616027285960 0.8927011489868164 499
1616027322856 0.870524525642395 500
1616027357365 0.8506399393081665 501
1616027391737 0.8876696825027466 502
1616027426088 0.8955477476119995 503
1616027460534 0.8995014429092407 504
1616027494995 0.877117931842804 505
1616027529264 0.8926922082901001 506
1616027563760 0.857591986656189 507
1616027598319 0.8723757266998291 508
1616027632674 0.8863639235496521 509
1616027668757 0.8801491260528564 510
1616027703063 0.9174190759658813 511
1616027737333 0.8874537348747253 512
1616027771508 0.8928846120834351 513
1616027805906 0.8959835767745972 514
1616027840454 0.874651312828064 515
1616027875083 0.8930644989013672 516
1616027909567 0.9020441770553589 517
1616027943944 0.8771478533744812 518
1616027978501 0.8652700185775757 519
1616028014470 0.8597265481948853 520
1616028048900 0.8514965772628784 521
1616028083250 0.8761045932769775 522
1616028117643 0.8898898363113403 523
1616028152061 0.888371467590332 524
1616028186376 0.8742996454238892 525
1616028220710 0.9134130477905273 526
1616028254926 0.8834527134895325 527
1616028289705 0.8768084645271301 528
1616028323989 0.9074603319168091 529
1616028359881 0.8797106742858887 530
1616028394191 0.8652184009552002 531
1616028428512 0.8729457855224609 532
1616028462809 0.8749299049377441 533
1616028497161 0.8833775520324707 534
1616028531952 0.8741339445114136 535
1616028566689 0.9135609865188599 536
1616028601188 0.8715828061103821 537
1616028635699 0.8867406845092773 538
1616028670267 0.8790178298950195 539
1616028706732 0.908649206161499 540
1616028741118 0.8721421957015991 541
1616028775665 0.8592705726623535 542
1616028810226 0.8860275745391846 543
1616028844727 0.8939255475997925 544
1616028878966 0.8825657367706299 545
1616028913251 0.8923355340957642 546
1616028947464 0.9118714332580566 547
1616028981781 0.8690862059593201 548
1616029016094 0.8648194670677185 549
1616029052057 0.8967887163162231 550
1616029086299 0.8877407312393188 551
1616029120598 0.8891849517822266 552
1616029155269 0.9039499163627625 553
1616029190128 0.8507698774337769 554
1616029224503 0.8788546919822693 555
1616029259030 0.9007643461227417 556
1616029293818 0.8799786567687988 557
1616029328157 0.8788080215454102 558
1616029362521 0.8616794347763062 559
1616029399321 0.9011446237564087 560
1616029433612 0.8758683204650879 561
1616029468083 0.8693796396255493 562
1616029502406 0.8813617825508118 563
1616029537321 0.9241288900375366 564
1616029571613 0.8628890514373779 565
1616029605836 0.8952175974845886 566
1616029640077 0.8854355812072754 567
1616029674369 0.9065629839897156 568
1616029708564 0.8853647708892822 569
1616029744386 0.8855880498886108 570
1616029778645 0.8598310947418213 571
1616029812875 0.8762921094894409 572
1616029847180 0.8753663301467896 573
1616029881556 0.8940178155899048 574
1616029915996 0.8772472739219666 575
1616029950633 0.8839777708053589 576
1616029985103 0.9053564071655273 577
1616030019505 0.9056686162948608 578
1616030054074 0.8903976082801819 579
1616030091286 0.9000368118286133 580
1616030125715 0.9122850894927979 581
1616030160057 0.8580574989318848 582
1616030194343 0.8786967396736145 583
1616030229071 0.887937068939209 584
1616030263321 0.8771653175354004 585
1616030297653 0.8864229321479797 586
1616030332026 0.9129025936126709 587
1616030366384 0.8818659782409668 588
1616030400655 0.8740496635437012 589
1616030436636 0.8975508213043213 590
1616030470868 0.8875796794891357 591
1616030505204 0.8824855089187622 592
1616030539618 0.8736181259155273 593
1616030574106 0.8816008567810059 594
1616030608725 0.8950754404067993 595
1616030643187 0.8895690441131592 596
1616030677700 0.8975472450256348 597
1616030712206 0.880147397518158 598
1616030746801 0.8805422782897949 599
1616030783153 0.8677570223808289 600
1616030817388 0.9119505882263184 601
1616030851721 0.8879084587097168 602
1616030886081 0.8555355072021484 603
1616030920464 0.8756799101829529 604
1616030955306 0.8874586820602417 605
1616030989684 0.8854279518127441 606
1616031023972 0.8878744840621948 607
1616031058338 0.9007890224456787 608
1616031092753 0.8885303735733032 609
1616031128796 0.8882427215576172 610
1616031163576 0.8533810377120972 611
1616031198263 0.885245680809021 612
1616031232903 0.8812706470489502 613
1616031267388 0.8903107643127441 614
1616031301971 0.8722708821296692 615
1616031336345 0.8894280195236206 616
1616031370718 0.8720855712890625 617
1616031405028 0.9057812690734863 618
1616031439422 0.8825269937515259 619
1616031475641 0.8758633136749268 620
1616031509999 0.8971844911575317 621
1616031544250 0.8622883558273315 622
1616031578944 0.8691234588623047 623
1616031613276 0.8909358978271484 624
1616031647563 0.9096077680587769 625
1616031681748 0.899429440498352 626
1616031716010 0.8975000977516174 627
1616031750334 0.885633111000061 628
1616031784621 0.8664510250091553 629
1616031820540 0.883590579032898 630
1616031854827 0.9139431715011597 631
1616031889207 0.869026243686676 632
1616031923600 0.907660961151123 633
1616031958114 0.8950597047805786 634
1616031992731 0.8574477434158325 635
1616032027147 0.8736624717712402 636
1616032061869 0.90221107006073 637
1616032096287 0.8865649700164795 638
1616032130811 0.8903262615203857 639
1616032166872 0.8862138986587524 640
1616032201156 0.8875397443771362 641
1616032235450 0.8772299885749817 642
1616032269809 0.8898664712905884 643
1616032304201 0.8961521983146667 644
1616032338819 0.8937956094741821 645
1616032373421 0.8953313827514648 646
1616032407734 0.8975735902786255 647
1616032442014 0.8744686245918274 648
1616032476285 0.8964583873748779 649
1616032512195 0.9169971346855164 650
1616032546567 0.8822684288024902 651
1616032580775 0.8949546813964844 652
1616032615151 0.8862297534942627 653
1616032649674 0.9054785966873169 654
1616032684543 0.8938684463500977 655
1616032719218 0.8958213329315186 656
1616032753818 0.8882337808609009 657
1616032788290 0.8706095218658447 658
1616032822683 0.8729590177536011 659
1616032858921 0.8839893341064453 660
1616032893291 0.9054566621780396 661
1616032927750 0.8819711208343506 662
1616032962002 0.874585747718811 663
1616032996342 0.8825942277908325 664
1616033030989 0.9020712375640869 665
1616033065263 0.8890601396560669 666
1616033099522 0.894162654876709 667
1616033133730 0.886726975440979 668
1616033167927 0.8775207996368408 669
1616033203778 0.891307532787323 670
1616033238070 0.887701153755188 671
1616033272272 0.854567289352417 672
1616033306580 0.8597419261932373 673
1616033340808 0.880132794380188 674
1616033375149 0.8590327501296997 675
1616033409701 0.8909655809402466 676
1616033444532 0.8799607753753662 677
1616033479102 0.8933418393135071 678
1616033513763 0.8810832500457764 679
1616033549968 0.8919758796691895 680
1616033584222 0.886318564414978 681
1616033618616 0.9071274995803833 682
1616033653024 0.9077759981155396 683
1616033687651 0.884788990020752 684
1616033721908 0.8869162797927856 685
1616033756197 0.8874140977859497 686
1616033790529 0.9237145185470581 687
1616033824793 0.8780378103256226 688
1616033859117 0.8506882190704346 689
1616033895101 0.8899612426757812 690
1616033929494 0.8948732614517212 691
1616033963795 0.9176902770996094 692
1616033998317 0.9032222032546997 693
1616034033058 0.8909389972686768 694
1616034067707 0.8798454403877258 695
1616034102285 0.8964974880218506 696
1616034139540 0.9031872749328613 697
1616034174139 0.8932786583900452 698
1616034208589 0.9072825908660889 699
1616034244663 0.9036949872970581 700
1616034279019 0.8821686506271362 701
1616034313396 0.8881974816322327 702
1616034347717 0.9127405881881714 703
1616034381976 0.8912606239318848 704
1616034416244 0.8701695799827576 705
1616034450611 0.8874144554138184 706
1616034484826 0.8922756910324097 707
1616034519526 0.9041630625724792 708
1616034553894 0.8776017427444458 709
1616034589852 0.9034203290939331 710
1616034624176 0.9009222984313965 711
1616034658521 0.8908400535583496 712
1616034692856 0.901646077632904 713
1616034727166 0.9088598489761353 714
1616034761481 0.8924347162246704 715
1616034795796 0.8733907341957092 716
1616034830369 0.9137892723083496 717
1616034864894 0.9180576205253601 718
1616034899391 0.8900389671325684 719
1616034935411 0.9006141424179077 720
1616034969937 0.884161114692688 721
1616035004517 0.869065523147583 722
1616035038862 0.8834223747253418 723
1616035073225 0.8982372879981995 724
1616035107555 0.8779592514038086 725
1616035141936 0.915278971195221 726
1616035176310 0.92958664894104 727
1616035210745 0.8855542540550232 728
1616035245458 0.9231199026107788 729
1616035281721 0.9189396500587463 730
1616035315997 0.9043532609939575 731
1616035350323 0.9016355276107788 732
1616035384667 0.9089720249176025 733
1616035418962 0.876962423324585 734
1616035453278 0.8899538516998291 735
1616035487628 0.9017529487609863 736
1616035521904 0.9126496315002441 737
1616035556665 0.8929197788238525 738
1616035591335 0.8981775045394897 739
1616035627508 0.8779515027999878 740
1616035661941 0.8699719905853271 741
1616035696463 0.9024717807769775 742
1616035730889 0.9122616052627563 743
1616035765206 0.929039478302002 744
1616035799589 0.8791434168815613 745
1616035833970 0.8959250450134277 746
1616035868275 0.8827100992202759 747
1616035902627 0.8849918842315674 748
1616035936977 0.8850939273834229 749
1616035972929 0.9205450415611267 750
1616036007257 0.8752641081809998 751
1616036041730 0.8891336917877197 752
1616036076156 0.8794125318527222 753
1616036110439 0.8904732465744019 754
1616036144808 0.8937340974807739 755
1616036179095 0.9072787761688232 756
1616036213307 0.8883761167526245 757
1616036247622 0.8782268762588501 758
1616036281924 0.9266032576560974 759
1616036317781 0.8859978914260864 760
1616036352119 0.8728009462356567 761
1616036387162 0.8798648118972778 762
1616036421573 0.8950798511505127 763
1616036456109 0.9044939279556274 764
1616036490613 0.8831522464752197 765
1616036524887 0.8978185653686523 766
1616036559238 0.8984912633895874 767
1616036593567 0.882111668586731 768
1616036627882 0.9020369052886963 769
1616036664146 0.8902953863143921 770
1616036698762 0.8700189590454102 771
1616036733456 0.891294002532959 772
1616036767833 0.9029678106307983 773
1616036802095 0.8964177370071411 774
1616036838192 0.8704357147216797 775
1616036872513 0.9041186571121216 776
1616036906782 0.8948235511779785 777
1616036941006 0.8810127377510071 778
1616036975249 0.8719638586044312 779
1616037011102 0.9058994054794312 780
1616037045443 0.8435109853744507 781
1616037079868 0.9050366878509521 782
1616037114573 0.9182313680648804 783
1616037149190 0.9046926498413086 784
1616037183930 0.9016476273536682 785
1616037218496 0.8724684715270996 786
1616037252929 0.8879731297492981 787
1616037287478 0.9109711647033691 788
1616037322242 0.8881703019142151 789
1616037358194 0.8913826942443848 790
1616037392427 0.8829057216644287 791
1616037426745 0.9096885919570923 792
1616037461016 0.8793368935585022 793
1616037495280 0.9127770066261292 794
1616037529571 0.878265380859375 795
1616037563885 0.8819341659545898 796
1616037598215 0.9001570343971252 797
1616037632848 0.8776519298553467 798
1616037667431 0.914668619632721 799
1616037703747 0.8797349333763123 800
1616037738493 0.8699871301651001 801
1616037772908 0.8867835402488708 802
1616037807417 0.900181770324707 803
1616037841897 0.8831439018249512 804
1616037876200 0.8870506286621094 805
1616037910844 0.8840920329093933 806
1616037945191 0.8923861980438232 807
1616037979536 0.8907194137573242 808
1616038013834 0.8774656057357788 809
1616038049736 0.8976086378097534 810
1616038083969 0.8728623986244202 811
1616038118286 0.8839303255081177 812
1616038152541 0.9159224033355713 813
1616038186822 0.9161365032196045 814
1616038221532 0.8916659355163574 815
1616038256569 0.8726825714111328 816
1616038291572 0.9217789173126221 817
1616038326122 0.8762224912643433 818
1616038360461 0.8830333948135376 819
1616038397054 0.8517569303512573 820
1616038431600 0.9051670432090759 821
1616038466146 0.88190758228302 822
1616038500548 0.8911134004592896 823
1616038534809 0.9013821482658386 824
1616038569161 0.8758506774902344 825
1616038603470 0.8753271698951721 826
1616038639320 0.8833081722259521 827
1616038673605 0.9087148904800415 828
1616038707891 0.900388240814209 829
1616038744971 0.8874058127403259 830
1616038779743 0.8936707973480225 831
1616038814066 0.9005415439605713 832
1616038848506 0.9098082780838013 833
1616038882763 0.8926210403442383 834
1616038917188 0.876814067363739 835
1616038951498 0.9075682163238525 836
1616038985841 0.853861927986145 837
1616039020306 0.9009861946105957 838
1616039054554 0.9048097133636475 839
1616039091033 0.8993656635284424 840
1616039125328 0.8792692422866821 841
1616039159579 0.9068452715873718 842
1616039193834 0.9147585034370422 843
1616039228163 0.907454252243042 844
1616039262457 0.8921371698379517 845
1616039296765 0.8945109844207764 846
1616039331020 0.8988499045372009 847
1616039365364 0.874535322189331 848
1616039399689 0.8682539463043213 849
1616039435660 0.8824489712715149 850
1616039469968 0.9192572832107544 851
1616039504347 0.9314974546432495 852
1616039539003 0.8744488954544067 853
1616039573608 0.8836385011672974 854
1616039608279 0.887541651725769 855
1616039642882 0.8963462710380554 856
1616039677455 0.8822823762893677 857
1616039711838 0.9017376899719238 858
1616039746266 0.9008752107620239 859
1616039782396 0.9006633758544922 860
1616039816799 0.8697366714477539 861
1616039851269 0.8958772420883179 862
1616039885576 0.8886321783065796 863
1616039920192 0.8679417371749878 864
1616039954483 0.8881654739379883 865
1616039988908 0.8740634918212891 866
1616040023198 0.9055672883987427 867
1616040057521 0.8730120658874512 868
1616040091829 0.8790287375450134 869
1616040128102 0.9147382974624634 870
1616040162485 0.8836100101470947 871
1616040197015 0.9084594249725342 872
1616040231407 0.8900302648544312 873
1616040266026 0.9096856117248535 874
1616040300600 0.8962825536727905 875
1616040334951 0.9068719744682312 876
1616040369476 0.8897454738616943 877
1616040403962 0.8629758358001709 878
1616040438288 0.9105122089385986 879
1616040474849 0.9077227115631104 880
1616040509170 0.8852208852767944 881
1616040543569 0.8944305181503296 882
1616040578128 0.8719413876533508 883
1616040612431 0.9106824398040771 884
1616040646693 0.8812222480773926 885
1616040681004 0.8604137897491455 886
1616040715277 0.9167230129241943 887
1616040749516 0.8908871412277222 888
1616040783809 0.8581740856170654 889
1616040819773 0.8901751041412354 890
1616040854379 0.9179267883300781 891
1616040888830 0.8935655951499939 892
1616040923486 0.8952500224113464 893
1616040957948 0.9035866260528564 894
1616040992449 0.9253087043762207 895
1616041027204 0.8630542755126953 896
1616041061718 0.882444441318512 897
1616041096010 0.8973631858825684 898
1616041130478 0.8557005524635315 899
1616041166524 0.9237750768661499 900
1616041201006 0.891231894493103 901
1616041235568 0.9076551198959351 902
1616041269856 0.8960776329040527 903
1616041304166 0.8969807624816895 904
1616041338410 0.8960214257240295 905
1616041372712 0.8812930583953857 906
1616041407105 0.878239095211029 907
1616041441480 0.8766446113586426 908
1616041475856 0.8962646126747131 909
1616041511639 0.9095922708511353 910
1616041545922 0.9100663065910339 911
1616041580299 0.8640317320823669 912
1616041614846 0.89689040184021 913
1616041649296 0.9119068384170532 914
1616041683714 0.8732346296310425 915
1616041718313 0.904747486114502 916
1616041752796 0.8531851768493652 917
1616041787336 0.8909755945205688 918
1616041821971 0.8945682644844055 919
1616041858206 0.8965983986854553 920
1616041892540 0.8939284682273865 921
1616041926980 0.8937061429023743 922
1616041961310 0.8932924270629883 923
1616041995663 0.9150394201278687 924
1616042030041 0.8869550228118896 925
1616042064370 0.9113553762435913 926
1616042098703 0.9063315391540527 927
1616042132909 0.8939448595046997 928
1616042167329 0.9042980074882507 929
1616042204018 0.8654320240020752 930
1616042238397 0.8936572074890137 931
1616042272734 0.9001699090003967 932
1616042306953 0.8976191878318787 933
1616042341257 0.8690828680992126 934
1616042375590 0.8814620971679688 935
1616042409846 0.867459237575531 936
1616042444205 0.8792734146118164 937
1616042478689 0.884196400642395 938
1616042513139 0.9023882746696472 939
1616042549445 0.9033570289611816 940
1616042583925 0.8754067420959473 941
1616042618548 0.8772518634796143 942
1616042653176 0.8705253601074219 943
1616042687632 0.9177500009536743 944
1616042721971 0.901456892490387 945
1616042756260 0.9193164110183716 946
1616042790578 0.8396189212799072 947
1616042824924 0.9064601063728333 948
1616042859256 0.918168306350708 949
1616042895454 0.8842548131942749 950
1616042929729 0.8885590434074402 951
1616042964262 0.9281278252601624 952
1616042998698 0.9009801745414734 953
1616043033053 0.8978608846664429 954
1616043067305 0.8852871656417847 955
1616043101617 0.8966720104217529 956
1616043135898 0.8937651515007019 957
1616043170220 0.8965942859649658 958
1616043204446 0.9055811166763306 959
1616043240315 0.8840421438217163 960
1616043275473 0.88306725025177 961
1616043310100 0.8920384645462036 962
1616043344581 0.8892807960510254 963
1616043379008 0.8935743570327759 964
1616043413316 0.916826605796814 965
1616043447663 0.8802536725997925 966
1616043481931 0.9035455584526062 967
1616043516257 0.9309892654418945 968
1616043550665 0.8890911340713501 969
1616043586800 0.8941934108734131 970
1616043621595 0.9111169576644897 971
1616043656014 0.8854259252548218 972
1616043690355 0.8884674310684204 973
1616043724665 0.9009511470794678 974
1616043759062 0.863775908946991 975
1616043793347 0.9052193760871887 976
1616043827717 0.9056087732315063 977
1616043862066 0.8648718595504761 978
1616043896345 0.9018598794937134 979
1616043932689 0.8473734855651855 980
1616043967680 0.893047034740448 981
1616044002234 0.8845958709716797 982
1616044036669 0.8887406587600708 983
1616044071111 0.9275388121604919 984
1616044105414 0.9048033952713013 985
1616044139734 0.915652871131897 986
1616044174081 0.8913134336471558 987
1616044208464 0.9051564335823059 988
1616044243265 0.8990556001663208 989
1616044279441 0.887438952922821 990
1616044313763 0.8947569727897644 991
1616044348066 0.916054368019104 992
1616044382400 0.8690654635429382 993
1616044416702 0.9185599088668823 994
1616044451055 0.9131175875663757 995
1616044485361 0.9116856455802917 996
1616044519682 0.9299250841140747 997
1616044554022 0.9009652137756348 998
1616044588312 0.8708750605583191 999
1616044624592 0.9234026670455933 1000
1616044659245 0.9162298440933228 1001
1616044693699 0.9196234941482544 1002
1616044728143 0.9108651280403137 1003
1616044762599 0.9010526537895203 1004
1616044797097 0.890584409236908 1005
1616044831557 0.8838286995887756 1006
1616044865953 0.8879514932632446 1007
1616044900228 0.9016624689102173 1008
1616044934587 0.863327145576477 1009
1616044970608 0.8714534044265747 1010
1616045005258 0.9203979969024658 1011
1616045039569 0.8975526690483093 1012
1616045073815 0.8793270587921143 1013
1616045108095 0.8979766368865967 1014
1616045142400 0.8961269855499268 1015
1616045176698 0.8999740481376648 1016
1616045211054 0.8783148527145386 1017
1616045245344 0.9197361469268799 1018
1616045279735 0.9116296768188477 1019
1616045315751 0.9052444696426392 1020
1616045350112 0.8849389553070068 1021
1616045384671 0.863702654838562 1022
1616045419233 0.9132694005966187 1023
1616045453700 0.884240448474884 1024
1616045488173 0.8444820642471313 1025
1616045522672 0.914915919303894 1026
1616045557096 0.8784918785095215 1027
1616045591531 0.8989002704620361 1028
1616045625918 0.9053981900215149 1029
1616045662196 0.8830877542495728 1030
1616045696974 0.8780415058135986 1031
1616045731350 0.8825118541717529 1032
1616045765716 0.9106547236442566 1033
1616045800058 0.9037400484085083 1034
1616045834341 0.9041755795478821 1035
1616045868822 0.9024111032485962 1036
1616045903183 0.901086151599884 1037
1616045937759 0.8814951777458191 1038
1616045972324 0.8976396322250366 1039
1616046008844 0.8755514621734619 1040
1616046043348 0.925910472869873 1041
1616046077974 0.8956512212753296 1042
1616046112591 0.8820313215255737 1043
1616046147263 0.8891018629074097 1044
1616046181739 0.916259765625 1045
1616046216156 0.8814494609832764 1046
1616046250527 0.8753734827041626 1047
1616046284949 0.9051281213760376 1048
1616046319798 0.8964931964874268 1049
1616046355672 0.9045636653900146 1050
1616046390033 0.8779062032699585 1051
1616046424383 0.8576671481132507 1052
1616046458644 0.9020181894302368 1053
1616046492900 0.8949779272079468 1054
1616046527205 0.896373987197876 1055
1616046561634 0.915357232093811 1056
1616046595936 0.9120270013809204 1057
1616046630206 0.8655409812927246 1058
1616046664565 0.8592761754989624 1059
1616046700742 0.8959372639656067 1060
1616046735238 0.8920357823371887 1061
1616046769784 0.8859601616859436 1062
1616046804492 0.8767651319503784 1063
1616046839178 0.864783763885498 1064
1616046873793 0.8829407691955566 1065
1616046908160 0.9036076068878174 1066
1616046942546 0.8821830749511719 1067
1616046977003 0.8879116773605347 1068
1616047011484 0.9048312902450562 1069
1616047047579 0.8763534426689148 1070
1616047082170 0.8857275247573853 1071
1616047116513 0.8677147626876831 1072
1616047150837 0.8942620754241943 1073
1616047185092 0.8921328783035278 1074
1616047219394 0.9081013202667236 1075
1616047253680 0.8906195163726807 1076
1616047287940 0.8803505897521973 1077
1616047322452 0.9012327790260315 1078
1616047357060 0.9041988253593445 1079
1616047393376 0.8704832792282104 1080
1616047427912 0.8664557933807373 1081
1616047462341 0.8714250326156616 1082
1616047496775 0.863213300704956 1083
1616047531185 0.8851466178894043 1084
1616047565603 0.8775995969772339 1085
1616047599949 0.9025102853775024 1086
1616047634343 0.8970686197280884 1087
1616047668791 0.895738959312439 1088
1616047703211 0.903002142906189 1089
1616047739341 0.8947607278823853 1090
1616047773694 0.904082179069519 1091
1616047808549 0.8940092921257019 1092
1616047842960 0.9007135033607483 1093
1616047877225 0.8712697625160217 1094
1616047911467 0.9024264812469482 1095
1616047945691 0.9102887511253357 1096
1616047979974 0.8785256147384644 1097
1616048014313 0.8803942799568176 1098
1616048048587 0.9170812368392944 1099
1616048084555 0.9124153852462769 1100
1616048118874 0.9079923033714294 1101
1616048153165 0.8822208642959595 1102
1616048187621 0.9170225858688354 1103
1616048222185 0.8980963230133057 1104
1616048257096 0.8775860071182251 1105
1616048291607 0.9022805690765381 1106
1616048326135 0.8858201503753662 1107
1616048360617 0.9096391201019287 1108
1616048395074 0.9095756411552429 1109
1616048431197 0.9223572611808777 1110
1616048465438 0.8908657431602478 1111
1616048499792 0.8879369497299194 1112
1616048534136 0.8933902382850647 1113
1616048568520 0.9144027829170227 1114
1616048602882 0.8949214816093445 1115
1616048637582 0.9141818284988403 1116
1616048671878 0.9028258323669434 1117
1616048706205 0.9077744483947754 1118
1616048740483 0.8735779523849487 1119
1616048776426 0.901898980140686 1120
1616048810775 0.8984606266021729 1121
1616048845139 0.8835344314575195 1122
1616048879549 0.8864487409591675 1123
1616048914325 0.8915339112281799 1124
1616048948981 0.8980097770690918 1125
1616048983632 0.8947707414627075 1126
1616049018078 0.9113690257072449 1127
1616049052609 0.905310332775116 1128
1616049087277 0.899267852306366 1129
1616049123328 0.9114978313446045 1130
1616049157850 0.8806396722793579 1131
1616049192308 0.9237896203994751 1132
1616049226693 0.8994150757789612 1133
1616049261091 0.8939497470855713 1134
1616049295724 0.8927299976348877 1135
1616049330098 0.9216209650039673 1136
1616049364418 0.9109271764755249 1137
1616049398717 0.8905150294303894 1138
1616049432965 0.8803595304489136 1139
1616049468865 0.8960601091384888 1140
1616049503375 0.8836674690246582 1141
1616049538417 0.8907128572463989 1142
1616049572981 0.9055600166320801 1143
1616049607536 0.8897124528884888 1144
1616049642042 0.9128131866455078 1145
1616049676685 0.8989608883857727 1146
1616049711293 0.9331621527671814 1147
1616049745620 0.8945738077163696 1148
1616049779972 0.8909285068511963 1149
1616049816105 0.8921201825141907 1150
1616049850446 0.8920024633407593 1151
1616049885201 0.8877475261688232 1152
1616049919458 0.876213550567627 1153
1616049953707 0.8757733702659607 1154
1616049988024 0.8866462111473083 1155
1616050022302 0.9126991033554077 1156
1616050056592 0.9023023843765259 1157
1616050091005 0.8977034091949463 1158
1616050125435 0.8697900176048279 1159
1616050161638 0.8850609064102173 1160
1616050196848 0.8923839330673218 1161
1616050231655 0.9329437017440796 1162
1616050266239 0.9117390513420105 1163
1616050301188 0.9014114141464233 1164
1616050335616 0.8837991952896118 1165
1616050369942 0.8937285542488098 1166
1616050404293 0.887829065322876 1167
1616050438727 0.8895537853240967 1168
1616050472942 0.9101623892784119 1169
1616050508924 0.9006472826004028 1170
1616050543235 0.8983550071716309 1171
1616050578405 0.8956763744354248 1172
1616050613152 0.8716146945953369 1173
1616050647694 0.8948755264282227 1174
1616050682334 0.8775017261505127 1175
1616050716692 0.9125321507453918 1176
1616050750948 0.9205830097198486 1177
1616050785421 0.8657155632972717 1178
1616050819833 0.8979393243789673 1179
1616050856339 0.884537935256958 1180
1616050890631 0.9316183924674988 1181
1616050925001 0.8848981261253357 1182
1616050959600 0.8856269121170044 1183
1616050993864 0.8925161361694336 1184
1616051028215 0.8934349417686462 1185
1616051062442 0.8873915076255798 1186
1616051096808 0.8921210765838623 1187
1616051131060 0.8869369029998779 1188
1616051165387 0.9203565120697021 1189
1616051201225 0.8869101405143738 1190
1616051235517 0.9049414396286011 1191
1616051270111 0.920824408531189 1192
1616051304586 0.8757244348526001 1193
1616051339358 0.8975642919540405 1194
1616051374006 0.8995680809020996 1195
1616051408686 0.8954683542251587 1196
1616051443256 0.9083395600318909 1197
1616051477708 0.9027879238128662 1198
1616051512055 0.905187726020813 1199
1616051548211 0.8787246346473694 1200
1616051570759 0.91352379322052 0
1616051570771 0.91352379322052 0
