1616064348082 0.17989999055862427 1
1616064382155 0.23031526803970337 2
1616064416651 0.26133105158805847 3
1616064450810 0.28591886162757874 4
1616064485046 0.2752498984336853 5
1616064519384 0.2884298861026764 6
1616064553670 0.2988535165786743 7
1616064588155 0.29934966564178467 8
1616064622391 0.303522527217865 9
1616064661405 0.2926865220069885 10
1616064696008 0.33156508207321167 11
1616064730593 0.2920266389846802 12
1616064765165 0.31830793619155884 13
1616064799818 0.32095223665237427 14
1616064834029 0.3023800849914551 15
1616064868793 0.3346383273601532 16
1616064903336 0.368810772895813 17
1616064937997 0.3366796374320984 18
1616064972386 0.31407907605171204 19
1616065011658 0.33756816387176514 20
1616065046264 0.34970319271087646 21
1616065080392 0.325521856546402 22
1616065114531 0.3706400692462921 23
1616065149117 0.36606475710868835 24
1616065183526 0.34881705045700073 25
1616065217814 0.3694983422756195 26
1616065252525 0.3585430979728699 27
1616065287220 0.3559958338737488 28
1616065321838 0.35100752115249634 29
1616065360878 0.3408240079879761 30
1616065395644 0.38302433490753174 31
1616065430206 0.3471161723136902 32
1616065464460 0.38098376989364624 33
1616065498680 0.3304288983345032 34
1616065533174 0.359038382768631 35
1616065567360 0.37781888246536255 36
1616065601609 0.37579673528671265 37
1616065635777 0.39124324917793274 38
1616065670886 0.3917005658149719 39
1616065709979 0.4022735357284546 40
1616065744592 0.38888323307037354 41
1616065779008 0.34422147274017334 42
1616065813183 0.3546317517757416 43
1616065847814 0.36252784729003906 44
1616065882313 0.3879873752593994 45
1616065916590 0.372871994972229 46
1616065951097 0.4189165532588959 47
1616065985682 0.4220173954963684 48
1616066020282 0.3888993263244629 49
1616066058786 0.39469778537750244 50
1616066093200 0.41021400690078735 51
1616066127428 0.332736074924469 52
1616066161778 0.34221959114074707 53
1616066196567 0.36807554960250854 54
1616066231309 0.323503315448761 55
1616066265910 0.3489292860031128 56
1616066300205 0.3821023106575012 57
1616066334777 0.3926318883895874 58
1616066369444 0.37305474281311035 59
1616066408311 0.40581509470939636 60
1616066442702 0.3825959265232086 61
1616066476786 0.36902695894241333 62
1616066511765 0.3772977292537689 63
1616066545854 0.3382296562194824 64
1616066580407 0.37295001745224 65
1616066615015 0.4157273769378662 66
1616066649349 0.3895031809806824 67
1616066683566 0.4036102294921875 68
1616066718101 0.39568328857421875 69
1616066756787 0.3860839903354645 70
1616066791305 0.3846539855003357 71
1616066825807 0.32682687044143677 72
1616066860583 0.3838918209075928 73
1616066894964 0.3979247808456421 74
1616066929537 0.41301897168159485 75
1616066964308 0.41530370712280273 76
1616066998839 0.42111024260520935 77
1616067033408 0.425692081451416 78
1616067068008 0.38603490591049194 79
1616067107220 0.37654727697372437 80
1616067141316 0.38679471611976624 81
1616067175833 0.43967562913894653 82
1616067210142 0.3942626714706421 83
1616067244804 0.4229726791381836 84
1616067279525 0.4330129623413086 85
1616067314121 0.4209540784358978 86
1616067348543 0.4390532076358795 87
1616067383175 0.4547799825668335 88
1616067417536 0.4374977648258209 89
1616067456355 0.4006494879722595 90
1616067490800 0.40991371870040894 91
1616067525530 0.3772584795951843 92
1616067559657 0.397910475730896 93
1616067594337 0.416559636592865 94
1616067628942 0.44487059116363525 95
1616067663478 0.41446924209594727 96
1616067697862 0.45364850759506226 97
1616067732157 0.3742147982120514 98
1616067766768 0.41501230001449585 99
1616067805427 0.40176281332969666 100
1616067839969 0.3846212923526764 101
1616067874278 0.40753185749053955 102
1616067908498 0.4548455476760864 103
1616067943387 0.41921234130859375 104
1616067978020 0.4028528332710266 105
1616068012659 0.3694118857383728 106
1616068047325 0.41069912910461426 107
1616068081938 0.4192274212837219 108
1616068116126 0.4274989664554596 109
1616068155019 0.41016554832458496 110
1616068189273 0.4758554697036743 111
1616068223956 0.41460931301116943 112
1616068258621 0.38795047998428345 113
1616068292741 0.3892553448677063 114
1616068327291 0.437099814414978 115
1616068361804 0.3990897536277771 116
1616068396060 0.4377971291542053 117
1616068430255 0.35562387108802795 118
1616068464399 0.43109792470932007 119
1616068502842 0.4017297923564911 120
1616068537178 0.4591889977455139 121
1616068571637 0.43573397397994995 122
1616068606192 0.3878324627876282 123
1616068640495 0.39989933371543884 124
1616068674615 0.4563652575016022 125
1616068709129 0.4373449981212616 126
1616068743735 0.4419240951538086 127
1616068778180 0.44189009070396423 128
1616068812319 0.438862681388855 129
1616068851572 0.47095388174057007 130
1616068886725 0.436107873916626 131
1616068921452 0.4449900984764099 132
1616068955791 0.4495064318180084 133
1616068990130 0.4154854714870453 134
1616069024755 0.45425087213516235 135
1616069059346 0.4676315188407898 136
1616069094070 0.4375719428062439 137
1616069128726 0.39500221610069275 138
1616069163246 0.42480215430259705 139
1616069201629 0.3909321129322052 140
1616069236268 0.3825887441635132 141
1616069270482 0.4203658103942871 142
1616069304814 0.472459077835083 143
1616069339421 0.44485390186309814 144
1616069373558 0.4647112488746643 145
1616069407629 0.4597477912902832 146
1616069442401 0.42932504415512085 147
1616069477367 0.45938900113105774 148
1616069511789 0.45443686842918396 149
1616069551002 0.44482630491256714 150
1616069585742 0.45862966775894165 151
1616069620377 0.47894883155822754 152
1616069655080 0.5056512951850891 153
1616069689677 0.5335661172866821 154
1616069724203 0.456426203250885 155
1616069758335 0.4744570255279541 156
1616069792741 0.5156682133674622 157
1616069826874 0.47747260332107544 158
1616069861514 0.505954384803772 159
1616069900106 0.495552659034729 160
1616069934319 0.3833308219909668 161
1616069968309 0.44227364659309387 162
1616070002648 0.4905206561088562 163
1616070037280 0.48024967312812805 164
1616070071516 0.44766995310783386 165
1616070106039 0.413901686668396 166
1616070140399 0.45071280002593994 167
1616070175146 0.4567562937736511 168
1616070209509 0.5335639715194702 169
1616070248520 0.4852900505065918 170
1616070283275 0.4380336403846741 171
1616070317871 0.4726284146308899 172
1616070352094 0.4823508560657501 173
1616070386642 0.4446651041507721 174
1616070421750 0.47266075015068054 175
1616070455905 0.46319034695625305 176
1616070490449 0.4175029397010803 177
1616070524618 0.4534195065498352 178
1616070558740 0.4511403441429138 179
1616070597096 0.5356301069259644 180
1616070631427 0.4744810461997986 181
1616070666064 0.4439040720462799 182
1616070700838 0.42465925216674805 183
1616070735057 0.507073700428009 184
1616070769309 0.4580194354057312 185
1616070803539 0.4830164909362793 186
1616070838419 0.435124933719635 187
1616070872984 0.44185972213745117 188
1616070907398 0.48600298166275024 189
1616070946522 0.44825276732444763 190
1616070980916 0.5314608216285706 191
1616071015645 0.4484325647354126 192
1616071050269 0.42057090997695923 193
1616071084432 0.4191310405731201 194
1616071119185 0.47751808166503906 195
1616071153755 0.4466099143028259 196
1616071188293 0.4661191999912262 197
1616071222876 0.49312615394592285 198
1616071257372 0.48116761445999146 199
1616071296092 0.4723522365093231 200
1616071330701 0.42571312189102173 201
1616071365264 0.42677974700927734 202
1616071399791 0.4489818215370178 203
1616071434414 0.4705648720264435 204
1616071468946 0.49622946977615356 205
1616071503550 0.4942858815193176 206
1616071538142 0.5035650730133057 207
1616071572676 0.488014817237854 208
1616071607138 0.5131555199623108 209
1616071645514 0.4213542938232422 210
1616071680140 0.4854089617729187 211
1616071714902 0.4637734889984131 212
1616071749434 0.40678638219833374 213
1616071783459 0.438404381275177 214
1616071817978 0.47825103998184204 215
1616071852528 0.4307304620742798 216
1616071886719 0.4782375991344452 217
1616071921495 0.46155881881713867 218
1616071955643 0.4547273516654968 219
1616071994583 0.46647948026657104 220
1616072028745 0.47748863697052 221
1616072063095 0.4698672592639923 222
1616072097641 0.48428410291671753 223
1616072131936 0.4988899230957031 224
1616072166386 0.459353506565094 225
1616072201024 0.4614178240299225 226
1616072235788 0.4388872981071472 227
1616072270411 0.48176050186157227 228
1616072304621 0.5252630710601807 229
1616072343311 0.5015560388565063 230
1616072378093 0.5373979210853577 231
1616072412629 0.49853548407554626 232
1616072447327 0.47557592391967773 233
1616072482131 0.5222223401069641 234
1616072516727 0.47958052158355713 235
1616072551279 0.48996949195861816 236
1616072585717 0.49518465995788574 237
1616072620021 0.4648515582084656 238
1616072654709 0.5378395318984985 239
1616072693068 0.43876874446868896 240
1616072727709 0.4531208276748657 241
1616072762236 0.4717952609062195 242
1616072796872 0.49388644099235535 243
1616072831464 0.5178543329238892 244
1616072866048 0.5058615207672119 245
1616072900761 0.49593275785446167 246
1616072935121 0.4292333722114563 247
1616072969324 0.4944102168083191 248
1616073003833 0.5003577470779419 249
1616073043343 0.5048946142196655 250
1616073078033 0.5255818367004395 251
1616073112396 0.4827321767807007 252
1616073146614 0.43157410621643066 253
1616073181360 0.47653645277023315 254
1616073215984 0.5239086151123047 255
1616073250281 0.48381757736206055 256
1616073284871 0.58293616771698 257
1616073318819 0.5188033580780029 258
1616073352810 0.46784651279449463 259
1616073391100 0.48614487051963806 260
1616073425562 0.5324069261550903 261
1616073459739 0.516265332698822 262
1616073494209 0.49546927213668823 263
1616073528557 0.4631198048591614 264
1616073562689 0.5121684074401855 265
1616073596949 0.45717358589172363 266
1616073630920 0.5121804475784302 267
1616073665496 0.46795719861984253 268
1616073700029 0.5179768800735474 269
1616073738997 0.5138072967529297 270
1616073773326 0.520281195640564 271
1616073807555 0.4841887652873993 272
1616073842234 0.4850360155105591 273
1616073876851 0.5001377463340759 274
1616073911635 0.4782138764858246 275
1616073945988 0.42849940061569214 276
1616073980684 0.5338221788406372 277
1616074015319 0.45557573437690735 278
1616074049724 0.5305450558662415 279
1616074088649 0.5248278379440308 280
1616074122784 0.5306726694107056 281
1616074157526 0.5253673195838928 282
1616074191683 0.5008255839347839 283
1616074226043 0.49806103110313416 284
1616074260628 0.42333292961120605 285
1616074295282 0.5262187719345093 286
1616074329669 0.5106166005134583 287
1616074364043 0.4901670515537262 288
1616074398574 0.5212257504463196 289
1616074436834 0.49108031392097473 290
1616074471332 0.5319394469261169 291
1616074505584 0.5032727122306824 292
1616074540318 0.5372340083122253 293
1616074574518 0.489454984664917 294
1616074609337 0.488609254360199 295
1616074644269 0.49069830775260925 296
1616074678393 0.5309888124465942 297
1616074712844 0.4879976511001587 298
1616074747363 0.559343695640564 299
1616074785894 0.5185592770576477 300
1616074820502 0.4812774062156677 301
1616074855176 0.5066269636154175 302
1616074889517 0.5626278519630432 303
1616074924130 0.5449119806289673 304
1616074958338 0.4909651279449463 305
1616074992457 0.4645349383354187 306
1616075027138 0.5176821947097778 307
1616075061310 0.633322536945343 308
1616075096088 0.5755290985107422 309
1616075134744 0.4481155574321747 310
1616075169479 0.4834403991699219 311
1616075203754 0.5194977521896362 312
1616075238597 0.47629982233047485 313
1616075273244 0.5532763004302979 314
1616075308001 0.49033135175704956 315
1616075342612 0.5185319185256958 316
1616075377568 0.5310454368591309 317
1616075411986 0.4910088777542114 318
1616075446268 0.49339526891708374 319
1616075484931 0.5159989595413208 320
1616075519072 0.5240925550460815 321
1616075553726 0.518837034702301 322
1616075588256 0.45391082763671875 323
1616075622517 0.5252093076705933 324
1616075656929 0.4626867175102234 325
1616075691589 0.49608561396598816 326
1616075725866 0.5150671601295471 327
1616075760128 0.5672705173492432 328
1616075794312 0.5221009254455566 329
1616075833180 0.4676724672317505 330
1616075867817 0.48359858989715576 331
1616075902120 0.5285292267799377 332
1616075936612 0.5637167692184448 333
1616075971273 0.5133447647094727 334
1616076005718 0.5179725289344788 335
1616076040419 0.49793002009391785 336
1616076074687 0.534674882888794 337
1616076109298 0.4513721466064453 338
1616076143845 0.5458372831344604 339
1616076182634 0.546553373336792 340
1616076217291 0.5123155117034912 341
1616076252074 0.5286921858787537 342
1616076286503 0.4890338182449341 343
1616076321211 0.5163931846618652 344
1616076355500 0.48709046840667725 345
1616076390226 0.45732712745666504 346
1616076425025 0.43133336305618286 347
1616076459619 0.5018386840820312 348
1616076494109 0.571839451789856 349
1616076533231 0.5909758806228638 350
1616076567523 0.5471358895301819 351
1616076601712 0.5382566452026367 352
1616076636678 0.5367671847343445 353
1616076671046 0.5740370154380798 354
1616076705187 0.5188242197036743 355
1616076739706 0.492781400680542 356
1616076774192 0.5653187036514282 357
1616076808375 0.5963423252105713 358
1616076842992 0.48988986015319824 359
1616076881311 0.5305392742156982 360
1616076915959 0.5722413063049316 361
1616076950185 0.5836508870124817 362
1616076985081 0.5629231333732605 363
1616077019847 0.5107533931732178 364
1616077054341 0.5496180057525635 365
1616077088937 0.528359055519104 366
1616077123485 0.5349977016448975 367
1616077158081 0.5659777522087097 368
1616077192315 0.5003975033760071 369
1616077230787 0.5289802551269531 370
1616077265276 0.6005147695541382 371
1616077299535 0.5894942283630371 372
1616077334300 0.5303274393081665 373
1616077368996 0.5724160671234131 374
1616077403594 0.5354526042938232 375
1616077438455 0.5076625943183899 376
1616077472807 0.46429532766342163 377
1616077506983 0.49776577949523926 378
1616077541795 0.529179573059082 379
1616077580592 0.5055192708969116 380
1616077615283 0.5180261135101318 381
1616077649648 0.5453554391860962 382
1616077683736 0.4869129955768585 383
1616077718422 0.5576168298721313 384
1616077752685 0.552067220211029 385
1616077787250 0.5463483333587646 386
1616077821940 0.5170670747756958 387
1616077856422 0.5519418716430664 388
1616077890487 0.5460229516029358 389
1616077929363 0.5211118459701538 390
1616077964330 0.4983951449394226 391
1616077998578 0.5083699226379395 392
1616078033285 0.5640760660171509 393
1616078067540 0.49469733238220215 394
1616078102179 0.6161432862281799 395
1616078136675 0.5341859459877014 396
1616078170893 0.5509989261627197 397
1616078205009 0.5636117458343506 398
1616078239579 0.5105807185173035 399
1616078278671 0.5774905681610107 400
1616078312913 0.5302757024765015 401
1616078347081 0.5429351329803467 402
1616078381745 0.47632020711898804 403
1616078416385 0.5882890820503235 404
1616078451049 0.552449107170105 405
1616078485706 0.5498082637786865 406
1616078519976 0.481020987033844 407
1616078554630 0.5759812593460083 408
1616078588884 0.5180123448371887 409
1616078627187 0.5436182618141174 410
1616078661847 0.5471688508987427 411
1616078696392 0.586435079574585 412
1616078730825 0.5506677627563477 413
1616078765565 0.4943416118621826 414
1616078800065 0.477780818939209 415
1616078834613 0.537691593170166 416
1616078869182 0.5011305809020996 417
1616078903400 0.5562680959701538 418
1616078938082 0.5495173931121826 419
1616078976536 0.5575160980224609 420
1616079010782 0.5397233963012695 421
1616079045450 0.5500549077987671 422
1616079080196 0.5133103132247925 423
1616079115943 0.5299778580665588 424
1616079150698 0.5800036191940308 425
1616079184871 0.5183825492858887 426
1616079219285 0.5924363136291504 427
1616079253464 0.5350454449653625 428
1616079287941 0.48268091678619385 429
1616079326764 0.5311287641525269 430
1616079361429 0.5695939064025879 431
1616079396034 0.5101616382598877 432
1616079430198 0.5120338797569275 433
1616079464371 0.5900604724884033 434
1616079498505 0.47716379165649414 435
1616079533168 0.5311908721923828 436
1616079567724 0.5451838970184326 437
1616079602301 0.5509875416755676 438
1616079636654 0.47991010546684265 439
1616079675403 0.6293838024139404 440
1616079710084 0.5773564577102661 441
1616079744708 0.5018670558929443 442
1616079778873 0.5533928871154785 443
1616079813543 0.5938584804534912 444
1616079848263 0.5152710676193237 445
1616079882666 0.5276292562484741 446
1616079917416 0.48262518644332886 447
1616079952253 0.5261579751968384 448
1616079986941 0.5535246133804321 449
1616080025865 0.6108376979827881 450
1616080060451 0.5432218313217163 451
1616080094755 0.5193195939064026 452
1616080128966 0.5302087068557739 453
1616080163586 0.5057178139686584 454
1616080198145 0.6021093726158142 455
1616080232310 0.5206685066223145 456
1616080267145 0.49977439641952515 457
1616080301723 0.46674302220344543 458
1616080336126 0.5474029183387756 459
1616080374791 0.5758588314056396 460
1616080409011 0.5647591948509216 461
1616080443651 0.5772672891616821 462
1616080478123 0.551383376121521 463
1616080512430 0.5667598247528076 464
1616080546996 0.5365829467773438 465
1616080581956 0.5305112600326538 466
1616080616233 0.49789199233055115 467
1616080650388 0.5150969624519348 468
1616080685155 0.5283258557319641 469
1616080723905 0.5201352834701538 470
1616080758381 0.5083585381507874 471
1616080792812 0.553791880607605 472
1616080827882 0.5428107380867004 473
1616080862382 0.522031307220459 474
1616080896583 0.5933823585510254 475
1616080931353 0.5271585583686829 476
1616080966128 0.5302269458770752 477
1616081000530 0.5485547780990601 478
1616081034693 0.6225463151931763 479
1616081073501 0.6012184619903564 480
1616081107888 0.5352275371551514 481
1616081142928 0.5792927742004395 482
1616081177757 0.571097731590271 483
1616081212154 0.5735896825790405 484
1616081246777 0.5517840385437012 485
1616081280971 0.5170005559921265 486
1616081315653 0.5341579914093018 487
1616081349892 0.5436184406280518 488
1616081384244 0.5797789096832275 489
1616081423337 0.6136003136634827 490
1616081457819 0.5243330001831055 491
1616081492430 0.5096842050552368 492
1616081526541 0.623577892780304 493
1616081560887 0.5008297562599182 494
1616081595093 0.5430317521095276 495
1616081629810 0.5140721201896667 496
1616081664388 0.5921686887741089 497
1616081698927 0.5412900447845459 498
1616081733559 0.5754699110984802 499
1616081772104 0.5211763381958008 500
1616081806937 0.4914170503616333 501
1616081841382 0.5755922794342041 502
1616081875934 0.5890896320343018 503
1616081910471 0.6058682203292847 504
1616081944759 0.5427791476249695 505
1616081978966 0.5735939145088196 506
1616082013262 0.5188871622085571 507
1616082047730 0.5237342119216919 508
1616082081831 0.5725812911987305 509
1616082120890 0.5616930723190308 510
1616082154975 0.6496468782424927 511
1616082189555 0.5468794107437134 512
1616082224213 0.5607472658157349 513
1616082258881 0.590551495552063 514
1616082293548 0.5453962087631226 515
1616082328229 0.6057060956954956 516
1616082362902 0.5874464511871338 517
1616082397596 0.5376828908920288 518
1616082432611 0.5080767273902893 519
1616082471897 0.4990956783294678 520
1616082506624 0.4941334128379822 521
1616082541316 0.541201114654541 522
1616082576259 0.5789586901664734 523
1616082610461 0.5647228956222534 524
1616082644720 0.5421092510223389 525
1616082678943 0.6522643566131592 526
1616082713016 0.5538359880447388 527
1616082747525 0.5493371486663818 528
1616082781845 0.6307331323623657 529
1616082821109 0.5670695304870605 530
1616082855298 0.5259585380554199 531
1616082890003 0.5358375310897827 532
1616082924459 0.5510257482528687 533
1616082959123 0.5688472986221313 534
1616082993774 0.540499746799469 535
1616083028445 0.6405609250068665 536
1616083063174 0.5402803421020508 537
1616083097654 0.5535464882850647 538
1616083132193 0.5708773732185364 539
1616083171970 0.64845871925354 540
1616083206632 0.5263615846633911 541
1616083241230 0.5248225927352905 542
1616083275509 0.564842700958252 543
1616083310186 0.5902005434036255 544
1616083344353 0.5491032600402832 545
1616083379024 0.5719385147094727 546
1616083413730 0.6081547737121582 547
1616083448569 0.5165814161300659 548
1616083483006 0.5344509482383728 549
1616083521440 0.5628069639205933 550
1616083556185 0.5534372925758362 551
1616083590877 0.5852932333946228 552
1616083625482 0.6197137832641602 553
1616083660305 0.501399040222168 554
1616083694845 0.5475176572799683 555
1616083729320 0.5946254730224609 556
1616083763745 0.53294837474823 557
1616083798175 0.5291053652763367 558
1616083832884 0.5062828063964844 559
1616083871886 0.6163694858551025 560
1616083906271 0.5631719827651978 561
1616083941335 0.5227706432342529 562
1616083976066 0.5252546072006226 563
1616084010577 0.6506118774414062 564
1616084045232 0.5152619481086731 565
1616084079963 0.5685033798217773 566
1616084114070 0.5312827825546265 567
1616084148494 0.5973296165466309 568
1616084183043 0.5678626298904419 569
1616084221778 0.5633161067962646 570
1616084256616 0.5186251401901245 571
1616084290897 0.5674863457679749 572
1616084325893 0.5559152364730835 573
1616084360629 0.5823442935943604 574
1616084395215 0.5153571367263794 575
1616084429983 0.5471193790435791 576
1616084464585 0.6305527687072754 577
1616084499080 0.6277203559875488 578
1616084533196 0.5764433145523071 579
1616084571899 0.5800745487213135 580
1616084606205 0.6552212238311768 581
1616084640401 0.5210336446762085 582
1616084674870 0.5461570024490356 583
1616084709061 0.5859847068786621 584
1616084743515 0.5642908811569214 585
1616084777712 0.5488302707672119 586
1616084812394 0.6097053289413452 587
1616084847173 0.5623855590820312 588
1616084881586 0.5526912212371826 589
1616084920497 0.5947854518890381 590
1616084955635 0.5989768505096436 591
1616084989997 0.5678343772888184 592
1616085024406 0.5287493467330933 593
1616085059129 0.5681601166725159 594
1616085093541 0.575146496295929 595
1616085127562 0.5664286017417908 596
1616085161825 0.598075270652771 597
1616085196521 0.5494934320449829 598
1616085230950 0.556003212928772 599
1616085269384 0.5326390862464905 600
1616085304136 0.6405177116394043 601
1616085338431 0.5488349199295044 602
1616085372800 0.5180460214614868 603
1616085407548 0.5542290806770325 604
1616085441899 0.550824761390686 605
1616085476623 0.5666440725326538 606
1616085510815 0.5692291259765625 607
1616085545036 0.5874245762825012 608
1616085579908 0.5486514568328857 609
1616085618742 0.5945518016815186 610
1616085653781 0.5142016410827637 611
1616085688486 0.5673571825027466 612
1616085722973 0.5645714998245239 613
1616085757112 0.5865344405174255 614
1616085791806 0.5440248250961304 615
1616085826005 0.5737509727478027 616
1616085860441 0.5414316058158875 617
1616085895109 0.6281428337097168 618
1616085929343 0.5516785383224487 619
1616085968392 0.5111097097396851 620
1616086002940 0.5856300592422485 621
1616086037497 0.49577999114990234 622
1616086072184 0.5451415777206421 623
1616086106294 0.578018307685852 624
1616086140738 0.6304426193237305 625
1616086175130 0.6331599950790405 626
1616086209474 0.6175769567489624 627
1616086243817 0.5763702392578125 628
1616086278598 0.5449304580688477 629
1616086317529 0.5521771907806396 630
1616086352018 0.6171029806137085 631
1616086386468 0.5207462906837463 632
1616086421366 0.5937098264694214 633
1616086455777 0.552520215511322 634
1616086489938 0.522087037563324 635
1616086524068 0.5454045534133911 636
1616086558472 0.6139867305755615 637
1616086592712 0.5787591934204102 638
1616086627346 0.5793083906173706 639
1616086666011 0.5957014560699463 640
1616086700323 0.6009806394577026 641
1616086735102 0.5771920680999756 642
1616086769994 0.5579199194908142 643
1616086804632 0.5905263423919678 644
1616086839110 0.5974843502044678 645
1616086873208 0.5904914736747742 646
1616086907805 0.5801413059234619 647
1616086942601 0.5422494411468506 648
1616086977310 0.6089558601379395 649
1616087016514 0.6685347557067871 650
1616087050948 0.5524406433105469 651
1616087085349 0.5923619270324707 652
1616087119776 0.5785938501358032 653
1616087154417 0.621847927570343 654
1616087188937 0.563852071762085 655
1616087223155 0.5715046525001526 656
1616087257593 0.5865447521209717 657
1616087292119 0.5341202616691589 658
1616087326459 0.5562276244163513 659
1616087365622 0.5623095035552979 660
1616087399785 0.6176438331604004 661
1616087434428 0.550387978553772 662
1616087469149 0.5475457310676575 663
1616087503891 0.6205546855926514 664
1616087538588 0.6241178512573242 665
1616087572827 0.5707685947418213 666
1616087607393 0.6150925755500793 667
1616087642062 0.5486946105957031 668
1616087676184 0.5494949817657471 669
1616087714842 0.5932676792144775 670
1616087749428 0.568179190158844 671
1616087783598 0.49118536710739136 672
1616087818277 0.49308571219444275 673
1616087852565 0.5477085113525391 674
1616087886960 0.5369197130203247 675
1616087921580 0.5752537250518799 676
1616087956199 0.555381178855896 677
1616087990713 0.5649511814117432 678
1616088025517 0.593252956867218 679
1616088064246 0.5918663144111633 680
1616088098526 0.5566645860671997 681
1616088133248 0.5880439281463623 682
1616088167859 0.6109528541564941 683
1616088202683 0.5661593675613403 684
1616088236760 0.5705381631851196 685
1616088271015 0.5932888984680176 686
1616088305629 0.6719076633453369 687
1616088339935 0.543682336807251 688
1616088374371 0.5012151002883911 689
1616088413110 0.5872188806533813 690
1616088447642 0.6017137169837952 691
1616088482382 0.6779748201370239 692
1616088516798 0.619011640548706 693
1616088551585 0.5755131840705872 694
1616088586248 0.5588063597679138 695
1616088620552 0.5718451142311096 696
1616088655586 0.6303690671920776 697
1616088689924 0.5988311767578125 698
1616088724638 0.6302202343940735 699
1616088763867 0.5989902019500732 700
1616088798489 0.548031210899353 701
1616088832696 0.5447813272476196 702
1616088867264 0.6119174957275391 703
1616088902320 0.5652296543121338 704
1616088937060 0.549788236618042 705
1616088971421 0.5520261526107788 706
1616089006014 0.5937750935554504 707
1616089040261 0.591191291809082 708
1616089075231 0.573283314704895 709
1616089114245 0.6070078611373901 710
1616089148868 0.5827462077140808 711
1616089183642 0.5576469898223877 712
1616089218338 0.5551202297210693 713
1616089252622 0.6046779751777649 714
1616089286818 0.5931543111801147 715
1616089321029 0.5146456956863403 716
1616089355182 0.6343168020248413 717
1616089389366 0.6101659536361694 718
1616089423629 0.573707103729248 719
1616089462298 0.6094417572021484 720
1616089496681 0.5437959432601929 721
1616089531629 0.5121391415596008 722
1616089566459 0.5390821695327759 723
1616089601254 0.5814971923828125 724
1616089635992 0.5466630458831787 725
1616089670339 0.6403964757919312 726
1616089705158 0.6898162364959717 727
1616089739905 0.564919650554657 728
1616089774497 0.6638638973236084 729
1616089813745 0.662270724773407 730
1616089847858 0.6185603141784668 731
1616089882427 0.6016458868980408 732
1616089916525 0.6395822763442993 733
1616089951140 0.5558116436004639 734
1616089985646 0.609430193901062 735
1616090020300 0.6114332675933838 736
1616090054865 0.6379890441894531 737
1616090089060 0.5998662114143372 738
1616090123373 0.5850570201873779 739
1616090161978 0.5315573215484619 740
1616090196703 0.5423067808151245 741
1616090231326 0.5855055451393127 742
1616090266043 0.6212038993835449 743
1616090300332 0.6799410581588745 744
1616090335108 0.5548287034034729 745
1616090369637 0.6004114151000977 746
1616090404300 0.5762767195701599 747
1616090438758 0.5665485262870789 748
1616090472969 0.571155309677124 749
1616090511740 0.6514679193496704 750
1616090546239 0.5251493453979492 751
1616090580623 0.5625131130218506 752
1616090614908 0.5592331886291504 753
1616090649509 0.5743170380592346 754
1616090684008 0.5980412364006042 755
1616090718718 0.6104483604431152 756
1616090753008 0.5948339104652405 757
1616090787233 0.5488384962081909 758
1616090821840 0.671644926071167 759
1616090860851 0.5367082953453064 760
1616090895410 0.5811940431594849 761
1616090930214 0.5598347783088684 762
1616090965279 0.5937398672103882 763
1616091000175 0.6057748794555664 764
1616091034730 0.5760462284088135 765
1616091069556 0.5943176746368408 766
1616091103916 0.5996240973472595 767
1616091138480 0.5834943056106567 768
1616091173226 0.6362863779067993 769
1616091212473 0.5931506752967834 770
1616091246651 0.5409364104270935 771
1616091280867 0.5590734481811523 772
1616091314957 0.619982123374939 773
1616091349183 0.5885917544364929 774
1616091383814 0.5282152891159058 775
1616091418339 0.5972647666931152 776
1616091453092 0.594388484954834 777
1616091487370 0.5699112415313721 778
1616091522108 0.552640974521637 779
1616091560777 0.6137607097625732 780
1616091595450 0.46047788858413696 781
1616091630085 0.6424869298934937 782
1616091664627 0.6771113872528076 783
1616091699290 0.6235203146934509 784
1616091734128 0.610209584236145 785
1616091768800 0.5336177349090576 786
1616091803121 0.5678629875183105 787
1616091838250 0.6216100454330444 788
1616091872455 0.5661813020706177 789
1616091911687 0.565479040145874 790
1616091946295 0.5408563613891602 791
1616091981012 0.6121752262115479 792
1616092015221 0.5373135805130005 793
1616092049808 0.6305607557296753 794
1616092084493 0.5762982368469238 795
1616092118580 0.5669711828231812 796
1616092152737 0.6010885238647461 797
1616092187132 0.5598447322845459 798
1616092221358 0.654176652431488 799
1616092259652 0.5676913261413574 800
1616092294330 0.5273881554603577 801
1616092328685 0.5960085391998291 802
1616092363090 0.6207221150398254 803
1616092397864 0.5625253915786743 804
1616092432174 0.5790685415267944 805
1616092466558 0.5936124324798584 806
1616092500826 0.5808953046798706 807
1616092535659 0.5541715621948242 808
1616092570062 0.5370063781738281 809
1616092609048 0.5708999633789062 810
1616092643220 0.5350335836410522 811
1616092677570 0.5508005619049072 812
1616092712373 0.6420398950576782 813
1616092746882 0.6691721677780151 814
1616092781332 0.6045030355453491 815
1616092815906 0.5200120806694031 816
1616092850553 0.6744102239608765 817
1616092885202 0.5444759130477905 818
1616092919404 0.5670968890190125 819
1616092957823 0.48170220851898193 820
1616092992101 0.6030462384223938 821
1616093026623 0.5789099931716919 822
1616093061279 0.5814657211303711 823
1616093096158 0.5996379256248474 824
1616093130953 0.544023334980011 825
1616093165237 0.5363709330558777 826
1616093200083 0.5727669596672058 827
1616093234135 0.6370302438735962 828
1616093268711 0.608988881111145 829
1616093306975 0.5992031097412109 830
1616093342039 0.5919029712677002 831
1616093376151 0.5852925777435303 832
1616093410772 0.6177842617034912 833
1616093444981 0.5863060355186462 834
1616093479318 0.5670027732849121 835
1616093513966 0.6176786422729492 836
1616093548150 0.4904908537864685 837
1616093582737 0.6082355976104736 838
1616093617627 0.6230549216270447 839
1616093656660 0.5847245454788208 840
1616093691302 0.584244966506958 841
1616093725791 0.627875804901123 842
1616093760252 0.6478766798973083 843
1616093794627 0.6303555965423584 844
1616093829424 0.6059807538986206 845
1616093864049 0.6198427677154541 846
1616093898219 0.6086336374282837 847
1616093932382 0.5500606894493103 848
1616093967064 0.5541889071464539 849
1616094005805 0.5504188537597656 850
1616094040442 0.6570041179656982 851
1616094074948 0.7098506093025208 852
1616094109322 0.5589561462402344 853
1616094144069 0.5753491520881653 854
1616094178395 0.5976384878158569 855
1616094213244 0.6036802530288696 856
1616094247902 0.5626338720321655 857
1616094282218 0.6211336851119995 858
1616094317112 0.6310176849365234 859
1616094355913 0.6264116764068604 860
1616094390769 0.5332902669906616 861
1616094425135 0.6002314686775208 862
1616094459814 0.594689130783081 863
1616094494185 0.5123107433319092 864
1616094528628 0.5746633410453796 865
1616094563238 0.5687451362609863 866
1616094598351 0.6601052284240723 867
1616094632641 0.555112361907959 868
1616094666926 0.5598384141921997 869
1616094705219 0.6497981548309326 870
1616094739427 0.5683552026748657 871
1616094773590 0.6480977535247803 872
1616094808061 0.5636875629425049 873
1616094842320 0.644705593585968 874
1616094876526 0.6038899421691895 875
1616094911178 0.6479430198669434 876
1616094945412 0.5747232437133789 877
1616094979679 0.5188992023468018 878
1616095014416 0.6484866142272949 879
1616095053581 0.6363859176635742 880
1616095087939 0.5821391940116882 881
1616095122586 0.5962069034576416 882
1616095157391 0.532804012298584 883
1616095191887 0.6583179235458374 884
1616095226265 0.6108828783035278 885
1616095261047 0.5136530995368958 886
1616095295661 0.651738166809082 887
1616095330175 0.5887845754623413 888
1616095364664 0.5213102698326111 889
1616095403360 0.6049579381942749 890
1616095437586 0.6803356409072876 891
1616095472384 0.6160861253738403 892
1616095506705 0.6104215979576111 893
1616095541126 0.6258385181427002 894
1616095575818 0.68821120262146 895
1616095610061 0.5492264032363892 896
1616095644482 0.5983170866966248 897
1616095679197 0.5983660221099854 898
1616095713864 0.5431928038597107 899
1616095752747 0.6767606139183044 900
1616095787142 0.5884404182434082 901
1616095821657 0.6419005393981934 902
1616095856513 0.6217538118362427 903
1616095891239 0.5971251726150513 904
1616095925552 0.5997780561447144 905
1616095960071 0.5607956051826477 906
1616095994482 0.5814488530158997 907
1616096028750 0.5720164775848389 908
1616096063602 0.6107602715492249 909
1616096102092 0.6426880359649658 910
1616096136709 0.6542088389396667 911
1616096171541 0.5426316261291504 912
1616096206192 0.6086140871047974 913
1616096240059 0.6476702690124512 914
1616096274667 0.5431444644927979 915
1616096308836 0.6187044382095337 916
1616096343053 0.5092461109161377 917
1616096377598 0.5891232490539551 918
1616096411934 0.6100678443908691 919
1616096450791 0.6196140050888062 920
1616096485500 0.6103730201721191 921
1616096520294 0.608284592628479 922
1616096554769 0.6132570505142212 923
1616096589329 0.644846498966217 924
1616096624134 0.5553009510040283 925
1616096658855 0.6510544419288635 926
1616096693195 0.628713846206665 927
1616096728030 0.5766341686248779 928
1616096762644 0.6229610443115234 929
1616096801418 0.5273886919021606 930
1616096835824 0.604983925819397 931
1616096870506 0.6163170337677002 932
1616096904972 0.6126422882080078 933
1616096939522 0.5298689603805542 934
1616096973826 0.5774598121643066 935
1616097008351 0.5487446784973145 936
1616097043553 0.5650113821029663 937
1616097078062 0.5963109731674194 938
1616097112300 0.605031430721283 939
1616097151210 0.6137685775756836 940
1616097185826 0.5571218729019165 941
1616097220331 0.5837500095367432 942
1616097254616 0.5400602221488953 943
1616097289318 0.6823900938034058 944
1616097323849 0.6208078861236572 945
1616097358513 0.6872084140777588 946
1616097393109 0.48673564195632935 947
1616097427697 0.6441434621810913 948
1616097461993 0.6906372904777527 949
1616097501171 0.578782320022583 950
1616097535910 0.5866861343383789 951
1616097570596 0.6919780969619751 952
1616097605254 0.6114819049835205 953
1616097639627 0.6152830123901367 954
1616097674095 0.5621728897094727 955
1616097708462 0.6057620048522949 956
1616097742687 0.5999531745910645 957
1616097777403 0.6346310973167419 958
1616097811914 0.6332852840423584 959
1616097850570 0.5611038208007812 960
1616097884852 0.5978125929832458 961
1616097919377 0.6104793548583984 962
1616097954090 0.5856878757476807 963
1616097988170 0.6001033186912537 964
1616098022709 0.6690546274185181 965
1616098057072 0.567863941192627 966
1616098091505 0.637728750705719 967
1616098125815 0.7020679712295532 968
1616098160034 0.613028347492218 969
1616098198858 0.6157150864601135 970
1616098233109 0.6512553691864014 971
1616098267371 0.59955894947052 972
1616098301823 0.5854330062866211 973
1616098336553 0.5982816219329834 974
1616098371305 0.5300058126449585 975
1616098405628 0.6380987763404846 976
1616098439994 0.6348523497581482 977
1616098474450 0.5240408182144165 978
1616098508751 0.6168493032455444 979
1616098547565 0.4908887445926666 980
1616098582546 0.582656741142273 981
1616098616954 0.5880454778671265 982
1616098651363 0.5922470092773438 983
1616098686152 0.7068527936935425 984
1616098720690 0.6215180158615112 985
1616098755399 0.6572153568267822 986
1616098789700 0.6058111190795898 987
1616098824434 0.63908451795578 988
1616098858738 0.6166704893112183 989
1616098897216 0.5728276968002319 990
1616098931895 0.5884804725646973 991
1616098966447 0.6817954778671265 992
1616099000609 0.538733959197998 993
1616099035265 0.6507400274276733 994
1616099070002 0.6525273323059082 995
1616099104769 0.6510491371154785 996
1616099139481 0.7235572934150696 997
1616099174389 0.6088818311691284 998
1616099209064 0.536287784576416 999
1616099248201 0.68364018201828 1000
1616099282658 0.6563979983329773 1001
1616099317003 0.6773672103881836 1002
1616099351772 0.6478288173675537 1003
1616099386469 0.6321591138839722 1004
1616099421082 0.5859711170196533 1005
1616099455872 0.6072367429733276 1006
1616099490667 0.5877569913864136 1007
1616099525361 0.6058311462402344 1008
1616099559971 0.5362057685852051 1009
1616099598857 0.5477676391601562 1010
1616099633420 0.6560107469558716 1011
1616099667992 0.5822081565856934 1012
1616099702655 0.5907561779022217 1013
1616099737139 0.6330883502960205 1014
1616099771758 0.5922485589981079 1015
1616099806532 0.6198778748512268 1016
1616099840992 0.5743533372879028 1017
1616099875704 0.6601871252059937 1018
1616099910164 0.6432271003723145 1019
1616099948784 0.6362056732177734 1020
1616099983098 0.6025141477584839 1021
1616100017266 0.5562140345573425 1022
1616100052260 0.6609524488449097 1023
1616100086529 0.5741768479347229 1024
1616100120852 0.4959046244621277 1025
1616100155663 0.6698231101036072 1026
1616100190213 0.5736978650093079 1027
1616100224534 0.6097357869148254 1028
1616100258794 0.6481657028198242 1029
1616100297634 0.5921396017074585 1030
1616100332210 0.5584741830825806 1031
1616100367172 0.586807370185852 1032
1616100402011 0.6453616619110107 1033
1616100436828 0.6215360164642334 1034
1616100471673 0.6286293268203735 1035
1616100506058 0.6271374225616455 1036
1616100540813 0.6246368885040283 1037
1616100574939 0.5833495855331421 1038
1616100609469 0.6214343309402466 1039
1616100648450 0.5743056535720825 1040
1616100683120 0.7078981995582581 1041
1616100717328 0.5871594548225403 1042
1616100751617 0.5655645132064819 1043
1616100785889 0.6025048494338989 1044
1616100820260 0.6713529825210571 1045
1616100854896 0.5928544998168945 1046
1616100889521 0.569716215133667 1047
1616100923663 0.6269321441650391 1048
1616100958343 0.607593297958374 1049
1616100997129 0.6196112632751465 1050
1616101031813 0.5759283304214478 1051
1616101066166 0.5184108018875122 1052
1616101100651 0.5984091758728027 1053
1616101135440 0.6091457605361938 1054
1616101170278 0.59503173828125 1055
1616101204952 0.6637673377990723 1056
1616101239336 0.645241379737854 1057
1616101273662 0.5106716156005859 1058
1616101308052 0.521522581577301 1059
1616101346653 0.6201398372650146 1060
1616101380814 0.6155141592025757 1061
1616101415134 0.5600279569625854 1062
1616101449810 0.5686461925506592 1063
1616101484760 0.5205032229423523 1064
1616101518899 0.5895591378211975 1065
1616101553443 0.6350822448730469 1066
1616101587760 0.5853742361068726 1067
1616101622013 0.5800573825836182 1068
1616101656592 0.6058768630027771 1069
1616101695393 0.5532230734825134 1070
1616101729883 0.5817490220069885 1071
1616101764808 0.5208972692489624 1072
1616101799252 0.5880730152130127 1073
1616101834014 0.6073805689811707 1074
1616101868703 0.6355894804000854 1075
1616101903438 0.5898809432983398 1076
1616101937943 0.5705857276916504 1077
1616101972380 0.6203649044036865 1078
1616102006496 0.6368176341056824 1079
1616102045825 0.5375727415084839 1080
1616102080148 0.5224607586860657 1081
1616102114816 0.5558258295059204 1082
1616102149169 0.5183002948760986 1083
1616102183438 0.5811358094215393 1084
1616102217757 0.554153561592102 1085
1616102252355 0.6149417161941528 1086
1616102287072 0.6023521423339844 1087
1616102321781 0.6131660342216492 1088
1616102356042 0.6169675588607788 1089
1616102394804 0.6186952590942383 1090
1616102429128 0.6195338368415833 1091
1616102463798 0.5963121652603149 1092
1616102498139 0.626409649848938 1093
1616102532651 0.549156665802002 1094
1616102567537 0.6423763036727905 1095
1616102602118 0.6214072704315186 1096
1616102636288 0.5732259750366211 1097
1616102670944 0.5799437761306763 1098
1616102705103 0.6854297518730164 1099
1616102744745 0.6558273434638977 1100
1616102779060 0.6358008980751038 1101
1616102813249 0.5687086582183838 1102
1616102848055 0.6735609769821167 1103
1616102882837 0.5992987155914307 1104
1616102917041 0.5583224296569824 1105
1616102951669 0.6364142894744873 1106
1616102985825 0.5623146891593933 1107
1616103020531 0.6237789988517761 1108
1616103054900 0.6553760766983032 1109
1616103093757 0.6725662350654602 1110
1616103127912 0.5978798866271973 1111
1616103162810 0.5649370551109314 1112
1616103197532 0.6004205942153931 1113
1616103232409 0.6654837727546692 1114
1616103266786 0.6134753227233887 1115
1616103301113 0.6466735601425171 1116
1616103335829 0.6105566620826721 1117
1616103370595 0.6348589658737183 1118
1616103405049 0.5602962970733643 1119
1616103443960 0.6162940263748169 1120
1616103478737 0.6227481365203857 1121
1616103513527 0.577393651008606 1122
1616103547831 0.5871109366416931 1123
1616103582399 0.5953143835067749 1124
1616103617067 0.6446685791015625 1125
1616103651519 0.6141193509101868 1126
1616103685811 0.6396353244781494 1127
1616103720520 0.6649800539016724 1128
1616103755100 0.6039786338806152 1129
1616103793698 0.6603206396102905 1130
1616103827863 0.5636140704154968 1131
1616103862292 0.6746413707733154 1132
1616103896886 0.6310229897499084 1133
1616103931680 0.6055020689964294 1134
1616103966170 0.6065082550048828 1135
1616104001110 0.6883746981620789 1136
1616104035377 0.6586841940879822 1137
1616104070048 0.5864759683609009 1138
1616104104466 0.5773693323135376 1139
1616104143248 0.5959436893463135 1140
1616104177856 0.5846939086914062 1141
1616104213038 0.6169865727424622 1142
1616104247360 0.6197657585144043 1143
1616104281935 0.5951700806617737 1144
1616104316679 0.6603831052780151 1145
1616104351309 0.6298142671585083 1146
1616104385952 0.70317542552948 1147
1616104420719 0.612391471862793 1148
1616104454977 0.5964943766593933 1149
1616104493231 0.6299315690994263 1150
1616104527575 0.6119908094406128 1151
1616104562340 0.5594677925109863 1152
1616104596572 0.5788092017173767 1153
1616104631505 0.5779739618301392 1154
1616104666282 0.5917679071426392 1155
1616104700773 0.6684924364089966 1156
1616104735457 0.6205011606216431 1157
1616104770033 0.6485617756843567 1158
1616104804729 0.5457484722137451 1159
1616104844112 0.5949616432189941 1160
1616104878699 0.6168490052223206 1161
1616104913125 0.7186645269393921 1162
1616104947723 0.6394591927528381 1163
1616104982545 0.6279730200767517 1164
1616105016749 0.5966982841491699 1165
1616105051209 0.6010759472846985 1166
1616105085601 0.623895525932312 1167
1616105119831 0.591580867767334 1168
1616105154449 0.6433728933334351 1169
1616105192922 0.6092242002487183 1170
1616105227163 0.6032963991165161 1171
1616105261919 0.6142833828926086 1172
1616105296672 0.5353176593780518 1173
1616105331203 0.626109778881073 1174
1616105366011 0.5987817049026489 1175
1616105400673 0.6310392618179321 1176
1616105435329 0.667086124420166 1177
1616105469657 0.5438848733901978 1178
1616105504312 0.6173138618469238 1179
1616105542689 0.6049128770828247 1180
1616105576847 0.7034097909927368 1181
1616105611588 0.5878640413284302 1182
1616105646675 0.5835099220275879 1183
1616105681461 0.6049515604972839 1184
1616105715788 0.5883300304412842 1185
1616105750541 0.5952739119529724 1186
1616105784633 0.5993534326553345 1187
1616105819032 0.6117357611656189 1188
1616105853657 0.6803523302078247 1189
1616105892399 0.5868087410926819 1190
1616105927098 0.6218631267547607 1191
1616105961605 0.6963253021240234 1192
1616105996453 0.5775423645973206 1193
1616106031210 0.6348903179168701 1194
1616106065708 0.6301758289337158 1195
1616106100483 0.5930081605911255 1196
1616106135292 0.6594705581665039 1197
1616106170048 0.6308014392852783 1198
1616106204698 0.6305582523345947 1199
1616106244021 0.5736402273178101 1200
1616106266055 0.6745460033416748 0
1616106266067 0.6745460033416748 0
