1616064348082 0.13972872495651245 1
1616064382155 0.18331517279148102 2
1616064416651 0.2508142590522766 3
1616064450810 0.2959805130958557 4
1616064485046 0.2923666834831238 5
1616064519384 0.30579137802124023 6
1616064553670 0.32179898023605347 7
1616064588155 0.3146531879901886 8
1616064622391 0.32505834102630615 9
1616064661405 0.321833074092865 10
1616064696008 0.34371012449264526 11
1616064730593 0.3243842124938965 12
1616064765165 0.3420475125312805 13
1616064799818 0.33492720127105713 14
1616064834029 0.324840784072876 15
1616064868793 0.34643805027008057 16
1616064903336 0.3734000325202942 17
1616064937997 0.3553731441497803 18
1616064972386 0.3368000388145447 19
1616065011658 0.3617357611656189 20
1616065046264 0.3683878183364868 21
1616065080392 0.3520830273628235 22
1616065114531 0.3776654005050659 23
1616065149117 0.3742592930793762 24
1616065183526 0.3664317727088928 25
1616065217814 0.3808051645755768 26
1616065252525 0.3678606450557709 27
1616065287220 0.3680034279823303 28
1616065321838 0.366850882768631 29
1616065360878 0.35968416929244995 30
1616065395644 0.3855879306793213 31
1616065430206 0.3677994906902313 32
1616065464460 0.3832235038280487 33
1616065498680 0.36149173974990845 34
1616065533174 0.37141138315200806 35
1616065567360 0.38287001848220825 36
1616065601609 0.3880236744880676 37
1616065635777 0.393301784992218 38
1616065670886 0.3905569314956665 39
1616065709979 0.3992590308189392 40
1616065744592 0.39043092727661133 41
1616065779008 0.3651111423969269 42
1616065813183 0.37375834584236145 43
1616065847814 0.379793643951416 44
1616065882313 0.39187589287757874 45
1616065916590 0.3823695182800293 46
1616065951097 0.4078299403190613 47
1616065985682 0.41450080275535583 48
1616066020282 0.3879213333129883 49
1616066058786 0.390346884727478 50
1616066093200 0.40490949153900146 51
1616066127428 0.3551701009273529 52
1616066161778 0.36179760098457336 53
1616066196567 0.3787813186645508 54
1616066231309 0.3612334728240967 55
1616066265910 0.36906683444976807 56
1616066300205 0.38922902941703796 57
1616066334777 0.39522480964660645 58
1616066369444 0.38728052377700806 59
1616066408311 0.4015878438949585 60
1616066442702 0.38737189769744873 61
1616066476786 0.3786936402320862 62
1616066511765 0.38402724266052246 63
1616066545854 0.3663486838340759 64
1616066580407 0.3869946002960205 65
1616066615015 0.40999072790145874 66
1616066649349 0.39827343821525574 67
1616066683566 0.40067702531814575 68
1616066718101 0.3940945267677307 69
1616066756787 0.3850829601287842 70
1616066791305 0.3869447708129883 71
1616066825807 0.3547974228858948 72
1616066860583 0.3840482831001282 73
1616066894964 0.3903464674949646 74
1616066929537 0.4069153666496277 75
1616066964308 0.4062739610671997 76
1616066998839 0.41097933053970337 77
1616067033408 0.41358157992362976 78
1616067068008 0.39042362570762634 79
1616067107220 0.38037729263305664 80
1616067141316 0.387105256319046 81
1616067175833 0.4254634380340576 82
1616067210142 0.3933521807193756 83
1616067244804 0.40889227390289307 84
1616067279525 0.416436105966568 85
1616067314121 0.4091588854789734 86
1616067348543 0.4205690026283264 87
1616067383175 0.42811375856399536 88
1616067417536 0.4200928211212158 89
1616067456355 0.40087106823921204 90
1616067490800 0.4044716954231262 91
1616067525530 0.3859238028526306 92
1616067559657 0.4011004865169525 93
1616067594337 0.4089674949645996 94
1616067628942 0.4251011610031128 95
1616067663478 0.4051647484302521 96
1616067697862 0.42701882123947144 97
1616067732157 0.38841772079467773 98
1616067766768 0.40529805421829224 99
1616067805427 0.3983779549598694 100
1616067839969 0.39088761806488037 101
1616067874278 0.4007841944694519 102
1616067908498 0.42969006299972534 103
1616067943387 0.40869253873825073 104
1616067978020 0.4022787809371948 105
1616068012659 0.37826281785964966 106
1616068047325 0.402614951133728 107
1616068081938 0.40781617164611816 108
1616068116126 0.412947416305542 109
1616068155019 0.4064196050167084 110
1616068189273 0.4404138922691345 111
1616068223956 0.40777745842933655 112
1616068258621 0.3864586353302002 113
1616068292741 0.39207398891448975 114
1616068327291 0.41895920038223267 115
1616068361804 0.39571869373321533 116
1616068396060 0.4187871217727661 117
1616068430255 0.3740524351596832 118
1616068464399 0.4149082601070404 119
1616068502842 0.399514377117157 120
1616068537178 0.42826855182647705 121
1616068571637 0.42004531621932983 122
1616068606192 0.3884808421134949 123
1616068640495 0.39803338050842285 124
1616068674615 0.4254772961139679 125
1616068709129 0.42200812697410583 126
1616068743735 0.4206768274307251 127
1616068778180 0.41990944743156433 128
1616068812319 0.42062729597091675 129
1616068851572 0.4363492727279663 130
1616068886725 0.4187210202217102 131
1616068921452 0.42053523659706116 132
1616068955791 0.4308377802371979 133
1616068990130 0.40542861819267273 134
1616069024755 0.42797425389289856 135
1616069059346 0.4366289973258972 136
1616069094070 0.41637253761291504 137
1616069128726 0.3938765227794647 138
1616069163246 0.4067422151565552 139
1616069201629 0.3961459994316101 140
1616069236268 0.38868850469589233 141
1616069270482 0.41092491149902344 142
1616069304814 0.43741416931152344 143
1616069339421 0.4217563271522522 144
1616069373558 0.43499845266342163 145
1616069407629 0.42898380756378174 146
1616069442401 0.4180833399295807 147
1616069477367 0.4289649724960327 148
1616069511789 0.4298391044139862 149
1616069551002 0.4240018129348755 150
1616069585742 0.42869895696640015 151
1616069620377 0.43935513496398926 152
1616069655080 0.45520275831222534 153
1616069689677 0.4703493118286133 154
1616069724203 0.42741823196411133 155
1616069758335 0.4424300193786621 156
1616069792741 0.46097496151924133 157
1616069826874 0.4406844675540924 158
1616069861514 0.4589803218841553 159
1616069900106 0.44897523522377014 160
1616069934319 0.38743114471435547 161
1616069968309 0.4176762104034424 162
1616070002648 0.44558680057525635 163
1616070037280 0.44006186723709106 164
1616070071516 0.4247487783432007 165
1616070106039 0.40486931800842285 166
1616070140399 0.427595853805542 167
1616070175146 0.4314475655555725 168
1616070209509 0.46992677450180054 169
1616070248520 0.4424068331718445 170
1616070283275 0.42217618227005005 171
1616070317871 0.4341124892234802 172
1616070352094 0.4412651062011719 173
1616070386642 0.4231858253479004 174
1616070421750 0.4369727373123169 175
1616070455905 0.4359511137008667 176
1616070490449 0.40751367807388306 177
1616070524618 0.4242209196090698 178
1616070558740 0.4236345887184143 179
1616070597096 0.4707658886909485 180
1616070631427 0.43757158517837524 181
1616070666064 0.42161816358566284 182
1616070700838 0.4092250466346741 183
1616070735057 0.4532386064529419 184
1616070769309 0.43067771196365356 185
1616070803539 0.4398884177207947 186
1616070838419 0.41514503955841064 187
1616070872984 0.42458146810531616 188
1616070907398 0.4442000389099121 189
1616070946522 0.42851459980010986 190
1616070980916 0.46728450059890747 191
1616071015645 0.4253515601158142 192
1616071050269 0.41430288553237915 193
1616071084432 0.4104699194431305 194
1616071119185 0.4410651922225952 195
1616071153755 0.42071205377578735 196
1616071188293 0.4342363476753235 197
1616071222876 0.445698082447052 198
1616071257372 0.4448081851005554 199
1616071296092 0.4369124174118042 200
1616071330701 0.41647666692733765 201
1616071365264 0.4149079918861389 202
1616071399791 0.4258934259414673 203
1616071434414 0.4353073835372925 204
1616071468946 0.44942688941955566 205
1616071503550 0.44817662239074707 206
1616071538142 0.4509510397911072 207
1616071572676 0.44599393010139465 208
1616071607138 0.4588448405265808 209
1616071645514 0.41072791814804077 210
1616071680140 0.4427069425582886 211
1616071714902 0.4317939579486847 212
1616071749434 0.4048728346824646 213
1616071783459 0.4213501214981079 214
1616071817978 0.44167083501815796 215
1616071852528 0.4134797155857086 216
1616071886719 0.4389694929122925 217
1616071921495 0.4347745180130005 218
1616071955643 0.43072575330734253 219
1616071994583 0.43711012601852417 220
1616072028745 0.44397759437561035 221
1616072063095 0.43800315260887146 222
1616072097641 0.4436209797859192 223
1616072131936 0.45487722754478455 224
1616072166386 0.42705583572387695 225
1616072201024 0.43126434087753296 226
1616072235788 0.4185362160205841 227
1616072270411 0.44501161575317383 228
1616072304621 0.4654809236526489 229
1616072343311 0.4529207646846771 230
1616072378093 0.47385793924331665 231
1616072412629 0.44996023178100586 232
1616072447327 0.43624991178512573 233
1616072482131 0.46855831146240234 234
1616072516727 0.4494814872741699 235
1616072551279 0.44725292921066284 236
1616072585717 0.4490931034088135 237
1616072620021 0.4404485523700714 238
1616072654709 0.4748883843421936 239
1616072693068 0.4232415556907654 240
1616072727709 0.4268926680088043 241
1616072762236 0.4395018219947815 242
1616072796872 0.4486016631126404 243
1616072831464 0.46558624505996704 244
1616072866048 0.4547243118286133 245
1616072900761 0.44919919967651367 246
1616072935121 0.41567444801330566 247
1616072969324 0.4555211067199707 248
1616073003833 0.45114243030548096 249
1616073043343 0.45785483717918396 250
1616073078033 0.46750491857528687 251
1616073112396 0.4401213526725769 252
1616073146614 0.4174861013889313 253
1616073181360 0.4468655586242676 254
1616073215984 0.4729986786842346 255
1616073250281 0.4476322531700134 256
1616073284871 0.5045780539512634 257
1616073318819 0.46765345335006714 258
1616073352810 0.4432520270347595 259
1616073391100 0.45180803537368774 260
1616073425562 0.4716346859931946 261
1616073459739 0.46421781182289124 262
1616073494209 0.4537809193134308 263
1616073528557 0.43575412034988403 264
1616073562689 0.45641887187957764 265
1616073596949 0.43345433473587036 266
1616073630920 0.4621124863624573 267
1616073665496 0.4338967204093933 268
1616073700029 0.4641714096069336 269
1616073738997 0.4700279235839844 270
1616073773326 0.47039180994033813 271
1616073807555 0.45122504234313965 272
1616073842234 0.454481840133667 273
1616073876851 0.46354779601097107 274
1616073911635 0.4496151804924011 275
1616073945988 0.4199240207672119 276
1616073980684 0.4756627380847931 277
1616074015319 0.4354281425476074 278
1616074049724 0.47334253787994385 279
1616074088649 0.46859049797058105 280
1616074122784 0.4718073010444641 281
1616074157526 0.4777616262435913 282
1616074191683 0.4586758315563202 283
1616074226043 0.45672959089279175 284
1616074260628 0.4134753942489624 285
1616074295282 0.47397297620773315 286
1616074329669 0.46284472942352295 287
1616074364043 0.45603692531585693 288
1616074398574 0.4668942093849182 289
1616074436834 0.4514520764350891 290
1616074471332 0.4815986156463623 291
1616074505584 0.4602392911911011 292
1616074540318 0.48650676012039185 293
1616074574518 0.45703649520874023 294
1616074609337 0.4544496536254883 295
1616074644269 0.45004206895828247 296
1616074678393 0.4735034704208374 297
1616074712844 0.4492310881614685 298
1616074747363 0.4864848256111145 299
1616074785894 0.4690115749835968 300
1616074820502 0.4485436677932739 301
1616074855176 0.46322619915008545 302
1616074889517 0.4866849482059479 303
1616074924130 0.4814641773700714 304
1616074958338 0.456964910030365 305
1616074992457 0.44788286089897156 306
1616075027138 0.48108646273612976 307
1616075061310 0.5234962701797485 308
1616075096088 0.5086348056793213 309
1616075134744 0.4342917799949646 310
1616075169479 0.45363539457321167 311
1616075203754 0.47125160694122314 312
1616075238597 0.4637932777404785 313
1616075273244 0.4831086993217468 314
1616075308001 0.45643025636672974 315
1616075342612 0.47292324900627136 316
1616075377568 0.47809037566185 317
1616075411986 0.45059043169021606 318
1616075446268 0.4542274475097656 319
1616075484931 0.47939789295196533 320
1616075519072 0.4737606644630432 321
1616075553726 0.47315219044685364 322
1616075588256 0.4494032859802246 323
1616075622517 0.4778808355331421 324
1616075656929 0.4381445646286011 325
1616075691589 0.47132962942123413 326
1616075725866 0.47276467084884644 327
1616075760128 0.493152379989624 328
1616075794312 0.47699838876724243 329
1616075833180 0.4475552439689636 330
1616075867817 0.46168792247772217 331
1616075902120 0.4797491133213043 332
1616075936612 0.4957776963710785 333
1616075971273 0.46874597668647766 334
1616076005718 0.47496238350868225 335
1616076040419 0.4683982729911804 336
1616076074687 0.489132285118103 337
1616076109298 0.44366133213043213 338
1616076143845 0.4890710413455963 339
1616076182634 0.48773711919784546 340
1616076217291 0.4814903736114502 341
1616076252074 0.49137821793556213 342
1616076286503 0.4698052406311035 343
1616076321211 0.4744221568107605 344
1616076355500 0.4693303108215332 345
1616076390226 0.43809157609939575 346
1616076425025 0.4270939826965332 347
1616076459619 0.47166258096694946 348
1616076494109 0.5126686096191406 349
1616076533231 0.5218100547790527 350
1616076567523 0.4969431161880493 351
1616076601712 0.5024639368057251 352
1616076636678 0.48302537202835083 353
1616076671046 0.49842289090156555 354
1616076705187 0.4763484001159668 355
1616076739706 0.4591090977191925 356
1616076774192 0.4983115792274475 357
1616076808375 0.5316073894500732 358
1616076842992 0.47250616550445557 359
1616076881311 0.48175689578056335 360
1616076915959 0.5145297050476074 361
1616076950185 0.5199149250984192 362
1616076985081 0.5011197328567505 363
1616077019847 0.4784509539604187 364
1616077054341 0.49911922216415405 365
1616077088937 0.4855424761772156 366
1616077123485 0.4829692840576172 367
1616077158081 0.5059410333633423 368
1616077192315 0.4620210528373718 369
1616077230787 0.4832516312599182 370
1616077265276 0.5235741138458252 371
1616077299535 0.5206699371337891 372
1616077334300 0.48810282349586487 373
1616077368996 0.5058819055557251 374
1616077403594 0.48395031690597534 375
1616077438455 0.47305577993392944 376
1616077472807 0.46122461557388306 377
1616077506983 0.4718402326107025 378
1616077541795 0.476485013961792 379
1616077580592 0.4732731878757477 380
1616077615283 0.4772331118583679 381
1616077649648 0.49260902404785156 382
1616077683736 0.47415441274642944 383
1616077718422 0.5066067576408386 384
1616077752685 0.4961032271385193 385
1616077787250 0.4968688189983368 386
1616077821940 0.48174533247947693 387
1616077856422 0.49083924293518066 388
1616077890487 0.4969719648361206 389
1616077929363 0.48611924052238464 390
1616077964330 0.46062928438186646 391
1616077998578 0.4719814658164978 392
1616078033285 0.5043131113052368 393
1616078067540 0.4743502736091614 394
1616078102179 0.522796630859375 395
1616078136675 0.49161601066589355 396
1616078170893 0.496111124753952 397
1616078205009 0.5122500658035278 398
1616078239579 0.4850379526615143 399
1616078278671 0.5070286989212036 400
1616078312913 0.4896166920661926 401
1616078347081 0.49175816774368286 402
1616078381745 0.46117526292800903 403
1616078416385 0.5235823392868042 404
1616078451049 0.4999074339866638 405
1616078485706 0.498865008354187 406
1616078519976 0.4677533209323883 407
1616078554630 0.5294655561447144 408
1616078588884 0.4990733861923218 409
1616078627187 0.49907153844833374 410
1616078661847 0.5043387413024902 411
1616078696392 0.5240887403488159 412
1616078730825 0.4974414110183716 413
1616078765565 0.461467444896698 414
1616078800065 0.460860937833786 415
1616078834613 0.48729997873306274 416
1616078869182 0.47210216522216797 417
1616078903400 0.5013793110847473 418
1616078938082 0.5012947916984558 419
1616078976536 0.4988822340965271 420
1616079010782 0.5134750008583069 421
1616079045450 0.5055937767028809 422
1616079080196 0.4849848449230194 423
1616079115943 0.5022352933883667 424
1616079150698 0.5073831081390381 425
1616079184871 0.4852253794670105 426
1616079219285 0.5429695844650269 427
1616079253464 0.49224603176116943 428
1616079287941 0.4619295597076416 429
1616079326764 0.49290281534194946 430
1616079361429 0.4991825819015503 431
1616079396034 0.4905812740325928 432
1616079430198 0.47610509395599365 433
1616079464371 0.5286498069763184 434
1616079498505 0.45678699016571045 435
1616079533168 0.4919305443763733 436
1616079567724 0.499488890171051 437
1616079602301 0.5001920461654663 438
1616079636654 0.4626293480396271 439
1616079675403 0.5409114956855774 440
1616079710084 0.5237092971801758 441
1616079744708 0.47952497005462646 442
1616079778873 0.49967700242996216 443
1616079813543 0.5322033166885376 444
1616079848263 0.48695337772369385 445
1616079882666 0.4834315776824951 446
1616079917416 0.466823548078537 447
1616079952253 0.48280274868011475 448
1616079986941 0.5138968825340271 449
1616080025865 0.5308898687362671 450
1616080060451 0.5018961429595947 451
1616080094755 0.49917203187942505 452
1616080128966 0.49892348051071167 453
1616080163586 0.4780329465866089 454
1616080198145 0.5472130179405212 455
1616080232310 0.49218836426734924 456
1616080267145 0.4800916314125061 457
1616080301723 0.46526986360549927 458
1616080336126 0.5083788633346558 459
1616080374791 0.5179282426834106 460
1616080409011 0.5139017105102539 461
1616080443651 0.5367207527160645 462
1616080478123 0.5154869556427002 463
1616080512430 0.5160592198371887 464
1616080546996 0.5164612531661987 465
1616080581956 0.49196481704711914 466
1616080616233 0.49347108602523804 467
1616080650388 0.4878028631210327 468
1616080685155 0.49947336316108704 469
1616080723905 0.49463993310928345 470
1616080758381 0.4759797155857086 471
1616080792812 0.5056185722351074 472
1616080827882 0.5080764889717102 473
1616080862382 0.489590585231781 474
1616080896583 0.5250969529151917 475
1616080931353 0.4938279390335083 476
1616080966128 0.48509854078292847 477
1616081000530 0.5070643424987793 478
1616081034693 0.5530339479446411 479
1616081073501 0.5327014327049255 480
1616081107888 0.5115242600440979 481
1616081142928 0.5273791551589966 482
1616081177757 0.5099601745605469 483
1616081212154 0.5268236398696899 484
1616081246777 0.5257076025009155 485
1616081280971 0.4845731556415558 486
1616081315653 0.5032875537872314 487
1616081349892 0.4965956509113312 488
1616081384244 0.5266218185424805 489
1616081423337 0.538002610206604 490
1616081457819 0.506824254989624 491
1616081492430 0.4730644226074219 492
1616081526541 0.5548055768013 493
1616081560887 0.48585233092308044 494
1616081595093 0.5111836194992065 495
1616081629810 0.4951251149177551 496
1616081664388 0.5294487476348877 497
1616081698927 0.4937274158000946 498
1616081733559 0.5094587802886963 499
1616081772104 0.4946407675743103 500
1616081806937 0.47407859563827515 501
1616081841382 0.5001486539840698 502
1616081875934 0.5250656008720398 503
1616081910471 0.5323010087013245 504
1616081944759 0.5124180316925049 505
1616081978966 0.5107892155647278 506
1616082013262 0.4981386661529541 507
1616082047730 0.48303964734077454 508
1616082081831 0.51894611120224 509
1616082120890 0.5062501430511475 510
1616082154975 0.5508325099945068 511
1616082189555 0.5146691799163818 512
1616082224213 0.5188280940055847 513
1616082258881 0.537871241569519 514
1616082293548 0.5036845207214355 515
1616082328229 0.53207927942276 516
1616082362902 0.5221571922302246 517
1616082397596 0.5165880918502808 518
1616082432611 0.48730865120887756 519
1616082471897 0.4834117591381073 520
1616082506624 0.4769969880580902 521
1616082541316 0.5010263919830322 522
1616082576259 0.52187180519104 523
1616082610461 0.5286811590194702 524
1616082644720 0.5076738595962524 525
1616082678943 0.5583229064941406 526
1616082713016 0.5249019861221313 527
1616082747525 0.5127720832824707 528
1616082781845 0.5476450324058533 529
1616082821109 0.5189234614372253 530
1616082855298 0.498942494392395 531
1616082890003 0.5048601627349854 532
1616082924459 0.5105938911437988 533
1616082959123 0.5114047527313232 534
1616082993774 0.5107282400131226 535
1616083028445 0.557884156703949 536
1616083063174 0.503146767616272 537
1616083097654 0.5082791447639465 538
1616083132193 0.5277885794639587 539
1616083171970 0.5687685012817383 540
1616083206632 0.5045803785324097 541
1616083241230 0.4885822534561157 542
1616083275509 0.5167218446731567 543
1616083310186 0.5356578826904297 544
1616083344353 0.513393759727478 545
1616083379024 0.521185040473938 546
1616083413730 0.5402582883834839 547
1616083448569 0.49291783571243286 548
1616083483006 0.5048607587814331 549
1616083521440 0.5199722051620483 550
1616083556185 0.509232759475708 551
1616083590877 0.5342944860458374 552
1616083625482 0.5392501950263977 553
1616083660305 0.48409411311149597 554
1616083694845 0.5249284505844116 555
1616083729320 0.5409923195838928 556
1616083763745 0.5023999810218811 557
1616083798175 0.5140727758407593 558
1616083832884 0.482519268989563 559
1616083871886 0.5505538582801819 560
1616083906271 0.5206161737442017 561
1616083941335 0.48096802830696106 562
1616083976066 0.4980967044830322 563
1616084010577 0.557131290435791 564
1616084045232 0.49462375044822693 565
1616084079963 0.5303757786750793 566
1616084114070 0.520743191242218 567
1616084148494 0.5318402647972107 568
1616084183043 0.5246440172195435 569
1616084221778 0.5049553513526917 570
1616084256616 0.4881255030632019 571
1616084290897 0.524104118347168 572
1616084325893 0.526671290397644 573
1616084360629 0.5238355398178101 574
1616084395215 0.5085187554359436 575
1616084429983 0.5163553953170776 576
1616084464585 0.5528776049613953 577
1616084499080 0.5534694790840149 578
1616084533196 0.5201177000999451 579
1616084571899 0.5265865325927734 580
1616084606205 0.585745096206665 581
1616084640401 0.5100855827331543 582
1616084674870 0.5201361179351807 583
1616084709061 0.5182509422302246 584
1616084743515 0.5387973785400391 585
1616084777712 0.5161870718002319 586
1616084812394 0.537832498550415 587
1616084847173 0.5281049609184265 588
1616084881586 0.5133959054946899 589
1616084920497 0.5409168004989624 590
1616084955635 0.5410593748092651 591
1616084989997 0.5102152228355408 592
1616085024406 0.5044276714324951 593
1616085059129 0.5248074531555176 594
1616085093541 0.5374565720558167 595
1616085127562 0.5275729894638062 596
1616085161825 0.546811580657959 597
1616085196521 0.5293914675712585 598
1616085230950 0.5045425891876221 599
1616085269384 0.5116902589797974 600
1616085304136 0.5699138641357422 601
1616085338431 0.501143753528595 602
1616085372800 0.49527060985565186 603
1616085407548 0.5029555559158325 604
1616085441899 0.5224985480308533 605
1616085476623 0.5265782475471497 606
1616085510815 0.5320318341255188 607
1616085545036 0.5414004325866699 608
1616085579908 0.5155147314071655 609
1616085618742 0.547322154045105 610
1616085653781 0.49397140741348267 611
1616085688486 0.5256854891777039 612
1616085722973 0.5098706483840942 613
1616085757112 0.5316896438598633 614
1616085791806 0.5237818360328674 615
1616085826005 0.5455479621887207 616
1616085860441 0.5132250785827637 617
1616085895109 0.560793399810791 618
1616085929343 0.5107873678207397 619
1616085968392 0.5031803250312805 620
1616086002940 0.5356677770614624 621
1616086037497 0.48290157318115234 622
1616086072184 0.5108004808425903 623
1616086106294 0.5555515885353088 624
1616086140738 0.5641326904296875 625
1616086175130 0.5521665811538696 626
1616086209474 0.5492382049560547 627
1616086243817 0.5443786978721619 628
1616086278598 0.5273547172546387 629
1616086317529 0.5236925482749939 630
1616086352018 0.5597972273826599 631
1616086386468 0.49183160066604614 632
1616086421366 0.5406982898712158 633
1616086455777 0.5191696882247925 634
1616086489938 0.49732884764671326 635
1616086524068 0.506627082824707 636
1616086558472 0.5608933568000793 637
1616086592712 0.5246715545654297 638
1616086627346 0.5524907112121582 639
1616086666011 0.5379613637924194 640
1616086700323 0.5562399625778198 641
1616086735102 0.5354177951812744 642
1616086769994 0.5435532331466675 643
1616086804632 0.5358941555023193 644
1616086839110 0.543431282043457 645
1616086873208 0.5601497888565063 646
1616086907805 0.5410057306289673 647
1616086942601 0.517157256603241 648
1616086977310 0.5439623594284058 649
1616087016514 0.5752222537994385 650
1616087050948 0.5388714075088501 651
1616087085349 0.5323221683502197 652
1616087119776 0.5306012034416199 653
1616087154417 0.5688707828521729 654
1616087188937 0.5393873453140259 655
1616087223155 0.5421469211578369 656
1616087257593 0.5476903915405273 657
1616087292119 0.5057417154312134 658
1616087326459 0.5278249979019165 659
1616087365622 0.5322470664978027 660
1616087399785 0.5487143993377686 661
1616087434428 0.5132041573524475 662
1616087469149 0.5106390118598938 663
1616087503891 0.5387860536575317 664
1616087538588 0.5728647112846375 665
1616087572827 0.5335193276405334 666
1616087607393 0.5571000576019287 667
1616087642062 0.5211299657821655 668
1616087676184 0.5395880937576294 669
1616087714842 0.5500490069389343 670
1616087749428 0.5374680757522583 671
1616087783598 0.501306414604187 672
1616087818277 0.4876839220523834 673
1616087852565 0.5225112438201904 674
1616087886960 0.5175919532775879 675
1616087921580 0.5445202589035034 676
1616087956199 0.5293188095092773 677
1616087990713 0.5366337895393372 678
1616088025517 0.5542258024215698 679
1616088064246 0.5438846349716187 680
1616088098526 0.519659161567688 681
1616088133248 0.5417829751968384 682
1616088167859 0.5555180311203003 683
1616088202683 0.5361277461051941 684
1616088236760 0.5560171604156494 685
1616088271015 0.5498009920120239 686
1616088305629 0.5942374467849731 687
1616088339935 0.5127993822097778 688
1616088374371 0.4894092082977295 689
1616088413110 0.5236016511917114 690
1616088447642 0.5492604970932007 691
1616088482382 0.5881896018981934 692
1616088516798 0.5669600963592529 693
1616088551585 0.5367193222045898 694
1616088586248 0.5287774801254272 695
1616088620552 0.523740828037262 696
1616088655586 0.5618888139724731 697
1616088689924 0.5559946298599243 698
1616088724638 0.5567666292190552 699
1616088763867 0.5475668907165527 700
1616088798489 0.5285451412200928 701
1616088832696 0.5181418657302856 702
1616088867264 0.5626513361930847 703
1616088902320 0.5342282056808472 704
1616088937060 0.5184254050254822 705
1616088971421 0.5234643816947937 706
1616089006014 0.5432508587837219 707
1616089040261 0.5440349578857422 708
1616089075231 0.5379922389984131 709
1616089114245 0.5436760187149048 710
1616089148868 0.5450578927993774 711
1616089183642 0.5324527621269226 712
1616089218338 0.5354426503181458 713
1616089252622 0.5311070680618286 714
1616089286818 0.5433837175369263 715
1616089321029 0.49966156482696533 716
1616089355182 0.5521354079246521 717
1616089389366 0.5718498229980469 718
1616089423629 0.5508915185928345 719
1616089462298 0.5664047002792358 720
1616089496681 0.5297004580497742 721
1616089531629 0.5051260590553284 722
1616089566459 0.5298324823379517 723
1616089601254 0.5522354245185852 724
1616089635992 0.5138841867446899 725
1616089670339 0.5758162140846252 726
1616089705158 0.6067558526992798 727
1616089739905 0.5293890237808228 728
1616089774497 0.5787720680236816 729
1616089813745 0.5954840183258057 730
1616089847858 0.5629327893257141 731
1616089882427 0.5475913882255554 732
1616089916525 0.5729232430458069 733
1616089951140 0.5331405401229858 734
1616089985646 0.5472237467765808 735
1616090020300 0.5546631813049316 736
1616090054865 0.5715329647064209 737
1616090089060 0.5527191162109375 738
1616090123373 0.565261721611023 739
1616090161978 0.5100805163383484 740
1616090196703 0.5273067951202393 741
1616090231326 0.5531363487243652 742
1616090266043 0.5603713989257812 743
1616090300332 0.596272349357605 744
1616090335108 0.5321658253669739 745
1616090369637 0.5490814447402954 746
1616090404300 0.5526971817016602 747
1616090438758 0.5313891172409058 748
1616090472969 0.5231562852859497 749
1616090511740 0.5747381448745728 750
1616090546239 0.4944462776184082 751
1616090580623 0.5245722532272339 752
1616090614908 0.5461955070495605 753
1616090649509 0.5374725461006165 754
1616090684008 0.5452538132667542 755
1616090718718 0.5630946159362793 756
1616090753008 0.5515891909599304 757
1616090787233 0.5389063358306885 758
1616090821840 0.5810331106185913 759
1616090860851 0.5172414779663086 760
1616090895410 0.525875985622406 761
1616090930214 0.5382987260818481 762
1616090965279 0.548591136932373 763
1616091000175 0.5539780855178833 764
1616091034730 0.5367141962051392 765
1616091069556 0.5555130839347839 766
1616091103916 0.5513339042663574 767
1616091138480 0.5559543967247009 768
1616091173226 0.5705884695053101 769
1616091212473 0.545502781867981 770
1616091246651 0.5163557529449463 771
1616091280867 0.5322530269622803 772
1616091314957 0.57627272605896 773
1616091349183 0.5534253120422363 774
1616091383814 0.5173255205154419 775
1616091418339 0.5548065304756165 776
1616091453092 0.5526069402694702 777
1616091487370 0.5416328310966492 778
1616091522108 0.5265064835548401 779
1616091560777 0.5727232694625854 780
1616091595450 0.48924827575683594 781
1616091630085 0.5779497027397156 782
1616091664627 0.6055625677108765 783
1616091699290 0.5711445808410645 784
1616091734128 0.5627411603927612 785
1616091768800 0.5231851935386658 786
1616091803121 0.5517275929450989 787
1616091838250 0.5715270042419434 788
1616091872455 0.5395499467849731 789
1616091911687 0.5416761040687561 790
1616091946295 0.5166597366333008 791
1616091981012 0.5565071105957031 792
1616092015221 0.5086941719055176 793
1616092049808 0.5636400580406189 794
1616092084493 0.5541335940361023 795
1616092118580 0.5407191514968872 796
1616092152737 0.563740611076355 797
1616092187132 0.5113941431045532 798
1616092221358 0.6128687858581543 799
1616092259652 0.5452457070350647 800
1616092294330 0.5199867486953735 801
1616092328685 0.557956337928772 802
1616092363090 0.5721352100372314 803
1616092397864 0.5439416170120239 804
1616092432174 0.5431749820709229 805
1616092466558 0.5506887435913086 806
1616092500826 0.5403416156768799 807
1616092535659 0.5333296060562134 808
1616092570062 0.5172531604766846 809
1616092609048 0.5436022877693176 810
1616092643220 0.5138387680053711 811
1616092677570 0.5628596544265747 812
1616092712373 0.5904999375343323 813
1616092746882 0.5989668369293213 814
1616092781332 0.5665968656539917 815
1616092815906 0.5274711847305298 816
1616092850553 0.5971260666847229 817
1616092885202 0.5277395248413086 818
1616092919404 0.5336133241653442 819
1616092957823 0.48284295201301575 820
1616092992101 0.5546329021453857 821
1616093026623 0.5434960126876831 822
1616093061279 0.5508444309234619 823
1616093096158 0.5553534030914307 824
1616093130953 0.5312908291816711 825
1616093165237 0.5262290239334106 826
1616093200083 0.5374775528907776 827
1616093234135 0.5708990097045898 828
1616093268711 0.5679934024810791 829
1616093306975 0.5617480278015137 830
1616093342039 0.551278829574585 831
1616093376151 0.5466594696044922 832
1616093410772 0.5839730501174927 833
1616093444981 0.537146270275116 834
1616093479318 0.5474987626075745 835
1616093513966 0.5719290971755981 836
1616093548150 0.4987179636955261 837
1616093582737 0.5369566679000854 838
1616093617627 0.5811703205108643 839
1616093656660 0.5588739514350891 840
1616093691302 0.5344417095184326 841
1616093725791 0.5794188976287842 842
1616093760252 0.5868003964424133 843
1616093794627 0.5732556581497192 844
1616093829424 0.5542939901351929 845
1616093864049 0.5695803165435791 846
1616093898219 0.5734410285949707 847
1616093932382 0.5244253873825073 848
1616093967064 0.5263489484786987 849
1616094005805 0.5403413772583008 850
1616094040442 0.6035691499710083 851
1616094074948 0.6182756423950195 852
1616094109322 0.5377329587936401 853
1616094144069 0.5499290227890015 854
1616094178395 0.5588585138320923 855
1616094213244 0.5700066089630127 856
1616094247902 0.5283470153808594 857
1616094282218 0.564043402671814 858
1616094317112 0.5871683955192566 859
1616094355913 0.5905910730361938 860
1616094390769 0.5255506038665771 861
1616094425135 0.5605387687683105 862
1616094459814 0.5510021448135376 863
1616094494185 0.5159501433372498 864
1616094528628 0.5640212297439575 865
1616094563238 0.5399938821792603 866
1616094598351 0.602593719959259 867
1616094632641 0.5419760942459106 868
1616094666926 0.5429979562759399 869
1616094705219 0.6087591052055359 870
1616094739427 0.5635897517204285 871
1616094773590 0.585813045501709 872
1616094808061 0.5313646197319031 873
1616094842320 0.5733984708786011 874
1616094876526 0.5587167739868164 875
1616094911178 0.5975490808486938 876
1616094945412 0.5507980585098267 877
1616094979679 0.5074219107627869 878
1616095014416 0.5915653109550476 879
1616095053581 0.5860840082168579 880
1616095087939 0.550283670425415 881
1616095122586 0.567672848701477 882
1616095157391 0.5373173952102661 883
1616095191887 0.5783137083053589 884
1616095226265 0.5505985617637634 885
1616095261047 0.518435001373291 886
1616095295661 0.5983119010925293 887
1616095330175 0.5645355582237244 888
1616095364664 0.5283480882644653 889
1616095403360 0.5622035264968872 890
1616095437586 0.6082562208175659 891
1616095472384 0.563870906829834 892
1616095506705 0.5748061537742615 893
1616095541126 0.5759454965591431 894
1616095575818 0.6266137361526489 895
1616095610061 0.5388423800468445 896
1616095644482 0.5361912846565247 897
1616095679197 0.5722469091415405 898
1616095713864 0.5258765816688538 899
1616095752747 0.5994403958320618 900
1616095787142 0.5743733644485474 901
1616095821657 0.5923504829406738 902
1616095856513 0.5760239362716675 903
1616095891239 0.5734667181968689 904
1616095925552 0.5608684420585632 905
1616095960071 0.5583354234695435 906
1616095994482 0.548267662525177 907
1616096028750 0.5483731627464294 908
1616096063602 0.5592682957649231 909
1616096102092 0.5921490788459778 910
1616096136709 0.5936112403869629 911
1616096171541 0.5414782762527466 912
1616096206192 0.5728639364242554 913
1616096240059 0.5942445993423462 914
1616096274667 0.5163271427154541 915
1616096308836 0.5756445527076721 916
1616096343053 0.5078086853027344 917
1616096377598 0.5738446712493896 918
1616096411934 0.5804567337036133 919
1616096450791 0.5766198635101318 920
1616096485500 0.5730229616165161 921
1616096520294 0.5691651701927185 922
1616096554769 0.5710042119026184 923
1616096589329 0.5969032049179077 924
1616096624134 0.5463675856590271 925
1616096658855 0.6044787168502808 926
1616096693195 0.5949774980545044 927
1616096728030 0.5509881973266602 928
1616096762644 0.5743747353553772 929
1616096801418 0.5135213136672974 930
1616096835824 0.5680515766143799 931
1616096870506 0.5859190225601196 932
1616096904972 0.5716610550880432 933
1616096939522 0.5132384300231934 934
1616096973826 0.5568521022796631 935
1616097008351 0.5220402479171753 936
1616097043553 0.5271283388137817 937
1616097078062 0.5545628070831299 938
1616097112300 0.567131757736206 939
1616097151210 0.5655369758605957 940
1616097185826 0.5340611934661865 941
1616097220331 0.5547052025794983 942
1616097254616 0.5358652472496033 943
1616097289318 0.5911198258399963 944
1616097323849 0.5848333835601807 945
1616097358513 0.6189302206039429 946
1616097393109 0.49837425351142883 947
1616097427697 0.594214677810669 948
1616097461993 0.60784912109375 949
1616097501171 0.5650518536567688 950
1616097535910 0.5564769506454468 951
1616097570596 0.6070853471755981 952
1616097605254 0.5778575539588928 953
1616097639627 0.5848730206489563 954
1616097674095 0.538421630859375 955
1616097708462 0.5903614163398743 956
1616097742687 0.5708116888999939 957
1616097777403 0.5942472219467163 958
1616097811914 0.5756543874740601 959
1616097850570 0.5293420553207397 960
1616097884852 0.5724912285804749 961
1616097919377 0.5868061780929565 962
1616097954090 0.5629088878631592 963
1616097988170 0.5773102045059204 964
1616098022709 0.6133768558502197 965
1616098057072 0.546654999256134 966
1616098091505 0.5904795527458191 967
1616098125815 0.6128774285316467 968
1616098160034 0.5572702884674072 969
1616098198858 0.5691483020782471 970
1616098233109 0.587274968624115 971
1616098267371 0.5744861960411072 972
1616098301823 0.5564450025558472 973
1616098336553 0.5680361390113831 974
1616098371305 0.5416989326477051 975
1616098405628 0.5973227024078369 976
1616098439994 0.586179256439209 977
1616098474450 0.5238484740257263 978
1616098508751 0.5836291909217834 979
1616098547565 0.5140525698661804 980
1616098582546 0.5508697032928467 981
1616098616954 0.5533407926559448 982
1616098651363 0.5618175864219666 983
1616098686152 0.6189893484115601 984
1616098720690 0.5856545567512512 985
1616098755399 0.5924427509307861 986
1616098789700 0.5673067569732666 987
1616098824434 0.5901584625244141 988
1616098858738 0.5940285921096802 989
1616098897216 0.5460529327392578 990
1616098931895 0.5647156238555908 991
1616098966447 0.6029847860336304 992
1616099000609 0.5529080033302307 993
1616099035265 0.591734766960144 994
1616099070002 0.6075165271759033 995
1616099104769 0.5870903730392456 996
1616099139481 0.6233282089233398 997
1616099174389 0.572492241859436 998
1616099209064 0.553560733795166 999
1616099248201 0.6019375324249268 1000
1616099282658 0.5945554971694946 1001
1616099317003 0.606461763381958 1002
1616099351772 0.5853579044342041 1003
1616099386469 0.5671149492263794 1004
1616099421082 0.5706129670143127 1005
1616099455872 0.5711185932159424 1006
1616099490667 0.5802814960479736 1007
1616099525361 0.5656777024269104 1008
1616099559971 0.5328845381736755 1009
1616099598857 0.5457729697227478 1010
1616099633420 0.5967130661010742 1011
1616099667992 0.5674563050270081 1012
1616099702655 0.5553935766220093 1013
1616099737139 0.5846152305603027 1014
1616099771758 0.5694077014923096 1015
1616099806532 0.5708503127098083 1016
1616099840992 0.5524848103523254 1017
1616099875704 0.579055905342102 1018
1616099910164 0.5862427949905396 1019
1616099948784 0.5878778696060181 1020
1616099983098 0.57038813829422 1021
1616100017266 0.5203232169151306 1022
1616100052260 0.6027094125747681 1023
1616100086529 0.5675159692764282 1024
1616100120852 0.5301749110221863 1025
1616100155663 0.6063826084136963 1026
1616100190213 0.5566710829734802 1027
1616100224534 0.573391318321228 1028
1616100258794 0.6009995937347412 1029
1616100297634 0.5512191653251648 1030
1616100332210 0.5516568422317505 1031
1616100367172 0.5741239786148071 1032
1616100402011 0.5933805704116821 1033
1616100436828 0.5931404829025269 1034
1616100471673 0.584743857383728 1035
1616100506058 0.5826789140701294 1036
1616100540813 0.5954375267028809 1037
1616100574939 0.5655248165130615 1038
1616100609469 0.5714594721794128 1039
1616100648450 0.5614909529685974 1040
1616100683120 0.6226406097412109 1041
1616100717328 0.579433798789978 1042
1616100751617 0.5688796639442444 1043
1616100785889 0.5562080144882202 1044
1616100820260 0.6092556715011597 1045
1616100854896 0.5518811941146851 1046
1616100889521 0.5497279167175293 1047
1616100923663 0.5803258419036865 1048
1616100958343 0.5692254900932312 1049
1616100997129 0.5825077295303345 1050
1616101031813 0.5715261697769165 1051
1616101066166 0.5416082739830017 1052
1616101100651 0.5736983418464661 1053
1616101135440 0.5709019899368286 1054
1616101170278 0.5521928071975708 1055
1616101204952 0.6051769256591797 1056
1616101239336 0.5978947877883911 1057
1616101273662 0.5214452743530273 1058
1616101308052 0.5123150944709778 1059
1616101346653 0.5721001029014587 1060
1616101380814 0.5785026550292969 1061
1616101415134 0.5406268835067749 1062
1616101449810 0.5372663736343384 1063
1616101484760 0.5309001207351685 1064
1616101518899 0.5544978380203247 1065
1616101553443 0.5947517156600952 1066
1616101587760 0.5520203113555908 1067
1616101622013 0.5621869564056396 1068
1616101656592 0.5793665647506714 1069
1616101695393 0.544090986251831 1070
1616101729883 0.5684036016464233 1071
1616101764808 0.5240820646286011 1072
1616101799252 0.543526828289032 1073
1616101834014 0.5684276819229126 1074
1616101868703 0.5971335172653198 1075
1616101903438 0.5683423280715942 1076
1616101937943 0.5550511479377747 1077
1616101972380 0.58323073387146 1078
1616102006496 0.5809085965156555 1079
1616102045825 0.5440371632575989 1080
1616102080148 0.5374417901039124 1081
1616102114816 0.5495908260345459 1082
1616102149169 0.5193651914596558 1083
1616102183438 0.540677547454834 1084
1616102217757 0.5490407943725586 1085
1616102252355 0.5777325630187988 1086
1616102287072 0.5743731260299683 1087
1616102321781 0.5825282335281372 1088
1616102356042 0.5649099349975586 1089
1616102394804 0.5803898572921753 1090
1616102429128 0.5804653167724609 1091
1616102463798 0.5641661286354065 1092
1616102498139 0.5794649124145508 1093
1616102532651 0.5363813638687134 1094
1616102567537 0.5932779312133789 1095
1616102602118 0.5867878198623657 1096
1616102636288 0.5381354093551636 1097
1616102670944 0.569391131401062 1098
1616102705103 0.6120386123657227 1099
1616102744745 0.5964270830154419 1100
1616102779060 0.5872526168823242 1101
1616102813249 0.5480141043663025 1102
1616102848055 0.6025938987731934 1103
1616102882837 0.5822522640228271 1104
1616102917041 0.5324996709823608 1105
1616102951669 0.5839733481407166 1106
1616102985825 0.5482931137084961 1107
1616103020531 0.5829396843910217 1108
1616103054900 0.6007245779037476 1109
1616103093757 0.613567590713501 1110
1616103127912 0.5669949650764465 1111
1616103162810 0.5388959646224976 1112
1616103197532 0.5655861496925354 1113
1616103232409 0.6021720767021179 1114
1616103266786 0.569186270236969 1115
1616103301113 0.6166919469833374 1116
1616103335829 0.5727738738059998 1117
1616103370595 0.5930753350257874 1118
1616103405049 0.5324381589889526 1119
1616103443960 0.5839602947235107 1120
1616103478737 0.5724209547042847 1121
1616103513527 0.5600020885467529 1122
1616103547831 0.5757477283477783 1123
1616103582399 0.5776048302650452 1124
1616103617067 0.5902926921844482 1125
1616103651519 0.5763285756111145 1126
1616103685811 0.597256064414978 1127
1616103720520 0.5895387530326843 1128
1616103755100 0.5813074111938477 1129
1616103793698 0.6099598407745361 1130
1616103827863 0.5531158447265625 1131
1616103862292 0.604343056678772 1132
1616103896886 0.5980245471000671 1133
1616103931680 0.5710919499397278 1134
1616103966170 0.5633695125579834 1135
1616104001110 0.6174254417419434 1136
1616104035377 0.5900285243988037 1137
1616104070048 0.5684729814529419 1138
1616104104466 0.5492282509803772 1139
1616104143248 0.5602500438690186 1140
1616104177856 0.5464422702789307 1141
1616104213038 0.5658556818962097 1142
1616104247360 0.5920560359954834 1143
1616104281935 0.5563837289810181 1144
1616104316679 0.5993695855140686 1145
1616104351309 0.557705283164978 1146
1616104385952 0.6142278909683228 1147
1616104420719 0.5907963514328003 1148
1616104454977 0.5683863162994385 1149
1616104493231 0.5767872929573059 1150
1616104527575 0.5727619528770447 1151
1616104562340 0.5608032941818237 1152
1616104596572 0.5698471069335938 1153
1616104631505 0.5427898168563843 1154
1616104666282 0.5659812688827515 1155
1616104700773 0.6012489199638367 1156
1616104735457 0.5659216642379761 1157
1616104770033 0.5860067009925842 1158
1616104804729 0.5325113534927368 1159
1616104844112 0.5572766065597534 1160
1616104878699 0.5748993158340454 1161
1616104913125 0.6350530982017517 1162
1616104947723 0.5941915512084961 1163
1616104982545 0.5725558400154114 1164
1616105016749 0.5454673171043396 1165
1616105051209 0.5808326601982117 1166
1616105085601 0.5749022960662842 1167
1616105119831 0.5473810434341431 1168
1616105154449 0.5739925503730774 1169
1616105192922 0.5748899579048157 1170
1616105227163 0.5867152214050293 1171
1616105261919 0.5719444751739502 1172
1616105296672 0.5409677624702454 1173
1616105331203 0.5818304419517517 1174
1616105366011 0.5654380917549133 1175
1616105400673 0.5894551873207092 1176
1616105435329 0.6099187135696411 1177
1616105469657 0.5575408339500427 1178
1616105504312 0.5680092573165894 1179
1616105542689 0.5780866146087646 1180
1616105576847 0.6196232438087463 1181
1616105611588 0.5539716482162476 1182
1616105646675 0.5677492022514343 1183
1616105681461 0.5683563947677612 1184
1616105715788 0.5549678802490234 1185
1616105750541 0.5696494579315186 1186
1616105784633 0.5750716924667358 1187
1616105819032 0.5676783323287964 1188
1616105853657 0.6151919960975647 1189
1616105892399 0.5848297476768494 1190
1616105927098 0.5765174031257629 1191
1616105961605 0.6165282726287842 1192
1616105996453 0.5508882403373718 1193
1616106031210 0.5726315379142761 1194
1616106065708 0.5646425485610962 1195
1616106100483 0.573509931564331 1196
1616106135292 0.5837463736534119 1197
1616106170048 0.5890263915061951 1198
1616106204698 0.585115373134613 1199
1616106244021 0.5421133041381836 1200
1616106266053 0.6049595475196838 0
1616106266065 0.6049595475196838 0
