1616064348082 0.004271957091987133 1
1616064382155 0.000734340341296047 2
1616064416651 0.001251488458365202 3
1616064450810 0.00027881652931682765 4
1616064485046 8.624473412055522e-05 5
1616064519384 0.000285012589301914 6
1616064553670 3.0047180189285427e-05 7
1616064588155 4.4748938421435014e-07 8
1616064622391 2.6802927095559426e-06 9
1616064661405 1.8577904484118335e-05 10
1616064696008 1.684477297203557e-06 11
1616064730593 1.9025708752451465e-05 12
1616064765165 0.00015004117449279875 13
1616064799818 0.0002333924494450912 14
1616064834029 3.5119140306960617e-07 15
1616064868793 0.0 16
1616064903336 0.0 17
1616064937997 0.0 18
1616064972386 0.0 19
1616065011658 0.0 20
1616065046264 1.9253688776643685e-07 21
1616065080392 0.0 22
1616065114531 0.0 23
1616065149117 0.0 24
1616065183526 0.0 25
1616065217814 0.0 26
1616065252525 0.0 27
1616065287220 0.0 28
1616065321838 0.0 29
1616065360878 0.0 30
1616065395644 0.0 31
1616065430206 7.050883255033114e-07 32
1616065464460 7.886080311436672e-06 33
1616065498680 0.0 34
1616065533174 0.0 35
1616065567360 0.0 36
1616065601609 0.0 37
1616065635777 0.0 38
1616065670886 0.0 39
1616065709979 0.0 40
1616065744592 0.0 41
1616065779008 0.0 42
1616065813183 0.0 43
1616065847814 0.0 44
1616065882313 0.0 45
1616065916590 0.0 46
1616065951097 0.0 47
1616065985682 0.0 48
1616066020282 0.0 49
1616066058786 0.0 50
1616066093200 0.0 51
1616066127428 0.0 52
1616066161778 0.0 53
1616066196567 0.0 54
1616066231309 0.0 55
1616066265910 0.0 56
1616066300205 0.0 57
1616066334777 0.0 58
1616066369444 0.0 59
1616066408311 0.0 60
1616066442702 0.0 61
1616066476786 0.0 62
1616066511765 0.0 63
1616066545854 0.0 64
1616066580407 0.0 65
1616066615015 0.0 66
1616066649349 0.0 67
1616066683566 0.0 68
1616066718101 0.0 69
1616066756787 0.0 70
1616066791305 0.0 71
1616066825807 0.0 72
1616066860583 0.0 73
1616066894964 0.0 74
1616066929537 0.0 75
1616066964308 0.0 76
1616066998839 0.0 77
1616067033408 0.0 78
1616067068008 3.573834703729517e-07 79
1616067107220 0.0 80
1616067141316 0.0 81
1616067175833 0.0 82
1616067210142 0.0 83
1616067244804 0.0 84
1616067279525 0.0 85
1616067314121 4.5827044914403814e-07 86
1616067348543 7.580053352285177e-05 87
1616067383175 0.0 88
1616067417536 0.0 89
1616067456355 0.0 90
1616067490800 0.0 91
1616067525530 0.0 92
1616067559657 0.0 93
1616067594337 0.0 94
1616067628942 0.0 95
1616067663478 3.7303132671695494e-07 96
1616067697862 5.8786877161765005e-06 97
1616067732157 0.0 98
1616067766768 0.0 99
1616067805427 0.0 100
1616067839969 0.0 101
1616067874278 0.0 102
1616067908498 0.0 103
1616067943387 4.0058804984255403e-07 104
1616067978020 0.0 105
1616068012659 0.0 106
1616068047325 0.0 107
1616068081938 0.0 108
1616068116126 0.0 109
1616068155019 0.0 110
1616068189273 0.0 111
1616068223956 0.0 112
1616068258621 3.5197015222365735e-06 113
1616068292741 0.0005339219933375716 114
1616068327291 0.0 115
1616068361804 0.0 116
1616068396060 0.0 117
1616068430255 0.0 118
1616068464399 0.0 119
1616068502842 0.0 120
1616068537178 0.0 121
1616068571637 0.0 122
1616068606192 0.0003824475861620158 123
1616068640495 5.276871888781898e-05 124
1616068674615 0.0 125
1616068709129 0.0 126
1616068743735 0.0 127
1616068778180 1.4346515854413155e-05 128
1616068812319 0.0 129
1616068851572 0.0 130
1616068886725 0.0 131
1616068921452 4.8363748646806926e-05 132
1616068955791 3.607034955166455e-07 133
1616068990130 0.00041404468356631696 134
1616069024755 0.0012310575693845749 135
1616069059346 0.0 136
1616069094070 1.0624721653584857e-05 137
1616069128726 0.00025177860516123474 138
1616069163246 0.0 139
1616069201629 0.0 140
1616069236268 1.1089511644968297e-05 141
1616069270482 0.00024028445477597415 142
1616069304814 2.734443114604801e-06 143
1616069339421 6.057852715457557e-06 144
1616069373558 0.0 145
1616069407629 3.022006183073245e-07 146
1616069442401 0.0 147
1616069477367 3.129462493234314e-05 148
1616069511789 8.331614662893116e-05 149
1616069551002 0.0 150
1616069585742 0.0 151
1616069620377 0.0 152
1616069655080 0.0 153
1616069689677 0.0 154
1616069724203 0.00012273220636416227 155
1616069758335 0.0006197445909492671 156
1616069792741 0.0 157
1616069826874 0.0 158
1616069861514 2.7335872800904326e-05 159
1616069900106 5.494656534210662e-07 160
1616069934319 0.0 161
1616069968309 0.0 162
1616070002648 0.0 163
1616070037280 0.0 164
1616070071516 0.00012442805746104568 165
1616070106039 0.00024436000967398286 166
1616070140399 0.0001649947662372142 167
1616070175146 0.0014649609802290797 168
1616070209509 0.0037547836545854807 169
1616070248520 3.063922849833034e-05 170
1616070283275 0.0006078435690142214 171
1616070317871 2.718387077038642e-05 172
1616070352094 0.00012837574467994273 173
1616070386642 0.0005462005501613021 174
1616070421750 0.0 175
1616070455905 0.00018592840933706611 176
1616070490449 0.004274581093341112 177
1616070524618 4.687572982220445e-06 178
1616070558740 0.0 179
1616070597096 4.797543624590617e-06 180
1616070631427 1.7605013908905676e-06 181
1616070666064 2.3727516236249357e-05 182
1616070700838 0.0 183
1616070735057 0.0012397401733323932 184
1616070769309 3.717329673236236e-05 185
1616070803539 3.6275289403420174e-06 186
1616070838419 2.361084807489533e-05 187
1616070872984 0.0005086219171062112 188
1616070907398 0.00043243871186859906 189
1616070946522 0.0 190
1616070980916 1.907806654344313e-05 191
1616071015645 0.002191617852076888 192
1616071050269 0.004164883401244879 193
1616071084432 0.0012324542040005326 194
1616071119185 5.0815178838092834e-05 195
1616071153755 0.00015713158063590527 196
1616071188293 0.0009818071266636252 197
1616071222876 0.0003881481534335762 198
1616071257372 0.004182341508567333 199
1616071296092 0.0004476421745494008 200
1616071330701 0.004972225986421108 201
1616071365264 0.0022820360027253628 202
1616071399791 9.546116416458972e-06 203
1616071434414 0.0013036202872171998 204
1616071468946 1.5476718544960022e-05 205
1616071503550 0.00027652058633975685 206
1616071538142 7.133323379093781e-05 207
1616071572676 2.6343790523242205e-05 208
1616071607138 0.0027037581894546747 209
1616071645514 0.0002824043040163815 210
1616071680140 0.0 211
1616071714902 1.7128054423665162e-06 212
1616071749434 0.0 213
1616071783459 0.001566818100400269 214
1616071817978 9.381111158290878e-05 215
1616071852528 0.0005143508897162974 216
1616071886719 0.0009358666138723493 217
1616071921495 5.884295387659222e-05 218
1616071955643 0.010889936238527298 219
1616071994583 0.002089081099256873 220
1616072028745 0.00970524549484253 221
1616072063095 0.0019986615516245365 222
1616072097641 0.0010395543649792671 223
1616072131936 0.013506455346941948 224
1616072166386 0.000756190565880388 225
1616072201024 0.0008345353417098522 226
1616072235788 0.005770254414528608 227
1616072270411 0.010994022712111473 228
1616072304621 0.0005125728202983737 229
1616072343311 0.000556652492377907 230
1616072378093 0.014934983104467392 231
1616072412629 0.0029501840472221375 232
1616072447327 0.002533850260078907 233
1616072482131 0.01741413027048111 234
1616072516727 0.031231094151735306 235
1616072551279 0.004303582012653351 236
1616072585717 0.008734386414289474 237
1616072620021 0.021588033065199852 238
1616072654709 0.018397800624370575 239
1616072693068 0.009978633373975754 240
1616072727709 0.000385239691240713 241
1616072762236 0.0018162186024710536 242
1616072796872 0.004821836017072201 243
1616072831464 0.01925291121006012 244
1616072866048 0.009051856584846973 245
1616072900761 0.009885285049676895 246
1616072935121 0.005673118866980076 247
1616072969324 0.01564490795135498 248
1616073003833 0.002842227928340435 249
1616073043343 0.010967020876705647 250
1616073078033 0.0043480838648974895 251
1616073112396 0.0005450121243484318 252
1616073146614 0.008340535685420036 253
1616073181360 0.0227681752294302 254
1616073215984 0.03148948401212692 255
1616073250281 0.018571214750409126 256
1616073284871 0.034565269947052 257
1616073318819 0.025804094970226288 258
1616073352810 0.03057682141661644 259
1616073391100 0.02674252912402153 260
1616073425562 0.02306590974330902 261
1616073459739 0.01569756306707859 262
1616073494209 0.012552980333566666 263
1616073528557 0.013346103951334953 264
1616073562689 0.003957495093345642 265
1616073596949 0.013627489097416401 266
1616073630920 0.016944069415330887 267
1616073665496 0.010036838240921497 268
1616073700029 0.0195760540664196 269
1616073738997 0.04142284765839577 270
1616073773326 0.023256488144397736 271
1616073807555 0.017437513917684555 272
1616073842234 0.04224222153425217 273
1616073876851 0.029342222958803177 274
1616073911635 0.034532081335783005 275
1616073945988 0.03244800120592117 276
1616073980684 0.01805110089480877 277
1616074015319 0.02842484414577484 278
1616074049724 0.018972650170326233 279
1616074088649 0.017644211649894714 280
1616074122784 0.01604832150042057 281
1616074157526 0.03625832498073578 282
1616074191683 0.029089447110891342 283
1616074226043 0.01598367467522621 284
1616074260628 0.015568537637591362 285
1616074295282 0.03997896984219551 286
1616074329669 0.026455849409103394 287
1616074364043 0.027346033602952957 288
1616074398574 0.017935968935489655 289
1616074436834 0.01811528205871582 290
1616074471332 0.04259875789284706 291
1616074505584 0.024926790967583656 292
1616074540318 0.05689727142453194 293
1616074574518 0.026015235111117363 294
1616074609337 0.03556971624493599 295
1616074644269 0.02217831090092659 296
1616074678393 0.019972749054431915 297
1616074712844 0.016652332618832588 298
1616074747363 0.0152762271463871 299
1616074785894 0.02835417166352272 300
1616074820502 0.025777969509363174 301
1616074855176 0.03221885859966278 302
1616074889517 0.014882422052323818 303
1616074924130 0.024770937860012054 304
1616074958338 0.03147324547171593 305
1616074992457 0.04192952811717987 306
1616075027138 0.06676863133907318 307
1616075061310 0.029552139341831207 308
1616075096088 0.05644388496875763 309
1616075134744 0.03388974815607071 310
1616075169479 0.043491654098033905 311
1616075203754 0.03945919871330261 312
1616075238597 0.07286366820335388 313
1616075273244 0.022031543776392937 314
1616075308001 0.030139101669192314 315
1616075342612 0.04274478927254677 316
1616075377568 0.02847074717283249 317
1616075411986 0.01634010672569275 318
1616075446268 0.027276620268821716 319
1616075484931 0.05907505005598068 320
1616075519072 0.0430234894156456 321
1616075553726 0.04746226593852043 322
1616075588256 0.06453167647123337 323
1616075622517 0.046042345464229584 324
1616075656929 0.0379488579928875 325
1616075691589 0.06797323375940323 326
1616075725866 0.048862624913454056 327
1616075760128 0.03166765719652176 328
1616075794312 0.038161635398864746 329
1616075833180 0.046978261321783066 330
1616075867817 0.05957771837711334 331
1616075902120 0.04406661167740822 332
1616075936612 0.044891417026519775 333
1616075971273 0.041621480137109756 334
1616076005718 0.04332234710454941 335
1616076040419 0.05529782176017761 336
1616076074687 0.05900632217526436 337
1616076109298 0.052542999386787415 338
1616076143845 0.042850542813539505 339
1616076182634 0.04210348427295685 340
1616076217291 0.07566516101360321 341
1616076252074 0.07970532029867172 342
1616076286503 0.07171593606472015 343
1616076321211 0.04789886251091957 344
1616076355500 0.07604289799928665 345
1616076390226 0.030015327036380768 346
1616076425025 0.041788499802351 347
1616076459619 0.07252014428377151 348
1616076494109 0.08629854023456573 349
1616076533231 0.08882416784763336 350
1616076567523 0.07574180513620377 351
1616076601712 0.09327336400747299 352
1616076636678 0.04267328977584839 353
1616076671046 0.028226252645254135 354
1616076705187 0.04811522737145424 355
1616076739706 0.04772792384028435 356
1616076774192 0.04480040818452835 357
1616076808375 0.10575452446937561 358
1616076842992 0.07815548032522202 359
1616076881311 0.05599658936262131 360
1616076915959 0.08600609749555588 361
1616076950185 0.0936274379491806 362
1616076985081 0.06401948630809784 363
1616077019847 0.0806107148528099 364
1616077054341 0.07244923710823059 365
1616077088937 0.06489037722349167 366
1616077123485 0.055947259068489075 367
1616077158081 0.06957176327705383 368
1616077192315 0.03474857658147812 369
1616077230787 0.04862429201602936 370
1616077265276 0.07278590649366379 371
1616077299535 0.08642452955245972 372
1616077334300 0.0688442513346672 373
1616077368996 0.061938926577568054 374
1616077403594 0.05568569526076317 375
1616077438455 0.06524933874607086 376
1616077472807 0.09183505177497864 377
1616077506983 0.068825863301754 378
1616077541795 0.043093979358673096 379
1616077580592 0.06104011833667755 380
1616077615283 0.053760044276714325 381
1616077649648 0.06221146881580353 382
1616077683736 0.08936051279306412 383
1616077718422 0.09094235301017761 384
1616077752685 0.058735717087984085 385
1616077787250 0.07693468779325485 386
1616077821940 0.0789090022444725 387
1616077856422 0.04256109893321991 388
1616077890487 0.07044690102338791 389
1616077929363 0.07521907985210419 390
1616077964330 0.032528363168239594 391
1616077998578 0.05977505445480347 392
1616078033285 0.070563405752182 393
1616078067540 0.08637066185474396 394
1616078102179 0.0494709350168705 395
1616078136675 0.07469598948955536 396
1616078170893 0.06094719469547272 397
1616078205009 0.09459058940410614 398
1616078239579 0.08250895887613297 399
1616078278671 0.05564093589782715 400
1616078312913 0.06739305704832077 401
1616078347081 0.06685850769281387 402
1616078381745 0.07301311939954758 403
1616078416385 0.09353145956993103 404
1616078451049 0.0768747553229332 405
1616078485706 0.07896769791841507 406
1616078519976 0.09401316940784454 407
1616078554630 0.13673286139965057 408
1616078588884 0.1163858026266098 409
1616078627187 0.08494309335947037 410
1616078661847 0.09722989797592163 411
1616078696392 0.10103584825992584 412
1616078730825 0.0720277726650238 413
1616078765565 0.04092877358198166 414
1616078800065 0.0606498196721077 415
1616078834613 0.06050673872232437 416
1616078869182 0.06069277226924896 417
1616078903400 0.08636017143726349 418
1616078938082 0.08792966604232788 419
1616078976536 0.0602443590760231 420
1616079010782 0.13221262395381927 421
1616079045450 0.09696826338768005 422
1616079080196 0.08923695236444473 423
1616079115943 0.12372280657291412 424
1616079150698 0.0641835406422615 425
1616079184871 0.07752349972724915 426
1616079219285 0.14382584393024445 427
1616079253464 0.07979647070169449 428
1616079287941 0.06801501661539078 429
1616079326764 0.08995452523231506 430
1616079361429 0.05381426587700844 431
1616079396034 0.11231304705142975 432
1616079430198 0.05966481566429138 433
1616079464371 0.1078033372759819 434
1616079498505 0.06832539290189743 435
1616079533168 0.08185115456581116 436
1616079567724 0.0843283087015152 437
1616079602301 0.0769316554069519 438
1616079636654 0.0732380673289299 439
1616079675403 0.09311409294605255 440
1616079710084 0.10273514688014984 441
1616079744708 0.07761430740356445 442
1616079778873 0.08496948331594467 443
1616079813543 0.11565923690795898 444
1616079848263 0.09084170311689377 445
1616079882666 0.06977266073226929 446
1616079917416 0.08359014987945557 447
1616079952253 0.06547437608242035 448
1616079986941 0.10856615006923676 449
1616080025865 0.0851181223988533 450
1616080060451 0.0905405580997467 451
1616080094755 0.11444446444511414 452
1616080128966 0.1084795743227005 453
1616080163586 0.08497077971696854 454
1616080198145 0.14864744246006012 455
1616080232310 0.09642478823661804 456
1616080267145 0.09098397940397263 457
1616080301723 0.09751953184604645 458
1616080336126 0.10992499440908432 459
1616080374791 0.10005024075508118 460
1616080409011 0.09566117823123932 461
1616080443651 0.14258553087711334 462
1616080478123 0.12021653354167938 463
1616080512430 0.10545528680086136 464
1616080546996 0.14677941799163818 465
1616080581956 0.08587094396352768 466
1616080616233 0.13478028774261475 467
1616080650388 0.09947370737791061 468
1616080685155 0.10533475875854492 469
1616080723905 0.11009225994348526 470
1616080758381 0.07111240923404694 471
1616080792812 0.09035658836364746 472
1616080827882 0.12346011400222778 473
1616080862382 0.09113099426031113 474
1616080896583 0.09007959067821503 475
1616080931353 0.09009532630443573 476
1616080966128 0.06362751871347427 477
1616081000530 0.09571756422519684 478
1616081034693 0.1325640082359314 479
1616081073501 0.09888273477554321 480
1616081107888 0.1351519674062729 481
1616081142928 0.12331928312778473 482
1616081177757 0.08542979508638382 483
1616081212154 0.12688326835632324 484
1616081246777 0.14335888624191284 485
1616081280971 0.08056791126728058 486
1616081315653 0.11622373759746552 487
1616081349892 0.07176236808300018 488
1616081384244 0.12323600053787231 489
1616081423337 0.1057104766368866 490
1616081457819 0.13076020777225494 491
1616081492430 0.07680775970220566 492
1616081526541 0.13719052076339722 493
1616081560887 0.11416004598140717 494
1616081595093 0.11291182041168213 495
1616081629810 0.11715075373649597 496
1616081664388 0.10218358784914017 497
1616081698927 0.0772256925702095 498
1616081733559 0.0774468332529068 499
1616081772104 0.09352345764636993 500
1616081806937 0.09515406936407089 501
1616081841382 0.047837287187576294 502
1616081875934 0.09565819799900055 503
1616081910471 0.09662047028541565 504
1616081944759 0.12551824748516083 505
1616081978966 0.07327255606651306 506
1616082013262 0.11258396506309509 507
1616082047730 0.062224432826042175 508
1616082081831 0.09654328972101212 509
1616082120890 0.0761556327342987 510
1616082154975 0.08545094728469849 511
1616082189555 0.11775258183479309 512
1616082224213 0.1262599527835846 513
1616082258881 0.13507480919361115 514
1616082293548 0.09789077937602997 515
1616082328229 0.10024417191743851 516
1616082362902 0.08857287466526031 517
1616082397596 0.13907383382320404 518
1616082432611 0.10196362435817719 519
1616082471897 0.11480362713336945 520
1616082506624 0.09974785149097443 521
1616082541316 0.09222294390201569 522
1616082576259 0.10232390463352203 523
1616082610461 0.15311041474342346 524
1616082644720 0.11575262248516083 525
1616082678943 0.10795029997825623 526
1616082713016 0.14241614937782288 527
1616082747525 0.12022450566291809 528
1616082781845 0.11187204718589783 529
1616082821109 0.10937929153442383 530
1616082855298 0.10381320118904114 531
1616082890003 0.11737242341041565 532
1616082924459 0.12369194626808167 533
1616082959123 0.08869832754135132 534
1616082993774 0.13114237785339355 535
1616083028445 0.12015825510025024 536
1616083063174 0.11097346246242523 537
1616083097654 0.10148617625236511 538
1616083132193 0.12989255785942078 539
1616083171970 0.15262949466705322 540
1616083206632 0.1266443431377411 541
1616083241230 0.07516854256391525 542
1616083275509 0.10353468358516693 543
1616083310186 0.13448920845985413 544
1616083344353 0.1200651228427887 545
1616083379024 0.1118241399526596 546
1616083413730 0.11322095990180969 547
1616083448569 0.10556946694850922 548
1616083483006 0.12150967866182327 549
1616083521440 0.11409425735473633 550
1616083556185 0.102479949593544 551
1616083590877 0.13653141260147095 552
1616083625482 0.0976768434047699 553
1616083660305 0.11335843801498413 554
1616083694845 0.16170233488082886 555
1616083729320 0.13501033186912537 556
1616083763745 0.11374127864837646 557
1616083798175 0.14402742683887482 558
1616083832884 0.08975110948085785 559
1616083871886 0.14087620377540588 560
1616083906271 0.12481875717639923 561
1616083941335 0.0637204647064209 562
1616083976066 0.11211846768856049 563
1616084010577 0.10466606169939041 564
1616084045232 0.11707989871501923 565
1616084079963 0.14447066187858582 566
1616084114070 0.1623859703540802 567
1616084148494 0.10260553658008575 568
1616084183043 0.12503832578659058 569
1616084221778 0.0741787925362587 570
1616084256616 0.0972248986363411 571
1616084290897 0.12557271122932434 572
1616084325893 0.155348002910614 573
1616084360629 0.10754670202732086 574
1616084395215 0.15615540742874146 575
1616084429983 0.13113223016262054 576
1616084464585 0.12253160774707794 577
1616084499080 0.1297094225883484 578
1616084533196 0.1005081832408905 579
1616084571899 0.11393056064844131 580
1616084606205 0.18905965983867645 581
1616084640401 0.15820708870887756 582
1616084674870 0.14834433794021606 583
1616084709061 0.08456677943468094 584
1616084743515 0.17021548748016357 585
1616084777712 0.1281212717294693 586
1616084812394 0.10841210186481476 587
1616084847173 0.14592508971691132 588
1616084881586 0.12072183191776276 589
1616084920497 0.13937705755233765 590
1616084955635 0.13987788558006287 591
1616084989997 0.09631980210542679 592
1616085024406 0.12845490872859955 593
1616085059129 0.13334885239601135 594
1616085093541 0.15288189053535461 595
1616085127562 0.1401158571243286 596
1616085161825 0.15524333715438843 597
1616085196521 0.1637532114982605 598
1616085230950 0.0869777500629425 599
1616085269384 0.13775856792926788 600
1616085304136 0.16084769368171692 601
1616085338431 0.09369397163391113 602
1616085372800 0.11673133820295334 603
1616085407548 0.08666086941957474 604
1616085441899 0.13950619101524353 605
1616085476623 0.14485947787761688 606
1616085510815 0.14511887729167938 607
1616085545036 0.1507337987422943 608
1616085579908 0.12896041572093964 609
1616085618742 0.15554013848304749 610
1616085653781 0.12419265508651733 611
1616085688486 0.13379204273223877 612
1616085722973 0.10013291239738464 613
1616085757112 0.1292351633310318 614
1616085791806 0.17097988724708557 615
1616085826005 0.17937533557415009 616
1616085860441 0.13169944286346436 617
1616085895109 0.14995189011096954 618
1616085929343 0.10511192679405212 619
1616085968392 0.14426226913928986 620
1616086002940 0.1397453099489212 621
1616086037497 0.10580428689718246 622
1616086072184 0.13452798128128052 623
1616086106294 0.20181478559970856 624
1616086140738 0.15796461701393127 625
1616086175130 0.12819956243038177 626
1616086209474 0.13794930279254913 627
1616086243817 0.17789122462272644 628
1616086278598 0.17663511633872986 629
1616086317529 0.14372533559799194 630
1616086352018 0.1650257557630539 631
1616086386468 0.10568208992481232 632
1616086421366 0.1479642689228058 633
1616086455777 0.13293731212615967 634
1616086489938 0.11961366981267929 635
1616086524068 0.1052175834774971 636
1616086558472 0.17736105620861053 637
1616086592712 0.11753316968679428 638
1616086627346 0.1881903111934662 639
1616086666011 0.12795907258987427 640
1616086700323 0.17452996969223022 641
1616086735102 0.14944270253181458 642
1616086769994 0.19487106800079346 643
1616086804632 0.12537537515163422 644
1616086839110 0.14828217029571533 645
1616086873208 0.20274639129638672 646
1616086907805 0.15326863527297974 647
1616086942601 0.14535148441791534 648
1616086977310 0.1364906132221222 649
1616087016514 0.1369282603263855 650
1616087050948 0.1966339647769928 651
1616087085349 0.12025891244411469 652
1616087119776 0.14146286249160767 653
1616087154417 0.18050000071525574 654
1616087188937 0.17455247044563293 655
1616087223155 0.17403018474578857 656
1616087257593 0.17168675363063812 657
1616087292119 0.11002181470394135 658
1616087326459 0.157791867852211 659
1616087365622 0.1610182374715805 660
1616087399785 0.13139760494232178 661
1616087434428 0.11880861967802048 662
1616087469149 0.13035689294338226 663
1616087503891 0.11088195443153381 664
1616087538588 0.19735759496688843 665
1616087572827 0.15378925204277039 666
1616087607393 0.15999294817447662 667
1616087642062 0.13739952445030212 668
1616087676184 0.201457679271698 669
1616087714842 0.167497456073761 670
1616087749428 0.15982156991958618 671
1616087783598 0.172544926404953 672
1616087818277 0.12257903814315796 673
1616087852565 0.14878520369529724 674
1616087886960 0.1483709216117859 675
1616087921580 0.1718742698431015 676
1616087956199 0.1610245704650879 677
1616087990713 0.15771599113941193 678
1616088025517 0.1848571002483368 679
1616088064246 0.1530884951353073 680
1616088098526 0.13178850710391998 681
1616088133248 0.14611993730068207 682
1616088167859 0.15321043133735657 683
1616088202683 0.15288588404655457 684
1616088236760 0.22038230299949646 685
1616088271015 0.1814175546169281 686
1616088305629 0.1878993809223175 687
1616088339935 0.12602968513965607 688
1616088374371 0.12863606214523315 689
1616088413110 0.10165787488222122 690
1616088447642 0.16013914346694946 691
1616088482382 0.17523320019245148 692
1616088516798 0.1830500364303589 693
1616088551585 0.15592032670974731 694
1616088586248 0.16251996159553528 695
1616088620552 0.11986902356147766 696
1616088655586 0.158891960978508 697
1616088689924 0.18512789905071259 698
1616088724638 0.1354091912508011 699
1616088763867 0.14997902512550354 700
1616088798489 0.16837558150291443 701
1616088832696 0.14665205776691437 702
1616088867264 0.17527388036251068 703
1616088902320 0.16077005863189697 704
1616088937060 0.14601299166679382 705
1616088971421 0.14831173419952393 706
1616089006014 0.14999446272850037 707
1616089040261 0.14895865321159363 708
1616089075231 0.17059335112571716 709
1616089114245 0.11989649385213852 710
1616089148868 0.1700613796710968 711
1616089183642 0.16756993532180786 712
1616089218338 0.1721286177635193 713
1616089252622 0.09539379179477692 714
1616089286818 0.15373991429805756 715
1616089321029 0.13161428272724152 716
1616089355182 0.1244305968284607 717
1616089389366 0.20466269552707672 718
1616089423629 0.19969189167022705 719
1616089462298 0.1890707015991211 720
1616089496681 0.17769837379455566 721
1616089531629 0.15886136889457703 722
1616089566459 0.1776311993598938 723
1616089601254 0.1887352466583252 724
1616089635992 0.12988391518592834 725
1616089670339 0.18774700164794922 726
1616089705158 0.20475149154663086 727
1616089739905 0.14508572220802307 728
1616089774497 0.15306881070137024 729
1616089813745 0.20953060686588287 730
1616089847858 0.17388972640037537 731
1616089882427 0.14994801580905914 732
1616089916525 0.17103049159049988 733
1616089951140 0.1721278727054596 734
1616089985646 0.14627765119075775 735
1616090020300 0.1525714099407196 736
1616090054865 0.16988784074783325 737
1616090089060 0.16662514209747314 738
1616090123373 0.2190455198287964 739
1616090161978 0.13527479767799377 740
1616090196703 0.18649142980575562 741
1616090231326 0.1871248185634613 742
1616090266043 0.15377432107925415 743
1616090300332 0.1795998066663742 744
1616090335108 0.16424155235290527 745
1616090369637 0.1546611487865448 746
1616090404300 0.19350147247314453 747
1616090438758 0.14554381370544434 748
1616090472969 0.11772294342517853 749
1616090511740 0.1562213897705078 750
1616090546239 0.10915471613407135 751
1616090580623 0.1493981033563614 752
1616090614908 0.20413102209568024 753
1616090649509 0.15191598236560822 754
1616090684008 0.1472703218460083 755
1616090718718 0.17611165344715118 756
1616090753008 0.18126899003982544 757
1616090787233 0.19401277601718903 758
1616090821840 0.1508273184299469 759
1616090860851 0.16242611408233643 760
1616090895410 0.1266777366399765 761
1616090930214 0.17967192828655243 762
1616090965279 0.16306865215301514 763
1616091000175 0.15838328003883362 764
1616091034730 0.16252413392066956 765
1616091069556 0.18460027873516083 766
1616091103916 0.16467544436454773 767
1616091138480 0.2004070281982422 768
1616091173226 0.17527219653129578 769
1616091212473 0.16060802340507507 770
1616091246651 0.14534994959831238 771
1616091280867 0.15891478955745697 772
1616091314957 0.2132066786289215 773
1616091349183 0.18753531575202942 774
1616091383814 0.165347158908844 775
1616091418339 0.17648714780807495 776
1616091453092 0.17897483706474304 777
1616091487370 0.17689067125320435 778
1616091522108 0.15508610010147095 779
1616091560777 0.198237806558609 780
1616091595450 0.1843891590833664 781
1616091630085 0.18878431618213654 782
1616091664627 0.22058838605880737 783
1616091699290 0.18718649446964264 784
1616091734128 0.18551400303840637 785
1616091768800 0.17345888912677765 786
1616091803121 0.209703728556633 787
1616091838250 0.19622138142585754 788
1616091872455 0.1771998107433319 789
1616091911687 0.17623811960220337 790
1616091946295 0.14108046889305115 791
1616091981012 0.1626870036125183 792
1616092015221 0.12988895177841187 793
1616092049808 0.1543145477771759 794
1616092084493 0.20921552181243896 795
1616092118580 0.1841128170490265 796
1616092152737 0.1986706256866455 797
1616092187132 0.10569296777248383 798
1616092221358 0.2651567757129669 799
1616092259652 0.1891447901725769 800
1616092294330 0.16619810461997986 801
1616092328685 0.19339877367019653 802
1616092363090 0.19431692361831665 803
1616092397864 0.2030712068080902 804
1616092432174 0.1672104299068451 805
1616092466558 0.17970234155654907 806
1616092500826 0.15254271030426025 807
1616092535659 0.1669374704360962 808
1616092570062 0.14950165152549744 809
1616092609048 0.17615100741386414 810
1616092643220 0.15229378640651703 811
1616092677570 0.2694896459579468 812
1616092712373 0.21961113810539246 813
1616092746882 0.21159178018569946 814
1616092781332 0.2047191858291626 815
1616092815906 0.2044977843761444 816
1616092850553 0.19841958582401276 817
1616092885202 0.17073798179626465 818
1616092919404 0.16674761474132538 819
1616092957823 0.13977046310901642 820
1616092992101 0.17132920026779175 821
1616093026623 0.17523087561130524 822
1616093061279 0.1866990327835083 823
1616093096158 0.1865118145942688 824
1616093130953 0.17585968971252441 825
1616093165237 0.17479872703552246 826
1616093200083 0.16579914093017578 827
1616093234135 0.1699378341436386 828
1616093268711 0.19740581512451172 829
1616093306975 0.1961216926574707 830
1616093342039 0.1722789704799652 831
1616093376151 0.1627892404794693 832
1616093410772 0.2353573739528656 833
1616093444981 0.13319988548755646 834
1616093479318 0.20224985480308533 835
1616093513966 0.20357367396354675 836
1616093548150 0.1647757589817047 837
1616093582737 0.11228066682815552 838
1616093617627 0.2196204662322998 839
1616093656660 0.206931471824646 840
1616093691302 0.14524847269058228 841
1616093725791 0.20507898926734924 842
1616093760252 0.20117530226707458 843
1616093794627 0.1838979423046112 844
1616093829424 0.1696319282054901 845
1616093864049 0.20068156719207764 846
1616093898219 0.215151846408844 847
1616093932382 0.1525440812110901 848
1616093967064 0.15878021717071533 849
1616094005805 0.19927288591861725 850
1616094040442 0.23712727427482605 851
1616094074948 0.21272462606430054 852
1616094109322 0.1888802945613861 853
1616094144069 0.19643808901309967 854
1616094178395 0.191494420170784 855
1616094213244 0.21186372637748718 856
1616094247902 0.14652536809444427 857
1616094282218 0.16924136877059937 858
1616094317112 0.23222985863685608 859
1616094355913 0.2450847178697586 860
1616094390769 0.17923301458358765 861
1616094425135 0.18850627541542053 862
1616094459814 0.17264291644096375 863
1616094494185 0.1816152036190033 864
1616094528628 0.23411205410957336 865
1616094563238 0.18240097165107727 866
1616094598351 0.23690646886825562 867
1616094632641 0.20330286026000977 868
1616094666926 0.1973726749420166 869
1616094705219 0.2600034773349762 870
1616094739427 0.2405829131603241 871
1616094773590 0.1998586356639862 872
1616094808061 0.14830249547958374 873
1616094842320 0.16702842712402344 874
1616094876526 0.18344590067863464 875
1616094911178 0.24043866991996765 876
1616094945412 0.1970689296722412 877
1616094979679 0.14605504274368286 878
1616095014416 0.21918420493602753 879
1616095053581 0.21340468525886536 880
1616095087939 0.19135966897010803 881
1616095122586 0.21490707993507385 882
1616095157391 0.21019071340560913 883
1616095191887 0.16744625568389893 884
1616095226265 0.15538544952869415 885
1616095261047 0.18663650751113892 886
1616095295661 0.23038820922374725 887
1616095330175 0.21893131732940674 888
1616095364664 0.2060764580965042 889
1616095403360 0.1926788091659546 890
1616095437586 0.2246789038181305 891
1616095472384 0.17743340134620667 892
1616095506705 0.22051703929901123 893
1616095541126 0.19976457953453064 894
1616095575818 0.26376521587371826 895
1616095610061 0.2011404037475586 896
1616095644482 0.1252351552248001 897
1616095679197 0.22548356652259827 898
1616095713864 0.17539507150650024 899
1616095752747 0.2036266177892685 900
1616095787142 0.24539120495319366 901
1616095821657 0.22939276695251465 902
1616095856513 0.20872771739959717 903
1616095891239 0.22726792097091675 904
1616095925552 0.18669003248214722 905
1616095960071 0.24060006439685822 906
1616095994482 0.18362969160079956 907
1616096028750 0.19602583348751068 908
1616096063602 0.17047424614429474 909
1616096102092 0.21751898527145386 910
1616096136709 0.21258112788200378 911
1616096171541 0.21942852437496185 912
1616096206192 0.21738505363464355 913
1616096240059 0.2250467836856842 914
1616096274667 0.14099453389644623 915
1616096308836 0.20373058319091797 916
1616096343053 0.16525864601135254 917
1616096377598 0.24973437190055847 918
1616096411934 0.23552413284778595 919
1616096450791 0.21546387672424316 920
1616096485500 0.21344345808029175 921
1616096520294 0.20193910598754883 922
1616096554769 0.21373039484024048 923
1616096589329 0.2328510582447052 924
1616096624134 0.20558422803878784 925
1616096658855 0.2507406771183014 926
1616096693195 0.25032660365104675 927
1616096728030 0.1899450421333313 928
1616096762644 0.19895988702774048 929
1616096801418 0.15313927829265594 930
1616096835824 0.20879387855529785 931
1616096870506 0.2375572919845581 932
1616096904972 0.20385953783988953 933
1616096939522 0.1490384042263031 934
1616096973826 0.2144699990749359 935
1616097008351 0.15036574006080627 936
1616097043553 0.13729539513587952 937
1616097078062 0.18167075514793396 938
1616097112300 0.1938239336013794 939
1616097151210 0.1822739839553833 940
1616097185826 0.17492295801639557 941
1616097220331 0.20781481266021729 942
1616097254616 0.20402824878692627 943
1616097289318 0.17315679788589478 944
1616097323849 0.23573347926139832 945
1616097358513 0.2499590367078781 946
1616097393109 0.17002861201763153 947
1616097427697 0.23371590673923492 948
1616097461993 0.21184736490249634 949
1616097501171 0.23439496755599976 950
1616097535910 0.19524100422859192 951
1616097570596 0.20567597448825836 952
1616097605254 0.22335892915725708 953
1616097639627 0.2430218756198883 954
1616097674095 0.1710778772830963 955
1616097708462 0.26993411779403687 956
1616097742687 0.22255811095237732 957
1616097777403 0.2471834272146225 958
1616097811914 0.18618926405906677 959
1616097850570 0.14266176521778107 960
1616097884852 0.24137863516807556 961
1616097919377 0.2568889260292053 962
1616097954090 0.21745269000530243 963
1616097988170 0.23651796579360962 964
1616098022709 0.25412213802337646 965
1616098057072 0.18864032626152039 966
1616098091505 0.2294914424419403 967
1616098125815 0.20501381158828735 968
1616098160034 0.16992110013961792 969
1616098198858 0.19914758205413818 970
1616098233109 0.19958071410655975 971
1616098267371 0.23226815462112427 972
1616098301823 0.19801287353038788 973
1616098336553 0.20969365537166595 974
1616098371305 0.2335062175989151 975
1616098405628 0.24855884909629822 976
1616098439994 0.22323697805404663 977
1616098474450 0.18062523007392883 978
1616098508751 0.23524688184261322 979
1616098547565 0.20835915207862854 980
1616098582546 0.18222147226333618 981
1616098616954 0.1900506317615509 982
1616098651363 0.2059301733970642 983
1616098686152 0.22050777077674866 984
1616098720690 0.23525570333003998 985
1616098755399 0.20407402515411377 986
1616098789700 0.20828944444656372 987
1616098824434 0.225999653339386 988
1616098858738 0.26271504163742065 989
1616098897216 0.18185089528560638 990
1616098931895 0.21090148389339447 991
1616098966447 0.21366342902183533 992
1616099000609 0.25499671697616577 993
1616099035265 0.21023690700531006 994
1616099070002 0.25460201501846313 995
1616099104769 0.20292341709136963 996
1616099139481 0.20788222551345825 997
1616099174389 0.21083760261535645 998
1616099209064 0.2542382478713989 999
1616099248201 0.19828861951828003 1000
1616099282658 0.21407455205917358 1001
1616099317003 0.21617555618286133 1002
1616099351772 0.19587764143943787 1003
1616099386469 0.16943997144699097 1004
1616099421082 0.23636846244335175 1005
1616099455872 0.21825575828552246 1006
1616099490667 0.26376551389694214 1007
1616099525361 0.19084405899047852 1008
1616099559971 0.1956140398979187 1009
1616099598857 0.2176675796508789 1010
1616099633420 0.21535412967205048 1011
1616099667992 0.2255580723285675 1012
1616099702655 0.19001571834087372 1013
1616099737139 0.22216598689556122 1014
1616099771758 0.2246987223625183 1015
1616099806532 0.19684097170829773 1016
1616099840992 0.20468923449516296 1017
1616099875704 0.15811242163181305 1018
1616099910164 0.2065211534500122 1019
1616099948784 0.21964839100837708 1020
1616099983098 0.22231526672840118 1021
1616100017266 0.14418287575244904 1022
1616100052260 0.23692256212234497 1023
1616100086529 0.24493032693862915 1024
1616100120852 0.25946250557899475 1025
1616100155663 0.23183758556842804 1026
1616100190213 0.22853440046310425 1027
1616100224534 0.21244558691978455 1028
1616100258794 0.2442229688167572 1029
1616100297634 0.18250678479671478 1030
1616100332210 0.21818386018276215 1031
1616100367172 0.2531527876853943 1032
1616100402011 0.22009477019309998 1033
1616100436828 0.257755309343338 1034
1616100471673 0.22177432477474213 1035
1616100506058 0.21777042746543884 1036
1616100540813 0.26174187660217285 1037
1616100574939 0.23013199865818024 1038
1616100609469 0.19083338975906372 1039
1616100648450 0.22788099944591522 1040
1616100683120 0.2298310101032257 1041
1616100717328 0.25776681303977966 1042
1616100751617 0.26513585448265076 1043
1616100785889 0.176751971244812 1044
1616100820260 0.24309056997299194 1045
1616100854896 0.18280985951423645 1046
1616100889521 0.20395120978355408 1047
1616100923663 0.21066832542419434 1048
1616100958343 0.20264798402786255 1049
1616100997129 0.2284923940896988 1050
1616101031813 0.25546395778656006 1051
1616101066166 0.25491300225257874 1052
1616101100651 0.2269781529903412 1053
1616101135440 0.21276560425758362 1054
1616101170278 0.17075367271900177 1055
1616101204952 0.23083333671092987 1056
1616101239336 0.24072936177253723 1057
1616101273662 0.1894993782043457 1058
1616101308052 0.1596614569425583 1059
1616101346653 0.20361778140068054 1060
1616101380814 0.22410152852535248 1061
1616101415134 0.1839408278465271 1062
1616101449810 0.17094770073890686 1063
1616101484760 0.20899128913879395 1064
1616101518899 0.18813525140285492 1065
1616101553443 0.2396814227104187 1066
1616101587760 0.18980219960212708 1067
1616101622013 0.21803316473960876 1068
1616101656592 0.2304273545742035 1069
1616101695393 0.20384791493415833 1070
1616101729883 0.23569399118423462 1071
1616101764808 0.1875283420085907 1072
1616101799252 0.1502475142478943 1073
1616101834014 0.20488280057907104 1074
1616101868703 0.24771228432655334 1075
1616101903438 0.22299209237098694 1076
1616101937943 0.22488351166248322 1077
1616101972380 0.22859877347946167 1078
1616102006496 0.20199543237686157 1079
1616102045825 0.2312818467617035 1080
1616102080148 0.22926366329193115 1081
1616102114816 0.21954359114170074 1082
1616102149169 0.18524762988090515 1083
1616102183438 0.1595458835363388 1084
1616102217757 0.21900072693824768 1085
1616102252355 0.22024059295654297 1086
1616102287072 0.23183110356330872 1087
1616102321781 0.23955783247947693 1088
1616102356042 0.1725940853357315 1089
1616102394804 0.22598165273666382 1090
1616102429128 0.22253236174583435 1091
1616102463798 0.20584261417388916 1092
1616102498139 0.210238516330719 1093
1616102532651 0.1854550689458847 1094
1616102567537 0.23609566688537598 1095
1616102602118 0.2362336814403534 1096
1616102636288 0.16801699995994568 1097
1616102670944 0.24941417574882507 1098
1616102705103 0.22973303496837616 1099
1616102744745 0.22395527362823486 1100
1616102779060 0.21962608397006989 1101
1616102813249 0.19302019476890564 1102
1616102848055 0.21232512593269348 1103
1616102882837 0.25463438034057617 1104
1616102917041 0.16263410449028015 1105
1616102951669 0.2120869755744934 1106
1616102985825 0.2063537985086441 1107
1616103020531 0.21819576621055603 1108
1616103054900 0.2343807816505432 1109
1616103093757 0.24589228630065918 1110
1616103127912 0.21137571334838867 1111
1616103162810 0.16640156507492065 1112
1616103197532 0.2025233507156372 1113
1616103232409 0.22249051928520203 1114
1616103266786 0.20216181874275208 1115
1616103301113 0.28960543870925903 1116
1616103335829 0.20562465488910675 1117
1616103370595 0.2338465005159378 1118
1616103405049 0.16767390072345734 1119
1616103443960 0.23704738914966583 1120
1616103478737 0.19741976261138916 1121
1616103513527 0.22361326217651367 1122
1616103547831 0.2530244290828705 1123
1616103582399 0.24870699644088745 1124
1616103617067 0.22499847412109375 1125
1616103651519 0.21719741821289062 1126
1616103685811 0.24433785676956177 1127
1616103720520 0.19179019331932068 1128
1616103755100 0.2441806197166443 1129
1616103793698 0.2549458146095276 1130
1616103827863 0.22060051560401917 1131
1616103862292 0.21949385106563568 1132
1616103896886 0.2677316665649414 1133
1616103931680 0.21728381514549255 1134
1616103966170 0.1964438259601593 1135
1616104001110 0.2377958595752716 1136
1616104035377 0.1995525360107422 1137
1616104070048 0.22993597388267517 1138
1616104104466 0.18863673508167267 1139
1616104143248 0.1919672191143036 1140
1616104177856 0.16973228752613068 1141
1616104213038 0.19085022807121277 1142
1616104247360 0.2524396777153015 1143
1616104281935 0.19147445261478424 1144
1616104316679 0.22581911087036133 1145
1616104351309 0.14239823818206787 1146
1616104385952 0.2061793953180313 1147
1616104420719 0.26719146966934204 1148
1616104454977 0.2264866828918457 1149
1616104493231 0.20970691740512848 1150
1616104527575 0.21096086502075195 1151
1616104562340 0.23989224433898926 1152
1616104596572 0.24973170459270477 1153
1616104631505 0.17663177847862244 1154
1616104666282 0.21702873706817627 1155
1616104700773 0.22584205865859985 1156
1616104735457 0.17717595398426056 1157
1616104770033 0.2069414258003235 1158
1616104804729 0.18765383958816528 1159
1616104844112 0.19140422344207764 1160
1616104878699 0.20898103713989258 1161
1616104913125 0.2521381974220276 1162
1616104947723 0.23119843006134033 1163
1616104982545 0.18920178711414337 1164
1616105016749 0.16004008054733276 1165
1616105051209 0.2470150887966156 1166
1616105085601 0.21142421662807465 1167
1616105119831 0.16288825869560242 1168
1616105154449 0.1758045256137848 1169
1616105192922 0.22278329730033875 1170
1616105227163 0.2604275941848755 1171
1616105261919 0.2019965648651123 1172
1616105296672 0.22321467101573944 1173
1616105331203 0.22762028872966766 1174
1616105366011 0.21721336245536804 1175
1616105400673 0.22576339542865753 1176
1616105435329 0.24170313775539398 1177
1616105469657 0.2687376141548157 1178
1616105504312 0.1940460503101349 1179
1616105542689 0.24409212172031403 1180
1616105576847 0.22084084153175354 1181
1616105611588 0.1899612545967102 1182
1616105646675 0.2325880527496338 1183
1616105681461 0.20716392993927002 1184
1616105715788 0.18761080503463745 1185
1616105750541 0.2240949273109436 1186
1616105784633 0.230880469083786 1187
1616105819032 0.19811739027500153 1188
1616105853657 0.24300730228424072 1189
1616105892399 0.2808758020401001 1190
1616105927098 0.2070561945438385 1191
1616105961605 0.22668808698654175 1192
1616105996453 0.1996604949235916 1193
1616106031210 0.17837971448898315 1194
1616106065708 0.16358990967273712 1195
1616106100483 0.23762765526771545 1196
1616106135292 0.1780107170343399 1197
1616106170048 0.22989214956760406 1198
1616106204698 0.21828430891036987 1199
1616106244021 0.17886096239089966 1200
1616106266055 0.2247295081615448 0
1616106266067 0.2247295081615448 0
