1615322768702 0.3530561327934265 1
1615322802601 0.4148358702659607 2
1615322836667 0.5598005652427673 3
1615322870549 0.6405102014541626 4
1615322904611 0.6906500458717346 5
1615322939050 0.738552451133728 6
1615322973162 0.6789025664329529 7
1615323007338 0.7045198678970337 8
1615323041344 0.71934974193573 9
1615323079058 0.7269209623336792 10
1615323113075 0.7569641470909119 11
1615323147184 0.7270862460136414 12
1615323181387 0.738921046257019 13
1615323215511 0.7469993829727173 14
1615323249994 0.7560360431671143 15
1615323283785 0.7396275997161865 16
1615323317714 0.7361084222793579 17
1615323351556 0.7942629456520081 18
1615323385456 0.79246985912323 19
1615323423835 0.7648086547851562 20
1615323457744 0.7586591243743896 21
1615323491798 0.7689793109893799 22
1615323525783 0.7803391814231873 23
1615323559781 0.7991059422492981 24
1615323594077 0.8030458688735962 25
1615323628247 0.7899578809738159 26
1615323662325 0.7364656925201416 27
1615323696327 0.7528954744338989 28
1615323730713 0.7966979742050171 29
1615323769049 0.7690734267234802 30
1615323802945 0.7902733087539673 31
1615323836845 0.8052366971969604 32
1615323871149 0.817059338092804 33
1615323904970 0.8111432790756226 34
1615323939120 0.7909755110740662 35
1615323972971 0.8037659525871277 36
1615324006827 0.7854297161102295 37
1615324040810 0.8125976324081421 38
1615324074891 0.7973799705505371 39
1615324113020 0.8176094889640808 40
1615324147032 0.7944636940956116 41
1615324181155 0.8431350588798523 42
1615324215246 0.8247231245040894 43
1615324249199 0.832042932510376 44
1615324283270 0.8111171722412109 45
1615324317061 0.7991485595703125 46
1615324351592 0.8204537630081177 47
1615324385537 0.8239270448684692 48
1615324419328 0.8298653364181519 49
1615324457403 0.8293571472167969 50
1615324491239 0.8140614032745361 51
1615324525384 0.8221611976623535 52
1615324559472 0.8205935955047607 53
1615324593691 0.8150445222854614 54
1615324627687 0.8063426613807678 55
1615324661777 0.8219793438911438 56
1615324696153 0.8037242293357849 57
1615324730263 0.8196568489074707 58
1615324764228 0.8253829479217529 59
1615324801876 0.8176048398017883 60
1615324836070 0.8036783933639526 61
1615324870133 0.8242117166519165 62
1615324903964 0.8275358080863953 63
1615324938129 0.8270337581634521 64
1615324972222 0.808653712272644 65
1615325006363 0.8127599954605103 66
1615325040223 0.7819338440895081 67
1615325074207 0.7868472337722778 68
1615325108007 0.8000137805938721 69
1615325145682 0.8252570629119873 70
1615325179481 0.818324863910675 71
1615325213502 0.8278460502624512 72
1615325247639 0.8287237286567688 73
1615325281719 0.8046712875366211 74
1615325316377 0.8359372615814209 75
1615325350432 0.8230366706848145 76
1615325384402 0.8093016147613525 77
1615325418330 0.8481802940368652 78
1615325452526 0.8245986104011536 79
1615325490860 0.8286162614822388 80
1615325524949 0.8459290862083435 81
1615325558797 0.8337149620056152 82
1615325592858 0.8464334011077881 83
1615325626674 0.8424637913703918 84
1615325660504 0.8150360584259033 85
1615325694407 0.8320441246032715 86
1615325728167 0.8292625546455383 87
1615325761984 0.84128338098526 88
1615325795782 0.8470011949539185 89
1615325833863 0.8356997966766357 90
1615325868180 0.8147616386413574 91
1615325903108 0.8099395036697388 92
1615325937913 0.856516420841217 93
1615325972142 0.8356207609176636 94
1615326005948 0.8129309415817261 95
1615326039751 0.8358640074729919 96
1615326074072 0.8436563014984131 97
1615326108006 0.8255813717842102 98
1615326142447 0.8457920551300049 99
1615326180431 0.8328549265861511 100
1615326214362 0.8257046937942505 101
1615326248424 0.8140130043029785 102
1615326282437 0.8477352857589722 103
1615326316335 0.8595748543739319 104
1615326350237 0.8602932691574097 105
1615326384003 0.8425650596618652 106
1615326418035 0.841968297958374 107
1615326452191 0.8583178520202637 108
1615326485932 0.8637568950653076 109
1615326523762 0.8359885811805725 110
1615326558424 0.8575541973114014 111
1615326592446 0.8634306192398071 112
1615326626554 0.8531010150909424 113
1615326660799 0.8338008522987366 114
1615326695137 0.8454008102416992 115
1615326729136 0.8276028633117676 116
1615326763376 0.8562266826629639 117
1615326798034 0.8568992614746094 118
1615326832364 0.8447717428207397 119
1615326870439 0.856304407119751 120
1615326904395 0.8393776416778564 121
1615326938335 0.8463096022605896 122
1615326972008 0.8376947641372681 123
1615327005980 0.8634729981422424 124
1615327039979 0.8475865125656128 125
1615327074048 0.840877890586853 126
1615327108235 0.8325487375259399 127
1615327142234 0.8447220325469971 128
1615327177091 0.8676576614379883 129
1615327215177 0.8779075145721436 130
1615327249620 0.8426312208175659 131
1615327284044 0.8664357662200928 132
1615327318571 0.8533948659896851 133
1615327352646 0.8757296800613403 134
1615327387049 0.8500781059265137 135
1615327421219 0.8515826463699341 136
1615327455349 0.8601266741752625 137
1615327489363 0.861935019493103 138
1615327523255 0.8463756442070007 139
1615327561009 0.8543205857276917 140
1615327595136 0.8438113927841187 141
1615327629074 0.8559572696685791 142
1615327663197 0.8508816957473755 143
1615327697083 0.850353479385376 144
1615327731305 0.8410543203353882 145
1615327765451 0.8465632200241089 146
1615327799704 0.8419826030731201 147
1615327833622 0.8686339855194092 148
1615327867921 0.8281399011611938 149
1615327906181 0.8737360239028931 150
1615327940132 0.8632445335388184 151
1615327974150 0.8485895991325378 152
1615328007968 0.883697509765625 153
1615328042088 0.852690577507019 154
1615328076198 0.8505735397338867 155
1615328109968 0.8535897731781006 156
1615328144198 0.8172296285629272 157
1615328178254 0.8324907422065735 158
1615328212602 0.8518579602241516 159
1615328250749 0.8470247983932495 160
1615328284772 0.8385142683982849 161
1615328318667 0.8519586324691772 162
1615328352852 0.8766945004463196 163
1615328386781 0.8638105392456055 164
1615328420682 0.861168384552002 165
1615328454940 0.853873074054718 166
1615328489169 0.8709919452667236 167
1615328523567 0.8797010779380798 168
1615328557667 0.8561866283416748 169
1615328595804 0.8744813799858093 170
1615328629700 0.8491039276123047 171
1615328663992 0.8390094637870789 172
1615328697888 0.8690171241760254 173
1615328732032 0.861790657043457 174
1615328765995 0.8392174243927002 175
1615328799720 0.8608633279800415 176
1615328833825 0.8820036053657532 177
1615328868240 0.8780498504638672 178
1615328902346 0.8701949715614319 179
1615328940213 0.86098313331604 180
1615328974207 0.8447953462600708 181
1615329009058 0.8285129070281982 182
1615329043333 0.8465973138809204 183
1615329077151 0.8718990087509155 184
1615329111936 0.8469915986061096 185
1615329146038 0.8625130653381348 186
1615329179806 0.8702367544174194 187
1615329214003 0.8576451539993286 188
1615329248131 0.8398046493530273 189
1615329285669 0.8573397397994995 190
1615329319568 0.8660048246383667 191
1615329353607 0.8599849939346313 192
1615329387995 0.8611719012260437 193
1615329422119 0.8430581092834473 194
1615329456423 0.8592617511749268 195
1615329490714 0.8600620031356812 196
1615329525316 0.8594297766685486 197
1615329559284 0.8666210174560547 198
1615329593212 0.8825981616973877 199
1615329631129 0.8818262219429016 200
1615329664911 0.8505886793136597 201
1615329698848 0.8393014073371887 202
1615329732802 0.8768231272697449 203
1615329767114 0.8529367446899414 204
1615329801126 0.8814203143119812 205
1615329835243 0.8601446151733398 206
1615329869515 0.8709885478019714 207
1615329903916 0.855314314365387 208
1615329938380 0.8653969764709473 209
1615329976448 0.864398717880249 210
1615330010557 0.8836008310317993 211
1615330044949 0.8526812791824341 212
1615330079019 0.8701339960098267 213
1615330112929 0.8703404664993286 214
1615330147136 0.857632577419281 215
1615330180901 0.8602166175842285 216
1615330214852 0.8554048538208008 217
1615330249137 0.8631937503814697 218
1615330283122 0.8816537857055664 219
1615330321405 0.8689756393432617 220
1615330355418 0.8718632459640503 221
1615330389592 0.8581421375274658 222
1615330423881 0.8614650964736938 223
1615330457915 0.8560338020324707 224
1615330491914 0.8577661514282227 225
1615330525992 0.8657516837120056 226
1615330559933 0.8724754452705383 227
1615330594198 0.8785722851753235 228
1615330628240 0.8719178438186646 229
1615330665945 0.8654884099960327 230
1615330700120 0.8834694623947144 231
1615330733865 0.8530145883560181 232
1615330768203 0.86735999584198 233
1615330802012 0.8767906427383423 234
1615330835978 0.8577109575271606 235
1615330869738 0.8832710981369019 236
1615330904089 0.868808388710022 237
1615330938247 0.8914446234703064 238
1615330972725 0.8628711700439453 239
1615331010704 0.8736990094184875 240
1615331044819 0.8613520264625549 241
1615331078904 0.8687741160392761 242
1615331112777 0.8693257570266724 243
1615331146666 0.8643879294395447 244
1615331180617 0.8675127029418945 245
1615331214385 0.8649660348892212 246
1615331248457 0.8743991851806641 247
1615331282230 0.8587806224822998 248
1615331316225 0.8700196743011475 249
1615331353809 0.8752869367599487 250
1615331387961 0.8761342763900757 251
1615331421945 0.8795883059501648 252
1615331456060 0.8813077211380005 253
1615331489873 0.8504385948181152 254
1615331523913 0.8684628009796143 255
1615331557849 0.8651813864707947 256
1615331592009 0.8746767044067383 257
1615331626048 0.8843719959259033 258
1615331660130 0.8797807097434998 259
1615331697998 0.8771552443504333 260
1615331732178 0.8677904605865479 261
1615331766474 0.8620467185974121 262
1615331800495 0.8489099740982056 263
1615331834559 0.8777827620506287 264
1615331868734 0.8675669431686401 265
1615331902668 0.8835388422012329 266
1615331937650 0.8814710378646851 267
1615331971884 0.8907269239425659 268
1615332006019 0.8970487117767334 269
1615332043832 0.8862144947052002 270
1615332077727 0.8776094913482666 271
1615332111631 0.8400659561157227 272
1615332145636 0.8715503811836243 273
1615332179563 0.8684773445129395 274
1615332213413 0.8733265399932861 275
1615332247423 0.8553330898284912 276
1615332281468 0.8789258003234863 277
1615332315613 0.8587207794189453 278
1615332349766 0.8898516297340393 279
1615332387483 0.8732206225395203 280
1615332421591 0.8764346241950989 281
1615332455559 0.8668240904808044 282
1615332489474 0.886439859867096 283
1615332523614 0.8633531928062439 284
1615332557531 0.8816311359405518 285
1615332591349 0.8717215061187744 286
1615332625277 0.8799721002578735 287
1615332659288 0.8832177519798279 288
1615332693176 0.8710228204727173 289
1615332730899 0.8743281364440918 290
1615332765040 0.8697625398635864 291
1615332799481 0.8546754717826843 292
1615332833566 0.8641805648803711 293
1615332867899 0.858348548412323 294
1615332902128 0.8661818504333496 295
1615332936225 0.8757839202880859 296
1615332970050 0.8855316042900085 297
1615333004145 0.875204861164093 298
1615333038248 0.8762170672416687 299
1615333076096 0.8725786209106445 300
1615333110039 0.8748500347137451 301
1615333143797 0.8733617067337036 302
1615333177879 0.8928036689758301 303
1615333211951 0.8679489493370056 304
1615333246132 0.8617768287658691 305
1615333280326 0.8654751777648926 306
1615333314791 0.8928338289260864 307
1615333348610 0.8862239718437195 308
1615333382559 0.8700582385063171 309
1615333420570 0.8638222217559814 310
1615333454582 0.8650490045547485 311
1615333489011 0.8525532484054565 312
1615333522909 0.8646867275238037 313
1615333556903 0.879330039024353 314
1615333590873 0.8704031705856323 315
1615333624905 0.8586069345474243 316
1615333658808 0.8559814691543579 317
1615333692863 0.8895555734634399 318
1615333726644 0.8640979528427124 319
1615333764412 0.8819118738174438 320
1615333798374 0.8656172752380371 321
1615333832480 0.877579927444458 322
1615333866646 0.8894050121307373 323
1615333900709 0.8862819671630859 324
1615333935203 0.8773263692855835 325
1615333969194 0.8533440828323364 326
1615334003444 0.8952839374542236 327
1615334037680 0.8789647817611694 328
1615334071674 0.8910114765167236 329
1615334109522 0.8746544718742371 330
1615334143589 0.8994441032409668 331
1615334177389 0.8733260631561279 332
1615334211397 0.8807920217514038 333
1615334245359 0.8735499382019043 334
1615334279171 0.8722750544548035 335
1615334313203 0.8616949319839478 336
1615334347595 0.8645943999290466 337
1615334381674 0.8680776953697205 338
1615334415835 0.8616949319839478 339
1615334453673 0.8766140341758728 340
1615334487841 0.8924524784088135 341
1615334521954 0.8795410394668579 342
1615334556199 0.9076153635978699 343
1615334590460 0.8743793964385986 344
1615334624648 0.8772653341293335 345
1615334658781 0.8620713949203491 346
1615334693042 0.8740350008010864 347
1615334727244 0.8686692714691162 348
1615334761167 0.8867838382720947 349
1615334799073 0.8712757229804993 350
1615334833280 0.8835369348526001 351
1615334867120 0.8867476582527161 352
1615334901072 0.8862794637680054 353
1615334936062 0.8897927403450012 354
1615334969993 0.8954582810401917 355
1615335003984 0.8964122533798218 356
1615335038171 0.8651989698410034 357
1615335072449 0.8835858106613159 358
1615335106231 0.8832981586456299 359
1615335144306 0.8917789459228516 360
1615335178194 0.876895546913147 361
1615335212599 0.8816729187965393 362
1615335246503 0.8844225406646729 363
1615335281495 0.8686977624893188 364
1615335316776 0.8720822334289551 365
1615335351269 0.8754936456680298 366
1615335385225 0.8985268473625183 367
1615335419179 0.8989555835723877 368
1615335453214 0.886844277381897 369
1615335491028 0.8791563510894775 370
1615335525124 0.8710683584213257 371
1615335559170 0.865598201751709 372
1615335592914 0.8788070678710938 373
1615335627128 0.8618864417076111 374
1615335661049 0.8683414459228516 375
1615335694850 0.8504211902618408 376
1615335729014 0.9000606536865234 377
1615335763373 0.8846499919891357 378
1615335797635 0.8952537775039673 379
1615335835964 0.8847513198852539 380
1615335870080 0.8927290439605713 381
1615335904385 0.8889416456222534 382
1615335938699 0.8738008737564087 383
1615335972812 0.8661962747573853 384
1615336007110 0.8546925783157349 385
1615336040976 0.8869374990463257 386
1615336075221 0.889424204826355 387
1615336110909 0.8852592706680298 388
1615336144922 0.9006978273391724 389
1615336182887 0.8886973857879639 390
1615336217022 0.8876278400421143 391
1615336251208 0.896575391292572 392
1615336285327 0.8894214034080505 393
1615336319288 0.872412919998169 394
1615336353756 0.880049467086792 395
1615336388415 0.8961424827575684 396
1615336422813 0.8833509683609009 397
1615336457027 0.887049674987793 398
1615336491165 0.8949856758117676 399
1615336529380 0.8984509706497192 400
1615336563325 0.8720380067825317 401
1615336597450 0.8848786354064941 402
1615336631432 0.8850351572036743 403
1615336665733 0.8830869197845459 404
1615336700175 0.8891971111297607 405
1615336734468 0.8807470798492432 406
1615336768403 0.8809455633163452 407
1615336802360 0.8723642826080322 408
1615336836683 0.8918642997741699 409
1615336874953 0.875186026096344 410
1615336908971 0.8834130764007568 411
1615336942988 0.8884506225585938 412
1615336977082 0.8939614295959473 413
1615337010838 0.8766320943832397 414
1615337044865 0.8711189031600952 415
1615337079141 0.8826979398727417 416
1615337113635 0.8966181874275208 417
1615337147667 0.8863716125488281 418
1615337181839 0.9080771207809448 419
1615337219517 0.883202850818634 420
1615337253438 0.8752224445343018 421
1615337287714 0.8771095275878906 422
1615337321789 0.8913836479187012 423
1615337355599 0.877450704574585 424
1615337389607 0.8833158016204834 425
1615337423444 0.8717094659805298 426
1615337457378 0.8682959079742432 427
1615337491174 0.8937206268310547 428
1615337525103 0.9018816947937012 429
1615337563365 0.8609909415245056 430
1615337597368 0.8964543342590332 431
1615337631714 0.8821872472763062 432
1615337666045 0.8828180432319641 433
1615337700322 0.8585661053657532 434
1615337734459 0.8751686811447144 435
1615337768175 0.9052757024765015 436
1615337802081 0.869633138179779 437
1615337836128 0.8960191011428833 438
1615337870211 0.8821791410446167 439
1615337907923 0.8830471038818359 440
1615337941900 0.8919748067855835 441
1615337975618 0.8925288319587708 442
1615338009415 0.8891756534576416 443
1615338043324 0.8979374170303345 444
1615338077407 0.8918658494949341 445
1615338111401 0.884166955947876 446
1615338145136 0.855232834815979 447
1615338179234 0.8872309327125549 448
1615338213240 0.9073128700256348 449
1615338251534 0.8913434743881226 450
1615338285977 0.9033337831497192 451
1615338320317 0.8855316042900085 452
1615338354625 0.8758214712142944 453
1615338388790 0.8642199039459229 454
1615338422846 0.8777596354484558 455
1615338457049 0.9165447950363159 456
1615338491395 0.8881694078445435 457
1615338525543 0.8853908181190491 458
1615338559495 0.8829089403152466 459
1615338596988 0.8905836343765259 460
1615338630753 0.8854724168777466 461
1615338665040 0.884030818939209 462
1615338699263 0.8906698226928711 463
1615338733256 0.8664039373397827 464
1615338767454 0.897572934627533 465
1615338802455 0.897002100944519 466
1615338837132 0.8744754195213318 467
1615338871256 0.8872859477996826 468
1615338905217 0.8781577348709106 469
1615338943312 0.8832193613052368 470
1615338977139 0.8957083225250244 471
1615339011033 0.8863316774368286 472
1615339045114 0.9015488624572754 473
1615339079239 0.8866279125213623 474
1615339113074 0.8784606456756592 475
1615339147231 0.906898558139801 476
1615339181071 0.8923765420913696 477
1615339215145 0.8733736276626587 478
1615339249488 0.8766729235649109 479
1615339287708 0.872301459312439 480
1615339321860 0.8668904900550842 481
1615339355833 0.8916318416595459 482
1615339389682 0.8810195922851562 483
1615339423595 0.8759628534317017 484
1615339457512 0.8929363489151001 485
1615339491515 0.8939527273178101 486
1615339525614 0.8909934759140015 487
1615339559765 0.8731738328933716 488
1615339593958 0.8985540866851807 489
1615339632233 0.8651211857795715 490
1615339666280 0.8821072578430176 491
1615339700290 0.8792227506637573 492
1615339734183 0.915640115737915 493
1615339768065 0.901893675327301 494
1615339801894 0.8815299272537231 495
1615339835935 0.8884167075157166 496
1615339869737 0.909715473651886 497
1615339904081 0.8857451677322388 498
1615339938391 0.8680266737937927 499
1615339976718 0.8861746788024902 500
1615340010700 0.9004908800125122 501
1615340044586 0.8938045501708984 502
1615340078763 0.8830941915512085 503
1615340112783 0.892022967338562 504
1615340147415 0.8780624866485596 505
1615340181254 0.8754322528839111 506
1615340215161 0.8996246457099915 507
1615340249020 0.8876558542251587 508
1615340283146 0.8714033365249634 509
1615340321318 0.8982344269752502 510
1615340355452 0.8954603672027588 511
1615340389423 0.8928691148757935 512
1615340423373 0.8929475545883179 513
1615340457510 0.8945629000663757 514
1615340491803 0.8845077157020569 515
1615340526238 0.8899719715118408 516
1615340560176 0.8944381475448608 517
1615340594324 0.8695995211601257 518
1615340628483 0.879347562789917 519
1615340666191 0.8698831796646118 520
1615340700211 0.8927946090698242 521
1615340734277 0.8677892088890076 522
1615340768353 0.8804758787155151 523
1615340802545 0.9047800302505493 524
1615340836306 0.9110616445541382 525
1615340870061 0.9022619724273682 526
1615340903968 0.8723928332328796 527
1615340937822 0.8980321884155273 528
1615340972030 0.8768619894981384 529
1615341010063 0.8822352886199951 530
1615341044559 0.9045623540878296 531
1615341078973 0.8686314225196838 532
1615341113439 0.8918584585189819 533
1615341147822 0.9007670879364014 534
1615341181993 0.8672462701797485 535
1615341216234 0.8912410736083984 536
1615341250654 0.9074538946151733 537
1615341285055 0.8670489192008972 538
1615341319103 0.887366771697998 539
1615341357031 0.8897656202316284 540
1615341390896 0.8915482759475708 541
1615341424801 0.9019140601158142 542
1615341458546 0.8836008310317993 543
1615341492874 0.8903249502182007 544
1615341527318 0.9006273746490479 545
1615341561608 0.8796651363372803 546
1615341595949 0.8882755637168884 547
1615341630045 0.8785851001739502 548
1615341663983 0.9175716638565063 549
1615341701998 0.8847993612289429 550
1615341736157 0.8808540105819702 551
1615341769912 0.8744097948074341 552
1615341803962 0.8955815434455872 553
1615341837735 0.8928954601287842 554
1615341871744 0.8780199885368347 555
1615341905942 0.9097902774810791 556
1615341940232 0.9073901176452637 557
1615341974490 0.8812528848648071 558
1615342008567 0.8926772475242615 559
1615342046814 0.9012473821640015 560
1615342081167 0.8972880840301514 561
1615342115172 0.894585132598877 562
1615342149431 0.897716224193573 563
1615342183713 0.891814112663269 564
1615342217925 0.8745610117912292 565
1615342251956 0.8990250825881958 566
1615342285938 0.879472017288208 567
1615342319775 0.8734161853790283 568
1615342353650 0.8958570957183838 569
1615342391824 0.8996341824531555 570
1615342426317 0.8838502168655396 571
1615342460800 0.8989217281341553 572
1615342495027 0.8929704427719116 573
1615342528896 0.8946524858474731 574
1615342562975 0.8954749703407288 575
1615342596932 0.9024649858474731 576
1615342630889 0.8804895281791687 577
1615342665052 0.86879563331604 578
1615342699071 0.9079761505126953 579
1615342737111 0.9113003015518188 580
1615342770962 0.8823114633560181 581
1615342805169 0.8766122460365295 582
1615342839196 0.8828862905502319 583
1615342873319 0.9150165319442749 584
1615342907184 0.9134088158607483 585
1615342941291 0.9026645421981812 586
1615342975582 0.861793041229248 587
1615343009663 0.9043863415718079 588
1615343043887 0.8801828622817993 589
1615343082226 0.8908575773239136 590
1615343116371 0.8937492370605469 591
1615343150512 0.9011081457138062 592
1615343184505 0.9075901508331299 593
1615343218652 0.8816894292831421 594
1615343252974 0.8882054686546326 595
1615343286845 0.8935956358909607 596
1615343320672 0.9093220829963684 597
1615343354456 0.8981527090072632 598
1615343388731 0.9165951609611511 599
1615343426643 0.899906575679779 600
1615343460959 0.8709387183189392 601
1615343495154 0.8938698768615723 602
1615343529589 0.8686306476593018 603
1615343563743 0.9040175676345825 604
1615343597544 0.9103472232818604 605
1615343631336 0.8985658884048462 606
1615343665887 0.8981724381446838 607
1615343699805 0.8892951607704163 608
1615343733845 0.8916143178939819 609
1615343771871 0.9002227783203125 610
1615343806126 0.8869225978851318 611
1615343840453 0.9052687287330627 612
1615343874709 0.8724565505981445 613
1615343908621 0.8888187408447266 614
1615343942918 0.8829994797706604 615
1615343977141 0.912964940071106 616
1615344011388 0.8762918710708618 617
1615344045283 0.8946124315261841 618
1615344079534 0.8844301700592041 619
1615344117691 0.8976723551750183 620
1615344151659 0.8693614602088928 621
1615344185770 0.8805974721908569 622
1615344219647 0.8946115374565125 623
1615344253596 0.8678921461105347 624
1615344287462 0.8965837955474854 625
1615344321468 0.8903137445449829 626
1615344355334 0.8876957297325134 627
1615344389325 0.8981311917304993 628
1615344423214 0.8803594708442688 629
1615344461128 0.8997544050216675 630
1615344495113 0.8832319974899292 631
1615344529083 0.8946667909622192 632
1615344563157 0.8849661350250244 633
1615344597052 0.9027247428894043 634
1615344631109 0.8783860206604004 635
1615344665503 0.9103708267211914 636
1615344699361 0.8931459784507751 637
1615344733894 0.9104877710342407 638
1615344767907 0.8846384286880493 639
1615344805643 0.908623218536377 640
1615344839601 0.8880622386932373 641
1615344873793 0.901862621307373 642
1615344908120 0.8951582908630371 643
1615344942330 0.9006244540214539 644
1615344976340 0.9109015464782715 645
1615345010383 0.9066133499145508 646
1615345044483 0.9102731347084045 647
1615345078280 0.9065521955490112 648
1615345112140 0.895134687423706 649
1615345150297 0.9020853042602539 650
1615345184195 0.8961349725723267 651
1615345217913 0.9033026099205017 652
1615345251742 0.903730034828186 653
1615345285632 0.9029169082641602 654
1615345319842 0.8984675407409668 655
1615345354078 0.9019180536270142 656
1615345388590 0.908423900604248 657
1615345423032 0.902195155620575 658
1615345457271 0.9020864963531494 659
1615345495784 0.8862786293029785 660
1615345529961 0.9091659784317017 661
1615345564031 0.8911981582641602 662
1615345597968 0.8812237977981567 663
1615345631845 0.9231724739074707 664
1615345665891 0.8918219804763794 665
1615345699879 0.9034346342086792 666
1615345734049 0.9093827605247498 667
1615345767942 0.8858245611190796 668
1615345802078 0.9140724539756775 669
1615345840345 0.8990743160247803 670
1615345874328 0.8999423980712891 671
1615345908287 0.9078153967857361 672
1615345942159 0.8845216035842896 673
1615345976274 0.9136298894882202 674
1615346010498 0.8943267464637756 675
1615346044407 0.8941824436187744 676
1615346078406 0.8924602270126343 677
1615346112576 0.8819212913513184 678
1615346146637 0.9069186449050903 679
1615346184458 0.9078272581100464 680
1615346218582 0.8776273727416992 681
1615346252732 0.8877331018447876 682
1615346286932 0.9039065837860107 683
1615346321086 0.9054641723632812 684
1615346355342 0.8981659412384033 685
1615346389285 0.9073750972747803 686
1615346423392 0.8793922066688538 687
1615346457409 0.8833991289138794 688
1615346491454 0.8866056203842163 689
1615346529395 0.9027678966522217 690
1615346563483 0.884064257144928 691
1615346597642 0.8937910795211792 692
1615346631551 0.8985594511032104 693
1615346665521 0.9006731510162354 694
1615346699761 0.903592050075531 695
1615346734136 0.900708019733429 696
1615346768172 0.8843880891799927 697
1615346802442 0.8876913189888 698
1615346836472 0.911051869392395 699
1615346874394 0.8931803703308105 700
1615346908402 0.890821099281311 701
1615346942547 0.9036351442337036 702
1615346976704 0.889412522315979 703
1615347010885 0.883091390132904 704
1615347044997 0.8892751932144165 705
1615347078881 0.8726065158843994 706
1615347113207 0.9148489236831665 707
1615347147073 0.8877066373825073 708
1615347180979 0.8978277444839478 709
1615347218934 0.8884910345077515 710
1615347253092 0.914313554763794 711
1615347286937 0.8775404095649719 712
1615347320997 0.8986833095550537 713
1615347355194 0.9072644710540771 714
1615347389520 0.9070066213607788 715
1615347423794 0.9087597727775574 716
1615347457836 0.899490237236023 717
1615347492041 0.8867509961128235 718
1615347526216 0.9046193361282349 719
1615347565727 0.8960046768188477 720
1615347599682 0.8984563946723938 721
1615347633506 0.9011690020561218 722
1615347667369 0.8995582461357117 723
1615347701368 0.9116988182067871 724
1615347735214 0.9057213068008423 725
1615347769363 0.8902223110198975 726
1615347803546 0.8949798345565796 727
1615347837800 0.8955742120742798 728
1615347871949 0.8996526598930359 729
1615347909988 0.9053335189819336 730
1615347944047 0.8868576288223267 731
1615347977975 0.8856741189956665 732
1615348011958 0.8862988948822021 733
1615348046158 0.9123963117599487 734
1615348080067 0.9010240435600281 735
1615348114272 0.9070216417312622 736
1615348148200 0.8929345607757568 737
1615348182063 0.910545825958252 738
1615348215891 0.9033732414245605 739
1615348253869 0.8792954683303833 740
1615348287980 0.8815001845359802 741
1615348322487 0.8976153135299683 742
1615348356789 0.9070775508880615 743
1615348391104 0.8944805860519409 744
1615348425221 0.8890436291694641 745
1615348459389 0.9019597768783569 746
1615348493323 0.9109663367271423 747
1615348527485 0.902201771736145 748
1615348561288 0.9095204472541809 749
1615348599400 0.9113414883613586 750
1615348633566 0.9012404084205627 751
1615348667602 0.8735474348068237 752
1615348701400 0.9047124981880188 753
1615348735242 0.9042909145355225 754
1615348769335 0.9057676792144775 755
1615348803297 0.9111117124557495 756
1615348837350 0.8966087102890015 757
1615348871799 0.9022707939147949 758
1615348906097 0.9054690003395081 759
1615348944298 0.9169427752494812 760
1615348978356 0.9097902178764343 761
1615349012520 0.9083532094955444 762
1615349046524 0.9246090054512024 763
1615349080375 0.8796800971031189 764
1615349114424 0.8921585083007812 765
1615349148601 0.8781697750091553 766
1615349182857 0.8950174450874329 767
1615349217044 0.9020366668701172 768
1615349250749 0.8988001346588135 769
1615349288505 0.9093209505081177 770
1615349322425 0.9075111746788025 771
1615349356618 0.9042397737503052 772
1615349390699 0.8863170742988586 773
1615349424581 0.8922983407974243 774
1615349458312 0.9184733033180237 775
1615349492484 0.8861083388328552 776
1615349526631 0.9031447172164917 777
1615349560664 0.8867826461791992 778
1615349594854 0.9023085832595825 779
1615349633186 0.8833508491516113 780
1615349667489 0.8975915908813477 781
1615349701853 0.8942639827728271 782
1615349735875 0.9075759649276733 783
1615349769926 0.8931869268417358 784
1615349804167 0.8776015043258667 785
1615349838384 0.8960975408554077 786
1615349872299 0.9164698123931885 787
1615349906311 0.8918256759643555 788
1615349940256 0.872974157333374 789
1615349978573 0.8945522308349609 790
1615350012682 0.9097530841827393 791
1615350046867 0.9048826694488525 792
1615350081009 0.8948792219161987 793
1615350114995 0.8870611786842346 794
1615350148877 0.9065237641334534 795
1615350183093 0.9004350900650024 796
1615350216970 0.9118794202804565 797
1615350250797 0.9129266738891602 798
1615350284930 0.8776715993881226 799
1615350323069 0.9111750721931458 800
1615350357171 0.8928102850914001 801
1615350391077 0.8724935054779053 802
1615350424989 0.9060325622558594 803
1615350459363 0.9090733528137207 804
1615350493650 0.8965363502502441 805
1615350527825 0.9014123678207397 806
1615350562163 0.903888463973999 807
1615350596082 0.9021022319793701 808
1615350630124 0.8796840906143188 809
1615350667753 0.8980801105499268 810
1615350701652 0.8823192119598389 811
1615350736170 0.8985710144042969 812
1615350770018 0.906051754951477 813
1615350803788 0.9101583361625671 814
1615350837664 0.8896773457527161 815
1615350871643 0.9046711921691895 816
1615350905826 0.9014362692832947 817
1615350939552 0.9053805470466614 818
1615350973818 0.9068909287452698 819
1615351011480 0.8877524137496948 820
1615351045365 0.8923544883728027 821
1615351079754 0.9068101048469543 822
1615351113826 0.8903999328613281 823
1615351147794 0.8910401463508606 824
1615351181794 0.8785779476165771 825
1615351215608 0.8904023170471191 826
1615351249865 0.907300591468811 827
1615351284186 0.9053530097007751 828
1615351318098 0.8927047252655029 829
1615351356228 0.8971854448318481 830
1615351390442 0.8848236799240112 831
1615351424180 0.9008843898773193 832
1615351458268 0.8991789817810059 833
1615351492466 0.8904423713684082 834
1615351526515 0.8966852426528931 835
1615351560370 0.8915694952011108 836
1615351594206 0.9079961776733398 837
1615351628070 0.9014767408370972 838
1615351662243 0.8934319615364075 839
1615351700267 0.883868932723999 840
1615351734252 0.9036720395088196 841
1615351768470 0.8849540948867798 842
1615351802408 0.9175329208374023 843
1615351836792 0.8859703540802002 844
1615351871196 0.915058970451355 845
1615351905350 0.8908543586730957 846
1615351939176 0.8942922353744507 847
1615351973674 0.9057971239089966 848
1615352007734 0.9164924621582031 849
1615352045571 0.9049111604690552 850
1615352079679 0.9045795202255249 851
1615352114249 0.9201309680938721 852
1615352148193 0.9006532430648804 853
1615352182263 0.9049301147460938 854
1615352216113 0.9145219326019287 855
1615352250252 0.8693985342979431 856
1615352284061 0.894628643989563 857
1615352318054 0.9093892574310303 858
1615352352009 0.897185206413269 859
1615352389564 0.9065062403678894 860
1615352423753 0.9109097719192505 861
1615352457934 0.8920058608055115 862
1615352492454 0.8984786868095398 863
1615352526566 0.8993844985961914 864
1615352560816 0.907138466835022 865
1615352595297 0.9057438373565674 866
1615352629165 0.9014686942100525 867
1615352663042 0.9140565395355225 868
1615352697246 0.9018629789352417 869
1615352735243 0.9107055068016052 870
1615352769257 0.8900766372680664 871
1615352803489 0.8960294723510742 872
1615352837579 0.89987713098526 873
1615352871644 0.911298930644989 874
1615352905592 0.8972809314727783 875
1615352939796 0.8976513147354126 876
1615352973757 0.900755763053894 877
1615353007967 0.900398850440979 878
1615353041794 0.8811377882957458 879
1615353079274 0.9187777042388916 880
1615353113724 0.9266190528869629 881
1615353148233 0.8823928833007812 882
1615353182316 0.9064418077468872 883
1615353216435 0.903394341468811 884
1615353250355 0.8830480575561523 885
1615353284681 0.8872480392456055 886
1615353318643 0.9011878371238708 887
1615353352532 0.8821447491645813 888
1615353386486 0.9288918972015381 889
1615353424398 0.9135810136795044 890
1615353458247 0.8903505206108093 891
1615353492084 0.898955225944519 892
1615353525907 0.908421516418457 893
1615353559972 0.9061397314071655 894
1615353594563 0.9006277322769165 895
1615353628940 0.9098671078681946 896
1615353663284 0.89432692527771 897
1615353697312 0.9037671089172363 898
1615353731264 0.8966572284698486 899
1615353769251 0.8947713375091553 900
1615353803299 0.9010599851608276 901
1615353837298 0.9039590358734131 902
1615353871524 0.9183192253112793 903
1615353905647 0.8862713575363159 904
1615353939409 0.9167243242263794 905
1615353973177 0.9050084352493286 906
1615354007413 0.892017126083374 907
1615354041595 0.903708279132843 908
1615354075811 0.9149401187896729 909
1615354113480 0.9064037799835205 910
1615354147486 0.9021755456924438 911
1615354181678 0.9019652605056763 912
1615354215879 0.8927623629570007 913
1615354250156 0.9151080250740051 914
1615354284231 0.9009571075439453 915
1615354318374 0.8949923515319824 916
1615354352493 0.9049321413040161 917
1615354386361 0.9191675186157227 918
1615354420574 0.8854532241821289 919
1615354458756 0.9166814684867859 920
1615354492904 0.9052196145057678 921
1615354527213 0.8978474140167236 922
1615354561532 0.9080952405929565 923
1615354595407 0.9069654941558838 924
1615354629376 0.8975724577903748 925
1615354663433 0.8991837501525879 926
1615354697576 0.9044917225837708 927
1615354731685 0.9125590324401855 928
1615354765780 0.9133623838424683 929
1615354804181 0.8872483968734741 930
1615354838499 0.8963367342948914 931
1615354872904 0.902022123336792 932
1615354907288 0.8923981189727783 933
1615354942684 0.9247055649757385 934
1615354977113 0.8708803653717041 935
1615355011447 0.9008418321609497 936
1615355045700 0.9038454294204712 937
1615355079982 0.9035059213638306 938
1615355114040 0.9108283519744873 939
1615355151747 0.8957834243774414 940
1615355186015 0.9000173807144165 941
1615355220173 0.9131382703781128 942
1615355254191 0.9010640978813171 943
1615355288221 0.8945292234420776 944
1615355322603 0.8986272811889648 945
1615355357029 0.9085914492607117 946
1615355391299 0.9145022034645081 947
1615355425922 0.9096649885177612 948
1615355460162 0.9114456176757812 949
1615355498179 0.8993252515792847 950
1615355532403 0.90748131275177 951
1615355566428 0.9003800749778748 952
1615355600181 0.8963143229484558 953
1615355633971 0.8987982273101807 954
1615355668321 0.8958960771560669 955
1615355702475 0.894764244556427 956
1615355736539 0.9072142243385315 957
1615355770732 0.9105195999145508 958
1615355804978 0.9196999073028564 959
1615355843035 0.9022474884986877 960
1615355877317 0.8988078832626343 961
1615355911621 0.9094043374061584 962
1615355945404 0.8944215774536133 963
1615355979411 0.8969043493270874 964
1615356013240 0.9010693430900574 965
1615356047193 0.8971946835517883 966
1615356081694 0.8877818584442139 967
1615356115973 0.9080841541290283 968
1615356150245 0.9187153577804565 969
1615356188602 0.8879406452178955 970
1615356222476 0.9055980443954468 971
1615356256426 0.9113726019859314 972
1615356290408 0.9029015898704529 973
1615356324437 0.9124699234962463 974
1615356358837 0.9196434020996094 975
1615356392896 0.9237322807312012 976
1615356426866 0.9128165245056152 977
1615356461000 0.9186577796936035 978
1615356495125 0.9216548204421997 979
1615356533011 0.9031060934066772 980
1615356567075 0.9151625633239746 981
1615356601113 0.9162181615829468 982
1615356635624 0.9056514501571655 983
1615356669878 0.903162956237793 984
1615356703835 0.9300810694694519 985
1615356737760 0.9041785597801208 986
1615356771779 0.9137064218521118 987
1615356805581 0.8926564455032349 988
1615356839575 0.9085327386856079 989
1615356877714 0.9035646915435791 990
1615356911812 0.9078164100646973 991
1615356945939 0.8903234004974365 992
1615356979940 0.8893365859985352 993
1615357013869 0.9053647518157959 994
1615357048127 0.9215894937515259 995
1615357082352 0.8889205455780029 996
1615357116200 0.9090617299079895 997
1615357150168 0.9201713800430298 998
1615357184067 0.8902281522750854 999
1615357221617 0.9109458923339844 1000
1615357255628 0.9016522169113159 1001
1615357289765 0.9160983562469482 1002
1615357323826 0.9090980291366577 1003
1615357358055 0.9056418538093567 1004
1615357392627 0.9190471172332764 1005
1615357427278 0.9147412776947021 1006
1615357461942 0.907412052154541 1007
1615357496596 0.9130119681358337 1008
1615357531198 0.9112883806228638 1009
1615357569449 0.9135966300964355 1010
1615357603608 0.8867199420928955 1011
1615357637394 0.9178104996681213 1012
1615357671550 0.8942415714263916 1013
1615357705798 0.9013570547103882 1014
1615357739640 0.9135304689407349 1015
1615357773570 0.9016856551170349 1016
1615357807564 0.8756266832351685 1017
1615357841713 0.9138962030410767 1018
1615357875929 0.9125036001205444 1019
1615357913761 0.8677948713302612 1020
1615357947997 0.9092646837234497 1021
1615357981930 0.8978228569030762 1022
1615358015849 0.9297134876251221 1023
1615358049830 0.9171820878982544 1024
1615358084045 0.9082018136978149 1025
1615358118059 0.8988641500473022 1026
1615358152218 0.9075310230255127 1027
1615358186571 0.9107154607772827 1028
1615358220904 0.89654541015625 1029
1615358259057 0.9166511297225952 1030
1615358293361 0.9043481945991516 1031
1615358327718 0.9253455400466919 1032
1615358361965 0.9177464246749878 1033
1615358396359 0.8972574472427368 1034
1615358430492 0.9047164916992188 1035
1615358464712 0.8819005489349365 1036
1615358498764 0.927163302898407 1037
1615358532869 0.908057451248169 1038
1615358566952 0.9004119634628296 1039
1615358604918 0.9081981182098389 1040
1615358639136 0.9021860957145691 1041
1615358673355 0.902714729309082 1042
1615358707620 0.8942110538482666 1043
1615358741792 0.8992826342582703 1044
1615358776170 0.9147994518280029 1045
1615358810477 0.9115651845932007 1046
1615358844789 0.9264998435974121 1047
1615358878933 0.9031729698181152 1048
1615358913243 0.9098003506660461 1049
1615358951280 0.913666844367981 1050
1615358985275 0.9145056009292603 1051
1615359019166 0.906835675239563 1052
1615359053188 0.8969637751579285 1053
1615359087217 0.9125775098800659 1054
1615359121201 0.9028028249740601 1055
1615359155083 0.9012149572372437 1056
1615359188969 0.9036520719528198 1057
1615359222946 0.9234222173690796 1058
1615359257109 0.9274451732635498 1059
1615359294999 0.914360761642456 1060
1615359329244 0.9195009469985962 1061
1615359363808 0.9064148664474487 1062
1615359398010 0.8850771188735962 1063
1615359432258 0.9235275387763977 1064
1615359466257 0.9212526082992554 1065
1615359500361 0.91208815574646 1066
1615359534631 0.8973501920700073 1067
1615359568644 0.9004702568054199 1068
1615359602714 0.8920066356658936 1069
1615359640755 0.8921142816543579 1070
1615359675292 0.9101413488388062 1071
1615359709510 0.9070993065834045 1072
1615359743516 0.9031573534011841 1073
1615359777711 0.903701901435852 1074
1615359811629 0.9134538173675537 1075
1615359845893 0.9169867038726807 1076
1615359879931 0.916719913482666 1077
1615359914113 0.8941997289657593 1078
1615359948268 0.9137728214263916 1079
1615359986191 0.9109233021736145 1080
1615360020287 0.8815992474555969 1081
1615360054372 0.9079362154006958 1082
1615360088306 0.9084422588348389 1083
1615360122539 0.9013053178787231 1084
1615360156796 0.9072343111038208 1085
1615360191364 0.8967002630233765 1086
1615360226135 0.8965021371841431 1087
1615360260374 0.9060770273208618 1088
1615360294679 0.9054945707321167 1089
1615360332566 0.925171971321106 1090
1615360366544 0.9161045551300049 1091
1615360400850 0.9114149212837219 1092
1615360435104 0.8966653347015381 1093
1615360469039 0.9075843095779419 1094
1615360503192 0.8993922472000122 1095
1615360537126 0.9181723594665527 1096
1615360571037 0.9023710489273071 1097
1615360604968 0.9082663059234619 1098
1615360638823 0.9023464918136597 1099
1615360676972 0.9084159135818481 1100
1615360710788 0.9080138206481934 1101
1615360744725 0.9059745669364929 1102
1615360779075 0.9038960933685303 1103
1615360813422 0.9311161041259766 1104
1615360847638 0.9106003046035767 1105
1615360881898 0.9130982160568237 1106
1615360916310 0.897036075592041 1107
1615360950566 0.912295401096344 1108
1615360984588 0.9079830646514893 1109
1615361022799 0.9126429557800293 1110
1615361057103 0.9215996265411377 1111
1615361091296 0.9149963855743408 1112
1615361125309 0.8934469223022461 1113
1615361159291 0.9116194844245911 1114
1615361193378 0.8991312980651855 1115
1615361227305 0.8923375606536865 1116
1615361261242 0.9095717668533325 1117
1615361295229 0.8984983563423157 1118
1615361329168 0.9112697839736938 1119
1615361367615 0.9255757331848145 1120
1615361401636 0.9010478854179382 1121
1615361435668 0.9112560749053955 1122
1615361469859 0.9058784246444702 1123
1615361504056 0.9050770998001099 1124
1615361538326 0.9246134757995605 1125
1615361572666 0.88850998878479 1126
1615361606917 0.9189834594726562 1127
1615361641140 0.9011592864990234 1128
1615361675061 0.8953440189361572 1129
1615361713016 0.9005626440048218 1130
1615361747260 0.8940947651863098 1131
1615361781322 0.9056476354598999 1132
1615361815733 0.9125396013259888 1133
1615361849915 0.9011122584342957 1134
1615361883878 0.8939074277877808 1135
1615361918226 0.9022971987724304 1136
1615361952102 0.9020998477935791 1137
1615361986212 0.8914624452590942 1138
1615362020324 0.907992422580719 1139
1615362058278 0.9188721179962158 1140
1615362092452 0.9169926643371582 1141
1615362126422 0.9016543030738831 1142
1615362160409 0.8944902420043945 1143
1615362194414 0.9122170209884644 1144
1615362228471 0.8885946273803711 1145
1615362262591 0.8911775350570679 1146
1615362296964 0.9047046899795532 1147
1615362331210 0.8892835974693298 1148
1615362365519 0.9075911045074463 1149
1615362403622 0.894662082195282 1150
1615362437557 0.8995376825332642 1151
1615362471516 0.9038991928100586 1152
1615362505687 0.9215201139450073 1153
1615362539547 0.898638129234314 1154
1615362573889 0.9122995734214783 1155
1615362607820 0.8935122489929199 1156
1615362641771 0.8982747793197632 1157
1615362675653 0.9158316850662231 1158
1615362709628 0.8920247554779053 1159
1615362747381 0.8918801546096802 1160
1615362781292 0.9120482206344604 1161
1615362815137 0.8967798352241516 1162
1615362849349 0.9085783958435059 1163
1615362883606 0.910025417804718 1164
1615362917772 0.9079653024673462 1165
1615362951936 0.913699746131897 1166
1615362985973 0.8801819086074829 1167
1615363019859 0.9128832221031189 1168
1615363053817 0.8917167782783508 1169
1615363091832 0.913282573223114 1170
1615363126169 0.9002091884613037 1171
1615363160581 0.9015339016914368 1172
1615363194848 0.9006720781326294 1173
1615363229189 0.9023948311805725 1174
1615363263342 0.9041018486022949 1175
1615363297550 0.9059617519378662 1176
1615363331703 0.8836805820465088 1177
1615363365999 0.9203412532806396 1178
1615363399918 0.9072041511535645 1179
1615363437934 0.924817681312561 1180
1615363471822 0.8877992630004883 1181
1615363505973 0.9134445786476135 1182
1615363540199 0.9141995906829834 1183
1615363574450 0.9043276309967041 1184
1615363608508 0.9003570675849915 1185
1615363642749 0.9013949632644653 1186
1615363676917 0.9014051556587219 1187
1615363711088 0.9188289642333984 1188
1615363745333 0.9228000640869141 1189
1615363783723 0.9014651775360107 1190
1615363817567 0.906517505645752 1191
1615363851822 0.8992814421653748 1192
1615363885982 0.9137662649154663 1193
1615363920066 0.9142520427703857 1194
1615363954269 0.9043492674827576 1195
1615363989025 0.9149255156517029 1196
1615364023105 0.909516453742981 1197
1615364057230 0.9147545099258423 1198
1615364091201 0.9193295836448669 1199
1615364128976 0.8874890804290771 1200
1615364151603 0.899660587310791 0
1615364151623 0.899660587310791 0
