1615322768702 0.15155082941055298 1
1615322802601 0.18170933425426483 2
1615322836667 0.24811822175979614 3
1615322870549 0.28851550817489624 4
1615322904611 0.3143850564956665 5
1615322939050 0.3421506881713867 6
1615322973162 0.30645573139190674 7
1615323007338 0.3193376064300537 8
1615323041344 0.3302748203277588 9
1615323079058 0.3343349099159241 10
1615323113075 0.347767174243927 11
1615323147184 0.3369143605232239 12
1615323181387 0.3397858738899231 13
1615323215511 0.34554916620254517 14
1615323249994 0.35687875747680664 15
1615323283785 0.3399540185928345 16
1615323317714 0.3384785056114197 17
1615323351556 0.3760015368461609 18
1615323385456 0.3713906407356262 19
1615323423835 0.3601880669593811 20
1615323457744 0.3531007170677185 21
1615323491798 0.3586840331554413 22
1615323525783 0.37204480171203613 23
1615323559781 0.38319963216781616 24
1615323594077 0.37941575050354004 25
1615323628247 0.372275710105896 26
1615323662325 0.33679908514022827 27
1615323696327 0.3485182821750641 28
1615323730713 0.38016295433044434 29
1615323769049 0.3623679280281067 30
1615323802945 0.37104442715644836 31
1615323836845 0.3888755440711975 32
1615323871149 0.39851635694503784 33
1615323904970 0.3922118544578552 34
1615323939120 0.37689658999443054 35
1615323972971 0.3851030170917511 36
1615324006827 0.3751944899559021 37
1615324040810 0.39901331067085266 38
1615324074891 0.3842589855194092 39
1615324113020 0.40008389949798584 40
1615324147032 0.3807370662689209 41
1615324181155 0.4174953103065491 42
1615324215246 0.40794849395751953 43
1615324249199 0.4102800786495209 44
1615324283270 0.39620256423950195 45
1615324317061 0.3821205794811249 46
1615324351592 0.40304315090179443 47
1615324385537 0.41053736209869385 48
1615324419328 0.4091198444366455 49
1615324457403 0.4052064120769501 50
1615324491239 0.3964974582195282 51
1615324525384 0.40181291103363037 52
1615324559472 0.404313862323761 53
1615324593691 0.4003734290599823 54
1615324627687 0.3924233913421631 55
1615324661777 0.40522539615631104 56
1615324696153 0.3873618245124817 57
1615324730263 0.4018799066543579 58
1615324764228 0.4032292366027832 59
1615324801876 0.40103521943092346 60
1615324836070 0.39092063903808594 61
1615324870133 0.4065764248371124 62
1615324903964 0.41275525093078613 63
1615324938129 0.40919598937034607 64
1615324972222 0.3965972065925598 65
1615325006363 0.39123213291168213 66
1615325040223 0.3729497194290161 67
1615325074207 0.37647533416748047 68
1615325108007 0.3908545970916748 69
1615325145682 0.40781456232070923 70
1615325179481 0.3995804488658905 71
1615325213502 0.4108993411064148 72
1615325247639 0.4121057987213135 73
1615325281719 0.39512887597084045 74
1615325316377 0.420793741941452 75
1615325350432 0.40493547916412354 76
1615325384402 0.3991066813468933 77
1615325418330 0.432017982006073 78
1615325452526 0.40913641452789307 79
1615325490860 0.4092319905757904 80
1615325524949 0.42956387996673584 81
1615325558797 0.4216979444026947 82
1615325592858 0.42582231760025024 83
1615325626674 0.4242504835128784 84
1615325660504 0.4017523527145386 85
1615325694407 0.41453462839126587 86
1615325728167 0.4097692668437958 87
1615325761984 0.42278197407722473 88
1615325795782 0.4289249777793884 89
1615325833863 0.42049115896224976 90
1615325868180 0.4011079668998718 91
1615325903108 0.4005933403968811 92
1615325937913 0.4386928677558899 93
1615325972142 0.41983574628829956 94
1615326005948 0.4033040404319763 95
1615326039751 0.41920632123947144 96
1615326074072 0.42824575304985046 97
1615326108006 0.4130476713180542 98
1615326142447 0.4293827712535858 99
1615326180431 0.4174061715602875 100
1615326214362 0.40877842903137207 101
1615326248424 0.4006970524787903 102
1615326282437 0.43115925788879395 103
1615326316335 0.44133296608924866 104
1615326350237 0.44667285680770874 105
1615326384003 0.42834246158599854 106
1615326418035 0.42564669251441956 107
1615326452191 0.44003060460090637 108
1615326485932 0.4489133358001709 109
1615326523762 0.42028144001960754 110
1615326558424 0.44179707765579224 111
1615326592446 0.44680720567703247 112
1615326626554 0.43956172466278076 113
1615326660799 0.417198121547699 114
1615326695137 0.4334985911846161 115
1615326729136 0.41546323895454407 116
1615326763376 0.4403876066207886 117
1615326798034 0.4411129951477051 118
1615326832364 0.4304041862487793 119
1615326870439 0.440583199262619 120
1615326904395 0.42638063430786133 121
1615326938335 0.4339176416397095 122
1615326972008 0.42491233348846436 123
1615327005980 0.45102065801620483 124
1615327039979 0.4299633800983429 125
1615327074048 0.42653971910476685 126
1615327108235 0.4192790389060974 127
1615327142234 0.4327365756034851 128
1615327177091 0.45511507987976074 129
1615327215177 0.4622202515602112 130
1615327249620 0.42811959981918335 131
1615327284044 0.44793039560317993 132
1615327318571 0.44280940294265747 133
1615327352646 0.4628860354423523 134
1615327387049 0.4355192482471466 135
1615327421219 0.4458778500556946 136
1615327455349 0.4503375291824341 137
1615327489363 0.44912564754486084 138
1615327523255 0.43488043546676636 139
1615327561009 0.4439361095428467 140
1615327595136 0.4271872639656067 141
1615327629074 0.43967628479003906 142
1615327663197 0.4332544803619385 143
1615327697083 0.43885108828544617 144
1615327731305 0.43128126859664917 145
1615327765451 0.4331405758857727 146
1615327799704 0.4275655746459961 147
1615327833622 0.45415014028549194 148
1615327867921 0.4208744764328003 149
1615327906181 0.45936113595962524 150
1615327940132 0.4443889260292053 151
1615327974150 0.4424945116043091 152
1615328007968 0.4718531370162964 153
1615328042088 0.44418370723724365 154
1615328076198 0.44105809926986694 155
1615328109968 0.4385753273963928 156
1615328144198 0.4072512984275818 157
1615328178254 0.4182377755641937 158
1615328212602 0.4410601258277893 159
1615328250749 0.437873899936676 160
1615328284772 0.43677806854248047 161
1615328318667 0.4451172351837158 162
1615328352852 0.4762789011001587 163
1615328386781 0.46554258465766907 164
1615328420682 0.4581679701805115 165
1615328454940 0.4526529312133789 166
1615328489169 0.4667993187904358 167
1615328523567 0.4853307008743286 168
1615328557667 0.44639378786087036 169
1615328595804 0.45927894115448 170
1615328629700 0.4362921714782715 171
1615328663992 0.4334357976913452 172
1615328697888 0.4725949466228485 173
1615328732032 0.4659369885921478 174
1615328765995 0.43909788131713867 175
1615328799720 0.45447462797164917 176
1615328833825 0.47771233320236206 177
1615328868240 0.4793388843536377 178
1615328902346 0.4634702205657959 179
1615328940213 0.4534410238265991 180
1615328974207 0.4434177279472351 181
1615329009058 0.429190993309021 182
1615329043333 0.44616010785102844 183
1615329077151 0.4708070456981659 184
1615329111936 0.45478159189224243 185
1615329146038 0.46162599325180054 186
1615329179806 0.4606110751628876 187
1615329214003 0.4530223608016968 188
1615329248131 0.44430577754974365 189
1615329285669 0.4572521150112152 190
1615329319568 0.47646790742874146 191
1615329353607 0.4747633635997772 192
1615329387995 0.46574246883392334 193
1615329422119 0.45125776529312134 194
1615329456423 0.4678959846496582 195
1615329490714 0.4650760293006897 196
1615329525316 0.45773744583129883 197
1615329559284 0.4584347605705261 198
1615329593212 0.4939938187599182 199
1615329631129 0.480236291885376 200
1615329664911 0.4722238779067993 201
1615329698848 0.45137694478034973 202
1615329732802 0.47987642884254456 203
1615329767114 0.4540666937828064 204
1615329801126 0.4895516633987427 205
1615329835243 0.46312856674194336 206
1615329869515 0.48224979639053345 207
1615329903916 0.45671749114990234 208
1615329938380 0.46513208746910095 209
1615329976448 0.4625532627105713 210
1615330010557 0.48749643564224243 211
1615330044949 0.45754602551460266 212
1615330079019 0.4899606704711914 213
1615330112929 0.48482903838157654 214
1615330147136 0.4682820439338684 215
1615330180901 0.4634055495262146 216
1615330214852 0.46918535232543945 217
1615330249137 0.47954005002975464 218
1615330283122 0.4961293935775757 219
1615330321405 0.49715888500213623 220
1615330355418 0.4888272285461426 221
1615330389592 0.4673013687133789 222
1615330423881 0.46910595893859863 223
1615330457915 0.4753299355506897 224
1615330491914 0.46544450521469116 225
1615330525992 0.4689374566078186 226
1615330559933 0.48698318004608154 227
1615330594198 0.49272024631500244 228
1615330628240 0.4801264703273773 229
1615330665945 0.4714397192001343 230
1615330700120 0.48555052280426025 231
1615330733865 0.46262580156326294 232
1615330768203 0.4764217138290405 233
1615330802012 0.49678051471710205 234
1615330835978 0.46770691871643066 235
1615330869738 0.4961503744125366 236
1615330904089 0.48030272126197815 237
1615330938247 0.5027928948402405 238
1615330972725 0.4778496026992798 239
1615331010704 0.4829075336456299 240
1615331044819 0.47736018896102905 241
1615331078904 0.486728310585022 242
1615331112777 0.47994405031204224 243
1615331146666 0.4899643659591675 244
1615331180617 0.4795997142791748 245
1615331214385 0.4880560636520386 246
1615331248457 0.496088445186615 247
1615331282230 0.4786657989025116 248
1615331316225 0.4817058742046356 249
1615331353809 0.4858974814414978 250
1615331387961 0.4956718385219574 251
1615331421945 0.49780938029289246 252
1615331456060 0.5066933631896973 253
1615331489873 0.45884400606155396 254
1615331523913 0.47787147760391235 255
1615331557849 0.46609389781951904 256
1615331592009 0.4870097041130066 257
1615331626048 0.5111067891120911 258
1615331660130 0.5006966590881348 259
1615331697998 0.49168986082077026 260
1615331732178 0.4907708764076233 261
1615331766474 0.4588564336299896 262
1615331800495 0.46114930510520935 263
1615331834559 0.492161363363266 264
1615331868734 0.4856158494949341 265
1615331902668 0.49208295345306396 266
1615331937650 0.5081522464752197 267
1615331971884 0.5115693211555481 268
1615332006019 0.5190136432647705 269
1615332043832 0.517509937286377 270
1615332077727 0.5118983387947083 271
1615332111631 0.4524227976799011 272
1615332145636 0.4829171299934387 273
1615332179563 0.48920947313308716 274
1615332213413 0.5057290196418762 275
1615332247423 0.4677011966705322 276
1615332281468 0.4940944015979767 277
1615332315613 0.48177969455718994 278
1615332349766 0.5261548161506653 279
1615332387483 0.4985681474208832 280
1615332421591 0.4988803565502167 281
1615332455559 0.4888215661048889 282
1615332489474 0.5151862502098083 283
1615332523614 0.48668473958969116 284
1615332557531 0.5096735954284668 285
1615332591349 0.5013917088508606 286
1615332625277 0.506902277469635 287
1615332659288 0.5158393979072571 288
1615332693176 0.5012892484664917 289
1615332730899 0.4920419156551361 290
1615332765040 0.5013030767440796 291
1615332799481 0.4826648235321045 292
1615332833566 0.48217764496803284 293
1615332867899 0.4877174496650696 294
1615332902128 0.4825454652309418 295
1615332936225 0.5024899244308472 296
1615332970050 0.502913773059845 297
1615333004145 0.5032428503036499 298
1615333038248 0.5080890655517578 299
1615333076096 0.49553006887435913 300
1615333110039 0.49529725313186646 301
1615333143797 0.5023873448371887 302
1615333177879 0.5221142768859863 303
1615333211951 0.49711740016937256 304
1615333246132 0.49408966302871704 305
1615333280326 0.496537983417511 306
1615333314791 0.5217156410217285 307
1615333348610 0.5180279016494751 308
1615333382559 0.49579620361328125 309
1615333420570 0.4834241271018982 310
1615333454582 0.4855766296386719 311
1615333489011 0.4683377146720886 312
1615333522909 0.49811339378356934 313
1615333556903 0.50602126121521 314
1615333590873 0.5000057220458984 315
1615333624905 0.4860255718231201 316
1615333658808 0.47421830892562866 317
1615333692863 0.508700966835022 318
1615333726644 0.49418050050735474 319
1615333764412 0.5152286291122437 320
1615333798374 0.49619558453559875 321
1615333832480 0.5011854767799377 322
1615333866646 0.5256112813949585 323
1615333900709 0.5144774317741394 324
1615333935203 0.518726646900177 325
1615333969194 0.47661250829696655 326
1615334003444 0.5307990908622742 327
1615334037680 0.5199544429779053 328
1615334071674 0.535789966583252 329
1615334109522 0.49747759103775024 330
1615334143589 0.5351811647415161 331
1615334177389 0.5094850063323975 332
1615334211397 0.5215437412261963 333
1615334245359 0.49928927421569824 334
1615334279171 0.5052813291549683 335
1615334313203 0.4837760925292969 336
1615334347595 0.5092357993125916 337
1615334381674 0.48911425471305847 338
1615334415835 0.4920359253883362 339
1615334453673 0.5027235746383667 340
1615334487841 0.5265213251113892 341
1615334521954 0.5137252807617188 342
1615334556199 0.5552291870117188 343
1615334590460 0.5019015073776245 344
1615334624648 0.5094058513641357 345
1615334658781 0.4925856292247772 346
1615334693042 0.5052071809768677 347
1615334727244 0.5014318227767944 348
1615334761167 0.5208463072776794 349
1615334799073 0.490961492061615 350
1615334833280 0.5126020312309265 351
1615334867120 0.5262051820755005 352
1615334901072 0.5265308022499084 353
1615334936062 0.5366345643997192 354
1615334969993 0.5258885025978088 355
1615335003984 0.5198913812637329 356
1615335038171 0.5027177333831787 357
1615335072449 0.51006019115448 358
1615335106231 0.5318784713745117 359
1615335144306 0.5317389965057373 360
1615335178194 0.5308992862701416 361
1615335212599 0.4983496069908142 362
1615335246503 0.5279955863952637 363
1615335281495 0.4999781847000122 364
1615335316776 0.5115366578102112 365
1615335351269 0.5063551068305969 366
1615335385225 0.53917396068573 367
1615335419179 0.5472599864006042 368
1615335453214 0.5111801624298096 369
1615335491028 0.517812967300415 370
1615335525124 0.5188238620758057 371
1615335559170 0.4927016496658325 372
1615335592914 0.51751708984375 373
1615335627128 0.49132078886032104 374
1615335661049 0.5022434592247009 375
1615335694850 0.4817260801792145 376
1615335729014 0.5358848571777344 377
1615335763373 0.5135014057159424 378
1615335797635 0.5354825258255005 379
1615335835964 0.5206706523895264 380
1615335870080 0.5334027409553528 381
1615335904385 0.5243204832077026 382
1615335938699 0.5110363960266113 383
1615335972812 0.48980313539505005 384
1615336007110 0.4904899597167969 385
1615336040976 0.5196316838264465 386
1615336075221 0.5396745204925537 387
1615336110909 0.5275490283966064 388
1615336144922 0.5423097610473633 389
1615336182887 0.53411865234375 390
1615336217022 0.5281422138214111 391
1615336251208 0.5375440120697021 392
1615336285327 0.5449411273002625 393
1615336319288 0.5133731365203857 394
1615336353756 0.5270618200302124 395
1615336388415 0.5423159003257751 396
1615336422813 0.5214807391166687 397
1615336457027 0.5350877046585083 398
1615336491165 0.5254700183868408 399
1615336529380 0.5435348749160767 400
1615336563325 0.5064740180969238 401
1615336597450 0.528105616569519 402
1615336631432 0.5245530605316162 403
1615336665733 0.5122090578079224 404
1615336700175 0.5121444463729858 405
1615336734468 0.5249285697937012 406
1615336768403 0.5208696722984314 407
1615336802360 0.5126959085464478 408
1615336836683 0.5439779758453369 409
1615336874953 0.5209581851959229 410
1615336908971 0.5175936818122864 411
1615336942988 0.5190207362174988 412
1615336977082 0.540050745010376 413
1615337010838 0.5157253742218018 414
1615337044865 0.5123483538627625 415
1615337079141 0.522499680519104 416
1615337113635 0.5524842143058777 417
1615337147667 0.5157852172851562 418
1615337181839 0.557839035987854 419
1615337219517 0.5024993419647217 420
1615337253438 0.5083906650543213 421
1615337287714 0.5082604885101318 422
1615337321789 0.5257130265235901 423
1615337355599 0.5153770446777344 424
1615337389607 0.5317515134811401 425
1615337423444 0.5051754713058472 426
1615337457378 0.5058992505073547 427
1615337491174 0.5552371740341187 428
1615337525103 0.5501114130020142 429
1615337563365 0.4963277280330658 430
1615337597368 0.5342527627944946 431
1615337631714 0.5325390696525574 432
1615337666045 0.5072153806686401 433
1615337700322 0.5076198577880859 434
1615337734459 0.5176584720611572 435
1615337768175 0.555206298828125 436
1615337802081 0.5261147022247314 437
1615337836128 0.5271974205970764 438
1615337870211 0.5233296751976013 439
1615337907923 0.5214765667915344 440
1615337941900 0.5251913070678711 441
1615337975618 0.5414215922355652 442
1615338009415 0.5354182124137878 443
1615338043324 0.5396134853363037 444
1615338077407 0.5367822647094727 445
1615338111401 0.5196043252944946 446
1615338145136 0.48353540897369385 447
1615338179234 0.5238730907440186 448
1615338213240 0.5669569969177246 449
1615338251534 0.5424399971961975 450
1615338285977 0.5530959367752075 451
1615338320317 0.5238968729972839 452
1615338354625 0.5138152837753296 453
1615338388790 0.4892484247684479 454
1615338422846 0.5291128158569336 455
1615338457049 0.5663576722145081 456
1615338491395 0.5284600257873535 457
1615338525543 0.5334820747375488 458
1615338559495 0.5246196985244751 459
1615338596988 0.5302700996398926 460
1615338630753 0.5280840396881104 461
1615338665040 0.5175166726112366 462
1615338699263 0.5353091955184937 463
1615338733256 0.5067536234855652 464
1615338767454 0.5516249537467957 465
1615338802455 0.5396396517753601 466
1615338837132 0.5263696312904358 467
1615338871256 0.5407599806785583 468
1615338905217 0.5205601453781128 469
1615338943312 0.5262517929077148 470
1615338977139 0.5475580096244812 471
1615339011033 0.5257323980331421 472
1615339045114 0.5567830801010132 473
1615339079239 0.5101531744003296 474
1615339113074 0.5271439552307129 475
1615339147231 0.5772653222084045 476
1615339181071 0.5374085903167725 477
1615339215145 0.5115392208099365 478
1615339249488 0.5167573690414429 479
1615339287708 0.4983328580856323 480
1615339321860 0.499442458152771 481
1615339355833 0.5402546525001526 482
1615339389682 0.5143113136291504 483
1615339423595 0.5184457302093506 484
1615339457512 0.5492956042289734 485
1615339491515 0.5470429062843323 486
1615339525614 0.5365886092185974 487
1615339559765 0.512729823589325 488
1615339593958 0.5346074104309082 489
1615339632233 0.4979756772518158 490
1615339666280 0.5331884622573853 491
1615339700290 0.5262569189071655 492
1615339734183 0.571211040019989 493
1615339768065 0.5657588839530945 494
1615339801894 0.53534996509552 495
1615339835935 0.5289493203163147 496
1615339869737 0.5563040375709534 497
1615339904081 0.5400021076202393 498
1615339938391 0.5186976790428162 499
1615339976718 0.5346345901489258 500
1615340010700 0.5534166097640991 501
1615340044586 0.5419631004333496 502
1615340078763 0.5378532409667969 503
1615340112783 0.5375432968139648 504
1615340147415 0.5129424333572388 505
1615340181254 0.5218219757080078 506
1615340215161 0.544158935546875 507
1615340249020 0.5533220767974854 508
1615340283146 0.5133813619613647 509
1615340321318 0.5376390218734741 510
1615340355452 0.535216748714447 511
1615340389423 0.5393998026847839 512
1615340423373 0.5503145456314087 513
1615340457510 0.5474730134010315 514
1615340491803 0.5339285135269165 515
1615340526238 0.528649091720581 516
1615340560176 0.5515884160995483 517
1615340594324 0.5145514607429504 518
1615340628483 0.5330888628959656 519
1615340666191 0.5168997049331665 520
1615340700211 0.5494550466537476 521
1615340734277 0.5064990520477295 522
1615340768353 0.5262662768363953 523
1615340802545 0.5569038391113281 524
1615340836306 0.5668955445289612 525
1615340870061 0.5457452535629272 526
1615340903968 0.5211117267608643 527
1615340937822 0.5536578893661499 528
1615340972030 0.5326547026634216 529
1615341010063 0.5248879194259644 530
1615341044559 0.5635108947753906 531
1615341078973 0.5172327756881714 532
1615341113439 0.5464393496513367 533
1615341147822 0.5539900660514832 534
1615341181993 0.5075938701629639 535
1615341216234 0.5563743114471436 536
1615341250654 0.5508549809455872 537
1615341285055 0.5202835202217102 538
1615341319103 0.5221620202064514 539
1615341357031 0.5628352165222168 540
1615341390896 0.5532851219177246 541
1615341424801 0.5488588809967041 542
1615341458546 0.5160990357398987 543
1615341492874 0.5448476076126099 544
1615341527318 0.5500974059104919 545
1615341561608 0.5323169231414795 546
1615341595949 0.5207533836364746 547
1615341630045 0.5350004434585571 548
1615341663983 0.5914376974105835 549
1615341701998 0.5353690385818481 550
1615341736157 0.5349299907684326 551
1615341769912 0.5163685083389282 552
1615341803962 0.5320348143577576 553
1615341837735 0.5189606547355652 554
1615341871744 0.5247504711151123 555
1615341905942 0.5612081289291382 556
1615341940232 0.5708397626876831 557
1615341974490 0.5330478549003601 558
1615342008567 0.5337343215942383 559
1615342046814 0.5705775022506714 560
1615342081167 0.5613167881965637 561
1615342115172 0.5495423078536987 562
1615342149431 0.5370607376098633 563
1615342183713 0.5433732271194458 564
1615342217925 0.508217453956604 565
1615342251956 0.5712599158287048 566
1615342285938 0.519119918346405 567
1615342319775 0.525948166847229 568
1615342353650 0.5499348044395447 569
1615342391824 0.5573279857635498 570
1615342426317 0.5326378345489502 571
1615342460800 0.554161787033081 572
1615342495027 0.5573531985282898 573
1615342528896 0.547594428062439 574
1615342562975 0.5666313767433167 575
1615342596932 0.55864018201828 576
1615342630889 0.537689208984375 577
1615342665052 0.5304214954376221 578
1615342699071 0.5732257962226868 579
1615342737111 0.5724652409553528 580
1615342770962 0.5412400960922241 581
1615342805169 0.528812050819397 582
1615342839196 0.5257989764213562 583
1615342873319 0.5780357122421265 584
1615342907184 0.5808689594268799 585
1615342941291 0.5614227056503296 586
1615342975582 0.5042996406555176 587
1615343009663 0.5614480972290039 588
1615343043887 0.5342142581939697 589
1615343082226 0.5518807768821716 590
1615343116371 0.5575709342956543 591
1615343150512 0.5591042041778564 592
1615343184505 0.5689547061920166 593
1615343218652 0.5334023237228394 594
1615343252974 0.5491393804550171 595
1615343286845 0.5498826503753662 596
1615343320672 0.5711397528648376 597
1615343354456 0.548592209815979 598
1615343388731 0.5814042091369629 599
1615343426643 0.5564080476760864 600
1615343460959 0.5258179306983948 601
1615343495154 0.5440772771835327 602
1615343529589 0.5145575404167175 603
1615343563743 0.5516161918640137 604
1615343597544 0.554122269153595 605
1615343631336 0.5532562732696533 606
1615343665887 0.5717568397521973 607
1615343699805 0.5350707769393921 608
1615343733845 0.5496922731399536 609
1615343771871 0.5560758113861084 610
1615343806126 0.53289794921875 611
1615343840453 0.5561710000038147 612
1615343874709 0.5089391469955444 613
1615343908621 0.5448120832443237 614
1615343942918 0.5488290786743164 615
1615343977141 0.5814968943595886 616
1615344011388 0.5303153991699219 617
1615344045283 0.5587140917778015 618
1615344079534 0.5416761040687561 619
1615344117691 0.5539860129356384 620
1615344151659 0.5299369692802429 621
1615344185770 0.5285717248916626 622
1615344219647 0.5697946548461914 623
1615344253596 0.5213348865509033 624
1615344287462 0.5585469007492065 625
1615344321468 0.5500727295875549 626
1615344355334 0.5467768907546997 627
1615344389325 0.5701375603675842 628
1615344423214 0.5436201095581055 629
1615344461128 0.5613752603530884 630
1615344495113 0.5382357835769653 631
1615344529083 0.5497964024543762 632
1615344563157 0.5322110056877136 633
1615344597052 0.5664497017860413 634
1615344631109 0.5347386598587036 635
1615344665503 0.5581588745117188 636
1615344699361 0.5440813899040222 637
1615344733894 0.5789990425109863 638
1615344767907 0.542217493057251 639
1615344805643 0.5684131383895874 640
1615344839601 0.5614483952522278 641
1615344873793 0.5577086210250854 642
1615344908120 0.5604120492935181 643
1615344942330 0.5704035758972168 644
1615344976340 0.5778458118438721 645
1615345010383 0.5758198499679565 646
1615345044483 0.5725345611572266 647
1615345078280 0.573002815246582 648
1615345112140 0.5441687107086182 649
1615345150297 0.5764729976654053 650
1615345184195 0.5500960350036621 651
1615345217913 0.575380265712738 652
1615345251742 0.560700535774231 653
1615345285632 0.5649882555007935 654
1615345319842 0.5731498003005981 655
1615345354078 0.55545973777771 656
1615345388590 0.5741459727287292 657
1615345423032 0.5755075216293335 658
1615345457271 0.5479173064231873 659
1615345495784 0.5411345958709717 660
1615345529961 0.5739821195602417 661
1615345564031 0.5427525043487549 662
1615345597968 0.5365413427352905 663
1615345631845 0.6065099239349365 664
1615345665891 0.5551021099090576 665
1615345699879 0.563917875289917 666
1615345734049 0.5720216035842896 667
1615345767942 0.5522539019584656 668
1615345802078 0.584227442741394 669
1615345840345 0.5576654672622681 670
1615345874328 0.5659889578819275 671
1615345908287 0.5766676068305969 672
1615345942159 0.5366341471672058 673
1615345976274 0.5841983556747437 674
1615346010498 0.5532824993133545 675
1615346044407 0.5590733289718628 676
1615346078406 0.537147045135498 677
1615346112576 0.5325415730476379 678
1615346146637 0.5833442211151123 679
1615346184458 0.5693330764770508 680
1615346218582 0.5207637548446655 681
1615346252732 0.527656078338623 682
1615346286932 0.5611394643783569 683
1615346321086 0.5741517543792725 684
1615346355342 0.5590982437133789 685
1615346389285 0.5767554044723511 686
1615346423392 0.5351544618606567 687
1615346457409 0.5452332496643066 688
1615346491454 0.5450266003608704 689
1615346529395 0.5655637383460999 690
1615346563483 0.5437567234039307 691
1615346597642 0.5578874349594116 692
1615346631551 0.5531370639801025 693
1615346665521 0.5687326192855835 694
1615346699761 0.572698175907135 695
1615346734136 0.5465483665466309 696
1615346768172 0.5374093055725098 697
1615346802442 0.5579321384429932 698
1615346836472 0.5819971561431885 699
1615346874394 0.544079065322876 700
1615346908402 0.5522894859313965 701
1615346942547 0.5724068880081177 702
1615346976704 0.5490361452102661 703
1615347010885 0.5356870293617249 704
1615347044997 0.5515009164810181 705
1615347078881 0.5224770307540894 706
1615347113207 0.5791345238685608 707
1615347147073 0.5462702512741089 708
1615347180979 0.5567702054977417 709
1615347218934 0.5599409937858582 710
1615347253092 0.5820764303207397 711
1615347286937 0.529765248298645 712
1615347320997 0.5555480718612671 713
1615347355194 0.5730323791503906 714
1615347389520 0.5800634622573853 715
1615347423794 0.5758925080299377 716
1615347457836 0.5580832958221436 717
1615347492041 0.5525696873664856 718
1615347526216 0.5528137683868408 719
1615347565727 0.5465579032897949 720
1615347599682 0.5575618743896484 721
1615347633506 0.5614719390869141 722
1615347667369 0.5715014934539795 723
1615347701368 0.5774106383323669 724
1615347735214 0.586803674697876 725
1615347769363 0.5400054454803467 726
1615347803546 0.5528996586799622 727
1615347837800 0.5538606643676758 728
1615347871949 0.5618412494659424 729
1615347909988 0.5915844440460205 730
1615347944047 0.5372873544692993 731
1615347977975 0.5205718278884888 732
1615348011958 0.5476380586624146 733
1615348046158 0.6017475724220276 734
1615348080067 0.5468031167984009 735
1615348114272 0.5848406553268433 736
1615348148200 0.5429378747940063 737
1615348182063 0.5912773609161377 738
1615348215891 0.571358323097229 739
1615348253869 0.5252794623374939 740
1615348287980 0.5479340553283691 741
1615348322487 0.5587465763092041 742
1615348356789 0.5638726949691772 743
1615348391104 0.5460786819458008 744
1615348425221 0.5532596111297607 745
1615348459389 0.5536048412322998 746
1615348493323 0.577437162399292 747
1615348527485 0.5618601441383362 748
1615348561288 0.5873229503631592 749
1615348599400 0.5833601355552673 750
1615348633566 0.5501755475997925 751
1615348667602 0.5265299081802368 752
1615348701400 0.5631659030914307 753
1615348735242 0.5635420083999634 754
1615348769335 0.5597162842750549 755
1615348803297 0.5751142501831055 756
1615348837350 0.5452526807785034 757
1615348871799 0.578360915184021 758
1615348906097 0.5744602084159851 759
1615348944298 0.6050945520401001 760
1615348978356 0.5914039611816406 761
1615349012520 0.572165310382843 762
1615349046524 0.5895513296127319 763
1615349080375 0.5486010313034058 764
1615349114424 0.5702477097511292 765
1615349148601 0.5394129753112793 766
1615349182857 0.5664490461349487 767
1615349217044 0.575346052646637 768
1615349250749 0.5928418040275574 769
1615349288505 0.5741533041000366 770
1615349322425 0.5752565860748291 771
1615349356618 0.5792660117149353 772
1615349390699 0.5570105314254761 773
1615349424581 0.5570508241653442 774
1615349458312 0.5865037441253662 775
1615349492484 0.5524029731750488 776
1615349526631 0.5697886943817139 777
1615349560664 0.5620895624160767 778
1615349594854 0.5632065534591675 779
1615349633186 0.5422536134719849 780
1615349667489 0.5662336349487305 781
1615349701853 0.5655250549316406 782
1615349735875 0.5799673795700073 783
1615349769926 0.5461896657943726 784
1615349804167 0.5393606424331665 785
1615349838384 0.5625438690185547 786
1615349872299 0.5971982479095459 787
1615349906311 0.5606613755226135 788
1615349940256 0.5205297470092773 789
1615349978573 0.5637615323066711 790
1615350012682 0.5827670097351074 791
1615350046867 0.5750315189361572 792
1615350081009 0.553601861000061 793
1615350114995 0.5569555759429932 794
1615350148877 0.580915093421936 795
1615350183093 0.5799843072891235 796
1615350216970 0.5906752347946167 797
1615350250797 0.5763871669769287 798
1615350284930 0.5372767448425293 799
1615350323069 0.5855895280838013 800
1615350357171 0.5560089349746704 801
1615350391077 0.5428107976913452 802
1615350424989 0.5801186561584473 803
1615350459363 0.5827435851097107 804
1615350493650 0.5657703280448914 805
1615350527825 0.5587623119354248 806
1615350562163 0.5716415643692017 807
1615350596082 0.5613107085227966 808
1615350630124 0.535051703453064 809
1615350667753 0.5570737719535828 810
1615350701652 0.5358574390411377 811
1615350736170 0.5723810195922852 812
1615350770018 0.5793730020523071 813
1615350803788 0.585056722164154 814
1615350837664 0.5501209497451782 815
1615350871643 0.5837588310241699 816
1615350905826 0.5724600553512573 817
1615350939552 0.5929039716720581 818
1615350973818 0.5808686017990112 819
1615351011480 0.5352486371994019 820
1615351045365 0.5570861101150513 821
1615351079754 0.5769883990287781 822
1615351113826 0.5484915375709534 823
1615351147794 0.554290771484375 824
1615351181794 0.5600756406784058 825
1615351215608 0.5596116781234741 826
1615351249865 0.5806381702423096 827
1615351284186 0.5710997581481934 828
1615351318098 0.5693444013595581 829
1615351356228 0.5654195547103882 830
1615351390442 0.534192681312561 831
1615351424180 0.5592218637466431 832
1615351458268 0.5649614334106445 833
1615351492466 0.558054506778717 834
1615351526515 0.5648173689842224 835
1615351560370 0.5651293992996216 836
1615351594206 0.5776046514511108 837
1615351628070 0.5623495578765869 838
1615351662243 0.5832869410514832 839
1615351700267 0.5544243454933167 840
1615351734252 0.5775647163391113 841
1615351768470 0.5620010495185852 842
1615351802408 0.5977385640144348 843
1615351836792 0.5368119478225708 844
1615351871196 0.5886203050613403 845
1615351905350 0.564133882522583 846
1615351939176 0.5666248798370361 847
1615351973674 0.5853309035301208 848
1615352007734 0.5897738933563232 849
1615352045571 0.5808284878730774 850
1615352079679 0.5750293731689453 851
1615352114249 0.598543107509613 852
1615352148193 0.5661976933479309 853
1615352182263 0.5657550096511841 854
1615352216113 0.6000633239746094 855
1615352250252 0.541240930557251 856
1615352284061 0.5636220574378967 857
1615352318054 0.576730489730835 858
1615352352009 0.5690999031066895 859
1615352389564 0.581461489200592 860
1615352423753 0.5866767168045044 861
1615352457934 0.5606424808502197 862
1615352492454 0.5558894276618958 863
1615352526566 0.5650304555892944 864
1615352560816 0.5894652605056763 865
1615352595297 0.5822880268096924 866
1615352629165 0.5624035596847534 867
1615352663042 0.589231014251709 868
1615352697246 0.576095461845398 869
1615352735243 0.6006472110748291 870
1615352769257 0.5700712203979492 871
1615352803489 0.5787922143936157 872
1615352837579 0.5711058378219604 873
1615352871644 0.5980417132377625 874
1615352905592 0.5545821785926819 875
1615352939796 0.5833319425582886 876
1615352973757 0.5733440518379211 877
1615353007967 0.5867241621017456 878
1615353041794 0.5479968190193176 879
1615353079274 0.5954780578613281 880
1615353113724 0.6060771942138672 881
1615353148233 0.5341426730155945 882
1615353182316 0.5700207948684692 883
1615353216435 0.585271418094635 884
1615353250355 0.550164520740509 885
1615353284681 0.5729546546936035 886
1615353318643 0.5861247777938843 887
1615353352532 0.5404369831085205 888
1615353386486 0.6106883883476257 889
1615353424398 0.60099858045578 890
1615353458247 0.5405422449111938 891
1615353492084 0.5630049109458923 892
1615353525907 0.5757468938827515 893
1615353559972 0.6007693409919739 894
1615353594563 0.5649670362472534 895
1615353628940 0.6056762933731079 896
1615353663284 0.5575688481330872 897
1615353697312 0.5751986503601074 898
1615353731264 0.5563145875930786 899
1615353769251 0.57171630859375 900
1615353803299 0.5837241411209106 901
1615353837298 0.5944526195526123 902
1615353871524 0.5995042324066162 903
1615353905647 0.5554717779159546 904
1615353939409 0.5797377824783325 905
1615353973177 0.5839962363243103 906
1615354007413 0.554458498954773 907
1615354041595 0.5912323594093323 908
1615354075811 0.6021749973297119 909
1615354113480 0.5931585431098938 910
1615354147486 0.5811071395874023 911
1615354181678 0.5833417177200317 912
1615354215879 0.5513531565666199 913
1615354250156 0.5922326445579529 914
1615354284231 0.5951233506202698 915
1615354318374 0.5675826072692871 916
1615354352493 0.5916884541511536 917
1615354386361 0.6009562015533447 918
1615354420574 0.5604437589645386 919
1615354458756 0.604544997215271 920
1615354492904 0.5904541015625 921
1615354527213 0.5740067958831787 922
1615354561532 0.5885012745857239 923
1615354595407 0.610750675201416 924
1615354629376 0.5787273645401001 925
1615354663433 0.5755484104156494 926
1615354697576 0.5774017572402954 927
1615354731685 0.5810775756835938 928
1615354765780 0.5918838977813721 929
1615354804181 0.5596271753311157 930
1615354838499 0.5697638988494873 931
1615354872904 0.5915310382843018 932
1615354907288 0.5803932547569275 933
1615354942684 0.6094727516174316 934
1615354977113 0.5382910966873169 935
1615355011447 0.5738368034362793 936
1615355045700 0.5744162201881409 937
1615355079982 0.5816972255706787 938
1615355114040 0.6058262586593628 939
1615355151747 0.5868737697601318 940
1615355186015 0.5730503797531128 941
1615355220173 0.607056736946106 942
1615355254191 0.5692864656448364 943
1615355288221 0.5445181727409363 944
1615355322603 0.5828423500061035 945
1615355357029 0.6192216873168945 946
1615355391299 0.6048712730407715 947
1615355425922 0.6073758602142334 948
1615355460162 0.605730414390564 949
1615355498179 0.5752882957458496 950
1615355532403 0.5912470817565918 951
1615355566428 0.5676546692848206 952
1615355600181 0.5756840705871582 953
1615355633971 0.5652544498443604 954
1615355668321 0.569769024848938 955
1615355702475 0.5761946439743042 956
1615355736539 0.6041326522827148 957
1615355770732 0.6077950596809387 958
1615355804978 0.6029762029647827 959
1615355843035 0.5889090299606323 960
1615355877317 0.5715487003326416 961
1615355911621 0.593889594078064 962
1615355945404 0.5789377093315125 963
1615355979411 0.5621464252471924 964
1615356013240 0.5773262977600098 965
1615356047193 0.5661505460739136 966
1615356081694 0.5458496809005737 967
1615356115973 0.5960777401924133 968
1615356150245 0.6190991401672363 969
1615356188602 0.5603461265563965 970
1615356222476 0.5773313641548157 971
1615356256426 0.6084261536598206 972
1615356290408 0.5896525382995605 973
1615356324437 0.5981515645980835 974
1615356358837 0.6356430053710938 975
1615356392896 0.6225113868713379 976
1615356426866 0.5927526950836182 977
1615356461000 0.6184689402580261 978
1615356495125 0.623263955116272 979
1615356533011 0.6006186008453369 980
1615356567075 0.6074135303497314 981
1615356601113 0.6143826842308044 982
1615356635624 0.603550910949707 983
1615356669878 0.5929839611053467 984
1615356703835 0.625726580619812 985
1615356737760 0.5831916332244873 986
1615356771779 0.6091313362121582 987
1615356805581 0.5752863883972168 988
1615356839575 0.5844711065292358 989
1615356877714 0.5735645294189453 990
1615356911812 0.60416579246521 991
1615356945939 0.5750441551208496 992
1615356979940 0.5655522346496582 993
1615357013869 0.5875011682510376 994
1615357048127 0.6254005432128906 995
1615357082352 0.5657234191894531 996
1615357116200 0.5937378406524658 997
1615357150168 0.607954740524292 998
1615357184067 0.5457930564880371 999
1615357221617 0.5989707112312317 1000
1615357255628 0.5837850570678711 1001
1615357289765 0.6303035020828247 1002
1615357323826 0.5971214175224304 1003
1615357358055 0.582098126411438 1004
1615357392627 0.618099570274353 1005
1615357427278 0.6061861515045166 1006
1615357461942 0.5940917134284973 1007
1615357496596 0.6098112463951111 1008
1615357531198 0.6063345074653625 1009
1615357569449 0.6004365682601929 1010
1615357603608 0.5515154004096985 1011
1615357637394 0.6175717711448669 1012
1615357671550 0.5788125395774841 1013
1615357705798 0.6024031043052673 1014
1615357739640 0.6117637157440186 1015
1615357773570 0.5918152928352356 1016
1615357807564 0.5204828977584839 1017
1615357841713 0.5992680191993713 1018
1615357875929 0.5958430171012878 1019
1615357913761 0.5256242156028748 1020
1615357947997 0.5903947353363037 1021
1615357981930 0.5772249698638916 1022
1615358015849 0.6477140784263611 1023
1615358049830 0.5994813442230225 1024
1615358084045 0.5961718559265137 1025
1615358118059 0.5700413584709167 1026
1615358152218 0.5636746883392334 1027
1615358186571 0.5944783687591553 1028
1615358220904 0.5862032175064087 1029
1615358259057 0.6169626712799072 1030
1615358293361 0.5951706171035767 1031
1615358327718 0.6180676221847534 1032
1615358361965 0.6152331233024597 1033
1615358396359 0.584479570388794 1034
1615358430492 0.5817528367042542 1035
1615358464712 0.5553007125854492 1036
1615358498764 0.6395743489265442 1037
1615358532869 0.5880793333053589 1038
1615358566952 0.5792522430419922 1039
1615358604918 0.6033267378807068 1040
1615358639136 0.6106175184249878 1041
1615358673355 0.5947831869125366 1042
1615358707620 0.568061113357544 1043
1615358741792 0.5956592559814453 1044
1615358776170 0.6114069223403931 1045
1615358810477 0.5938383936882019 1046
1615358844789 0.6443870067596436 1047
1615358878933 0.5985543131828308 1048
1615358913243 0.6114962100982666 1049
1615358951280 0.6221455931663513 1050
1615358985275 0.5789378881454468 1051
1615359019166 0.5812300443649292 1052
1615359053188 0.575568437576294 1053
1615359087217 0.6122038960456848 1054
1615359121201 0.5782607197761536 1055
1615359155083 0.5818645358085632 1056
1615359188969 0.5829137563705444 1057
1615359222946 0.6219018697738647 1058
1615359257109 0.6230035424232483 1059
1615359294999 0.6194031238555908 1060
1615359329244 0.6088050007820129 1061
1615359363808 0.6044619679450989 1062
1615359398010 0.5578514337539673 1063
1615359432258 0.6095555424690247 1064
1615359466257 0.6124246120452881 1065
1615359500361 0.5899691581726074 1066
1615359534631 0.5881264805793762 1067
1615359568644 0.5828078985214233 1068
1615359602714 0.5706630349159241 1069
1615359640755 0.558670699596405 1070
1615359675292 0.6135149002075195 1071
1615359709510 0.5827558636665344 1072
1615359743516 0.5785735845565796 1073
1615359777711 0.5953534841537476 1074
1615359811629 0.6128839254379272 1075
1615359845893 0.6121248006820679 1076
1615359879931 0.6095529794692993 1077
1615359914113 0.5738182663917542 1078
1615359948268 0.6046780347824097 1079
1615359986191 0.602588415145874 1080
1615360020287 0.5507257580757141 1081
1615360054372 0.6066346168518066 1082
1615360088306 0.5971302390098572 1083
1615360122539 0.5681607723236084 1084
1615360156796 0.5976977348327637 1085
1615360191364 0.5621030330657959 1086
1615360226135 0.5716853737831116 1087
1615360260374 0.5942068099975586 1088
1615360294679 0.5873140692710876 1089
1615360332566 0.6266814470291138 1090
1615360366544 0.5964443683624268 1091
1615360400850 0.5848562717437744 1092
1615360435104 0.57297682762146 1093
1615360469039 0.610169529914856 1094
1615360503192 0.5815417170524597 1095
1615360537126 0.6280733346939087 1096
1615360571037 0.5961010456085205 1097
1615360604968 0.6078147888183594 1098
1615360638823 0.5833873152732849 1099
1615360676972 0.6048631072044373 1100
1615360710788 0.5863242149353027 1101
1615360744725 0.5950380563735962 1102
1615360779075 0.5799189209938049 1103
1615360813422 0.6368153691291809 1104
1615360847638 0.6057363748550415 1105
1615360881898 0.6006165742874146 1106
1615360916310 0.5549975633621216 1107
1615360950566 0.6113092303276062 1108
1615360984588 0.6003177165985107 1109
1615361022799 0.6026267409324646 1110
1615361057103 0.6143355369567871 1111
1615361091296 0.6245701313018799 1112
1615361125309 0.5826278924942017 1113
1615361159291 0.585844874382019 1114
1615361193378 0.5656268000602722 1115
1615361227305 0.5756016969680786 1116
1615361261242 0.59410560131073 1117
1615361295229 0.5744068622589111 1118
1615361329168 0.5962145924568176 1119
1615361367615 0.6313573122024536 1120
1615361401636 0.57276451587677 1121
1615361435668 0.6094797849655151 1122
1615361469859 0.5879528522491455 1123
1615361504056 0.5925183296203613 1124
1615361538326 0.6292049288749695 1125
1615361572666 0.5641993284225464 1126
1615361606917 0.6113896369934082 1127
1615361641140 0.5923824310302734 1128
1615361675061 0.5652779936790466 1129
1615361713016 0.5935124158859253 1130
1615361747260 0.5912438035011292 1131
1615361781322 0.5901145935058594 1132
1615361815733 0.5821725130081177 1133
1615361849915 0.5698748230934143 1134
1615361883878 0.5747084617614746 1135
1615361918226 0.6060535311698914 1136
1615361952102 0.5893294811248779 1137
1615361986212 0.5517812967300415 1138
1615362020324 0.6038504838943481 1139
1615362058278 0.6328722238540649 1140
1615362092452 0.6065571308135986 1141
1615362126422 0.578925609588623 1142
1615362160409 0.5865035653114319 1143
1615362194414 0.5999628305435181 1144
1615362228471 0.5890313982963562 1145
1615362262591 0.5764821767807007 1146
1615362296964 0.5924029350280762 1147
1615362331210 0.5552984476089478 1148
1615362365519 0.5949483513832092 1149
1615362403622 0.5776829123497009 1150
1615362437557 0.5658117532730103 1151
1615362471516 0.5946369171142578 1152
1615362505687 0.6211714148521423 1153
1615362539547 0.5900778770446777 1154
1615362573889 0.5785782337188721 1155
1615362607820 0.5626896619796753 1156
1615362641771 0.580157458782196 1157
1615362675653 0.598827600479126 1158
1615362709628 0.5780844688415527 1159
1615362747381 0.5834280252456665 1160
1615362781292 0.5778325200080872 1161
1615362815137 0.5711714625358582 1162
1615362849349 0.6096442341804504 1163
1615362883606 0.604743480682373 1164
1615362917772 0.5865375995635986 1165
1615362951936 0.6140831112861633 1166
1615362985973 0.5404554605484009 1167
1615363019859 0.5883185267448425 1168
1615363053817 0.5597989559173584 1169
1615363091832 0.6123450994491577 1170
1615363126169 0.5845787525177002 1171
1615363160581 0.5966582298278809 1172
1615363194848 0.5892323851585388 1173
1615363229189 0.5844892859458923 1174
1615363263342 0.5803593397140503 1175
1615363297550 0.5985621213912964 1176
1615363331703 0.5660737156867981 1177
1615363365999 0.6301248669624329 1178
1615363399918 0.5953957438468933 1179
1615363437934 0.6272369623184204 1180
1615363471822 0.5617711544036865 1181
1615363505973 0.5998407602310181 1182
1615363540199 0.6090459823608398 1183
1615363574450 0.5882737636566162 1184
1615363608508 0.5540506839752197 1185
1615363642749 0.5922091007232666 1186
1615363676917 0.5845963358879089 1187
1615363711088 0.6308301091194153 1188
1615363745333 0.6255494356155396 1189
1615363783723 0.5822030901908875 1190
1615363817567 0.6045281291007996 1191
1615363851822 0.5812829732894897 1192
1615363885982 0.5876458287239075 1193
1615363920066 0.6050143241882324 1194
1615363954269 0.5884473919868469 1195
1615363989025 0.6059779524803162 1196
1615364023105 0.5718493461608887 1197
1615364057230 0.6162468791007996 1198
1615364091201 0.6218006014823914 1199
1615364128976 0.5787280797958374 1200
1615364151604 0.5858505964279175 0
1615364151624 0.5858505964279175 0
