1615322768702 0.040412306785583496 1
1615322802601 0.034325577318668365 2
1615322836667 0.031806234270334244 3
1615322870549 0.029175322502851486 4
1615322904611 0.0287898238748312 5
1615322939050 0.0275656059384346 6
1615322973162 0.028092816472053528 7
1615323007338 0.027271153405308723 8
1615323041344 0.025502508506178856 9
1615323079058 0.027630172669887543 10
1615323113075 0.026063838973641396 11
1615323147184 0.024325767531991005 12
1615323181387 0.02381294220685959 13
1615323215511 0.02421281673014164 14
1615323249994 0.02281041070818901 15
1615323283785 0.024605493992567062 16
1615323317714 0.02254987135529518 17
1615323351556 0.021716374903917313 18
1615323385456 0.02244829572737217 19
1615323423835 0.021992038935422897 20
1615323457744 0.0231650210916996 21
1615323491798 0.022220546379685402 22
1615323525783 0.021810440346598625 23
1615323559781 0.02171114832162857 24
1615323594077 0.02195511944591999 25
1615323628247 0.02188102900981903 26
1615323662325 0.022659920156002045 27
1615323696327 0.022965705022215843 28
1615323730713 0.021667547523975372 29
1615323769049 0.021352536976337433 30
1615323802945 0.02120266482234001 31
1615323836845 0.020890075713396072 32
1615323871149 0.019907385110855103 33
1615323904970 0.020444778725504875 34
1615323939120 0.020975064486265182 35
1615323972971 0.021067114546895027 36
1615324006827 0.020614242181181908 37
1615324040810 0.018920255824923515 38
1615324074891 0.020650308579206467 39
1615324113020 0.018944742158055305 40
1615324147032 0.019952204078435898 41
1615324181155 0.018737487494945526 42
1615324215246 0.01896568574011326 43
1615324249199 0.019226616248488426 44
1615324283270 0.01903514191508293 45
1615324317061 0.01921442151069641 46
1615324351592 0.018997222185134888 47
1615324385537 0.019818337634205818 48
1615324419328 0.018870525062084198 49
1615324457403 0.020251620560884476 50
1615324491239 0.019604813307523727 51
1615324525384 0.019318846985697746 52
1615324559472 0.018708789721131325 53
1615324593691 0.019176006317138672 54
1615324627687 0.01909894123673439 55
1615324661777 0.01902158372104168 56
1615324696153 0.019251089543104172 57
1615324730263 0.017620716243982315 58
1615324764228 0.018613090738654137 59
1615324801876 0.017955057322978973 60
1615324836070 0.018276013433933258 61
1615324870133 0.018041588366031647 62
1615324903964 0.017510298639535904 63
1615324938129 0.01802513375878334 64
1615324972222 0.01749395579099655 65
1615325006363 0.02083733305335045 66
1615325040223 0.019497834146022797 67
1615325074207 0.019612306728959084 68
1615325108007 0.019343674182891846 69
1615325145682 0.01851436123251915 70
1615325179481 0.0185076966881752 71
1615325213502 0.01751885749399662 72
1615325247639 0.018870700150728226 73
1615325281719 0.01823304034769535 74
1615325316377 0.017315372824668884 75
1615325350432 0.018441174179315567 76
1615325384402 0.018495280295610428 77
1615325418330 0.01757240481674671 78
1615325452526 0.017629532143473625 79
1615325490860 0.01794305443763733 80
1615325524949 0.017187057062983513 81
1615325558797 0.017695408314466476 82
1615325592858 0.01669067144393921 83
1615325626674 0.017313284799456596 84
1615325660504 0.018503228202462196 85
1615325694407 0.01667797565460205 86
1615325728167 0.017219683155417442 87
1615325761984 0.017186392098665237 88
1615325795782 0.015648609027266502 89
1615325833863 0.01740778610110283 90
1615325868180 0.018540728837251663 91
1615325903108 0.017840005457401276 92
1615325937913 0.01649068482220173 93
1615325972142 0.017066963016986847 94
1615326005948 0.018348706886172295 95
1615326039751 0.01746831089258194 96
1615326074072 0.016309499740600586 97
1615326108006 0.017787449061870575 98
1615326142447 0.01595001108944416 99
1615326180431 0.018191397190093994 100
1615326214362 0.01772479899227619 101
1615326248424 0.017909064888954163 102
1615326282437 0.01613563299179077 103
1615326316335 0.016772884875535965 104
1615326350237 0.01662621647119522 105
1615326384003 0.017279786989092827 106
1615326418035 0.016875337809324265 107
1615326452191 0.016119368374347687 108
1615326485932 0.016091186553239822 109
1615326523762 0.016621168702840805 110
1615326558424 0.01552450843155384 111
1615326592446 0.01596553809940815 112
1615326626554 0.01644258201122284 113
1615326660799 0.016272947192192078 114
1615326695137 0.016903676092624664 115
1615326729136 0.016901616007089615 116
1615326763376 0.015964597463607788 117
1615326798034 0.016413597390055656 118
1615326832364 0.01663508079946041 119
1615326870439 0.016079895198345184 120
1615326904395 0.01651092618703842 121
1615326938335 0.015505924820899963 122
1615326972008 0.01702997274696827 123
1615327005980 0.015230302698910236 124
1615327039979 0.016763396561145782 125
1615327074048 0.016324752941727638 126
1615327108235 0.016715116798877716 127
1615327142234 0.01599275879561901 128
1615327177091 0.014950001612305641 129
1615327215177 0.014979947358369827 130
1615327249620 0.01622820273041725 131
1615327284044 0.015428038313984871 132
1615327318571 0.017006289213895798 133
1615327352646 0.015593104064464569 134
1615327387049 0.015385612845420837 135
1615327421219 0.015029780566692352 136
1615327455349 0.016008276492357254 137
1615327489363 0.015481162816286087 138
1615327523255 0.016079580411314964 139
1615327561009 0.016368620097637177 140
1615327595136 0.016877613961696625 141
1615327629074 0.015627823770046234 142
1615327663197 0.01666068658232689 143
1615327697083 0.015545575879514217 144
1615327731305 0.016103167086839676 145
1615327765451 0.016068706288933754 146
1615327799704 0.016044635325670242 147
1615327833622 0.015163318254053593 148
1615327867921 0.016653507947921753 149
1615327906181 0.014541791751980782 150
1615327940132 0.015554023906588554 151
1615327974150 0.015008633956313133 152
1615328007968 0.014418384991586208 153
1615328042088 0.014965333975851536 154
1615328076198 0.01527000404894352 155
1615328109968 0.01715446263551712 156
1615328144198 0.017162714153528214 157
1615328178254 0.01628780923783779 158
1615328212602 0.015652809292078018 159
1615328250749 0.01515176147222519 160
1615328284772 0.015468060038983822 161
1615328318667 0.014534952118992805 162
1615328352852 0.01382790319621563 163
1615328386781 0.014123138040304184 164
1615328420682 0.01452394388616085 165
1615328454940 0.01524354238063097 166
1615328489169 0.013976436108350754 167
1615328523567 0.013490093871951103 168
1615328557667 0.015447255223989487 169
1615328595804 0.016463370993733406 170
1615328629700 0.015834927558898926 171
1615328663992 0.015414342284202576 172
1615328697888 0.014165475033223629 173
1615328732032 0.014326534233987331 174
1615328765995 0.016171494498848915 175
1615328799720 0.01543427724391222 176
1615328833825 0.01396845281124115 177
1615328868240 0.012883283197879791 178
1615328902346 0.014911238104104996 179
1615328940213 0.014889097772538662 180
1615328974207 0.015862300992012024 181
1615329009058 0.017010314390063286 182
1615329043333 0.0161639004945755 183
1615329077151 0.013910951092839241 184
1615329111936 0.0155387157574296 185
1615329146038 0.014647884294390678 186
1615329179806 0.015410494059324265 187
1615329214003 0.015116571448743343 188
1615329248131 0.014598019421100616 189
1615329285669 0.015364089980721474 190
1615329319568 0.014450939372181892 191
1615329353607 0.014771460555493832 192
1615329387995 0.014064909890294075 193
1615329422119 0.015152966603636742 194
1615329456423 0.013618133962154388 195
1615329490714 0.014313891530036926 196
1615329525316 0.01486676000058651 197
1615329559284 0.01331835612654686 198
1615329593212 0.012932050041854382 199
1615329631129 0.013612959533929825 200
1615329664911 0.014795321971178055 201
1615329698848 0.015019122511148453 202
1615329732802 0.014839899726212025 203
1615329767114 0.015358364209532738 204
1615329801126 0.013178219087421894 205
1615329835243 0.013966735452413559 206
1615329869515 0.013507341966032982 207
1615329903916 0.015789063647389412 208
1615329938380 0.014221975579857826 209
1615329976448 0.014341313391923904 210
1615330010557 0.013707533478736877 211
1615330044949 0.014929793775081635 212
1615330079019 0.013196883723139763 213
1615330112929 0.013618728145956993 214
1615330147136 0.01620972901582718 215
1615330180901 0.014223897829651833 216
1615330214852 0.014246584847569466 217
1615330249137 0.013332825154066086 218
1615330283122 0.01351253967732191 219
1615330321405 0.01340654119849205 220
1615330355418 0.012781791388988495 221
1615330389592 0.01482092123478651 222
1615330423881 0.012586107477545738 223
1615330457915 0.014469599351286888 224
1615330491914 0.014187442138791084 225
1615330525992 0.013562975451350212 226
1615330559933 0.014215775765478611 227
1615330594198 0.013047628104686737 228
1615330628240 0.013551633805036545 229
1615330665945 0.014950837008655071 230
1615330700120 0.013621355406939983 231
1615330733865 0.014299682341516018 232
1615330768203 0.013661914505064487 233
1615330802012 0.013917550444602966 234
1615330835978 0.014876220375299454 235
1615330869738 0.01234310120344162 236
1615330904089 0.013870744965970516 237
1615330938247 0.01298988051712513 238
1615330972725 0.014161020517349243 239
1615331010704 0.013810099102556705 240
1615331044819 0.013535741716623306 241
1615331078904 0.013717593625187874 242
1615331112777 0.013759148307144642 243
1615331146666 0.01318296231329441 244
1615331180617 0.014010898768901825 245
1615331214385 0.012629413045942783 246
1615331248457 0.012366794049739838 247
1615331282230 0.013437449932098389 248
1615331316225 0.013388769701123238 249
1615331353809 0.01364580262452364 250
1615331387961 0.012383454479277134 251
1615331421945 0.01315167173743248 252
1615331456060 0.013822611421346664 253
1615331489873 0.014214934781193733 254
1615331523913 0.014782214537262917 255
1615331557849 0.013828812167048454 256
1615331592009 0.01294802501797676 257
1615331626048 0.012009588070213795 258
1615331660130 0.012838691473007202 259
1615331697998 0.012805227190256119 260
1615331732178 0.014440160244703293 261
1615331766474 0.016149163246154785 262
1615331800495 0.014683136716485023 263
1615331834559 0.013781774789094925 264
1615331868734 0.014142930507659912 265
1615331902668 0.012852026149630547 266
1615331937650 0.012986273504793644 267
1615331971884 0.012024118565022945 268
1615332006019 0.012582959607243538 269
1615332043832 0.0121284956112504 270
1615332077727 0.012272484600543976 271
1615332111631 0.017108827829360962 272
1615332145636 0.013804529793560505 273
1615332179563 0.013231941498816013 274
1615332213413 0.01276492141187191 275
1615332247423 0.01491954643279314 276
1615332281468 0.012923031114041805 277
1615332315613 0.013424788601696491 278
1615332349766 0.01096082478761673 279
1615332387483 0.01288805715739727 280
1615332421591 0.012785157188773155 281
1615332455559 0.01379189919680357 282
1615332489474 0.01160178892314434 283
1615332523614 0.013152274303138256 284
1615332557531 0.012493625283241272 285
1615332591349 0.01350032165646553 286
1615332625277 0.011439336463809013 287
1615332659288 0.01233076024800539 288
1615332693176 0.012134231626987457 289
1615332730899 0.012915298342704773 290
1615332765040 0.013482093811035156 291
1615332799481 0.013661602512001991 292
1615332833566 0.013881731778383255 293
1615332867899 0.01311149075627327 294
1615332902128 0.014574744738638401 295
1615332936225 0.014060506597161293 296
1615332970050 0.012136992998421192 297
1615333004145 0.01283697597682476 298
1615333038248 0.012722976505756378 299
1615333076096 0.012332291342318058 300
1615333110039 0.012543562799692154 301
1615333143797 0.013747667893767357 302
1615333177879 0.011521188542246819 303
1615333211951 0.013364528305828571 304
1615333246132 0.013193297199904919 305
1615333280326 0.013406704179942608 306
1615333314791 0.011513679288327694 307
1615333348610 0.011424718424677849 308
1615333382559 0.014001332223415375 309
1615333420570 0.013265402987599373 310
1615333454582 0.014803016558289528 311
1615333489011 0.014728200621902943 312
1615333522909 0.012655057944357395 313
1615333556903 0.011613413691520691 314
1615333590873 0.013134319335222244 315
1615333624905 0.012792877852916718 316
1615333658808 0.01470184326171875 317
1615333692863 0.011013476178050041 318
1615333726644 0.012385018169879913 319
1615333764412 0.011794248595833778 320
1615333798374 0.012371977791190147 321
1615333832480 0.013717268593609333 322
1615333866646 0.011157555505633354 323
1615333900709 0.012105783447623253 324
1615333935203 0.01144537515938282 325
1615333969194 0.014761913567781448 326
1615334003444 0.012088172137737274 327
1615334037680 0.011812656186521053 328
1615334071674 0.011111756786704063 329
1615334109522 0.013321883045136929 330
1615334143589 0.010499641299247742 331
1615334177389 0.011832093819975853 332
1615334211397 0.011240711435675621 333
1615334245359 0.012338696047663689 334
1615334279171 0.012813258916139603 335
1615334313203 0.013750066980719566 336
1615334347595 0.012185582891106606 337
1615334381674 0.014255011454224586 338
1615334415835 0.013293057680130005 339
1615334453673 0.012783268466591835 340
1615334487841 0.011569248512387276 341
1615334521954 0.012257276102900505 342
1615334556199 0.010529976338148117 343
1615334590460 0.01258186623454094 344
1615334624648 0.013941319659352303 345
1615334658781 0.011743756011128426 346
1615334693042 0.012048393487930298 347
1615334727244 0.01330776046961546 348
1615334761167 0.012113315984606743 349
1615334799073 0.013660941272974014 350
1615334833280 0.011830396950244904 351
1615334867120 0.011392747983336449 352
1615334901072 0.011491675861179829 353
1615334936062 0.010612882673740387 354
1615334969993 0.012276539579033852 355
1615335003984 0.01189466193318367 356
1615335038171 0.011891325935721397 357
1615335072449 0.011758818291127682 358
1615335106231 0.011667698621749878 359
1615335144306 0.011320788413286209 360
1615335178194 0.011343684047460556 361
1615335212599 0.014219529926776886 362
1615335246503 0.010851578786969185 363
1615335281495 0.011750166304409504 364
1615335316776 0.01170891523361206 365
1615335351269 0.01282639242708683 366
1615335385225 0.010579517111182213 367
1615335419179 0.0105963796377182 368
1615335453214 0.012687161564826965 369
1615335491028 0.012840673327445984 370
1615335525124 0.01193284336477518 371
1615335559170 0.01407558098435402 372
1615335592914 0.011766026727855206 373
1615335627128 0.014354677870869637 374
1615335661049 0.013095518574118614 375
1615335694850 0.01263682171702385 376
1615335729014 0.012037151493132114 377
1615335763373 0.012110291048884392 378
1615335797635 0.01189567893743515 379
1615335835964 0.011943305842578411 380
1615335870080 0.012085307389497757 381
1615335904385 0.011565163731575012 382
1615335938699 0.012822035700082779 383
1615335972812 0.01284981332719326 384
1615336007110 0.013113411143422127 385
1615336040976 0.011705653741955757 386
1615336075221 0.01079164631664753 387
1615336110909 0.010677041485905647 388
1615336144922 0.010376637801527977 389
1615336182887 0.011221300810575485 390
1615336217022 0.011000880040228367 391
1615336251208 0.01152078341692686 392
1615336285327 0.010307015851140022 393
1615336319288 0.011977395042777061 394
1615336353756 0.012428409419953823 395
1615336388415 0.011958763003349304 396
1615336422813 0.012456494383513927 397
1615336457027 0.010539252310991287 398
1615336491165 0.0120612233877182 399
1615336529380 0.010873233899474144 400
1615336563325 0.012690125033259392 401
1615336597450 0.011155128479003906 402
1615336631432 0.010899495333433151 403
1615336665733 0.012778475880622864 404
1615336700175 0.012090949341654778 405
1615336734468 0.012044589035212994 406
1615336768403 0.011821594089269638 407
1615336802360 0.011656204238533974 408
1615336836683 0.01031549833714962 409
1615336874953 0.011307108215987682 410
1615336908971 0.011942877434194088 411
1615336942988 0.011274505406618118 412
1615336977082 0.01265013124793768 413
1615337010838 0.01186954602599144 414
1615337044865 0.011322210542857647 415
1615337079141 0.01067928597331047 416
1615337113635 0.009721927344799042 417
1615337147667 0.013052156195044518 418
1615337181839 0.010003788396716118 419
1615337219517 0.012013452127575874 420
1615337253438 0.012138904072344303 421
1615337287714 0.013746930286288261 422
1615337321789 0.011558545753359795 423
1615337355599 0.012873005121946335 424
1615337389607 0.011825408786535263 425
1615337423444 0.012586482800543308 426
1615337457378 0.01306997612118721 427
1615337491174 0.010614161379635334 428
1615337525103 0.010026607662439346 429
1615337563365 0.01295551285147667 430
1615337597368 0.010443667881190777 431
1615337631714 0.011213436722755432 432
1615337666045 0.013241317123174667 433
1615337700322 0.012491974048316479 434
1615337734459 0.010561969131231308 435
1615337768175 0.009633658453822136 436
1615337802081 0.01134482305496931 437
1615337836128 0.011025937274098396 438
1615337870211 0.011162493377923965 439
1615337907923 0.01248589064925909 440
1615337941900 0.010892091318964958 441
1615337975618 0.01066521555185318 442
1615338009415 0.010577406734228134 443
1615338043324 0.010499708354473114 444
1615338077407 0.010023941285908222 445
1615338111401 0.012454881332814693 446
1615338145136 0.012967586517333984 447
1615338179234 0.01096414215862751 448
1615338213240 0.009431693702936172 449
1615338251534 0.011059779673814774 450
1615338285977 0.009898409247398376 451
1615338320317 0.011618455871939659 452
1615338354625 0.012499455362558365 453
1615338388790 0.013105666264891624 454
1615338422846 0.011218558996915817 455
1615338457049 0.009210007265210152 456
1615338491395 0.011604960076510906 457
1615338525543 0.011342332698404789 458
1615338559495 0.010905314236879349 459
1615338596988 0.011910976842045784 460
1615338630753 0.011718764901161194 461
1615338665040 0.011857850477099419 462
1615338699263 0.011365799233317375 463
1615338733256 0.012032555416226387 464
1615338767454 0.010167662054300308 465
1615338802455 0.011438426561653614 466
1615338837132 0.010618995875120163 467
1615338871256 0.011067965999245644 468
1615338905217 0.011219587177038193 469
1615338943312 0.011608965694904327 470
1615338977139 0.010416163131594658 471
1615339011033 0.010561760514974594 472
1615339045114 0.012177430093288422 473
1615339079239 0.012845049612224102 474
1615339113074 0.01138189248740673 475
1615339147231 0.008526785299181938 476
1615339181071 0.010569737292826176 477
1615339215145 0.012702135369181633 478
1615339249488 0.011025330051779747 479
1615339287708 0.013084434904158115 480
1615339321860 0.011643072590231895 481
1615339355833 0.011407982558012009 482
1615339389682 0.012637579813599586 483
1615339423595 0.011680830270051956 484
1615339457512 0.010033190250396729 485
1615339491515 0.01014418713748455 486
1615339525614 0.009996899403631687 487
1615339559765 0.012145021930336952 488
1615339593958 0.01151229813694954 489
1615339632233 0.012632470577955246 490
1615339666280 0.010508178733289242 491
1615339700290 0.01150124054402113 492
1615339734183 0.01003811415284872 493
1615339768065 0.008715305477380753 494
1615339801894 0.011962263844907284 495
1615339835935 0.010904695838689804 496
1615339869737 0.01026950590312481 497
1615339904081 0.010509766638278961 498
1615339938391 0.011699503287672997 499
1615339976718 0.011199574917554855 500
1615340010700 0.010816987603902817 501
1615340044586 0.010910090990364552 502
1615340078763 0.011183986440300941 503
1615340112783 0.01166688371449709 504
1615340147415 0.01186976209282875 505
1615340181254 0.010622978210449219 506
1615340215161 0.010652882978320122 507
1615340249020 0.009375096298754215 508
1615340283146 0.012866316363215446 509
1615340321318 0.010834287852048874 510
1615340355452 0.011219440028071404 511
1615340389423 0.010325850918889046 512
1615340423373 0.009515066631138325 513
1615340457510 0.010533882305026054 514
1615340491803 0.010803398676216602 515
1615340526238 0.011285128071904182 516
1615340560176 0.011022770777344704 517
1615340594324 0.013177999295294285 518
1615340628483 0.010731790214776993 519
1615340666191 0.011167837306857109 520
1615340700211 0.010614123195409775 521
1615340734277 0.01229519210755825 522
1615340768353 0.01119005773216486 523
1615340802545 0.009328767657279968 524
1615340836306 0.009713739156723022 525
1615340870061 0.010888505727052689 526
1615340903968 0.012661725282669067 527
1615340937822 0.010573269799351692 528
1615340972030 0.01104748249053955 529
1615341010063 0.01177765429019928 530
1615341044559 0.009173950180411339 531
1615341078973 0.012010438367724419 532
1615341113439 0.011406853795051575 533
1615341147822 0.009601487778127193 534
1615341181993 0.01171231921762228 535
1615341216234 0.011318416334688663 536
1615341250654 0.01034749485552311 537
1615341285055 0.011399137787520885 538
1615341319103 0.01285017654299736 539
1615341357031 0.010184441693127155 540
1615341390896 0.010927644558250904 541
1615341424801 0.010011514648795128 542
1615341458546 0.012310574762523174 543
1615341492874 0.009799947962164879 544
1615341527318 0.010723100043833256 545
1615341561608 0.011341502889990807 546
1615341595949 0.012124557048082352 547
1615341630045 0.012042267248034477 548
1615341663983 0.007892710156738758 549
1615341701998 0.01175768580287695 550
1615341736157 0.010785972699522972 551
1615341769912 0.01201692596077919 552
1615341803962 0.010642772540450096 553
1615341837735 0.011633804067969322 554
1615341871744 0.011328627355396748 555
1615341905942 0.009804487228393555 556
1615341940232 0.010294814594089985 557
1615341974490 0.011305412277579308 558
1615342008567 0.011179463006556034 559
1615342046814 0.009164826013147831 560
1615342081167 0.009479149244725704 561
1615342115172 0.009880812838673592 562
1615342149431 0.011212540790438652 563
1615342183713 0.010122077539563179 564
1615342217925 0.012578245252370834 565
1615342251956 0.008667118847370148 566
1615342285938 0.010789992287755013 567
1615342319775 0.011205526068806648 568
1615342353650 0.01073102094233036 569
1615342391824 0.010821392759680748 570
1615342426317 0.011752481572329998 571
1615342460800 0.010449716821312904 572
1615342495027 0.010049810633063316 573
1615342528896 0.009961040690541267 574
1615342562975 0.009848568588495255 575
1615342596932 0.011022752150893211 576
1615342630889 0.010650526732206345 577
1615342665052 0.010075975209474564 578
1615342699071 0.009287305176258087 579
1615342737111 0.00980500876903534 580
1615342770962 0.01110590249300003 581
1615342805169 0.012502479366958141 582
1615342839196 0.01071411743760109 583
1615342873319 0.00946296937763691 584
1615342907184 0.00916261412203312 585
1615342941291 0.010864567011594772 586
1615342975582 0.011169537901878357 587
1615343009663 0.010095760226249695 588
1615343043887 0.010122548788785934 589
1615343082226 0.01028190553188324 590
1615343116371 0.009993184357881546 591
1615343150512 0.010668151080608368 592
1615343184505 0.009789614006876945 593
1615343218652 0.010840896517038345 594
1615343252974 0.009679139591753483 595
1615343286845 0.009219499304890633 596
1615343320672 0.008748752996325493 597
1615343354456 0.010851766914129257 598
1615343388731 0.008890502154827118 599
1615343426643 0.010801838710904121 600
1615343460959 0.011379596777260303 601
1615343495154 0.011780493892729282 602
1615343529589 0.012112446129322052 603
1615343563743 0.010613782331347466 604
1615343597544 0.009684372693300247 605
1615343631336 0.010189546272158623 606
1615343665887 0.008707662113010883 607
1615343699805 0.010534299537539482 608
1615343733845 0.010179595090448856 609
1615343771871 0.010117185302078724 610
1615343806126 0.010815920308232307 611
1615343840453 0.01096704974770546 612
1615343874709 0.013235677033662796 613
1615343908621 0.011655056849122047 614
1615343942918 0.010329239070415497 615
1615343977141 0.008784366771578789 616
1615344011388 0.011322340928018093 617
1615344045283 0.009491987526416779 618
1615344079534 0.011488890275359154 619
1615344117691 0.009623346850275993 620
1615344151659 0.011792922392487526 621
1615344185770 0.01141476258635521 622
1615344219647 0.009489569813013077 623
1615344253596 0.012529950588941574 624
1615344287462 0.009865205734968185 625
1615344321468 0.01169876754283905 626
1615344355334 0.01114968303591013 627
1615344389325 0.009397648274898529 628
1615344423214 0.010479089803993702 629
1615344461128 0.01024199090898037 630
1615344495113 0.010691721923649311 631
1615344529083 0.010718638077378273 632
1615344563157 0.011207637377083302 633
1615344597052 0.00937255285680294 634
1615344631109 0.012523139826953411 635
1615344665503 0.009588000364601612 636
1615344699361 0.011014986783266068 637
1615344733894 0.009235847741365433 638
1615344767907 0.01116007100790739 639
1615344805643 0.009124498814344406 640
1615344839601 0.01064135693013668 641
1615344873793 0.01038552075624466 642
1615344908120 0.009401505813002586 643
1615344942330 0.008877926506102085 644
1615344976340 0.008976506069302559 645
1615345010383 0.009325990453362465 646
1615345044483 0.00875408761203289 647
1615345078280 0.01031605713069439 648
1615345112140 0.010830910876393318 649
1615345150297 0.009198549203574657 650
1615345184195 0.010076327249407768 651
1615345217913 0.008639797568321228 652
1615345251742 0.010125609114766121 653
1615345285632 0.010470818728208542 654
1615345319842 0.009063438512384892 655
1615345354078 0.010930389165878296 656
1615345388590 0.009265980683267117 657
1615345423032 0.008981551975011826 658
1615345457271 0.010500951670110226 659
1615345495784 0.011661910451948643 660
1615345529961 0.008890376426279545 661
1615345564031 0.010957431048154831 662
1615345597968 0.010406452231109142 663
1615345631845 0.007426433265209198 664
1615345665891 0.01019596029073 665
1615345699879 0.010000556707382202 666
1615345734049 0.00951036810874939 667
1615345767942 0.010528787970542908 668
1615345802078 0.008605514653027058 669
1615345840345 0.01141626387834549 670
1615345874328 0.009458189830183983 671
1615345908287 0.009103383868932724 672
1615345942159 0.010604014620184898 673
1615345976274 0.009858871810138226 674
1615346010498 0.011913170106709003 675
1615346044407 0.009639997035264969 676
1615346078406 0.011844775639474392 677
1615346112576 0.011169587261974812 678
1615346146637 0.00962868332862854 679
1615346184458 0.009290461428463459 680
1615346218582 0.012253948487341404 681
1615346252732 0.011054673232138157 682
1615346286932 0.009753618389368057 683
1615346321086 0.008384034037590027 684
1615346355342 0.010323617607355118 685
1615346389285 0.008806001394987106 686
1615346423392 0.0116449985653162 687
1615346457409 0.010442686267197132 688
1615346491454 0.009585993364453316 689
1615346529395 0.009427887387573719 690
1615346563483 0.01045508123934269 691
1615346597642 0.009657355025410652 692
1615346631551 0.009276475757360458 693
1615346665521 0.009739041328430176 694
1615346699761 0.009922292083501816 695
1615346734136 0.009650418534874916 696
1615346768172 0.010847298428416252 697
1615346802442 0.010302437469363213 698
1615346836472 0.008654704317450523 699
1615346874394 0.01190218236297369 700
1615346908402 0.010595658794045448 701
1615346942547 0.008857046253979206 702
1615346976704 0.010800264775753021 703
1615347010885 0.010605381801724434 704
1615347044997 0.010290928184986115 705
1615347078881 0.01064295694231987 706
1615347113207 0.009207868948578835 707
1615347147073 0.010743711143732071 708
1615347180979 0.009452465921640396 709
1615347218934 0.009344978258013725 710
1615347253092 0.009417603723704815 711
1615347286937 0.011151522397994995 712
1615347320997 0.010395782068371773 713
1615347355194 0.009982485324144363 714
1615347389520 0.008595754392445087 715
1615347423794 0.009590661153197289 716
1615347457836 0.00965377502143383 717
1615347492041 0.009148424491286278 718
1615347526216 0.01076189149171114 719
1615347565727 0.012005006894469261 720
1615347599682 0.009986781515181065 721
1615347633506 0.010821320116519928 722
1615347667369 0.008933749981224537 723
1615347701368 0.008043075911700726 724
1615347735214 0.008637883700430393 725
1615347769363 0.011559796519577503 726
1615347803546 0.010425202548503876 727
1615347837800 0.009302757680416107 728
1615347871949 0.010141823440790176 729
1615347909988 0.009179780259728432 730
1615347944047 0.011638588272035122 731
1615347977975 0.012476922944188118 732
1615348011958 0.010043494403362274 733
1615348046158 0.007924896664917469 734
1615348080067 0.010702165775001049 735
1615348114272 0.008928402327001095 736
1615348148200 0.010717378929257393 737
1615348182063 0.008816972374916077 738
1615348215891 0.00886072963476181 739
1615348253869 0.012572001665830612 740
1615348287980 0.009935630485415459 741
1615348322487 0.010625742375850677 742
1615348356789 0.009386962279677391 743
1615348391104 0.011180057190358639 744
1615348425221 0.010840247385203838 745
1615348459389 0.01032254472374916 746
1615348493323 0.008976240642368793 747
1615348527485 0.009516039863228798 748
1615348561288 0.008925417438149452 749
1615348599400 0.008852599188685417 750
1615348633566 0.010375797748565674 751
1615348667602 0.00986278522759676 752
1615348701400 0.010218849405646324 753
1615348735242 0.00976022519171238 754
1615348769335 0.009373782202601433 755
1615348803297 0.008705686777830124 756
1615348837350 0.012115562334656715 757
1615348871799 0.008829331025481224 758
1615348906097 0.009620364755392075 759
1615348944298 0.007838832214474678 760
1615348978356 0.009385059587657452 761
1615349012520 0.008700846694409847 762
1615349046524 0.007904764264822006 763
1615349080375 0.010642682202160358 764
1615349114424 0.009510817937552929 765
1615349148601 0.011152958497405052 766
1615349182857 0.009303297847509384 767
1615349217044 0.01035281177610159 768
1615349250749 0.008572330698370934 769
1615349288505 0.009335096925497055 770
1615349322425 0.009719625115394592 771
1615349356618 0.008749546483159065 772
1615349390699 0.010860035195946693 773
1615349424581 0.009089959785342216 774
1615349458312 0.00802985206246376 775
1615349492484 0.010220367461442947 776
1615349526631 0.009779058396816254 777
1615349560664 0.009781367145478725 778
1615349594854 0.010470015928149223 779
1615349633186 0.01054265908896923 780
1615349667489 0.010231913067400455 781
1615349701853 0.010447287932038307 782
1615349735875 0.008859304711222649 783
1615349769926 0.010707290843129158 784
1615349804167 0.011140829883515835 785
1615349838384 0.00846438854932785 786
1615349872299 0.008433712646365166 787
1615349906311 0.010465886443853378 788
1615349940256 0.01331198588013649 789
1615349978573 0.009783867746591568 790
1615350012682 0.010003043338656425 791
1615350046867 0.009068941697478294 792
1615350081009 0.01071786880493164 793
1615350114995 0.009840639308094978 794
1615350148877 0.00901821255683899 795
1615350183093 0.008907502517104149 796
1615350216970 0.008860580623149872 797
1615350250797 0.009206455200910568 798
1615350284930 0.010906185954809189 799
1615350323069 0.007732335478067398 800
1615350357171 0.010541112162172794 801
1615350391077 0.010383960790932178 802
1615350424989 0.00941959023475647 803
1615350459363 0.0093128252774477 804
1615350493650 0.00926498044282198 805
1615350527825 0.010310817509889603 806
1615350562163 0.009175150655210018 807
1615350596082 0.010856715962290764 808
1615350630124 0.012712621130049229 809
1615350667753 0.01032324694097042 810
1615350701652 0.011052550747990608 811
1615350736170 0.010105181485414505 812
1615350770018 0.008151451125741005 813
1615350803788 0.008880309760570526 814
1615350837664 0.011689599603414536 815
1615350871643 0.010275419801473618 816
1615350905826 0.008771933615207672 817
1615350939552 0.00882655382156372 818
1615350973818 0.009038619697093964 819
1615351011480 0.01250914391130209 820
1615351045365 0.010763224214315414 821
1615351079754 0.00985839031636715 822
1615351113826 0.010564458556473255 823
1615351147794 0.010179499164223671 824
1615351181794 0.010839534923434258 825
1615351215608 0.009781422093510628 826
1615351249865 0.009686527773737907 827
1615351284186 0.009699703194200993 828
1615351318098 0.009726693853735924 829
1615351356228 0.011008994653820992 830
1615351390442 0.010926825925707817 831
1615351424180 0.010844473727047443 832
1615351458268 0.009335032664239407 833
1615351492466 0.009093767032027245 834
1615351526515 0.010620445013046265 835
1615351560370 0.010895911604166031 836
1615351594206 0.008370961993932724 837
1615351628070 0.011063044890761375 838
1615351662243 0.009139821864664555 839
1615351700267 0.011756828054785728 840
1615351734252 0.0088955732062459 841
1615351768470 0.009439677000045776 842
1615351802408 0.00905049778521061 843
1615351836792 0.011409355327486992 844
1615351871196 0.009347615763545036 845
1615351905350 0.00987230334430933 846
1615351939176 0.01005261205136776 847
1615351973674 0.009071273729205132 848
1615352007734 0.009483925998210907 849
1615352045571 0.008770228363573551 850
1615352079679 0.008680878207087517 851
1615352114249 0.009215526282787323 852
1615352148193 0.009596917778253555 853
1615352182263 0.008993405848741531 854
1615352216113 0.00896551925688982 855
1615352250252 0.010639099404215813 856
1615352284061 0.01037825271487236 857
1615352318054 0.0088383499532938 858
1615352352009 0.008967936970293522 859
1615352389564 0.010546895675361156 860
1615352423753 0.010118644684553146 861
1615352457934 0.010393774136900902 862
1615352492454 0.010316239669919014 863
1615352526566 0.009605773724615574 864
1615352560816 0.008472917601466179 865
1615352595297 0.008234532549977303 866
1615352629165 0.011028984561562538 867
1615352663042 0.008816959336400032 868
1615352697246 0.009159129112958908 869
1615352735243 0.008274615742266178 870
1615352769257 0.009253171272575855 871
1615352803489 0.008427898399531841 872
1615352837579 0.009578285738825798 873
1615352871644 0.008733533322811127 874
1615352905592 0.009785777889192104 875
1615352939796 0.009596340358257294 876
1615352973757 0.008622141554951668 877
1615353007967 0.009024417027831078 878
1615353041794 0.009704601019620895 879
1615353079274 0.008958160877227783 880
1615353113724 0.009200002998113632 881
1615353148233 0.010370886884629726 882
1615353182316 0.009843061678111553 883
1615353216435 0.009085500612854958 884
1615353250355 0.011627580039203167 885
1615353284681 0.010675217024981976 886
1615353318643 0.008837243542075157 887
1615353352532 0.011554095894098282 888
1615353386486 0.007844054140150547 889
1615353424398 0.00830589234828949 890
1615353458247 0.01254014391452074 891
1615353492084 0.009643889963626862 892
1615353525907 0.00867320504039526 893
1615353559972 0.00857845414429903 894
1615353594563 0.009828346781432629 895
1615353628940 0.008064588531851768 896
1615353663284 0.01118256151676178 897
1615353697312 0.009106505662202835 898
1615353731264 0.011213047429919243 899
1615353769251 0.01001822017133236 900
1615353803299 0.009585419669747353 901
1615353837298 0.009171308018267155 902
1615353871524 0.007849529385566711 903
1615353905647 0.010189542546868324 904
1615353939409 0.008979079313576221 905
1615353973177 0.00951431319117546 906
1615354007413 0.010660715401172638 907
1615354041595 0.009036529809236526 908
1615354075811 0.007617696188390255 909
1615354113480 0.008521242067217827 910
1615354147486 0.009116893634200096 911
1615354181678 0.009594684466719627 912
1615354215879 0.010879549197852612 913
1615354250156 0.009028674103319645 914
1615354284231 0.008203929290175438 915
1615354318374 0.01004717592149973 916
1615354352493 0.009014273062348366 917
1615354386361 0.008509739302098751 918
1615354420574 0.009957980364561081 919
1615354458756 0.008010013028979301 920
1615354492904 0.009671730920672417 921
1615354527213 0.009729543700814247 922
1615354561532 0.008923845365643501 923
1615354595407 0.007660401053726673 924
1615354629376 0.008899568580091 925
1615354663433 0.009467827156186104 926
1615354697576 0.009110894054174423 927
1615354731685 0.009706864133477211 928
1615354765780 0.008861128240823746 929
1615354804181 0.010450879111886024 930
1615354838499 0.009518654085695744 931
1615354872904 0.008929356001317501 932
1615354907288 0.009710848331451416 933
1615354942684 0.006943758577108383 934
1615354977113 0.010848598554730415 935
1615355011447 0.009462203830480576 936
1615355045700 0.009330048225820065 937
1615355079982 0.010568097233772278 938
1615355114040 0.007966304197907448 939
1615355151747 0.009347403421998024 940
1615355186015 0.009525899775326252 941
1615355220173 0.008240444585680962 942
1615355254191 0.009701739996671677 943
1615355288221 0.011339899152517319 944
1615355322603 0.010347442701458931 945
1615355357029 0.008437355980277061 946
1615355391299 0.008433188311755657 947
1615355425922 0.008099647238850594 948
1615355460162 0.007024379912763834 949
1615355498179 0.010309001430869102 950
1615355532403 0.008132190443575382 951
1615355566428 0.009407845325767994 952
1615355600181 0.010132702067494392 953
1615355633971 0.009599889628589153 954
1615355668321 0.0107157863676548 955
1615355702475 0.008563246577978134 956
1615355736539 0.008258428424596786 957
1615355770732 0.00804838351905346 958
1615355804978 0.007387256249785423 959
1615355843035 0.008251674473285675 960
1615355877317 0.01012275367975235 961
1615355911621 0.00888100452721119 962
1615355945404 0.009145569056272507 963
1615355979411 0.011188635602593422 964
1615356013240 0.009222552180290222 965
1615356047193 0.01018235832452774 966
1615356081694 0.011685521341860294 967
1615356115973 0.008760415948927402 968
1615356150245 0.00788131169974804 969
1615356188602 0.010716713033616543 970
1615356222476 0.010132151655852795 971
1615356256426 0.008669549599289894 972
1615356290408 0.009150441735982895 973
1615356324437 0.00940067507326603 974
1615356358837 0.006684313528239727 975
1615356392896 0.006982339546084404 976
1615356426866 0.008932998403906822 977
1615356461000 0.008115125820040703 978
1615356495125 0.007262294180691242 979
1615356533011 0.009281562641263008 980
1615356567075 0.007659409195184708 981
1615356601113 0.00804481003433466 982
1615356635624 0.008698871359229088 983
1615356669878 0.008955102413892746 984
1615356703835 0.008898591622710228 985
1615356737760 0.009213251993060112 986
1615356771779 0.008071539923548698 987
1615356805581 0.008966217748820782 988
1615356839575 0.009884610772132874 989
1615356877714 0.010008834302425385 990
1615356911812 0.008990536443889141 991
1615356945939 0.0090255718678236 992
1615356979940 0.01073228009045124 993
1615357013869 0.00879704114049673 994
1615357048127 0.006875855382531881 995
1615357082352 0.010003144852817059 996
1615357116200 0.007922424003481865 997
1615357150168 0.00829322636127472 998
1615357184067 0.010747583582997322 999
1615357221617 0.008398848585784435 1000
1615357255628 0.008763320744037628 1001
1615357289765 0.006669668480753899 1002
1615357323826 0.009680835530161858 1003
1615357358055 0.009572993963956833 1004
1615357392627 0.007741759531199932 1005
1615357427278 0.00919376127421856 1006
1615357461942 0.008154312148690224 1007
1615357496596 0.007237779907882214 1008
1615357531198 0.007490574382245541 1009
1615357569449 0.009581581689417362 1010
1615357603608 0.009857703000307083 1011
1615357637394 0.007577512413263321 1012
1615357671550 0.010100875049829483 1013
1615357705798 0.009690347127616405 1014
1615357739640 0.00819125771522522 1015
1615357773570 0.008499113842844963 1016
1615357807564 0.013152256608009338 1017
1615357841713 0.008404127322137356 1018
1615357875929 0.00792637374252081 1019
1615357913761 0.012926263734698296 1020
1615357947997 0.009117979556322098 1021
1615357981930 0.01085629127919674 1022
1615358015849 0.006183943711221218 1023
1615358049830 0.008992955088615417 1024
1615358084045 0.009123780764639378 1025
1615358118059 0.009214017540216446 1026
1615358152218 0.010755108669400215 1027
1615358186571 0.008295632898807526 1028
1615358220904 0.009524643421173096 1029
1615358259057 0.007393155246973038 1030
1615358293361 0.009105145931243896 1031
1615358327718 0.008601431734859943 1032
1615358361965 0.008972791023552418 1033
1615358396359 0.008993575349450111 1034
1615358430492 0.008817979134619236 1035
1615358464712 0.009929945692420006 1036
1615358498764 0.007191147655248642 1037
1615358532869 0.009109518490731716 1038
1615358566952 0.00996272824704647 1039
1615358604918 0.008574777282774448 1040
1615358639136 0.00833955779671669 1041
1615358673355 0.009235022589564323 1042
1615358707620 0.010924037545919418 1043
1615358741792 0.008491686545312405 1044
1615358776170 0.008586880750954151 1045
1615358810477 0.008377104997634888 1046
1615358844789 0.006580661982297897 1047
1615358878933 0.009241366758942604 1048
1615358913243 0.007310101762413979 1049
1615358951280 0.007279899902641773 1050
1615358985275 0.010837842710316181 1051
1615359019166 0.00911523774266243 1052
1615359053188 0.008818617090582848 1053
1615359087217 0.00837140902876854 1054
1615359121201 0.008913906291127205 1055
1615359155083 0.009752675890922546 1056
1615359188969 0.008665420114994049 1057
1615359222946 0.007492952048778534 1058
1615359257109 0.00821729376912117 1059
1615359294999 0.007577886804938316 1060
1615359329244 0.007592391222715378 1061
1615359363808 0.007521516643464565 1062
1615359398010 0.010492218658328056 1063
1615359432258 0.009013259783387184 1064
1615359466257 0.008022592402994633 1065
1615359500361 0.009149509482085705 1066
1615359534631 0.010914442129433155 1067
1615359568644 0.009654341265559196 1068
1615359602714 0.008969510905444622 1069
1615359640755 0.01147126778960228 1070
1615359675292 0.0069365119561553 1071
1615359709510 0.009195306338369846 1072
1615359743516 0.01015549898147583 1073
1615359777711 0.008794073946774006 1074
1615359811629 0.007934736087918282 1075
1615359845893 0.007717473432421684 1076
1615359879931 0.008179137483239174 1077
1615359914113 0.008852951228618622 1078
1615359948268 0.008070171810686588 1079
1615359986191 0.00882158987224102 1080
1615360020287 0.010749857872724533 1081
1615360054372 0.007617256138473749 1082
1615360088306 0.007863017730414867 1083
1615360122539 0.009795663878321648 1084
1615360156796 0.00768134742975235 1085
1615360191364 0.010922078043222427 1086
1615360226135 0.010530108585953712 1087
1615360260374 0.00838486384600401 1088
1615360294679 0.008614350110292435 1089
1615360332566 0.007467105984687805 1090
1615360366544 0.008332418277859688 1091
1615360400850 0.009085051715373993 1092
1615360435104 0.00978053454309702 1093
1615360469039 0.007514858618378639 1094
1615360503192 0.009572824463248253 1095
1615360537126 0.007532218471169472 1096
1615360571037 0.008008332923054695 1097
1615360604968 0.008452476933598518 1098
1615360638823 0.008535526692867279 1099
1615360676972 0.008761726319789886 1100
1615360710788 0.008676940575242043 1101
1615360744725 0.008270468562841415 1102
1615360779075 0.009493310004472733 1103
1615360813422 0.006424004212021828 1104
1615360847638 0.007619812153279781 1105
1615360881898 0.008722377009689808 1106
1615360916310 0.010219535790383816 1107
1615360950566 0.007723299786448479 1108
1615360984588 0.008267706260085106 1109
1615361022799 0.008208251558244228 1110
1615361057103 0.00847090594470501 1111
1615361091296 0.007598815951496363 1112
1615361125309 0.008458085358142853 1113
1615361159291 0.009521706029772758 1114
1615361193378 0.01067429780960083 1115
1615361227305 0.008936716243624687 1116
1615361261242 0.008508201688528061 1117
1615361295229 0.00957283191382885 1118
1615361329168 0.00822085328400135 1119
1615361367615 0.007206502370536327 1120
1615361401636 0.010270525701344013 1121
1615361435668 0.008081733249127865 1122
1615361469859 0.008314784616231918 1123
1615361504056 0.008364060893654823 1124
1615361538326 0.007432721555233002 1125
1615361572666 0.009843289852142334 1126
1615361606917 0.007802532985806465 1127
1615361641140 0.00950336828827858 1128
1615361675061 0.011689656414091587 1129
1615361713016 0.00826045498251915 1130
1615361747260 0.008274883031845093 1131
1615361781322 0.00827479176223278 1132
1615361815733 0.009532813914120197 1133
1615361849915 0.009768035262823105 1134
1615361883878 0.009833507239818573 1135
1615361918226 0.007719089277088642 1136
1615361952102 0.008649855852127075 1137
1615361986212 0.010755984112620354 1138
1615362020324 0.008350509218871593 1139
1615362058278 0.007124548777937889 1140
1615362092452 0.00781937688589096 1141
1615362126422 0.009723455645143986 1142
1615362160409 0.00930238701403141 1143
1615362194414 0.00909749511629343 1144
1615362228471 0.008880572393536568 1145
1615362262591 0.010216367430984974 1146
1615362296964 0.008998094126582146 1147
1615362331210 0.011308991350233555 1148
1615362365519 0.008934144861996174 1149
1615362403622 0.01037069782614708 1150
1615362437557 0.01046532578766346 1151
1615362471516 0.008824024349451065 1152
1615362505687 0.00800812616944313 1153
1615362539547 0.009113853797316551 1154
1615362573889 0.009056616574525833 1155
1615362607820 0.011288846842944622 1156
1615362641771 0.009944062680006027 1157
1615362675653 0.008646365255117416 1158
1615362709628 0.00888983067125082 1159
1615362747381 0.00870903953909874 1160
1615362781292 0.00972777884453535 1161
1615362815137 0.009503347799181938 1162
1615362849349 0.008146626874804497 1163
1615362883606 0.007467104122042656 1164
1615362917772 0.008660377934575081 1165
1615362951936 0.007782536558806896 1166
1615362985973 0.011621445417404175 1167
1615363019859 0.009386902675032616 1168
1615363053817 0.011101186275482178 1169
1615363091832 0.007617207244038582 1170
1615363126169 0.01062636449933052 1171
1615363160581 0.007245898246765137 1172
1615363194848 0.008342942222952843 1173
1615363229189 0.009228064678609371 1174
1615363263342 0.010182780213654041 1175
1615363297550 0.007997301407158375 1176
1615363331703 0.010245343670248985 1177
1615363365999 0.0074246968142688274 1178
1615363399918 0.008415055461227894 1179
1615363437934 0.007562043610960245 1180
1615363471822 0.010077590122818947 1181
1615363505973 0.008725413121283054 1182
1615363540199 0.008000865578651428 1183
1615363574450 0.008457206189632416 1184
1615363608508 0.011225150898098946 1185
1615363642749 0.009174294769763947 1186
1615363676917 0.009451216086745262 1187
1615363711088 0.007140660658478737 1188
1615363745333 0.007535169366747141 1189
1615363783723 0.008599057793617249 1190
1615363817567 0.007890834473073483 1191
1615363851822 0.00994899682700634 1192
1615363885982 0.008161960169672966 1193
1615363920066 0.00790027342736721 1194
1615363954269 0.010439829900860786 1195
1615363989025 0.007048469968140125 1196
1615364023105 0.009790604934096336 1197
1615364057230 0.007524509448558092 1198
1615364091201 0.007055787835270166 1199
1615364128976 0.008823387324810028 1200
1615364151603 0.009616261348128319 0
1615364151623 0.009616261348128319 0
