1615676129948 0.23499557375907898 1
1615676164525 0.3190149664878845 2
1615676199329 0.49230828881263733 3
1615676233799 0.6077970266342163 4
1615676268256 0.6028364896774292 5
1615676302917 0.6503010392189026 6
1615676337520 0.6406897306442261 7
1615676371811 0.6499414443969727 8
1615676406966 0.6649966239929199 9
1615676445745 0.6704554557800293 10
1615676479848 0.6932433843612671 11
1615676514122 0.6522100567817688 12
1615676548238 0.6831629276275635 13
1615676582427 0.6985933184623718 14
1615676617147 0.688497006893158 15
1615676651984 0.6986675262451172 16
1615676686533 0.7241935729980469 17
1615676720833 0.756495475769043 18
1615676755145 0.6975181102752686 19
1615676794160 0.7266650199890137 20
1615676828403 0.7280187606811523 21
1615676862766 0.7414153814315796 22
1615676897115 0.7615518569946289 23
1615676931344 0.7631788849830627 24
1615676966247 0.7283092141151428 25
1615677000586 0.7653462886810303 26
1615677035229 0.7544035911560059 27
1615677069881 0.7632736563682556 28
1615677104444 0.7223386764526367 29
1615677143471 0.743738055229187 30
1615677178180 0.7605031132698059 31
1615677213039 0.7629480361938477 32
1615677247621 0.7651321887969971 33
1615677282279 0.7453093528747559 34
1615677316784 0.7833040356636047 35
1615677351641 0.7886850833892822 36
1615677386382 0.7978444695472717 37
1615677420659 0.7963602542877197 38
1615677455455 0.7683259844779968 39
1615677494639 0.786623477935791 40
1615677528892 0.7828806638717651 41
1615677563628 0.7486683130264282 42
1615677598245 0.7540311813354492 43
1615677633180 0.7800959348678589 44
1615677667575 0.8067747950553894 45
1615677702099 0.797070324420929 46
1615677736597 0.7916409969329834 47
1615677771414 0.8407694101333618 48
1615677806061 0.8002511858940125 49
1615677845180 0.7815947532653809 50
1615677879808 0.8021985292434692 51
1615677914067 0.7246724367141724 52
1615677948813 0.749829113483429 53
1615677983105 0.7805263996124268 54
1615678017454 0.7598495483398438 55
1615678052058 0.7578325867652893 56
1615678086416 0.7767081260681152 57
1615678121064 0.7870515584945679 58
1615678156136 0.7862838506698608 59
1615678195138 0.7888219356536865 60
1615678229872 0.7713393568992615 61
1615678264552 0.7747895121574402 62
1615678298972 0.7656895518302917 63
1615678333457 0.7668378353118896 64
1615678368617 0.7777981758117676 65
1615678403094 0.8050005435943604 66
1615678437560 0.8061145544052124 67
1615678471787 0.8185240030288696 68
1615678506002 0.8171581625938416 69
1615678545253 0.7797261476516724 70
1615678580005 0.7852197885513306 71
1615678614782 0.7596390247344971 72
1615678649738 0.7809849977493286 73
1615678684184 0.7923938035964966 74
1615678718477 0.7966400384902954 75
1615678752953 0.8312798738479614 76
1615678787226 0.8225641250610352 77
1615678821472 0.8246684074401855 78
1615678855983 0.8042985200881958 79
1615678895095 0.7802315950393677 80
1615678929914 0.8095180988311768 81
1615678964587 0.8148349523544312 82
1615678998890 0.8060938119888306 83
1615679033597 0.8298647403717041 84
1615679067792 0.8157202005386353 85
1615679101963 0.8080098628997803 86
1615679136775 0.8365498781204224 87
1615679171164 0.8224378228187561 88
1615679205943 0.8121853470802307 89
1615679244851 0.810458779335022 90
1615679279417 0.8106461763381958 91
1615679313750 0.8276394605636597 92
1615679348031 0.830193042755127 93
1615679382296 0.8099920749664307 94
1615679416587 0.8214375972747803 95
1615679450968 0.8044995069503784 96
1615679485199 0.8269730806350708 97
1615679519935 0.7678079605102539 98
1615679554679 0.8130879402160645 99
1615679593929 0.8072417378425598 100
1615679628733 0.8002831935882568 101
1615679663214 0.8047091364860535 102
1615679697528 0.8442781567573547 103
1615679732111 0.8192475438117981 104
1615679766450 0.8047027587890625 105
1615679800651 0.7623202800750732 106
1615679835085 0.8008941411972046 107
1615679869297 0.7932538986206055 108
1615679904114 0.8136322498321533 109
1615679943419 0.7909502983093262 110
1615679977713 0.8424021005630493 111
1615680012409 0.8186634182929993 112
1615680047010 0.7990385890007019 113
1615680081736 0.7839072942733765 114
1615680116498 0.8226040601730347 115
1615680151280 0.78969407081604 116
1615680186072 0.8255999088287354 117
1615680220491 0.7706149816513062 118
1615680254719 0.8277646899223328 119
1615680293729 0.8018343448638916 120
1615680328388 0.8359668254852295 121
1615680363143 0.8339080810546875 122
1615680397864 0.7764453887939453 123
1615680431993 0.7971352338790894 124
1615680466445 0.841408908367157 125
1615680500882 0.8233112096786499 126
1615680535714 0.8183847665786743 127
1615680570421 0.8330714106559753 128
1615680605180 0.8329440951347351 129
1615680643977 0.8402854800224304 130
1615680678529 0.8169765472412109 131
1615680713292 0.8170586228370667 132
1615680747578 0.8408993482589722 133
1615680782261 0.8111786246299744 134
1615680816840 0.8338956236839294 135
1615680851417 0.8432939052581787 136
1615680886168 0.8283066749572754 137
1615680920869 0.805529773235321 138
1615680954986 0.814604640007019 139
1615680994034 0.8079701662063599 140
1615681028191 0.8008565902709961 141
1615681062734 0.8348262310028076 142
1615681096995 0.8438481688499451 143
1615681131535 0.8254310488700867 144
1615681166282 0.8498967885971069 145
1615681200420 0.8447273969650269 146
1615681234666 0.8159593343734741 147
1615681269306 0.8253177404403687 148
1615681303575 0.8511783480644226 149
1615681342515 0.8289072513580322 150
1615681377100 0.8262436389923096 151
1615681411667 0.8338501453399658 152
1615681445989 0.8432175517082214 153
1615681480288 0.8799257278442383 154
1615681514677 0.8486232757568359 155
1615681549489 0.8482626676559448 156
1615681583805 0.8687553405761719 157
1615681618575 0.8351954221725464 158
1615681653030 0.8589255213737488 159
1615681691323 0.8530831933021545 160
1615681725592 0.8034418225288391 161
1615681759694 0.8282392621040344 162
1615681794176 0.8361636400222778 163
1615681828420 0.8459441661834717 164
1615681863088 0.8308769464492798 165
1615681897279 0.8088786602020264 166
1615681931952 0.8345108032226562 167
1615681966670 0.8402314186096191 168
1615682001144 0.8783234357833862 169
1615682039718 0.8545072674751282 170
1615682073866 0.8223272562026978 171
1615682108112 0.8390620350837708 172
1615682142334 0.8279080390930176 173
1615682176925 0.8275589942932129 174
1615682211275 0.8334078192710876 175
1615682245872 0.8246411085128784 176
1615682280397 0.799881100654602 177
1615682315025 0.8377726078033447 178
1615682349474 0.8195806741714478 179
1615682388845 0.8800719380378723 180
1615682423154 0.8357819318771362 181
1615682457823 0.8171833753585815 182
1615682492209 0.8102984428405762 183
1615682526903 0.8629772663116455 184
1615682561297 0.8344297409057617 185
1615682595517 0.8255735635757446 186
1615682630585 0.8190745115280151 187
1615682664801 0.8190398216247559 188
1615682698993 0.8392842411994934 189
1615682737298 0.8367207050323486 190
1615682771922 0.8618375062942505 191
1615682806340 0.8227299451828003 192
1615682840570 0.8195126056671143 193
1615682874808 0.8275997638702393 194
1615682909288 0.8528211712837219 195
1615682943830 0.8222975134849548 196
1615682978510 0.8380711674690247 197
1615683013351 0.8414307832717896 198
1615683047713 0.8461587429046631 199
1615683086566 0.8299313187599182 200
1615683121368 0.8206208348274231 201
1615683155671 0.8131909370422363 202
1615683189947 0.8063108325004578 203
1615683224456 0.8386009931564331 204
1615683259104 0.8588690757751465 205
1615683293268 0.8501003980636597 206
1615683327671 0.8479006886482239 207
1615683362333 0.8584438562393188 208
1615683396667 0.8661270141601562 209
1615683435156 0.8099632263183594 210
1615683469767 0.8584697842597961 211
1615683504019 0.8484947085380554 212
1615683538118 0.8108111023902893 213
1615683572649 0.8514724969863892 214
1615683607354 0.8399844765663147 215
1615683642078 0.8156609535217285 216
1615683676789 0.8425449132919312 217
1615683711605 0.8395583033561707 218
1615683745970 0.8343563079833984 219
1615683784615 0.8445745706558228 220
1615683819228 0.8399291634559631 221
1615683853639 0.837781548500061 222
1615683888335 0.8529648780822754 223
1615683923114 0.8572068214416504 224
1615683957901 0.8390389680862427 225
1615683992670 0.8411485552787781 226
1615684027364 0.8301617503166199 227
1615684061569 0.8615838289260864 228
1615684095931 0.8719168901443481 229
1615684134351 0.847190260887146 230
1615684169318 0.8803784847259521 231
1615684203763 0.8516978621482849 232
1615684238503 0.8289936780929565 233
1615684272643 0.8627294898033142 234
1615684307293 0.8541728854179382 235
1615684341543 0.8358028531074524 236
1615684375768 0.8538896441459656 237
1615684410496 0.8306639194488525 238
1615684444895 0.87284255027771 239
1615684483547 0.8310911655426025 240
1615684518145 0.8473890423774719 241
1615684552434 0.8454611897468567 242
1615684586910 0.8582321405410767 243
1615684621777 0.8662122488021851 244
1615684656565 0.8492319583892822 245
1615684691071 0.8439644575119019 246
1615684725536 0.8221455812454224 247
1615684759744 0.8567010164260864 248
1615684794438 0.844546914100647 249
1615684833507 0.852830708026886 250
1615684867936 0.8711434602737427 251
1615684902219 0.8348627686500549 252
1615684936809 0.8258819580078125 253
1615684971382 0.8562706112861633 254
1615685005868 0.8721452951431274 255
1615685040167 0.8475942611694336 256
1615685074921 0.8857109546661377 257
1615685109198 0.8613176345825195 258
1615685143439 0.836253821849823 259
1615685182183 0.8438390493392944 260
1615685216976 0.8814305663108826 261
1615685251487 0.8786276578903198 262
1615685286355 0.8506383895874023 263
1615685320955 0.8311696648597717 264
1615685355722 0.8584223985671997 265
1615685390633 0.8495466113090515 266
1615685425468 0.8623900413513184 267
1615685459753 0.8426768779754639 268
1615685494445 0.8691544532775879 269
1615685533468 0.8659697771072388 270
1615685568642 0.8630626797676086 271
1615685602974 0.8639059066772461 272
1615685637365 0.848739504814148 273
1615685671509 0.8533568382263184 274
1615685705661 0.8460084795951843 275
1615685740528 0.8126403093338013 276
1615685775093 0.8804872035980225 277
1615685809538 0.8418068885803223 278
1615685844253 0.8749200105667114 279
1615685883617 0.8546947240829468 280
1615685917900 0.8591907024383545 281
1615685952711 0.8717465400695801 282
1615685987045 0.8470933437347412 283
1615686021665 0.8579546809196472 284
1615686056779 0.8074172735214233 285
1615686091287 0.8575187921524048 286
1615686126076 0.8336340188980103 287
1615686160403 0.829423189163208 288
1615686194603 0.8575518131256104 289
1615686234099 0.8505218029022217 290
1615686268769 0.8716776371002197 291
1615686303543 0.8555232286453247 292
1615686338242 0.8654943704605103 293
1615686372722 0.8498574495315552 294
1615686407693 0.8406379222869873 295
1615686442653 0.844724714756012 296
1615686477769 0.8699314594268799 297
1615686512552 0.8484807014465332 298
1615686546789 0.8882288336753845 299
1615686585814 0.8619643449783325 300
1615686620588 0.8386613130569458 301
1615686654864 0.8571270704269409 302
1615686689088 0.8818122148513794 303
1615686723623 0.8681630492210388 304
1615686758125 0.831544041633606 305
1615686792677 0.8429908752441406 306
1615686827346 0.8667277097702026 307
1615686861681 0.9111237525939941 308
1615686896253 0.8818328976631165 309
1615686935530 0.8239307403564453 310
1615686970306 0.838748574256897 311
1615687004552 0.8567373752593994 312
1615687039642 0.8343315124511719 313
1615687074159 0.8864319324493408 314
1615687108660 0.844917893409729 315
1615687143110 0.8623714447021484 316
1615687177975 0.8811688423156738 317
1615687212638 0.8554167747497559 318
1615687246884 0.8492795825004578 319
1615687285283 0.8699730634689331 320
1615687319599 0.8525382876396179 321
1615687353870 0.849421501159668 322
1615687388728 0.8364478349685669 323
1615687422947 0.8812170028686523 324
1615687457660 0.8301326036453247 325
1615687492496 0.8595861196517944 326
1615687527338 0.8621936440467834 327
1615687561977 0.8836662769317627 328
1615687596956 0.8793969750404358 329
1615687636360 0.8233576416969299 330
1615687670930 0.8484430313110352 331
1615687705120 0.8642255663871765 332
1615687739673 0.8855369091033936 333
1615687774411 0.8551770448684692 334
1615687809306 0.8493779897689819 335
1615687844065 0.8455346822738647 336
1615687878693 0.8763233423233032 337
1615687913397 0.8336362838745117 338
1615687947804 0.881671130657196 339
1615687986495 0.8766003847122192 340
1615688021170 0.8543926477432251 341
1615688055702 0.877651572227478 342
1615688089895 0.8410606384277344 343
1615688124649 0.8635224103927612 344
1615688158921 0.8409473896026611 345
1615688193593 0.8347446322441101 346
1615688227917 0.8089884519577026 347
1615688262633 0.8496617078781128 348
1615688296828 0.8732190132141113 349
1615688336096 0.876079797744751 350
1615688370681 0.861764132976532 351
1615688405055 0.8633327484130859 352
1615688439373 0.8785942196846008 353
1615688474252 0.8760260343551636 354
1615688509113 0.8665128946304321 355
1615688544084 0.8271541595458984 356
1615688578672 0.8782192468643188 357
1615688613247 0.88811194896698 358
1615688647737 0.8374093174934387 359
1615688686698 0.8640398383140564 360
1615688721465 0.8903874158859253 361
1615688756102 0.8914251923561096 362
1615688790742 0.8779339790344238 363
1615688825104 0.8524330854415894 364
1615688859450 0.882495641708374 365
1615688893570 0.8581430912017822 366
1615688927829 0.8683857321739197 367
1615688962149 0.8913595080375671 368
1615688996199 0.8532006144523621 369
1615689035062 0.8594968318939209 370
1615689069330 0.909376859664917 371
1615689103692 0.8974882364273071 372
1615689138480 0.8582178354263306 373
1615689173310 0.8705962896347046 374
1615689208100 0.8711106777191162 375
1615689242466 0.8537788391113281 376
1615689276752 0.8337292075157166 377
1615689311023 0.8443667888641357 378
1615689345557 0.8567564487457275 379
1615689384220 0.8466283082962036 380
1615689419356 0.8646668195724487 381
1615689453907 0.877592921257019 382
1615689488610 0.8466352224349976 383
1615689522859 0.8717758655548096 384
1615689557085 0.8797741532325745 385
1615689591933 0.8667046427726746 386
1615689626488 0.8586326837539673 387
1615689661117 0.8783024549484253 388
1615689695843 0.871717095375061 389
1615689734711 0.8529038429260254 390
1615689769072 0.8521242141723633 391
1615689803372 0.8585306406021118 392
1615689837994 0.8705343008041382 393
1615689872824 0.8499300479888916 394
1615689907605 0.9088083505630493 395
1615689942381 0.8597739338874817 396
1615689977081 0.8883441686630249 397
1615690011549 0.8839432001113892 398
1615690046281 0.8641538619995117 399
1615690084931 0.8841497898101807 400
1615690119290 0.8827199935913086 401
1615690154046 0.8705803155899048 402
1615690188628 0.8425273895263672 403
1615690223095 0.8911486864089966 404
1615690257729 0.8695752620697021 405
1615690292524 0.8712443709373474 406
1615690327405 0.824103832244873 407
1615690362051 0.8803524374961853 408
1615690396846 0.8522841930389404 409
1615690435595 0.8624339699745178 410
1615690470248 0.8778914213180542 411
1615690504884 0.8940099477767944 412
1615690539704 0.8778188228607178 413
1615690573990 0.8472517728805542 414
1615690608664 0.8379418253898621 415
1615690643395 0.869141697883606 416
1615690678228 0.8671889305114746 417
1615690713194 0.8790198564529419 418
1615690748049 0.8763803243637085 419
1615690786344 0.8787423372268677 420
1615690821060 0.8729024529457092 421
1615690855882 0.8678901195526123 422
1615690890629 0.8430318832397461 423
1615690925303 0.8536951541900635 424
1615690959915 0.8831361532211304 425
1615690994255 0.8592119216918945 426
1615691029254 0.8852688074111938 427
1615691063484 0.8559056520462036 428
1615691098180 0.8357387185096741 429
1615691136336 0.8443408608436584 430
1615691170578 0.8713876008987427 431
1615691205337 0.8466712236404419 432
1615691240222 0.8621795177459717 433
1615691274900 0.8868147134780884 434
1615691309635 0.823087751865387 435
1615691344359 0.8680822849273682 436
1615691378676 0.8661161065101624 437
1615691413615 0.8747425079345703 438
1615691448123 0.8316702246665955 439
1615691486712 0.9018434882164001 440
1615691521365 0.8793407678604126 441
1615691556133 0.845221996307373 442
1615691590402 0.8623273372650146 443
1615691625253 0.8938620090484619 444
1615691659554 0.8638176321983337 445
1615691693645 0.8641517162322998 446
1615691728267 0.8476813435554504 447
1615691762821 0.8752245306968689 448
1615691797526 0.8836714625358582 449
1615691836803 0.8764315843582153 450
1615691871637 0.8637416362762451 451
1615691906329 0.8623975515365601 452
1615691941176 0.8612090945243835 453
1615691975938 0.8510112762451172 454
1615692010311 0.8833409547805786 455
1615692044629 0.8548865914344788 456
1615692079262 0.8480578660964966 457
1615692113917 0.8416909575462341 458
1615692148224 0.8749169707298279 459
1615692187222 0.8815702199935913 460
1615692221695 0.8781967163085938 461
1615692256438 0.8863639831542969 462
1615692290809 0.8701728582382202 463
1615692325384 0.8651150465011597 464
1615692359848 0.8718364834785461 465
1615692394076 0.857592761516571 466
1615692428790 0.8528499007225037 467
1615692462960 0.8603028655052185 468
1615692497150 0.8683223724365234 469
1615692536040 0.8600996136665344 470
1615692570340 0.8545716404914856 471
1615692604795 0.8688948154449463 472
1615692640160 0.8642231822013855 473
1615692676417 0.858370304107666 474
1615692711952 0.8971384763717651 475
1615692746915 0.8688532114028931 476
1615692781444 0.8675717115402222 477
1615692817257 0.8780276775360107 478
1615692852162 0.8997789621353149 479
1615692891030 0.8962953090667725 480
1615692925632 0.8715450763702393 481
1615692960342 0.8831803202629089 482
1615692994548 0.8698729276657104 483
1615693029302 0.8792035579681396 484
1615693063793 0.8716133832931519 485
1615693098612 0.8699660897254944 486
1615693132894 0.8688011765480042 487
1615693167512 0.8731117248535156 488
1615693203514 0.8885175585746765 489
1615693244189 0.8992133140563965 490
1615693279395 0.8837759494781494 491
1615693314087 0.8397926688194275 492
1615693348783 0.9111768007278442 493
1615693383582 0.8417454957962036 494
1615693418168 0.8702173233032227 495
1615693453103 0.8549208641052246 496
1615693487519 0.8952842354774475 497
1615693522389 0.8604733943939209 498
1615693556873 0.8846023678779602 499
1615693596363 0.8652032017707825 500
1615693631007 0.8462921380996704 501
1615693665276 0.8891220688819885 502
1615693699515 0.8991376161575317 503
1615693733594 0.8957206010818481 504
1615693768053 0.8776521682739258 505
1615693802360 0.891119122505188 506
1615693836663 0.851797342300415 507
1615693871678 0.8702369332313538 508
1615693906151 0.8869447708129883 509
1615693945665 0.8851175904273987 510
1615693981164 0.918215274810791 511
1615694016420 0.877731204032898 512
1615694051176 0.8911876678466797 513
1615694085765 0.8990147113800049 514
1615694121106 0.8862084150314331 515
1615694155657 0.890322208404541 516
1615694189878 0.8973696231842041 517
1615694224150 0.8697598576545715 518
1615694258438 0.8629080057144165 519
1615694297319 0.8526872396469116 520
1615694331866 0.841911792755127 521
1615694366751 0.8738666772842407 522
1615694401738 0.8909461498260498 523
1615694436737 0.8801611661911011 524
1615694471869 0.871239423751831 525
1615694507012 0.9139310121536255 526
1615694542173 0.8791763782501221 527
1615694577812 0.8749289512634277 528
1615694612517 0.9052140712738037 529
1615694650854 0.8814277648925781 530
1615694685185 0.8585127592086792 531
1615694719461 0.8644007444381714 532
1615694753639 0.859681248664856 533
1615694788089 0.885935366153717 534
1615694822621 0.8697158098220825 535
1615694857087 0.909794807434082 536
1615694891601 0.8621931076049805 537
1615694926197 0.8828354477882385 538
1615694961213 0.871405303478241 539
1615695000804 0.9012758731842041 540
1615695036011 0.8644520044326782 541
1615695070909 0.8561731576919556 542
1615695105705 0.8815228939056396 543
1615695140460 0.8921276330947876 544
1615695175743 0.8868602514266968 545
1615695210531 0.8935710191726685 546
1615695244801 0.9053743481636047 547
1615695279186 0.8522850275039673 548
1615695313456 0.8594117164611816 549
1615695351749 0.8754363656044006 550
1615695385961 0.8842296600341797 551
1615695420144 0.8846257925033569 552
1615695454384 0.8946280479431152 553
1615695489092 0.8312951922416687 554
1615695523578 0.8669298887252808 555
1615695558689 0.8925778865814209 556
1615695594027 0.8647519946098328 557
1615695628866 0.8690692782402039 558
1615695664178 0.8536567687988281 559
1615695703692 0.9019351601600647 560
1615695738497 0.874068021774292 561
1615695772969 0.8547794222831726 562
1615695807549 0.8731439709663391 563
1615695842621 0.9262180328369141 564
1615695877265 0.8577501177787781 565
1615695911435 0.8923102617263794 566
1615695945594 0.8793466091156006 567
1615695980260 0.9061006307601929 568
1615696014580 0.8810406923294067 569
1615696053218 0.8798526525497437 570
1615696088047 0.854250967502594 571
1615696122531 0.8760360479354858 572
1615696157116 0.8834598064422607 573
1615696192316 0.8895323276519775 574
1615696227137 0.8672409057617188 575
1615696262319 0.8730134963989258 576
1615696297270 0.8952360153198242 577
1615696331984 0.9012017250061035 578
1615696366782 0.8634496927261353 579
1615696406130 0.8845086097717285 580
1615696440668 0.9102267026901245 581
1615696474982 0.8608454465866089 582
1615696509565 0.8611617088317871 583
1615696544009 0.885135293006897 584
1615696578418 0.8697192668914795 585
1615696612997 0.8620114326477051 586
1615696647868 0.9047623872756958 587
1615696682464 0.8742064237594604 588
1615696717207 0.8645104169845581 589
1615696755929 0.8769069910049438 590
1615696790611 0.8787722587585449 591
1615696826237 0.8600636124610901 592
1615696861462 0.8520680069923401 593
1615696896367 0.8735566139221191 594
1615696930875 0.8845566511154175 595
1615696965847 0.8797938823699951 596
1615697000760 0.8880069255828857 597
1615697035122 0.8758379817008972 598
1615697069649 0.8649920225143433 599
1615697108616 0.8581129312515259 600
1615697143154 0.9113583564758301 601
1615697177629 0.8743544816970825 602
1615697212040 0.8548794984817505 603
1615697246822 0.8695855140686035 604
1615697281663 0.8805530667304993 605
1615697316361 0.8670050501823425 606
1615697351041 0.8795452117919922 607
1615697385666 0.8925743103027344 608
1615697420176 0.8817265033721924 609
1615697458702 0.8950099945068359 610
1615697493053 0.8486599326133728 611
1615697527555 0.8774001598358154 612
1615697562683 0.878221869468689 613
1615697597356 0.885920524597168 614
1615697632061 0.8765864372253418 615
1615697666518 0.8874082565307617 616
1615697700733 0.8646557331085205 617
1615697735352 0.9056079387664795 618
1615697769902 0.8773691654205322 619
1615697808471 0.8702926635742188 620
1615697843276 0.8937476873397827 621
1615697877926 0.8647463321685791 622
1615697912927 0.8689979314804077 623
1615697947636 0.8890644311904907 624
1615697982526 0.9055459499359131 625
1615698017800 0.8963005542755127 626
1615698052841 0.9003033638000488 627
1615698087951 0.8843380212783813 628
1615698122945 0.8585754632949829 629
1615698162549 0.8756856918334961 630
1615698197385 0.9025230407714844 631
1615698232186 0.8507525324821472 632
1615698266960 0.897571325302124 633
1615698301361 0.8766112327575684 634
1615698336169 0.8535094261169434 635
1615698370426 0.8747520446777344 636
1615698404711 0.895802915096283 637
1615698439361 0.8786693215370178 638
1615698474163 0.8956125974655151 639
1615698512816 0.8925464153289795 640
1615698547210 0.8894587755203247 641
1615698581933 0.8705046772956848 642
1615698616705 0.8760563135147095 643
1615698651257 0.889104962348938 644
1615698685984 0.8908876180648804 645
1615698720908 0.8878377676010132 646
1615698755547 0.892025351524353 647
1615698790673 0.8819254636764526 648
1615698825806 0.8791269659996033 649
1615698865513 0.9076306819915771 650
1615698900469 0.8677654266357422 651
1615698934806 0.8777105808258057 652
1615698969416 0.8765149116516113 653
1615699004074 0.8971875309944153 654
1615699038927 0.8740701675415039 655
1615699073411 0.8778821229934692 656
1615699107783 0.8840183019638062 657
1615699141979 0.8602281808853149 658
1615699176342 0.8675156235694885 659
1615699215735 0.8715009689331055 660
1615699250253 0.8962422609329224 661
1615699284953 0.8774917125701904 662
1615699319567 0.8601837158203125 663
1615699354164 0.8854701519012451 664
1615699388956 0.8971307277679443 665
1615699423736 0.8698822259902954 666
1615699458257 0.894432008266449 667
1615699493170 0.8814892768859863 668
1615699527617 0.8663880825042725 669
1615699566707 0.8884703516960144 670
1615699601015 0.8836886882781982 671
1615699635928 0.8481144905090332 672
1615699670444 0.8492995500564575 673
1615699705484 0.8747200965881348 674
1615699740583 0.8543528318405151 675
1615699775638 0.8879942893981934 676
1615699810539 0.8734570145606995 677
1615699845642 0.8868534564971924 678
1615699880328 0.8762693405151367 679
1615699919251 0.8809736967086792 680
1615699954339 0.874957799911499 681
1615699989161 0.8973134160041809 682
1615700023409 0.9013497829437256 683
1615700057982 0.8802781105041504 684
1615700092628 0.8847806453704834 685
1615700127084 0.8797264695167542 686
1615700161781 0.9187703132629395 687
1615700196552 0.8587653040885925 688
1615700231097 0.8398054838180542 689
1615700270514 0.8874386548995972 690
1615700306135 0.8862104415893555 691
1615700341337 0.9171059131622314 692
1615700376082 0.8992115259170532 693
1615700410443 0.8839190602302551 694
1615700445595 0.8749068379402161 695
1615700479837 0.887578010559082 696
1615700514193 0.8983187079429626 697
1615700548898 0.89554762840271 698
1615700583591 0.9032577872276306 699
1615700622511 0.8977103233337402 700
1615700657433 0.872422993183136 701
1615700692144 0.8879765272140503 702
1615700726814 0.9122719764709473 703
1615700761314 0.8861585855484009 704
1615700795841 0.8702934980392456 705
1615700830281 0.8811928629875183 706
1615700864567 0.8922454118728638 707
1615700899670 0.9023829698562622 708
1615700934313 0.8716548681259155 709
1615700973578 0.8975690603256226 710
1615701007900 0.8964965343475342 711
1615701042584 0.8817003965377808 712
1615701076921 0.893170952796936 713
1615701111238 0.9007826447486877 714
1615701146018 0.886073112487793 715
1615701180806 0.862552285194397 716
1615701215366 0.9078294634819031 717
1615701250169 0.9067884087562561 718
1615701285209 0.8839499354362488 719
1615701325344 0.8983410596847534 720
1615701360784 0.870679497718811 721
1615701395805 0.8579819202423096 722
1615701431425 0.8786088228225708 723
1615701466239 0.8886312246322632 724
1615701500947 0.8715252876281738 725
1615701535721 0.9062795639038086 726
1615701570611 0.9289862513542175 727
1615701605634 0.8819475769996643 728
1615701640553 0.9226671457290649 729
1615701679788 0.9127938151359558 730
1615701714887 0.8932327032089233 731
1615701749302 0.8950924873352051 732
1615701783828 0.91243577003479 733
1615701818115 0.8689832091331482 734
1615701853570 0.8894901275634766 735
1615701888358 0.8994948267936707 736
1615701923156 0.9056696891784668 737
1615701957372 0.8948920369148254 738
1615701991896 0.8902106881141663 739
1615702030806 0.8659607768058777 740
1615702065294 0.8673717975616455 741
1615702099692 0.8916480541229248 742
1615702134637 0.9077209234237671 743
1615702169635 0.9267575740814209 744
1615702204286 0.8724939823150635 745
1615702238895 0.8947745561599731 746
1615702273947 0.8736879825592041 747
1615702308763 0.8806546926498413 748
1615702343188 0.8851354122161865 749
1615702383077 0.9176416397094727 750
1615702418697 0.8684853315353394 751
1615702453056 0.8799375891685486 752
1615702487828 0.8734958171844482 753
1615702522027 0.8857605457305908 754
1615702556497 0.8854682445526123 755
1615702590724 0.9025011658668518 756
1615702624995 0.8844528198242188 757
1615702659493 0.8788440227508545 758
1615702694314 0.9245550632476807 759
1615702732960 0.8773638010025024 760
1615702767714 0.8748996257781982 761
1615702803379 0.8778749108314514 762
1615702838545 0.891499400138855 763
1615702873241 0.9037893414497375 764
1615702908039 0.8727256059646606 765
1615702943978 0.893851637840271 766
1615702978617 0.8936564922332764 767
1615703013382 0.8842097520828247 768
1615703047783 0.901308536529541 769
1615703086175 0.8846126198768616 770
1615703121003 0.8697522282600403 771
1615703155848 0.8872004747390747 772
1615703190117 0.8987759351730347 773
1615703224888 0.8870882987976074 774
1615703259939 0.8660571575164795 775
1615703295294 0.9034961462020874 776
1615703330863 0.8888758420944214 777
1615703365506 0.8796147108078003 778
1615703400484 0.8655211925506592 779
1615703439656 0.9064443111419678 780
1615703474453 0.8315101265907288 781
1615703508783 0.9028562307357788 782
1615703544301 0.9184277057647705 783
1615703579187 0.8966530561447144 784
1615703613506 0.8987654447555542 785
1615703647830 0.8614535331726074 786
1615703682205 0.878800630569458 787
1615703716466 0.9078096151351929 788
1615703751212 0.8823775053024292 789
1615703790088 0.885866105556488 790
1615703824713 0.8806596994400024 791
1615703859776 0.9076197147369385 792
1615703895020 0.8751864433288574 793
1615703930277 0.910582959651947 794
1615703965539 0.8750686645507812 795
1615704000566 0.8795735836029053 796
1615704035137 0.8985799551010132 797
1615704069971 0.8719843626022339 798
1615704104346 0.9140704870223999 799
1615704142619 0.8772611618041992 800
1615704176950 0.8630927205085754 801
1615704211773 0.8798508644104004 802
1615704246115 0.8977953195571899 803
1615704280927 0.8770091533660889 804
1615704315312 0.8816530704498291 805
1615704349987 0.8814399242401123 806
1615704384530 0.8828229904174805 807
1615704419109 0.8864104747772217 808
1615704453841 0.8687493801116943 809
1615704493134 0.8939751982688904 810
1615704527439 0.865913987159729 811
1615704562719 0.8765197992324829 812
1615704597481 0.9198337197303772 813
1615704632269 0.9157242178916931 814
1615704666754 0.8880709409713745 815
1615704701044 0.8643940687179565 816
1615704735772 0.9209573268890381 817
1615704770058 0.8693156838417053 818
1615704804772 0.8723419904708862 819
1615704844031 0.8435351848602295 820
1615704879020 0.8998682498931885 821
1615704913344 0.8783713579177856 822
1615704947655 0.8838070631027222 823
1615704981987 0.8955045938491821 824
1615705017109 0.873373806476593 825
1615705051406 0.8737618923187256 826
1615705085704 0.8775762319564819 827
1615705119982 0.9053774476051331 828
1615705154209 0.8949718475341797 829
1615705193673 0.8865467309951782 830
1615705228049 0.8925541639328003 831
1615705262758 0.895647406578064 832
1615705297177 0.9041900634765625 833
1615705331489 0.8905261754989624 834
1615705366137 0.8675477504730225 835
1615705400598 0.9011436104774475 836
1615705435899 0.8467000722885132 837
1615705471677 0.8956290483474731 838
1615705506765 0.9053099155426025 839
1615705546375 0.8906826972961426 840
1615705580975 0.8720622658729553 841
1615705615301 0.903649091720581 842
1615705650461 0.9116180539131165 843
1615705684823 0.9026027917861938 844
1615705719394 0.886918842792511 845
1615705754205 0.8898239731788635 846
1615705789010 0.8931121826171875 847
1615705823278 0.8698747158050537 848
1615705857911 0.863274335861206 849
1615705896941 0.8739378452301025 850
1615705931885 0.9189864993095398 851
1615705967187 0.9304794073104858 852
1615706003593 0.8650217652320862 853
1615706038526 0.8817042112350464 854
1615706072975 0.8820956945419312 855
1615706107985 0.8922964334487915 856
1615706143206 0.8739317059516907 857
1615706177885 0.8982023596763611 858
1615706212742 0.8949075937271118 859
1615706251780 0.8955963850021362 860
1615706286586 0.8646089434623718 861
1615706321432 0.8920009732246399 862
1615706356283 0.8847619295120239 863
1615706391539 0.8602347373962402 864
1615706426961 0.8869906663894653 865
1615706462190 0.8706094026565552 866
1615706496774 0.9032496213912964 867
1615706531255 0.8657972812652588 868
1615706565847 0.8792687654495239 869
1615706605321 0.9127110242843628 870
1615706640032 0.8812206983566284 871
1615706674407 0.9015002846717834 872
1615706709400 0.8814870119094849 873
1615706744253 0.9085847735404968 874
1615706778703 0.8891372680664062 875
1615706813200 0.902099609375 876
1615706847867 0.8862009048461914 877
1615706882838 0.8539811968803406 878
1615706918018 0.9072044491767883 879
1615706958191 0.908240795135498 880
1615706992792 0.8796912431716919 881
1615707027943 0.8915656208992004 882
1615707062826 0.8672362565994263 883
1615707097541 0.9090797901153564 884
1615707132015 0.8814966082572937 885
1615707166763 0.8541914224624634 886
1615707201125 0.9111630916595459 887
1615707235832 0.8911522030830383 888
1615707270129 0.8506017923355103 889
1615707309102 0.8863010406494141 890
1615707343698 0.9161317348480225 891
1615707378035 0.8929738998413086 892
1615707412862 0.8871827125549316 893
1615707447240 0.8992036581039429 894
1615707481709 0.9223269820213318 895
1615707516235 0.8634196519851685 896
1615707551222 0.8797998428344727 897
1615707586373 0.8912584781646729 898
1615707621386 0.8475351929664612 899
1615707660628 0.918809175491333 900
1615707695375 0.8875018358230591 901
1615707730252 0.9077533483505249 902
1615707765426 0.8921424150466919 903
1615707800275 0.8874983191490173 904
1615707834931 0.8907070755958557 905
1615707869293 0.8724186420440674 906
1615707904083 0.873153567314148 907
1615707938924 0.8676533699035645 908
1615707973677 0.892685055732727 909
1615708012998 0.9127194285392761 910
1615708047999 0.9116016626358032 911
1615708082770 0.8634920716285706 912
1615708117110 0.8925461769104004 913
1615708151640 0.9077889919281006 914
1615708186114 0.8694892525672913 915
1615708221372 0.8988643288612366 916
1615708255965 0.8472900986671448 917
1615708290182 0.8832443952560425 918
1615708324504 0.8971949815750122 919
1615708363620 0.8930709958076477 920
1615708398663 0.891584038734436 921
1615708434118 0.8914207220077515 922
1615708469472 0.8871742486953735 923
1615708504671 0.9112503528594971 924
1615708539723 0.8808039426803589 925
1615708574135 0.905075192451477 926
1615708609545 0.8982963562011719 927
1615708644368 0.8884103298187256 928
1615708679186 0.8974934220314026 929
1615708718809 0.8593966960906982 930
1615708753605 0.8865998387336731 931
1615708787896 0.8965819478034973 932
1615708822196 0.8923051357269287 933
1615708856531 0.8652858734130859 934
1615708890968 0.8760027885437012 935
1615708925359 0.8700002431869507 936
1615708959657 0.877698540687561 937
1615708994213 0.8822187185287476 938
1615709028761 0.8911079168319702 939
1615709068120 0.8959585428237915 940
1615709103957 0.8732835054397583 941
1615709139267 0.8691728115081787 942
1615709174245 0.8582859039306641 943
1615709208740 0.9147102236747742 944
1615709243034 0.8971422910690308 945
1615709277603 0.9170526266098022 946
1615709312564 0.833126962184906 947
1615709347164 0.9001724123954773 948
1615709381467 0.9212251901626587 949
1615709420643 0.8787349462509155 950
1615709455129 0.8765127658843994 951
1615709489614 0.918800950050354 952
1615709523775 0.9026864767074585 953
1615709558271 0.8910040855407715 954
1615709592831 0.8789139986038208 955
1615709627125 0.8891004323959351 956
1615709661469 0.8875044584274292 957
1615709696273 0.8964246511459351 958
1615709730732 0.9022010564804077 959
1615709769807 0.8775472640991211 960
1615709804476 0.8775559663772583 961
1615709839740 0.886979341506958 962
1615709874838 0.8855338096618652 963
1615709909462 0.8864431381225586 964
1615709944367 0.9122569561004639 965
1615709978927 0.8784236907958984 966
1615710013668 0.8999549150466919 967
1615710048289 0.9288098812103271 968
1615710082908 0.8874548673629761 969
1615710122608 0.8885594606399536 970
1615710156856 0.9057891964912415 971
1615710191056 0.8801187872886658 972
1615710225526 0.8834246397018433 973
1615710259814 0.894750714302063 974
1615710294657 0.8582507967948914 975
1615710329684 0.9053528308868408 976
1615710364549 0.9006576538085938 977
1615710399766 0.8574198484420776 978
1615710435305 0.8992234468460083 979
1615710475450 0.8398367166519165 980
1615710510478 0.8824131488800049 981
1615710544638 0.8790310621261597 982
1615710578952 0.8759840726852417 983
1615710613277 0.9252355098724365 984
1615710647733 0.8978824019432068 985
1615710682276 0.915748655796051 986
1615710716537 0.8849354386329651 987
1615710751210 0.9012417793273926 988
1615710785951 0.9003743529319763 989
1615710825169 0.8840510845184326 990
1615710859731 0.8847100734710693 991
1615710894052 0.9137970209121704 992
1615710931491 0.8608906865119934 993
1615710966270 0.9091396331787109 994
1615711001331 0.9138282537460327 995
1615711036165 0.9091095924377441 996
1615711071097 0.9234102964401245 997
1615711105476 0.8939626216888428 998
1615711139760 0.8670894503593445 999
1615711177942 0.9208945035934448 1000
1615711212291 0.9153818488121033 1001
1615711246616 0.9181355834007263 1002
1615711281095 0.9055720567703247 1003
1615711315376 0.8996543884277344 1004
1615711350026 0.8825910091400146 1005
1615711384852 0.8869678974151611 1006
1615711419154 0.881792426109314 1007
1615711454052 0.895176112651825 1008
1615711488999 0.8584879636764526 1009
1615711527877 0.8660303354263306 1010
1615711562739 0.919777512550354 1011
1615711597512 0.897986888885498 1012
1615711632287 0.8811417818069458 1013
1615711667711 0.8981037139892578 1014
1615711702337 0.8876428604125977 1015
1615711737088 0.8930420875549316 1016
1615711771824 0.873502790927887 1017
1615711806145 0.9202172756195068 1018
1615711840403 0.906605064868927 1019
1615711879218 0.9039534330368042 1020
1615711913758 0.8771042823791504 1021
1615711948272 0.8547948002815247 1022
1615711983411 0.9106001257896423 1023
1615712018629 0.8772974014282227 1024
1615712053606 0.8295317888259888 1025
1615712088299 0.9123151898384094 1026
1615712123130 0.8700811266899109 1027
1615712158097 0.8936751484870911 1028
1615712193570 0.9078837633132935 1029
1615712232567 0.8765939474105835 1030
1615712267256 0.8705435991287231 1031
1615712301524 0.8775643706321716 1032
1615712335698 0.9086226224899292 1033
1615712370378 0.8948630094528198 1034
1615712405028 0.8993253707885742 1035
1615712439353 0.8944153785705566 1036
1615712473793 0.8957960605621338 1037
1615712508337 0.8775944709777832 1038
1615712542735 0.9001766443252563 1039
1615712581304 0.8746988773345947 1040
1615712617416 0.9218845963478088 1041
1615712653322 0.8853113651275635 1042
1615712688044 0.8665304183959961 1043
1615712723250 0.8839442729949951 1044
1615712757572 0.9128938913345337 1045
1615712792330 0.8798244595527649 1046
1615712826946 0.8737648725509644 1047
1615712861698 0.8977039456367493 1048
1615712896643 0.8923825621604919 1049
1615712936100 0.8978728652000427 1050
1615712970948 0.8760743141174316 1051
1615713005409 0.8480915427207947 1052
1615713040011 0.8930066823959351 1053
1615713074280 0.889270007610321 1054
1615713110066 0.8900367021560669 1055
1615713144975 0.9110208749771118 1056
1615713179642 0.9044647216796875 1057
1615713214205 0.857558012008667 1058
1615713248660 0.8487281799316406 1059
1615713287552 0.8881288766860962 1060
1615713322362 0.8908130526542664 1061
1615713356821 0.8786793947219849 1062
1615713391297 0.8669304847717285 1063
1615713425903 0.8527852296829224 1064
1615713460717 0.8769357800483704 1065
1615713495809 0.904793918132782 1066
1615713530684 0.8757383823394775 1067
1615713565747 0.882353663444519 1068
1615713600916 0.8955933451652527 1069
1615713640803 0.8738530874252319 1070
1615713675836 0.8835930824279785 1071
1615713710399 0.8605600595474243 1072
1615713745044 0.8943878412246704 1073
1615713779838 0.8885437250137329 1074
1615713814115 0.9052280783653259 1075
1615713849523 0.8860980868339539 1076
1615713885541 0.8631827235221863 1077
1615713920772 0.8949428200721741 1078
1615713955960 0.89652419090271 1079
1615713995762 0.863387942314148 1080
1615714030301 0.8569786548614502 1081
1615714064782 0.8733208775520325 1082
1615714099052 0.8601759076118469 1083
1615714133871 0.8777203559875488 1084
1615714168661 0.8722999095916748 1085
1615714203264 0.8945832848548889 1086
1615714237692 0.8874356746673584 1087
1615714273395 0.8883124589920044 1088
1615714308615 0.8985222578048706 1089
1615714348890 0.8903151750564575 1090
1615714383592 0.8966645002365112 1091
1615714418339 0.8906488418579102 1092
1615714453038 0.8996710777282715 1093
1615714487507 0.8713521361351013 1094
1615714522056 0.8978265523910522 1095
1615714556488 0.897247314453125 1096
1615714591385 0.8673444986343384 1097
1615714625996 0.8742502927780151 1098
1615714660931 0.9140046834945679 1099
1615714700040 0.9097801446914673 1100
1615714735058 0.905555009841919 1101
1615714769804 0.8738223314285278 1102
1615714804754 0.9165128469467163 1103
1615714839047 0.8916507363319397 1104
1615714873383 0.8774227499961853 1105
1615714908235 0.9028408527374268 1106
1615714942970 0.874187171459198 1107
1615714977215 0.9017482995986938 1108
1615715011716 0.909034013748169 1109
1615715051204 0.9144132137298584 1110
1615715085763 0.8836325407028198 1111
1615715121586 0.8804973363876343 1112
1615715156653 0.88637375831604 1113
1615715191372 0.9115993976593018 1114
1615715226449 0.8918883204460144 1115
1615715261107 0.9085705280303955 1116
1615715296118 0.8959445953369141 1117
1615715332130 0.9046486616134644 1118
1615715367043 0.8651288747787476 1119
1615715406175 0.899158239364624 1120
1615715440585 0.8917646408081055 1121
1615715475330 0.8818137049674988 1122
1615715509553 0.8815354704856873 1123
1615715544248 0.8846392631530762 1124
1615715578513 0.8979648351669312 1125
1615715613176 0.8932185173034668 1126
1615715647457 0.9079651832580566 1127
1615715682256 0.9099795818328857 1128
1615715717004 0.8923310041427612 1129
1615715756763 0.9129330515861511 1130
1615715791547 0.873115062713623 1131
1615715826858 0.9223945736885071 1132
1615715861991 0.8928413391113281 1133
1615715896705 0.8958722352981567 1134
1615715931377 0.8874905109405518 1135
1615715966888 0.9212363958358765 1136
1615716001265 0.9068681001663208 1137
1615716035566 0.8865732550621033 1138
1615716069766 0.8734113574028015 1139
1615716108686 0.8930392265319824 1140
1615716143375 0.88912034034729 1141
1615716177935 0.883150041103363 1142
1615716212475 0.8953386545181274 1143
1615716247411 0.8824766874313354 1144
1615716282210 0.9072521924972534 1145
1615716316975 0.8966426849365234 1146
1615716351591 0.9292924404144287 1147
1615716386329 0.8852031230926514 1148
1615716420601 0.8811527490615845 1149
1615716460184 0.8906865119934082 1150
1615716494589 0.8867777585983276 1151
1615716528844 0.8814065456390381 1152
1615716563141 0.8800619840621948 1153
1615716598124 0.8698481321334839 1154
1615716632785 0.8817138671875 1155
1615716667583 0.9088945388793945 1156
1615716702288 0.9012954235076904 1157
1615716736783 0.8948777318000793 1158
1615716771825 0.8595237731933594 1159
1615716812002 0.8834863305091858 1160
1615716847440 0.8917731046676636 1161
1615716882178 0.9303900003433228 1162
1615716917791 0.9037657976150513 1163
1615716952174 0.8978023529052734 1164
1615716986511 0.8769691586494446 1165
1615717020762 0.8836721181869507 1166
1615717055122 0.8767961859703064 1167
1615717089764 0.8885754942893982 1168
1615717124507 0.9008394479751587 1169
1615717163558 0.8906404972076416 1170
1615717197898 0.8971797227859497 1171
1615717232813 0.8959954977035522 1172
1615717267592 0.861841082572937 1173
1615717302831 0.8940249681472778 1174
1615717337364 0.8758072853088379 1175
1615717372165 0.9092626571655273 1176
1615717407135 0.9201177358627319 1177
1615717441733 0.8632913827896118 1178
1615717476362 0.8910312652587891 1179
1615717515725 0.8801547288894653 1180
1615717549883 0.9280611872673035 1181
1615717584447 0.8795490264892578 1182
1615717619321 0.882174015045166 1183
1615717653944 0.8887193202972412 1184
1615717688618 0.886987566947937 1185
1615717723628 0.882742166519165 1186
1615717758361 0.8856223821640015 1187
1615717793481 0.8853169083595276 1188
1615717829036 0.9197046756744385 1189
1615717868781 0.8762349486351013 1190
1615717904530 0.899878740310669 1191
1615717938929 0.9212274551391602 1192
1615717973699 0.8661738634109497 1193
1615718008480 0.9002002477645874 1194
1615718042849 0.8969552516937256 1195
1615718077596 0.8825348019599915 1196
1615718111873 0.906514048576355 1197
1615718146243 0.8978866338729858 1198
1615718180642 0.9019780158996582 1199
1615718219220 0.8698335886001587 1200
1615718240578 0.9058601260185242 0
1615718240592 0.9058601260185242 0
