1615487169162 0.2534042298793793 1
1615487203524 0.2828465402126312 2
1615487238001 0.2870113253593445 3
1615487272463 0.32631731033325195 4
1615487306709 0.329341858625412 5
1615487340810 0.3486281633377075 6
1615487375317 0.3541375398635864 7
1615487409769 0.358768105506897 8
1615487444039 0.3535224199295044 9
1615487482387 0.35752299427986145 10
1615487516404 0.3502093553543091 11
1615487550931 0.3468509912490845 12
1615487585013 0.3521553874015808 13
1615487619094 0.3692725896835327 14
1615487653536 0.3709167540073395 15
1615487687899 0.3735469877719879 16
1615487722183 0.37437063455581665 17
1615487756507 0.38275542855262756 18
1615487790616 0.363078773021698 19
1615487828851 0.3937329053878784 20
1615487863117 0.3926277756690979 21
1615487897467 0.3627772927284241 22
1615487931725 0.37595468759536743 23
1615487966448 0.39163732528686523 24
1615488001461 0.3753834664821625 25
1615488036933 0.3850494623184204 26
1615488072862 0.3895943760871887 27
1615488107843 0.3884046673774719 28
1615488142142 0.36802107095718384 29
1615488180107 0.3631259799003601 30
1615488214556 0.36566710472106934 31
1615488249049 0.40007463097572327 32
1615488283508 0.3950268030166626 33
1615488317602 0.3639232814311981 34
1615488351846 0.3675956726074219 35
1615488386279 0.3956605792045593 36
1615488420642 0.3800276517868042 37
1615488454811 0.3833411931991577 38
1615488488926 0.40677961707115173 39
1615488527630 0.4037904143333435 40
1615488561945 0.4000006914138794 41
1615488596668 0.39726659655570984 42
1615488631246 0.3950538635253906 43
1615488666063 0.3894164562225342 44
1615488700943 0.4070510268211365 45
1615488735529 0.4216810464859009 46
1615488769935 0.3961986303329468 47
1615488804200 0.3862529397010803 48
1615488839579 0.4163413941860199 49
1615488878223 0.40376830101013184 50
1615488912571 0.3987533450126648 51
1615488947094 0.411271870136261 52
1615488981563 0.4172077178955078 53
1615489015980 0.41794902086257935 54
1615489050031 0.4121643900871277 55
1615489084558 0.41894176602363586 56
1615489119117 0.4190714359283447 57
1615489153162 0.3988456130027771 58
1615489187613 0.3920077681541443 59
1615489226273 0.4002026319503784 60
1615489260438 0.4128819704055786 61
1615489295167 0.4270489513874054 62
1615489329718 0.4165571928024292 63
1615489364343 0.4245903193950653 64
1615489399244 0.4321858882904053 65
1615489433887 0.40244394540786743 66
1615489468330 0.4132872223854065 67
1615489502590 0.4306322932243347 68
1615489537024 0.42779541015625 69
1615489576489 0.41925960779190063 70
1615489610951 0.4126483201980591 71
1615489645555 0.4149382710456848 72
1615489680013 0.40562301874160767 73
1615489714532 0.421378493309021 74
1615489748679 0.45042169094085693 75
1615489783034 0.42521095275878906 76
1615489817430 0.42524799704551697 77
1615489851894 0.43162980675697327 78
1615489886303 0.42541706562042236 79
1615489924980 0.4197911024093628 80
1615489959354 0.41884559392929077 81
1615489994601 0.43403422832489014 82
1615490029102 0.41730257868766785 83
1615490063639 0.43378204107284546 84
1615490098133 0.42226094007492065 85
1615490132484 0.4280853271484375 86
1615490167039 0.42771482467651367 87
1615490201422 0.42348790168762207 88
1615490235794 0.42903637886047363 89
1615490274455 0.41949576139450073 90
1615490308753 0.4162881374359131 91
1615490342828 0.4185771942138672 92
1615490377065 0.4548540711402893 93
1615490411072 0.43483781814575195 94
1615490445120 0.43892598152160645 95
1615490479281 0.4268621802330017 96
1615490513765 0.4496723413467407 97
1615490547987 0.4229196608066559 98
1615490582254 0.4340221881866455 99
1615490620552 0.44449493288993835 100
1615490654657 0.4478835463523865 101
1615490688854 0.4410478174686432 102
1615490723714 0.4363580644130707 103
1615490758427 0.44889599084854126 104
1615490793022 0.4425588846206665 105
1615490827706 0.4286378026008606 106
1615490862398 0.4159075617790222 107
1615490896754 0.44782596826553345 108
1615490931448 0.44958627223968506 109
1615490970677 0.4506411850452423 110
1615491005262 0.43910127878189087 111
1615491039690 0.42666926980018616 112
1615491073878 0.42369914054870605 113
1615491108155 0.41697999835014343 114
1615491142203 0.44286954402923584 115
1615491176466 0.4263448715209961 116
1615491210621 0.4338855445384979 117
1615491245052 0.4362213611602783 118
1615491279406 0.45347025990486145 119
1615491317566 0.4463140070438385 120
1615491351829 0.44609808921813965 121
1615491386073 0.43386775255203247 122
1615491420375 0.4391520917415619 123
1615491454809 0.4227163791656494 124
1615491490248 0.4440506100654602 125
1615491524931 0.47031649947166443 126
1615491559628 0.4409260153770447 127
1615491593925 0.4224535822868347 128
1615491628005 0.439594566822052 129
1615491666698 0.4391469359397888 130
1615491701064 0.46627718210220337 131
1615491735508 0.441150426864624 132
1615491770511 0.4524480998516083 133
1615491804682 0.4271659851074219 134
1615491838980 0.43355223536491394 135
1615491873377 0.4612021744251251 136
1615491907375 0.4553786814212799 137
1615491941729 0.4450521469116211 138
1615491976236 0.4557872712612152 139
1615492014709 0.4513933062553406 140
1615492048962 0.43875938653945923 141
1615492083299 0.44406014680862427 142
1615492117637 0.4407033920288086 143
1615492151887 0.47315722703933716 144
1615492186448 0.5009940266609192 145
1615492221050 0.4658071994781494 146
1615492255868 0.44188591837882996 147
1615492291042 0.4563055634498596 148
1615492325670 0.4542785882949829 149
1615492364575 0.45956629514694214 150
1615492399044 0.4425742030143738 151
1615492434475 0.4523613750934601 152
1615492468721 0.43587151169776917 153
1615492502810 0.464834988117218 154
1615492537306 0.4628239870071411 155
1615492571658 0.47501713037490845 156
1615492606078 0.4688299298286438 157
1615492640136 0.4691113233566284 158
1615492674171 0.45269930362701416 159
1615492712184 0.4486387372016907 160
1615492746252 0.4748309850692749 161
1615492780532 0.46280187368392944 162
1615492815039 0.4613268971443176 163
1615492849047 0.4614946246147156 164
1615492883058 0.45875680446624756 165
1615492917591 0.4538307785987854 166
1615492951886 0.46218204498291016 167
1615492986850 0.4855607748031616 168
1615493021942 0.48031824827194214 169
1615493060815 0.4409834146499634 170
1615493095155 0.47968852519989014 171
1615493129635 0.4643756151199341 172
1615493164861 0.4734523594379425 173
1615493198970 0.48001784086227417 174
1615493233144 0.46297088265419006 175
1615493267331 0.48225492238998413 176
1615493301367 0.4639465808868408 177
1615493335839 0.4406130611896515 178
1615493369909 0.466055691242218 179
1615493408356 0.46361786127090454 180
1615493443045 0.45327135920524597 181
1615493477303 0.49037787318229675 182
1615493511872 0.4962804317474365 183
1615493546461 0.4746896028518677 184
1615493581045 0.47380590438842773 185
1615493615626 0.48850345611572266 186
1615493650192 0.47040465474128723 187
1615493685230 0.47976696491241455 188
1615493720698 0.46651673316955566 189
1615493759447 0.47515565156936646 190
1615493793810 0.4669466018676758 191
1615493828010 0.49422433972358704 192
1615493862641 0.47249215841293335 193
1615493896852 0.4453961253166199 194
1615493930915 0.4463889002799988 195
1615493965284 0.48278528451919556 196
1615493999710 0.4723207354545593 197
1615494033763 0.46259772777557373 198
1615494067849 0.47893214225769043 199
1615494106430 0.451219379901886 200
1615494141428 0.4669262766838074 201
1615494176260 0.45816516876220703 202
1615494211326 0.4681752324104309 203
1615494246602 0.4729838967323303 204
1615494281511 0.48502373695373535 205
1615494315938 0.4685212969779968 206
1615494350091 0.4728749394416809 207
1615494384242 0.498099148273468 208
1615494418610 0.47951239347457886 209
1615494456598 0.4657187759876251 210
1615494491185 0.4786577820777893 211
1615494525453 0.4992431402206421 212
1615494559812 0.46235108375549316 213
1615494594972 0.4696401357650757 214
1615494630095 0.47476696968078613 215
1615494664991 0.4727496802806854 216
1615494699611 0.5048027038574219 217
1615494734575 0.47857606410980225 218
1615494769095 0.48422956466674805 219
1615494808158 0.4854581952095032 220
1615494842872 0.4883342385292053 221
1615494877546 0.4941776394844055 222
1615494912139 0.48040860891342163 223
1615494946511 0.47802048921585083 224
1615494980931 0.5004903078079224 225
1615495015120 0.49224093556404114 226
1615495049391 0.5071028470993042 227
1615495083839 0.48879334330558777 228
1615495118621 0.49880391359329224 229
1615495158550 0.489138662815094 230
1615495193675 0.48395127058029175 231
1615495228166 0.5050308704376221 232
1615495263441 0.4789847433567047 233
1615495298112 0.4849065840244293 234
1615495332124 0.4828064739704132 235
1615495366189 0.4756937026977539 236
1615495400702 0.5154539346694946 237
1615495434749 0.5098448991775513 238
1615495469017 0.5088632106781006 239
1615495507714 0.496748685836792 240
1615495543074 0.4747835397720337 241
1615495577925 0.4891546368598938 242
1615495612786 0.4851469099521637 243
1615495647335 0.5061542987823486 244
1615495681514 0.4592680335044861 245
1615495716421 0.48337727785110474 246
1615495750561 0.4901115596294403 247
1615495785010 0.4959421157836914 248
1615495819127 0.5127792358398438 249
1615495857774 0.477408766746521 250
1615495891995 0.4973398447036743 251
1615495926464 0.5031082630157471 252
1615495960854 0.5065111517906189 253
1615495994870 0.492946982383728 254
1615496028855 0.5300407409667969 255
1615496062955 0.5041697025299072 256
1615496097115 0.4886651933193207 257
1615496131603 0.49976301193237305 258
1615496165770 0.5068092346191406 259
1615496204443 0.5114750862121582 260
1615496239005 0.505259096622467 261
1615496274552 0.4780183732509613 262
1615496309865 0.4790499806404114 263
1615496344810 0.49148935079574585 264
1615496379439 0.4946923851966858 265
1615496414068 0.4864897131919861 266
1615496448381 0.4936683475971222 267
1615496483274 0.48057305812835693 268
1615496517445 0.5007416009902954 269
1615496555431 0.5008673071861267 270
1615496589531 0.5031170845031738 271
1615496623773 0.4869571924209595 272
1615496658080 0.4681577682495117 273
1615496692358 0.4724482595920563 274
1615496726450 0.47647082805633545 275
1615496760741 0.49184340238571167 276
1615496794816 0.4576764702796936 277
1615496829181 0.5143534541130066 278
1615496863300 0.4830690622329712 279
1615496902055 0.4859547019004822 280
1615496936688 0.5080292224884033 281
1615496971227 0.48115503787994385 282
1615497005656 0.4935186505317688 283
1615497040422 0.48793500661849976 284
1615497075630 0.4906056225299835 285
1615497110629 0.486613392829895 286
1615497145467 0.49761953949928284 287
1615497179990 0.4846050441265106 288
1615497214526 0.4922461211681366 289
1615497253724 0.515586256980896 290
1615497287733 0.48878800868988037 291
1615497321842 0.5130741596221924 292
1615497355935 0.4935445785522461 293
1615497390014 0.49804168939590454 294
1615497424346 0.4966648519039154 295
1615497458643 0.5140419006347656 296
1615497493145 0.5216761827468872 297
1615497527546 0.5172310471534729 298
1615497561526 0.48950815200805664 299
1615497600137 0.5258760452270508 300
1615497634975 0.5019523501396179 301
1615497669685 0.5150628089904785 302
1615497704309 0.5100783109664917 303
1615497738974 0.5120548009872437 304
1615497773758 0.523055911064148 305
1615497808971 0.5199038982391357 306
1615497843288 0.5249674320220947 307
1615497877488 0.5186933279037476 308
1615497911567 0.506361722946167 309
1615497949638 0.5073415637016296 310
1615497983953 0.5119529366493225 311
1615498018075 0.5145968198776245 312
1615498052563 0.5275006294250488 313
1615498086857 0.5080146193504333 314
1615498121386 0.5127967596054077 315
1615498155988 0.5403605699539185 316
1615498191625 0.5236623287200928 317
1615498226573 0.5068063139915466 318
1615498260909 0.5440609455108643 319
1615498299290 0.5083067417144775 320
1615498333606 0.49585801362991333 321
1615498368266 0.49251824617385864 322
1615498402641 0.5494515895843506 323
1615498437059 0.5115725994110107 324
1615498471270 0.530351996421814 325
1615498506108 0.5732093453407288 326
1615498540609 0.5250834226608276 327
1615498574734 0.5250440835952759 328
1615498608952 0.4982985258102417 329
1615498647466 0.5416975021362305 330
1615498681674 0.5329791307449341 331
1615498716107 0.5117388367652893 332
1615498750584 0.5249479413032532 333
1615498785285 0.5223705768585205 334
1615498820268 0.5332852602005005 335
1615498856148 0.49415212869644165 336
1615498891192 0.49715691804885864 337
1615498925863 0.5033139586448669 338
1615498961233 0.5010759234428406 339
1615499000117 0.5354980230331421 340
1615499034673 0.5166215896606445 341
1615499068804 0.4885166883468628 342
1615499102945 0.5423194169998169 343
1615499137099 0.5052930116653442 344
1615499171657 0.5076985359191895 345
1615499205826 0.5007061958312988 346
1615499240593 0.534801721572876 347
1615499275174 0.5373917818069458 348
1615499310363 0.5076537728309631 349
1615499349983 0.516154408454895 350
1615499384978 0.5369471311569214 351
1615499419622 0.49971598386764526 352
1615499454129 0.5008225440979004 353
1615499488866 0.5185781717300415 354
1615499522872 0.5210562944412231 355
1615499556933 0.5101516842842102 356
1615499591164 0.5627170205116272 357
1615499625533 0.5223727226257324 358
1615499659991 0.5006890296936035 359
1615499698224 0.5359072685241699 360
1615499732520 0.5218397974967957 361
1615499766738 0.511391282081604 362
1615499801213 0.5575931072235107 363
1615499835463 0.5287762880325317 364
1615499869987 0.5245585441589355 365
1615499904795 0.4870845675468445 366
1615499939494 0.5051695704460144 367
1615499973577 0.5073516368865967 368
1615500008509 0.5035686492919922 369
1615500046903 0.49732261896133423 370
1615500081031 0.5044314861297607 371
1615500115518 0.5494751930236816 372
1615500149858 0.48124879598617554 373
1615500184182 0.5319170951843262 374
1615500218325 0.5485413074493408 375
1615500253521 0.5217294692993164 376
1615500289314 0.5150998830795288 377
1615500324453 0.5042666792869568 378
1615500359558 0.4954870939254761 379
1615500398554 0.5061505436897278 380
1615500433944 0.5147939920425415 381
1615500468323 0.5109460353851318 382
1615500502551 0.5166453719139099 383
1615500536811 0.5222289562225342 384
1615500571173 0.5195815563201904 385
1615500605234 0.5163034796714783 386
1615500639397 0.53550785779953 387
1615500673444 0.5037660598754883 388
1615500707679 0.519055962562561 389
1615500746047 0.537429690361023 390
1615500780192 0.5560154318809509 391
1615500814622 0.5655497312545776 392
1615500848936 0.5483819246292114 393
1615500883545 0.5137669444084167 394
1615500917751 0.5272226333618164 395
1615500952086 0.5502246022224426 396
1615500986906 0.5562261343002319 397
1615501021735 0.5336004495620728 398
1615501056495 0.5082152485847473 399
1615501095305 0.5236350297927856 400
1615501130165 0.519264817237854 401
1615501164379 0.5218647718429565 402
1615501198970 0.5179616212844849 403
1615501233833 0.5036598443984985 404
1615501268101 0.5112415552139282 405
1615501302458 0.5263751745223999 406
1615501336970 0.5163037180900574 407
1615501372010 0.5284539461135864 408
1615501406445 0.5270907282829285 409
1615501444461 0.5427022576332092 410
1615501478767 0.5417994260787964 411
1615501512965 0.5146086812019348 412
1615501547230 0.48984599113464355 413
1615501581260 0.5021504163742065 414
1615501615360 0.5258050560951233 415
1615501649827 0.5418190360069275 416
1615501683837 0.538796603679657 417
1615501717961 0.5326318740844727 418
1615501752487 0.5040947794914246 419
1615501790635 0.5399708151817322 420
1615501825158 0.5156049728393555 421
1615501859239 0.5302408337593079 422
1615501894233 0.5387468338012695 423
1615501929905 0.539078950881958 424
1615501964872 0.5589354038238525 425
1615501999319 0.5460228323936462 426
1615502033593 0.5265274047851562 427
1615502068239 0.537073016166687 428
1615502103129 0.5140978097915649 429
1615502141771 0.5256479978561401 430
1615502176185 0.5213623046875 431
1615502210646 0.5247451066970825 432
1615502244708 0.5366560220718384 433
1615502278977 0.5642567873001099 434
1615502313334 0.5434699058532715 435
1615502347631 0.527492344379425 436
1615502381903 0.5196430683135986 437
1615502415946 0.5467348098754883 438
1615502450594 0.520907998085022 439
1615502488704 0.5161597728729248 440
1615502523405 0.5292351245880127 441
1615502559537 0.519646942615509 442
1615502594644 0.5155202746391296 443
1615502629873 0.544586181640625 444
1615502665755 0.5287004113197327 445
1615502700456 0.5394583344459534 446
1615502734744 0.5382205843925476 447
1615502769014 0.5428974628448486 448
1615502803344 0.5207509994506836 449
1615502842640 0.5179533362388611 450
1615502877327 0.5190330743789673 451
1615502911538 0.5235898494720459 452
1615502945743 0.5412110090255737 453
1615502979771 0.5263317227363586 454
1615503014401 0.5610061287879944 455
1615503048921 0.5308111906051636 456
1615503083551 0.5373097658157349 457
1615503117828 0.5079115629196167 458
1615503152035 0.532602071762085 459
1615503190560 0.5184661149978638 460
1615503225568 0.5481364727020264 461
1615503260216 0.563714861869812 462
1615503294808 0.5819427371025085 463
1615503329319 0.5371159315109253 464
1615503364363 0.5862915515899658 465
1615503398873 0.537938117980957 466
1615503433035 0.5365407466888428 467
1615503467252 0.5397863984107971 468
1615503501333 0.5265508890151978 469
1615503539525 0.5475807785987854 470
1615503573886 0.5541036128997803 471
1615503608420 0.5573362112045288 472
1615503642954 0.559381365776062 473
1615503677501 0.5172464847564697 474
1615503711838 0.5473557710647583 475
1615503746035 0.5501747727394104 476
1615503781350 0.5463648438453674 477
1615503817868 0.5682360529899597 478
1615503852562 0.5488977432250977 479
1615503891365 0.5089479684829712 480
1615503926256 0.5594003796577454 481
1615503960738 0.5341604351997375 482
1615503994984 0.5338173508644104 483
1615504029122 0.5337530374526978 484
1615504063418 0.5400605201721191 485
1615504097802 0.555286169052124 486
1615504131822 0.5374805927276611 487
1615504166163 0.5528983473777771 488
1615504200188 0.535570502281189 489
1615504238625 0.5454705953598022 490
1615504272704 0.5609955191612244 491
1615504307203 0.5529187917709351 492
1615504341472 0.5308244228363037 493
1615504375907 0.5240050554275513 494
1615504410240 0.5261675119400024 495
1615504444581 0.5406391620635986 496
1615504479313 0.5400424003601074 497
1615504513793 0.5382034182548523 498
1615504548245 0.5527689456939697 499
1615504586543 0.5525450110435486 500
1615504620805 0.5384113192558289 501
1615504654926 0.5138721466064453 502
1615504689186 0.5146914720535278 503
1615504723345 0.5471196174621582 504
1615504757474 0.5386916399002075 505
1615504791896 0.5553925037384033 506
1615504826336 0.5524545311927795 507
1615504860430 0.548839271068573 508
1615504894655 0.5654510855674744 509
1615504932721 0.5018602609634399 510
1615504967047 0.527408242225647 511
1615505001465 0.547063946723938 512
1615505035931 0.5559670925140381 513
1615505071195 0.5346329212188721 514
1615505105770 0.5403091907501221 515
1615505140844 0.5352009534835815 516
1615505175590 0.5321522355079651 517
1615505209998 0.5453146696090698 518
1615505244720 0.5341506004333496 519
1615505283090 0.5443446636199951 520
1615505317159 0.5342457294464111 521
1615505351458 0.5155562162399292 522
1615505385992 0.5436104536056519 523
1615505420167 0.521713376045227 524
1615505454271 0.5674382448196411 525
1615505488738 0.5605711936950684 526
1615505522968 0.5350477695465088 527
1615505557297 0.5121777057647705 528
1615505591338 0.5397201776504517 529
1615505629536 0.5589245557785034 530
1615505664022 0.5170546770095825 531
1615505698469 0.5797684192657471 532
1615505732871 0.5746876001358032 533
1615505767044 0.5789767503738403 534
1615505801331 0.5387069582939148 535
1615505835998 0.5733909606933594 536
1615505870919 0.5611036419868469 537
1615505905232 0.5629184246063232 538
1615505939726 0.5708149075508118 539
1615505978562 0.51813805103302 540
1615506012706 0.5474510192871094 541
1615506047594 0.5336664319038391 542
1615506082118 0.5540360808372498 543
1615506116117 0.5528568625450134 544
1615506150628 0.5385060906410217 545
1615506184967 0.5138871669769287 546
1615506219336 0.5305312871932983 547
1615506253928 0.5394194722175598 548
1615506288276 0.551923930644989 549
1615506326820 0.5367487668991089 550
1615506360973 0.5381872653961182 551
1615506395687 0.49857717752456665 552
1615506430259 0.5379989147186279 553
1615506464467 0.5497336387634277 554
1615506498639 0.5572779178619385 555
1615506533097 0.5393984317779541 556
1615506567398 0.5578588247299194 557
1615506601895 0.5469615459442139 558
1615506636246 0.5436966419219971 559
1615506674412 0.5590243339538574 560
1615506708965 0.5035297274589539 561
1615506743072 0.5440056920051575 562
1615506777680 0.5502450466156006 563
1615506811721 0.5605804920196533 564
1615506845764 0.5703461170196533 565
1615506880298 0.5488328337669373 566
1615506914857 0.5542890429496765 567
1615506949121 0.5350175499916077 568
1615506983683 0.5407507419586182 569
1615507021967 0.5326085686683655 570
1615507056624 0.5497156977653503 571
1615507091180 0.5676048994064331 572
1615507125283 0.5478155612945557 573
1615507159483 0.5304054617881775 574
1615507193592 0.5311621427536011 575
1615507228182 0.5490991473197937 576
1615507262250 0.5361195802688599 577
1615507296782 0.5463995933532715 578
1615507332252 0.5540273189544678 579
1615507370857 0.5470979809761047 580
1615507405247 0.5730510354042053 581
1615507439585 0.5675277709960938 582
1615507473535 0.5554538369178772 583
1615507508030 0.5621540546417236 584
1615507542115 0.5673542022705078 585
1615507576567 0.555749237537384 586
1615507611220 0.5504932403564453 587
1615507645810 0.5299479961395264 588
1615507681761 0.5426120162010193 589
1615507720851 0.576331615447998 590
1615507755396 0.5304803848266602 591
1615507790277 0.5513633489608765 592
1615507824600 0.5473192930221558 593
1615507859593 0.5330742597579956 594
1615507894206 0.515781581401825 595
1615507928635 0.5312900543212891 596
1615507963063 0.5483932495117188 597
1615507997192 0.5468131899833679 598
1615508031265 0.5482807755470276 599
1615508070277 0.5375175476074219 600
1615508104451 0.5433544516563416 601
1615508139008 0.576031506061554 602
1615508173604 0.5640782117843628 603
1615508208067 0.501223623752594 604
1615508243022 0.5406017303466797 605
1615508277863 0.5226866602897644 606
1615508312809 0.5562361478805542 607
1615508347656 0.5305150747299194 608
1615508382562 0.5586972236633301 609
1615508421433 0.555790901184082 610
1615508455738 0.5296774506568909 611
1615508490146 0.5599684119224548 612
1615508524204 0.546515703201294 613
1615508558501 0.5177251100540161 614
1615508592849 0.5794436931610107 615
1615508627159 0.5328387022018433 616
1615508661596 0.5646854043006897 617
1615508695963 0.5678502321243286 618
1615508730445 0.5728656649589539 619
1615508769033 0.5308396816253662 620
1615508803429 0.5704673528671265 621
1615508837861 0.5676393508911133 622
1615508872462 0.5820774435997009 623
1615508907916 0.5184695720672607 624
1615508942772 0.5518925189971924 625
1615508977127 0.5817019939422607 626
1615509011567 0.560023307800293 627
1615509045915 0.57677161693573 628
1615509081171 0.5314654111862183 629
1615509119739 0.5630643367767334 630
1615509154278 0.5677399635314941 631
1615509188723 0.5858416557312012 632
1615509223089 0.5525654554367065 633
1615509257839 0.5294103622436523 634
1615509292873 0.5502986907958984 635
1615509327319 0.5404935479164124 636
1615509361888 0.532453179359436 637
1615509396257 0.5587829351425171 638
1615509431369 0.5232401490211487 639
1615509470253 0.5567905902862549 640
1615509504861 0.5523844361305237 641
1615509539231 0.5244721174240112 642
1615509573321 0.5522845983505249 643
1615509607343 0.556771993637085 644
1615509641390 0.5585073232650757 645
1615509675684 0.565026044845581 646
1615509710052 0.5366166830062866 647
1615509744712 0.5523499250411987 648
1615509779181 0.5608657598495483 649
1615509817565 0.5440865755081177 650
1615509852237 0.5686982870101929 651
1615509886915 0.5450916290283203 652
1615509921089 0.5813974142074585 653
1615509955607 0.5726903676986694 654
1615509990810 0.5267902612686157 655
1615510025323 0.5376017093658447 656
1615510059566 0.5367573499679565 657
1615510093943 0.5485714077949524 658
1615510128011 0.5607514381408691 659
1615510166426 0.508827805519104 660
1615510200665 0.5450029373168945 661
1615510234991 0.5612432956695557 662
1615510269533 0.5715826749801636 663
1615510303758 0.5421997904777527 664
1615510338401 0.545700192451477 665
1615510373516 0.580081582069397 666
1615510407831 0.5422375202178955 667
1615510442130 0.5506095886230469 668
1615510476998 0.5604370832443237 669
1615510517052 0.534213662147522 670
1615510551427 0.5547999143600464 671
1615510585481 0.520161509513855 672
1615510619620 0.5724499821662903 673
1615510654105 0.5537275075912476 674
1615510688348 0.5676418542861938 675
1615510722727 0.5472712516784668 676
1615510756886 0.5642545223236084 677
1615510791259 0.5782886743545532 678
1615510825314 0.5942710638046265 679
1615510863415 0.5434526801109314 680
1615510898308 0.5242012739181519 681
1615510932841 0.5585054755210876 682
1615510967269 0.5557968616485596 683
1615511002169 0.5729212760925293 684
1615511036246 0.5420599579811096 685
1615511070498 0.546136736869812 686
1615511105001 0.5914303064346313 687
1615511139242 0.5027230381965637 688
1615511173457 0.5824940204620361 689
1615511211707 0.5555605888366699 690
1615511245910 0.5380696654319763 691
1615511280147 0.5746226906776428 692
1615511314224 0.5486587882041931 693
1615511348482 0.5287423133850098 694
1615511383095 0.5244535803794861 695
1615511417745 0.54594886302948 696
1615511452431 0.5456821918487549 697
1615511486795 0.5451076626777649 698
1615511521023 0.5792447328567505 699
1615511559610 0.5597392320632935 700
1615511593849 0.571882963180542 701
1615511628293 0.5839084386825562 702
1615511662730 0.5882154703140259 703
1615511697067 0.505690336227417 704
1615511731203 0.5711511373519897 705
1615511765409 0.5373795032501221 706
1615511799904 0.5454018115997314 707
1615511834031 0.5597406029701233 708
1615511868152 0.5424745678901672 709
1615511906560 0.5347534418106079 710
1615511941882 0.5617902278900146 711
1615511976413 0.5392782092094421 712
1615512010870 0.5718604326248169 713
1615512045377 0.5471441745758057 714
1615512079531 0.5480180978775024 715
1615512113811 0.5543258190155029 716
1615512148193 0.5521811842918396 717
1615512182787 0.5544116497039795 718
1615512217606 0.5597416162490845 719
1615512256279 0.5610060691833496 720
1615512290473 0.537749171257019 721
1615512324980 0.5755404829978943 722
1615512359677 0.533827543258667 723
1615512394307 0.5564520359039307 724
1615512429075 0.5773512125015259 725
1615512463378 0.5330025553703308 726
1615512497474 0.5359225273132324 727
1615512531634 0.5624897480010986 728
1615512565665 0.5702398419380188 729
1615512604691 0.5595641136169434 730
1615512638924 0.5499023199081421 731
1615512673288 0.5487685203552246 732
1615512707421 0.5781542062759399 733
1615512741719 0.529940664768219 734
1615512775779 0.5454742908477783 735
1615512809871 0.5628399848937988 736
1615512844335 0.5539964437484741 737
1615512878420 0.5750025510787964 738
1615512912659 0.5442016124725342 739
1615512950863 0.5929876565933228 740
1615512985136 0.5761349201202393 741
1615513019289 0.5195784568786621 742
1615513054061 0.5645121335983276 743
1615513088713 0.5739883184432983 744
1615513123070 0.5274101495742798 745
1615513157561 0.5542804598808289 746
1615513192104 0.5643185377120972 747
1615513226479 0.5366947054862976 748
1615513260703 0.5522885918617249 749
1615513298868 0.5470561981201172 750
1615513333020 0.5646994113922119 751
1615513367156 0.5574074387550354 752
1615513401316 0.5237034559249878 753
1615513435696 0.5466793775558472 754
1615513470287 0.5478196144104004 755
1615513504800 0.5632859468460083 756
1615513539071 0.5500448942184448 757
1615513573306 0.5534468293190002 758
1615513607416 0.5720832347869873 759
1615513645738 0.5492634177207947 760
1615513679911 0.5395669937133789 761
1615513714084 0.5648304224014282 762
1615513748223 0.5266751050949097 763
1615513782872 0.5334168076515198 764
1615513817545 0.5615389943122864 765
1615513851721 0.5346900224685669 766
1615513885967 0.5561610460281372 767
1615513920448 0.5375338196754456 768
1615513954676 0.5666604042053223 769
1615513993573 0.5231684446334839 770
1615514028204 0.5212151408195496 771
1615514062556 0.5469191074371338 772
1615514096804 0.5323125123977661 773
1615514130893 0.5504165291786194 774
1615514164999 0.517108678817749 775
1615514199676 0.5499860048294067 776
1615514233809 0.5679624080657959 777
1615514268324 0.562243640422821 778
1615514302477 0.5702261924743652 779
1615514340909 0.5684607028961182 780
1615514375228 0.5599560737609863 781
1615514409524 0.5466142892837524 782
1615514443646 0.5597295761108398 783
1615514478019 0.571170449256897 784
1615514512319 0.5439855456352234 785
1615514546663 0.5267906188964844 786
1615514581102 0.5853183269500732 787
1615514615728 0.558018684387207 788
1615514650036 0.5445619821548462 789
1615514688556 0.5475465059280396 790
1615514722802 0.5507863759994507 791
1615514757326 0.5456873178482056 792
1615514791799 0.5385147929191589 793
1615514826399 0.5225263833999634 794
1615514860458 0.564603328704834 795
1615514894814 0.5812584161758423 796
1615514929053 0.5512360334396362 797
1615514963202 0.5716311931610107 798
1615514997692 0.5669519305229187 799
1615515036250 0.5433803796768188 800
1615515070639 0.5639779567718506 801
1615515104820 0.5537616014480591 802
1615515138921 0.5175696015357971 803
1615515173537 0.57195645570755 804
1615515207600 0.5171975493431091 805
1615515241721 0.5584836602210999 806
1615515276425 0.5538054704666138 807
1615515310738 0.584885835647583 808
1615515345143 0.547324538230896 809
1615515383752 0.5772216320037842 810
1615515418037 0.541164755821228 811
1615515452345 0.5456774830818176 812
1615515486653 0.5804159641265869 813
1615515520878 0.5967637300491333 814
1615515555028 0.5791345834732056 815
1615515589173 0.5533403158187866 816
1615515623269 0.5436223745346069 817
1615515657468 0.5228862762451172 818
1615515691974 0.5668890476226807 819
1615515730341 0.5600697994232178 820
1615515764613 0.560070276260376 821
1615515798723 0.5313180685043335 822
1615515832801 0.5611927509307861 823
1615515866953 0.5536949038505554 824
1615515901084 0.537836492061615 825
1615515935416 0.5515323877334595 826
1615515969967 0.5817514657974243 827
1615516004548 0.5561881065368652 828
1615516038804 0.5577709674835205 829
1615516077483 0.5756692290306091 830
1615516111923 0.5634955167770386 831
1615516146762 0.5425828695297241 832
1615516181003 0.5707122087478638 833
1615516215526 0.5429986715316772 834
1615516249744 0.5382923483848572 835
1615516284268 0.5699543952941895 836
1615516318537 0.5430768728256226 837
1615516352620 0.5699598789215088 838
1615516387046 0.5916392803192139 839
1615516425416 0.5714871883392334 840
1615516459964 0.538780927658081 841
1615516494447 0.5227766036987305 842
1615516528878 0.5688436031341553 843
1615516563326 0.5661476850509644 844
1615516597555 0.5385441780090332 845
1615516632235 0.5629326105117798 846
1615516666566 0.5322694778442383 847
1615516701343 0.5779592990875244 848
1615516735953 0.5468053221702576 849
1615516774393 0.5505485534667969 850
1615516808444 0.5581695437431335 851
1615516842957 0.5418623685836792 852
1615516877460 0.550202488899231 853
1615516911601 0.565227746963501 854
1615516945861 0.5587140917778015 855
1615516979989 0.5629934072494507 856
1615517014079 0.577813982963562 857
1615517048622 0.5539443492889404 858
1615517082742 0.5389889478683472 859
1615517121067 0.5370969176292419 860
1615517155182 0.5532522201538086 861
1615517189724 0.5596253871917725 862
1615517224379 0.5406783819198608 863
1615517258662 0.5484558343887329 864
1615517292937 0.5610960721969604 865
1615517327145 0.5298759937286377 866
1615517361811 0.5182570219039917 867
1615517396452 0.5529454350471497 868
1615517431143 0.5569426417350769 869
1615517469581 0.5452686548233032 870
1615517503958 0.573481023311615 871
1615517538089 0.5595059990882874 872
1615517572513 0.5736355781555176 873
1615517606594 0.5655368566513062 874
1615517641224 0.5663620233535767 875
1615517675433 0.5621963739395142 876
1615517709942 0.5711889266967773 877
1615517744140 0.5446549654006958 878
1615517778554 0.5428978204727173 879
1615517817230 0.5447942614555359 880
1615517851299 0.5706979632377625 881
1615517885490 0.5444049835205078 882
1615517919868 0.5241477489471436 883
1615517954232 0.536724328994751 884
1615517988812 0.5364671945571899 885
1615518023040 0.5685235261917114 886
1615518057212 0.5509874820709229 887
1615518091666 0.5738824009895325 888
1615518125897 0.5555405616760254 889
1615518164340 0.5468027591705322 890
1615518198649 0.5783673524856567 891
1615518233006 0.5346983671188354 892
1615518267346 0.5351495742797852 893
1615518301740 0.572523832321167 894
1615518336032 0.5538135766983032 895
1615518370110 0.5848865509033203 896
1615518404706 0.5539762377738953 897
1615518439172 0.5462003946304321 898
1615518473588 0.5081840753555298 899
1615518511766 0.5422019958496094 900
1615518546288 0.5564419031143188 901
1615518580287 0.5791815519332886 902
1615518614611 0.5536067485809326 903
1615518648776 0.5458531379699707 904
1615518683435 0.5578024387359619 905
1615518717510 0.5581129789352417 906
1615518751806 0.5502617955207825 907
1615518786388 0.5472217798233032 908
1615518820712 0.5545632839202881 909
1615518859378 0.5299386978149414 910
1615518893710 0.572892427444458 911
1615518927915 0.530542254447937 912
1615518962027 0.5268712043762207 913
1615518996485 0.5523272752761841 914
1615519030432 0.5799556970596313 915
1615519064463 0.5497639179229736 916
1615519098632 0.5484503507614136 917
1615519132945 0.5628186464309692 918
1615519167063 0.5234607458114624 919
1615519205952 0.5505368709564209 920
1615519240067 0.5429437756538391 921
1615519274187 0.5288213491439819 922
1615519308598 0.5489238500595093 923
1615519343233 0.5572309494018555 924
1615519377648 0.5465363264083862 925
1615519411921 0.5639097690582275 926
1615519446391 0.538247287273407 927
1615519480491 0.5439966320991516 928
1615519514696 0.5719883441925049 929
1615519553664 0.5718382596969604 930
1615519588069 0.5621639490127563 931
1615519622373 0.5725613832473755 932
1615519656458 0.552566409111023 933
1615519690901 0.5561245679855347 934
1615519725325 0.5308574438095093 935
1615519759768 0.5587131977081299 936
1615519794415 0.5480698347091675 937
1615519828505 0.5212410688400269 938
1615519862881 0.5746402144432068 939
1615519900932 0.5775638818740845 940
1615519934974 0.5735112428665161 941
1615519969314 0.5579794645309448 942
1615520003546 0.5702041983604431 943
1615520037813 0.5367366075515747 944
1615520071900 0.5739701986312866 945
1615520106367 0.5609815716743469 946
1615520140569 0.5872067213058472 947
1615520175129 0.5469621419906616 948
1615520209626 0.5575053691864014 949
1615520247928 0.5637280941009521 950
1615520282543 0.5217148065567017 951
1615520316693 0.6027849316596985 952
1615520351217 0.5491300821304321 953
1615520385305 0.5695116519927979 954
1615520419788 0.5917943120002747 955
1615520454820 0.6016861796379089 956
1615520488833 0.5382245779037476 957
1615520523324 0.5505688190460205 958
1615520557684 0.5358961820602417 959
1615520595780 0.574061393737793 960
1615520630133 0.557995080947876 961
1615520664497 0.5800402760505676 962
1615520698670 0.5673165917396545 963
1615520733006 0.5494404435157776 964
1615520767521 0.5907124280929565 965
1615520801713 0.545433759689331 966
1615520835845 0.5683437585830688 967
1615520870105 0.5708074569702148 968
1615520904734 0.5496035814285278 969
1615520943330 0.5344266891479492 970
1615520977872 0.5447496175765991 971
1615521012005 0.5283574461936951 972
1615521046617 0.5522977709770203 973
1615521081057 0.5238760709762573 974
1615521115713 0.540949821472168 975
1615521150262 0.5286589860916138 976
1615521184730 0.5796976089477539 977
1615521219113 0.5807926058769226 978
1615521253183 0.548801600933075 979
1615521291360 0.5552239418029785 980
1615521325587 0.5355470180511475 981
1615521359648 0.5340307950973511 982
1615521393685 0.5757424831390381 983
1615521427765 0.5335980653762817 984
1615521462183 0.5355217456817627 985
1615521496269 0.5746663808822632 986
1615521530720 0.5442930459976196 987
1615521565058 0.5535873770713806 988
1615521599606 0.49409371614456177 989
1615521638247 0.5379911661148071 990
1615521672822 0.5419837832450867 991
1615521707455 0.5430408120155334 992
1615521741856 0.5289004445075989 993
1615521776357 0.566606879234314 994
1615521810585 0.530182957649231 995
1615521845103 0.523446798324585 996
1615521879267 0.5472428798675537 997
1615521913494 0.5523886680603027 998
1615521947919 0.5956337451934814 999
1615521986176 0.5726969838142395 1000
1615522020509 0.5690122246742249 1001
1615522054974 0.5532206296920776 1002
1615522089069 0.5569878816604614 1003
1615522123430 0.5701490044593811 1004
1615522157971 0.5835216641426086 1005
1615522192285 0.567147970199585 1006
1615522226405 0.5585252642631531 1007
1615522260440 0.5908936262130737 1008
1615522294571 0.584884524345398 1009
1615522333351 0.572426438331604 1010
1615522367342 0.5539652109146118 1011
1615522401477 0.5527187585830688 1012
1615522435906 0.5406512022018433 1013
1615522470085 0.5328377485275269 1014
1615522504306 0.5389060974121094 1015
1615522539097 0.5473159551620483 1016
1615522573770 0.5518959760665894 1017
1615522608364 0.5468859076499939 1018
1615522642620 0.558302640914917 1019
1615522681278 0.5823012590408325 1020
1615522715730 0.5578191876411438 1021
1615522750224 0.5236232280731201 1022
1615522784585 0.5495350956916809 1023
1615522819072 0.5626922249794006 1024
1615522853380 0.520624041557312 1025
1615522887881 0.5604603290557861 1026
1615522922367 0.5665661096572876 1027
1615522956498 0.548940122127533 1028
1615522990559 0.5544010400772095 1029
1615523029219 0.526577353477478 1030
1615523063764 0.5319880247116089 1031
1615523098428 0.5729577541351318 1032
1615523132556 0.5877745151519775 1033
1615523167367 0.5243321061134338 1034
1615523201783 0.5416491031646729 1035
1615523236656 0.5395965576171875 1036
1615523271273 0.5571905970573425 1037
1615523305633 0.5680146813392639 1038
1615523339767 0.5811786651611328 1039
1615523378174 0.5698843598365784 1040
1615523412378 0.5494191646575928 1041
1615523446970 0.5498825311660767 1042
1615523481314 0.5704669952392578 1043
1615523515786 0.5654531121253967 1044
1615523550143 0.5518660545349121 1045
1615523584961 0.5443477630615234 1046
1615523619102 0.5281192660331726 1047
1615523653625 0.5546382665634155 1048
1615523687666 0.5638062953948975 1049
1615523726128 0.5622307658195496 1050
1615523760283 0.5633560419082642 1051
1615523794337 0.5298321843147278 1052
1615523828593 0.5686998963356018 1053
1615523863173 0.5563724040985107 1054
1615523897280 0.5631576776504517 1055
1615523931708 0.5201332569122314 1056
1615523966292 0.5381022691726685 1057
1615524000531 0.5932091474533081 1058
1615524035083 0.5373245477676392 1059
1615524073497 0.551171064376831 1060
1615524108110 0.5558420419692993 1061
1615524143106 0.5437717437744141 1062
1615524177651 0.5404831171035767 1063
1615524211732 0.5682899951934814 1064
1615524246507 0.5561316013336182 1065
1615524280881 0.5410807132720947 1066
1615524315062 0.5228043794631958 1067
1615524349106 0.5405793190002441 1068
1615524383210 0.549111008644104 1069
1615524421374 0.5302188396453857 1070
1615524455641 0.5753002166748047 1071
1615524490068 0.5343112945556641 1072
1615524524935 0.5224878787994385 1073
1615524560009 0.5458799600601196 1074
1615524594223 0.5369040369987488 1075
1615524628372 0.5305594205856323 1076
1615524662661 0.5893785953521729 1077
1615524697024 0.5319662690162659 1078
1615524731204 0.5524358749389648 1079
1615524769771 0.5401883125305176 1080
1615524804002 0.548145055770874 1081
1615524838285 0.5322897434234619 1082
1615524872812 0.5802183151245117 1083
1615524907277 0.5309391617774963 1084
1615524941649 0.5327373743057251 1085
1615524976056 0.5295727849006653 1086
1615525010800 0.5357611179351807 1087
1615525045151 0.5506055355072021 1088
1615525079426 0.5340198278427124 1089
1615525117802 0.565589964389801 1090
1615525151977 0.5835719704627991 1091
1615525186348 0.5519142150878906 1092
1615525220803 0.587106466293335 1093
1615525255402 0.5459740161895752 1094
1615525289557 0.5485824346542358 1095
1615525323856 0.5618240833282471 1096
1615525358205 0.5477015376091003 1097
1615525392459 0.5653297901153564 1098
1615525426890 0.5318416357040405 1099
1615525465091 0.5481324195861816 1100
1615525499278 0.5628045797348022 1101
1615525533832 0.5758718252182007 1102
1615525568243 0.5548948049545288 1103
1615525602892 0.5179605484008789 1104
1615525637212 0.5308253765106201 1105
1615525671461 0.5645384192466736 1106
1615525705829 0.559634268283844 1107
1615525740022 0.5812594890594482 1108
1615525774223 0.5918643474578857 1109
1615525813370 0.5187927484512329 1110
1615525847698 0.5957300662994385 1111
1615525882134 0.5518835783004761 1112
1615525916372 0.5515827536582947 1113
1615525950620 0.5653418302536011 1114
1615525985105 0.5585927963256836 1115
1615526019209 0.5496537685394287 1116
1615526053456 0.5257850885391235 1117
1615526088106 0.5563421845436096 1118
1615526122769 0.544533908367157 1119
1615526161501 0.558263897895813 1120
1615526195971 0.5234940052032471 1121
1615526230181 0.5498505234718323 1122
1615526264521 0.5406035780906677 1123
1615526299237 0.5166675448417664 1124
1615526333828 0.5590177774429321 1125
1615526368007 0.5650894641876221 1126
1615526402230 0.5384655594825745 1127
1615526436678 0.5284849405288696 1128
1615526471007 0.5336135625839233 1129
1615526509882 0.534747302532196 1130
1615526544556 0.5610348582267761 1131
1615526579205 0.5276631116867065 1132
1615526613663 0.5695664882659912 1133
1615526648010 0.5685955286026001 1134
1615526682150 0.5844130516052246 1135
1615526716273 0.535339891910553 1136
1615526750797 0.5376739501953125 1137
1615526784838 0.5573379993438721 1138
1615526819332 0.5471680164337158 1139
1615526857720 0.5789458155632019 1140
1615526892211 0.5421062707901001 1141
1615526926483 0.5439119338989258 1142
1615526960820 0.5640996694564819 1143
1615526995341 0.5747913122177124 1144
1615527029762 0.5697981119155884 1145
1615527064081 0.5887049436569214 1146
1615527098695 0.5705924034118652 1147
1615527133187 0.5465537309646606 1148
1615527167649 0.5406150817871094 1149
1615527206390 0.5611041188240051 1150
1615527240739 0.5340376496315002 1151
1615527275281 0.5551164150238037 1152
1615527309451 0.5314570665359497 1153
1615527343637 0.5670425295829773 1154
1615527377873 0.5514997839927673 1155
1615527412526 0.5757927894592285 1156
1615527447238 0.5305153131484985 1157
1615527481459 0.553766667842865 1158
1615527515865 0.5544898509979248 1159
1615527554529 0.5466271042823792 1160
1615527588716 0.5637038946151733 1161
1615527623302 0.556699275970459 1162
1615527657894 0.5859819650650024 1163
1615527692418 0.558526337146759 1164
1615527726974 0.5512499213218689 1165
1615527761313 0.5582025051116943 1166
1615527795767 0.5935602188110352 1167
1615527830075 0.5525274276733398 1168
1615527864666 0.5538444519042969 1169
1615527903167 0.5541253685951233 1170
1615527937323 0.559227705001831 1171
1615527971625 0.5530731678009033 1172
1615528006045 0.5679880380630493 1173
1615528040629 0.57390296459198 1174
1615528074732 0.5683125257492065 1175
1615528109122 0.5723316669464111 1176
1615528143481 0.5213418006896973 1177
1615528178171 0.5543804168701172 1178
1615528212725 0.5740054845809937 1179
1615528250923 0.5608307123184204 1180
1615528285477 0.5885487794876099 1181
1615528319952 0.5520703792572021 1182
1615528354328 0.5602443218231201 1183
1615528388753 0.566585898399353 1184
1615528422925 0.5639238357543945 1185
1615528457531 0.5866646766662598 1186
1615528491656 0.5519909858703613 1187
1615528526237 0.5481303930282593 1188
1615528560362 0.5523539781570435 1189
1615528599232 0.5560286045074463 1190
1615528633401 0.5416467189788818 1191
1615528667574 0.550582766532898 1192
1615528701745 0.5579187273979187 1193
1615528735844 0.5624068975448608 1194
1615528769891 0.5633522272109985 1195
1615528804103 0.5636081099510193 1196
1615528838221 0.5484218597412109 1197
1615528872684 0.5545779466629028 1198
1615528907305 0.5357912182807922 1199
1615528945425 0.5386261940002441 1200
1615528967606 0.5438132882118225 0
1615528967620 0.5438132882118225 0
