1615487169162 0.5657966136932373 1
1615487203524 0.5935410857200623 2
1615487238001 0.6075794696807861 3
1615487272463 0.6913909912109375 4
1615487306709 0.6873061060905457 5
1615487340810 0.7306294441223145 6
1615487375317 0.7358615398406982 7
1615487409769 0.743388295173645 8
1615487444039 0.7304240465164185 9
1615487482387 0.737194299697876 10
1615487516404 0.7267513275146484 11
1615487550931 0.7235556840896606 12
1615487585013 0.7383377552032471 13
1615487619094 0.7506992220878601 14
1615487653536 0.7659786939620972 15
1615487687899 0.7669709920883179 16
1615487722183 0.7692787647247314 17
1615487756507 0.7757425308227539 18
1615487790616 0.7587854266166687 19
1615487828851 0.7973620891571045 20
1615487863117 0.8002413511276245 21
1615487897467 0.7422630786895752 22
1615487931725 0.7624518275260925 23
1615487966448 0.7857558727264404 24
1615488001461 0.760374128818512 25
1615488036933 0.7788377404212952 26
1615488072862 0.777755856513977 27
1615488107843 0.7867457270622253 28
1615488142142 0.7522064447402954 29
1615488180107 0.7541830539703369 30
1615488214556 0.7567458748817444 31
1615488249049 0.8036307096481323 32
1615488283508 0.7850274443626404 33
1615488317602 0.7462489604949951 34
1615488351846 0.7474684119224548 35
1615488386279 0.8002580404281616 36
1615488420642 0.7646930813789368 37
1615488454811 0.7737103700637817 38
1615488488926 0.8006541132926941 39
1615488527630 0.8078045845031738 40
1615488561945 0.7926572561264038 41
1615488596668 0.7942836284637451 42
1615488631246 0.7953807711601257 43
1615488666063 0.7862374782562256 44
1615488700943 0.8040773272514343 45
1615488735529 0.8222195506095886 46
1615488769935 0.791633129119873 47
1615488804200 0.7762157917022705 48
1615488839579 0.8135283589363098 49
1615488878223 0.8017278909683228 50
1615488912571 0.7942122220993042 51
1615488947094 0.8161290884017944 52
1615488981563 0.8214757442474365 53
1615489015980 0.8179358243942261 54
1615489050031 0.8145983815193176 55
1615489084558 0.8127721548080444 56
1615489119117 0.8195956945419312 57
1615489153162 0.7958180904388428 58
1615489187613 0.7782595157623291 59
1615489226273 0.7937198281288147 60
1615489260438 0.8114631772041321 61
1615489295167 0.8333607316017151 62
1615489329718 0.8171094655990601 63
1615489364343 0.8304243087768555 64
1615489399244 0.8314400911331177 65
1615489433887 0.8002642393112183 66
1615489468330 0.8103430867195129 67
1615489502590 0.83111572265625 68
1615489537024 0.8313697576522827 69
1615489576489 0.8175073266029358 70
1615489610951 0.8097132444381714 71
1615489645555 0.8140363097190857 72
1615489680013 0.8015770316123962 73
1615489714532 0.82535719871521 74
1615489748679 0.8598389625549316 75
1615489783034 0.8295060992240906 76
1615489817430 0.8251718282699585 77
1615489851894 0.8309774994850159 78
1615489886303 0.8265763521194458 79
1615489924980 0.8205764889717102 80
1615489959354 0.8160647749900818 81
1615489994601 0.8365499377250671 82
1615490029102 0.8227189779281616 83
1615490063639 0.8342612981796265 84
1615490098133 0.8212270736694336 85
1615490132484 0.8312539458274841 86
1615490167039 0.829328715801239 87
1615490201422 0.8236309289932251 88
1615490235794 0.8249363899230957 89
1615490274455 0.8173433542251587 90
1615490308753 0.8123801946640015 91
1615490342828 0.8213214874267578 92
1615490377065 0.8568119406700134 93
1615490411072 0.8384219408035278 94
1615490445120 0.8448876738548279 95
1615490479281 0.8282773494720459 96
1615490513765 0.8502132892608643 97
1615490547987 0.819922924041748 98
1615490582254 0.8374086618423462 99
1615490620552 0.8480803966522217 100
1615490654657 0.8483422994613647 101
1615490688854 0.8450065851211548 102
1615490723714 0.8332957029342651 103
1615490758427 0.8525328040122986 104
1615490793022 0.8451164960861206 105
1615490827706 0.8256683349609375 106
1615490862398 0.8153799176216125 107
1615490896754 0.853717565536499 108
1615490931448 0.8491244316101074 109
1615490970677 0.8571168184280396 110
1615491005262 0.8315771818161011 111
1615491039690 0.8229038119316101 112
1615491073878 0.8220213651657104 113
1615491108155 0.8126512765884399 114
1615491142203 0.8437691330909729 115
1615491176466 0.8258188962936401 116
1615491210621 0.8324081897735596 117
1615491245052 0.8390969038009644 118
1615491279406 0.8598933219909668 119
1615491317566 0.8462247252464294 120
1615491351829 0.8479940891265869 121
1615491386073 0.8352687358856201 122
1615491420375 0.8412550687789917 123
1615491454809 0.8234394788742065 124
1615491490248 0.8388373851776123 125
1615491524931 0.8673279285430908 126
1615491559628 0.839706540107727 127
1615491593925 0.8148313164710999 128
1615491628005 0.8387874364852905 129
1615491666698 0.837910532951355 130
1615491701064 0.8591654896736145 131
1615491735508 0.8373415470123291 132
1615491770511 0.8446743488311768 133
1615491804682 0.8199348449707031 134
1615491838980 0.8278266787528992 135
1615491873377 0.8537688255310059 136
1615491907375 0.8458995819091797 137
1615491941729 0.8374111652374268 138
1615491976236 0.8512597680091858 139
1615492014709 0.8514046669006348 140
1615492048962 0.8357919454574585 141
1615492083299 0.8427340984344482 142
1615492117637 0.8332555294036865 143
1615492151887 0.8638342022895813 144
1615492186448 0.886674165725708 145
1615492221050 0.8525538444519043 146
1615492255868 0.8346409797668457 147
1615492291042 0.8476017713546753 148
1615492325670 0.8351342678070068 149
1615492364575 0.8559949398040771 150
1615492399044 0.8410695195198059 151
1615492434475 0.8378256559371948 152
1615492468721 0.8285484313964844 153
1615492502810 0.8452036380767822 154
1615492537306 0.8467525839805603 155
1615492571658 0.8682900667190552 156
1615492606078 0.8621841073036194 157
1615492640136 0.8513319492340088 158
1615492674171 0.8481178283691406 159
1615492712184 0.8305182456970215 160
1615492746252 0.8693510293960571 161
1615492780532 0.846919059753418 162
1615492815039 0.8439037799835205 163
1615492849047 0.8360453248023987 164
1615492883058 0.8473705053329468 165
1615492917591 0.8390694856643677 166
1615492951886 0.8451547622680664 167
1615492986850 0.869787335395813 168
1615493021942 0.8544756770133972 169
1615493060815 0.8138195276260376 170
1615493095155 0.8739771842956543 171
1615493129635 0.8487943410873413 172
1615493164861 0.8588039875030518 173
1615493198970 0.861230194568634 174
1615493233144 0.8507079482078552 175
1615493267331 0.8569223880767822 176
1615493301367 0.8354825973510742 177
1615493335839 0.8215038180351257 178
1615493369909 0.839476466178894 179
1615493408356 0.8528367280960083 180
1615493443045 0.8455579280853271 181
1615493477303 0.8723361492156982 182
1615493511872 0.8698198199272156 183
1615493546461 0.8545961380004883 184
1615493581045 0.848373293876648 185
1615493615626 0.8778331279754639 186
1615493650192 0.8524648547172546 187
1615493685230 0.8606297969818115 188
1615493720698 0.8566615581512451 189
1615493759447 0.838854193687439 190
1615493793810 0.8546469211578369 191
1615493828010 0.8686533570289612 192
1615493862641 0.8519535064697266 193
1615493896852 0.8195531368255615 194
1615493930915 0.8393173217773438 195
1615493965284 0.8648991584777832 196
1615493999710 0.8589003086090088 197
1615494033763 0.8460326194763184 198
1615494067849 0.8636318445205688 199
1615494106430 0.8250954151153564 200
1615494141428 0.841267466545105 201
1615494176260 0.8327362537384033 202
1615494211326 0.846388578414917 203
1615494246602 0.8464815616607666 204
1615494281511 0.8631792664527893 205
1615494315938 0.8435509204864502 206
1615494350091 0.8473062515258789 207
1615494384242 0.8690832257270813 208
1615494418610 0.8622205257415771 209
1615494456598 0.8351320624351501 210
1615494491185 0.8482139110565186 211
1615494525453 0.8780802488327026 212
1615494559812 0.8280493021011353 213
1615494594972 0.853460431098938 214
1615494630095 0.8457574844360352 215
1615494664991 0.851892352104187 216
1615494699611 0.8651445508003235 217
1615494734575 0.8639650344848633 218
1615494769095 0.8417665958404541 219
1615494808158 0.8561924695968628 220
1615494842872 0.8545718789100647 221
1615494877546 0.8613660931587219 222
1615494912139 0.8559896945953369 223
1615494946511 0.846936821937561 224
1615494980931 0.8690809011459351 225
1615495015120 0.8621512651443481 226
1615495049391 0.8781085014343262 227
1615495083839 0.864338755607605 228
1615495118621 0.8562050461769104 229
1615495158550 0.8464162349700928 230
1615495193675 0.8491772413253784 231
1615495228166 0.8696671724319458 232
1615495263441 0.854179859161377 233
1615495298112 0.8524173498153687 234
1615495332124 0.8455690145492554 235
1615495366189 0.8406823873519897 236
1615495400702 0.8826669454574585 237
1615495434749 0.8623794913291931 238
1615495469017 0.8725591897964478 239
1615495507714 0.8533849716186523 240
1615495543074 0.8383932709693909 241
1615495577925 0.8598055839538574 242
1615495612786 0.856342077255249 243
1615495647335 0.8730570077896118 244
1615495681514 0.8300629258155823 245
1615495716421 0.844109296798706 246
1615495750561 0.8411741256713867 247
1615495785010 0.864040195941925 248
1615495819127 0.8841499090194702 249
1615495857774 0.8445978760719299 250
1615495891995 0.8485866785049438 251
1615495926464 0.8709274530410767 252
1615495960854 0.8614379167556763 253
1615495994870 0.8581182956695557 254
1615496028855 0.8818169832229614 255
1615496062955 0.857001543045044 256
1615496097115 0.8601287603378296 257
1615496131603 0.8454949855804443 258
1615496165770 0.8663074374198914 259
1615496204443 0.8684778213500977 260
1615496239005 0.8641778230667114 261
1615496274552 0.8468567132949829 262
1615496309865 0.8438802361488342 263
1615496344810 0.8448684215545654 264
1615496379439 0.8524665832519531 265
1615496414068 0.8524115085601807 266
1615496448381 0.8535669445991516 267
1615496483274 0.8433946371078491 268
1615496517445 0.8525998592376709 269
1615496555431 0.8593498468399048 270
1615496589531 0.8521229028701782 271
1615496623773 0.8573580980300903 272
1615496658080 0.8309723138809204 273
1615496692358 0.8428664207458496 274
1615496726450 0.8398052453994751 275
1615496760741 0.8538742065429688 276
1615496794816 0.8277595639228821 277
1615496829181 0.873354434967041 278
1615496863300 0.8573378324508667 279
1615496902055 0.8356492519378662 280
1615496936688 0.8602395057678223 281
1615496971227 0.8487711548805237 282
1615497005656 0.8563603162765503 283
1615497040422 0.8489476442337036 284
1615497075630 0.8483808636665344 285
1615497110629 0.8476530313491821 286
1615497145467 0.8562110662460327 287
1615497179990 0.8592857122421265 288
1615497214526 0.8537569046020508 289
1615497253724 0.8638989925384521 290
1615497287733 0.8488296866416931 291
1615497321842 0.8592654466629028 292
1615497355935 0.8503648042678833 293
1615497390014 0.8535867929458618 294
1615497424346 0.8555117249488831 295
1615497458643 0.8710998296737671 296
1615497493145 0.8693811893463135 297
1615497527546 0.8620075583457947 298
1615497561526 0.8374682664871216 299
1615497600137 0.8798373341560364 300
1615497634975 0.8567459583282471 301
1615497669685 0.8745973110198975 302
1615497704309 0.8710013031959534 303
1615497738974 0.8554248213768005 304
1615497773758 0.8763512372970581 305
1615497808971 0.8748508095741272 306
1615497843288 0.8783928155899048 307
1615497877488 0.870288610458374 308
1615497911567 0.864632785320282 309
1615497949638 0.8720358610153198 310
1615497983953 0.872596800327301 311
1615498018075 0.8706383109092712 312
1615498052563 0.8871558904647827 313
1615498086857 0.8712135553359985 314
1615498121386 0.8638863563537598 315
1615498155988 0.8880544900894165 316
1615498191625 0.8793654441833496 317
1615498226573 0.869550347328186 318
1615498260909 0.8833191394805908 319
1615498299290 0.8610954284667969 320
1615498333606 0.8520774841308594 321
1615498368266 0.8470638990402222 322
1615498402641 0.901663064956665 323
1615498437059 0.8576467037200928 324
1615498471270 0.871563732624054 325
1615498506108 0.8976461291313171 326
1615498540609 0.8742750883102417 327
1615498574734 0.8740414381027222 328
1615498608952 0.8432772755622864 329
1615498647466 0.879446268081665 330
1615498681674 0.877480149269104 331
1615498716107 0.8679186105728149 332
1615498750584 0.8695318102836609 333
1615498785285 0.8621015548706055 334
1615498820268 0.8727403879165649 335
1615498856148 0.8557024002075195 336
1615498891192 0.8526657223701477 337
1615498925863 0.8552600145339966 338
1615498961233 0.8451792001724243 339
1615499000117 0.8838745355606079 340
1615499034673 0.8669019937515259 341
1615499068804 0.8515130281448364 342
1615499102945 0.8775217533111572 343
1615499137099 0.8547619581222534 344
1615499171657 0.8718172907829285 345
1615499205826 0.8356051445007324 346
1615499240593 0.8673278093338013 347
1615499275174 0.8846354484558105 348
1615499310363 0.853947639465332 349
1615499349983 0.8757209777832031 350
1615499384978 0.8765362501144409 351
1615499419622 0.8608115911483765 352
1615499454129 0.853021502494812 353
1615499488866 0.8631018996238708 354
1615499522872 0.8705612421035767 355
1615499556933 0.8568516373634338 356
1615499591164 0.9037221074104309 357
1615499625533 0.8661761283874512 358
1615499659991 0.8596920967102051 359
1615499698224 0.8757994174957275 360
1615499732520 0.8604143261909485 361
1615499766738 0.8602007627487183 362
1615499801213 0.8868200182914734 363
1615499835463 0.8728303909301758 364
1615499869987 0.8770303726196289 365
1615499904795 0.841415524482727 366
1615499939494 0.8543457984924316 367
1615499973577 0.8605384826660156 368
1615500008509 0.8594801425933838 369
1615500046903 0.8470737934112549 370
1615500081031 0.8601744174957275 371
1615500115518 0.8786971569061279 372
1615500149858 0.8472673892974854 373
1615500184182 0.877895176410675 374
1615500218325 0.9012018442153931 375
1615500253521 0.8633797764778137 376
1615500289314 0.8629405498504639 377
1615500324453 0.8636540174484253 378
1615500359558 0.8543128967285156 379
1615500398554 0.8596571683883667 380
1615500433944 0.8615614175796509 381
1615500468323 0.8530031442642212 382
1615500502551 0.8737202882766724 383
1615500536811 0.885591983795166 384
1615500571173 0.8717381954193115 385
1615500605234 0.8660681843757629 386
1615500639397 0.8778698444366455 387
1615500673444 0.8466960191726685 388
1615500707679 0.8691596984863281 389
1615500746047 0.8884578347206116 390
1615500780192 0.8856559991836548 391
1615500814622 0.9025132656097412 392
1615500848936 0.877478837966919 393
1615500883545 0.8648298978805542 394
1615500917751 0.8721562623977661 395
1615500952086 0.8923866748809814 396
1615500986906 0.8894265294075012 397
1615501021735 0.8634321689605713 398
1615501056495 0.852042555809021 399
1615501095305 0.876510500907898 400
1615501130165 0.8403728604316711 401
1615501164379 0.8701087236404419 402
1615501198970 0.864310085773468 403
1615501233833 0.8561928868293762 404
1615501268101 0.8503628969192505 405
1615501302458 0.8577538728713989 406
1615501336970 0.8712056875228882 407
1615501372010 0.8658040761947632 408
1615501406445 0.8719950914382935 409
1615501444461 0.9005386829376221 410
1615501478767 0.8703592419624329 411
1615501512965 0.8638478517532349 412
1615501547230 0.8497283458709717 413
1615501581260 0.8623974323272705 414
1615501615360 0.8641810417175293 415
1615501649827 0.8872314691543579 416
1615501683837 0.8762614727020264 417
1615501717961 0.8853825926780701 418
1615501752487 0.846806526184082 419
1615501790635 0.8773137331008911 420
1615501825158 0.8573426008224487 421
1615501859239 0.8741247653961182 422
1615501894233 0.8831769227981567 423
1615501929905 0.878383994102478 424
1615501964872 0.898578405380249 425
1615501999319 0.8760820031166077 426
1615502033593 0.8713725805282593 427
1615502068239 0.8587863445281982 428
1615502103129 0.8567835092544556 429
1615502141771 0.8583723306655884 430
1615502176185 0.8762255907058716 431
1615502210646 0.8645489811897278 432
1615502244708 0.8696078062057495 433
1615502278977 0.8926784992218018 434
1615502313334 0.8847383260726929 435
1615502347631 0.8714219331741333 436
1615502381903 0.8613539934158325 437
1615502415946 0.8880794048309326 438
1615502450594 0.8693727254867554 439
1615502488704 0.8602972030639648 440
1615502523405 0.8699966669082642 441
1615502559537 0.8646141290664673 442
1615502594644 0.8740609884262085 443
1615502629873 0.8852517604827881 444
1615502665755 0.8693395853042603 445
1615502700456 0.8844724893569946 446
1615502734744 0.8724404573440552 447
1615502769014 0.8766895532608032 448
1615502803344 0.85163414478302 449
1615502842640 0.8717577457427979 450
1615502877327 0.8688449859619141 451
1615502911538 0.8784630298614502 452
1615502945743 0.8745034337043762 453
1615502979771 0.8752576112747192 454
1615503014401 0.8743734359741211 455
1615503048921 0.871774435043335 456
1615503083551 0.8736716508865356 457
1615503117828 0.8464135527610779 458
1615503152035 0.8773735761642456 459
1615503190560 0.8548229336738586 460
1615503225568 0.8845351934432983 461
1615503260216 0.8916442394256592 462
1615503294808 0.8963212966918945 463
1615503329319 0.8684122562408447 464
1615503364363 0.9086570739746094 465
1615503398873 0.8655177354812622 466
1615503433035 0.8713834285736084 467
1615503467252 0.8751620650291443 468
1615503501333 0.8681526184082031 469
1615503539525 0.8833332657814026 470
1615503573886 0.8758605718612671 471
1615503608420 0.8851255178451538 472
1615503642954 0.8894752264022827 473
1615503677501 0.8601780533790588 474
1615503711838 0.8850017786026001 475
1615503746035 0.8845804929733276 476
1615503781350 0.8849730491638184 477
1615503817868 0.899709939956665 478
1615503852562 0.8850375413894653 479
1615503891365 0.862246572971344 480
1615503926256 0.8897277116775513 481
1615503960738 0.8734726309776306 482
1615503994984 0.8838144540786743 483
1615504029122 0.8811252117156982 484
1615504063418 0.877052903175354 485
1615504097802 0.9035667181015015 486
1615504131822 0.8864072561264038 487
1615504166163 0.8857293128967285 488
1615504200188 0.8721872568130493 489
1615504238625 0.877274751663208 490
1615504272704 0.8845464587211609 491
1615504307203 0.8890736103057861 492
1615504341472 0.8594932556152344 493
1615504375907 0.8608036041259766 494
1615504410240 0.8710306882858276 495
1615504444581 0.87424635887146 496
1615504479313 0.8712514638900757 497
1615504513793 0.8786302804946899 498
1615504548245 0.8773617148399353 499
1615504586543 0.8770215511322021 500
1615504620805 0.8639198541641235 501
1615504654926 0.8430991172790527 502
1615504689186 0.8639408349990845 503
1615504723345 0.8706814050674438 504
1615504757474 0.8725568056106567 505
1615504791896 0.8825695514678955 506
1615504826336 0.8886876106262207 507
1615504860430 0.8878298401832581 508
1615504894655 0.8826168775558472 509
1615504932721 0.8591214418411255 510
1615504967047 0.877747654914856 511
1615505001465 0.876983642578125 512
1615505035931 0.8835284113883972 513
1615505071195 0.8677428960800171 514
1615505105770 0.8770923614501953 515
1615505140844 0.8797247409820557 516
1615505175590 0.8561481833457947 517
1615505209998 0.8759170770645142 518
1615505244720 0.8671102523803711 519
1615505283090 0.8838963508605957 520
1615505317159 0.8753291964530945 521
1615505351458 0.8562508821487427 522
1615505385992 0.8720656633377075 523
1615505420167 0.8639606237411499 524
1615505454271 0.8899404406547546 525
1615505488738 0.897653341293335 526
1615505522968 0.8712336421012878 527
1615505557297 0.8389136791229248 528
1615505591338 0.8800286054611206 529
1615505629536 0.8819414973258972 530
1615505664022 0.8652042150497437 531
1615505698469 0.9101635217666626 532
1615505732871 0.892069935798645 533
1615505767044 0.9055545330047607 534
1615505801331 0.8751024007797241 535
1615505835998 0.8889954090118408 536
1615505870919 0.8875104188919067 537
1615505905232 0.8949803113937378 538
1615505939726 0.894194483757019 539
1615505978562 0.8614740371704102 540
1615506012706 0.8870995044708252 541
1615506047594 0.8711057901382446 542
1615506082118 0.8815240859985352 543
1615506116117 0.8893833160400391 544
1615506150628 0.870829701423645 545
1615506184967 0.8558998703956604 546
1615506219336 0.8688246011734009 547
1615506253928 0.8889009952545166 548
1615506288276 0.8770225048065186 549
1615506326820 0.8676192760467529 550
1615506360973 0.8749217391014099 551
1615506395687 0.8575011491775513 552
1615506430259 0.878451943397522 553
1615506464467 0.8878257274627686 554
1615506498639 0.885455846786499 555
1615506533097 0.8669558763504028 556
1615506567398 0.8872876167297363 557
1615506601895 0.8790646195411682 558
1615506636246 0.8756230473518372 559
1615506674412 0.8927637338638306 560
1615506708965 0.8421003222465515 561
1615506743072 0.8797404766082764 562
1615506777680 0.8783477544784546 563
1615506811721 0.8926917910575867 564
1615506845764 0.900433361530304 565
1615506880298 0.8774428367614746 566
1615506914857 0.8927615880966187 567
1615506949121 0.8809467554092407 568
1615506983683 0.8825750350952148 569
1615507021967 0.8616159558296204 570
1615507056624 0.8809413909912109 571
1615507091180 0.8891869783401489 572
1615507125283 0.8751148581504822 573
1615507159483 0.8552387356758118 574
1615507193592 0.8669743537902832 575
1615507228182 0.8809904456138611 576
1615507262250 0.8627324104309082 577
1615507296782 0.8794839978218079 578
1615507332252 0.8885538578033447 579
1615507370857 0.8773906230926514 580
1615507405247 0.8937078714370728 581
1615507439585 0.8933608531951904 582
1615507473535 0.8762847185134888 583
1615507508030 0.8861522078514099 584
1615507542115 0.8876070976257324 585
1615507576567 0.8804144859313965 586
1615507611220 0.8903287649154663 587
1615507645810 0.8559143543243408 588
1615507681761 0.8877681493759155 589
1615507720851 0.8992356061935425 590
1615507755396 0.8683186173439026 591
1615507790277 0.8785538673400879 592
1615507824600 0.8878709077835083 593
1615507859593 0.8742867708206177 594
1615507894206 0.858108639717102 595
1615507928635 0.8767591118812561 596
1615507963063 0.8769126534461975 597
1615507997192 0.872076153755188 598
1615508031265 0.8801231384277344 599
1615508070277 0.87257319688797 600
1615508104451 0.8726797103881836 601
1615508139008 0.901442289352417 602
1615508173604 0.886921763420105 603
1615508208067 0.8475589752197266 604
1615508243022 0.8708986043930054 605
1615508277863 0.859652578830719 606
1615508312809 0.8814501762390137 607
1615508347656 0.8519471883773804 608
1615508382562 0.8905836939811707 609
1615508421433 0.8886779546737671 610
1615508455738 0.8590410947799683 611
1615508490146 0.8947901129722595 612
1615508524204 0.8794255256652832 613
1615508558501 0.8432646989822388 614
1615508592849 0.9240167140960693 615
1615508627159 0.8698039650917053 616
1615508661596 0.8792789578437805 617
1615508695963 0.8837426900863647 618
1615508730445 0.8910168409347534 619
1615508769033 0.8679022789001465 620
1615508803429 0.8946731686592102 621
1615508837861 0.8877323269844055 622
1615508872462 0.8926856517791748 623
1615508907916 0.8607642650604248 624
1615508942772 0.8951341509819031 625
1615508977127 0.9056819677352905 626
1615509011567 0.8911458253860474 627
1615509045915 0.8996086716651917 628
1615509081171 0.8615326881408691 629
1615509119739 0.8886064887046814 630
1615509154278 0.8987981081008911 631
1615509188723 0.9022948741912842 632
1615509223089 0.8838746547698975 633
1615509257839 0.8723316192626953 634
1615509292873 0.8850852251052856 635
1615509327319 0.8800594806671143 636
1615509361888 0.8780794143676758 637
1615509396257 0.8931646943092346 638
1615509431369 0.8624746799468994 639
1615509470253 0.8869638442993164 640
1615509504861 0.8736222982406616 641
1615509539231 0.8580407500267029 642
1615509573321 0.8692683577537537 643
1615509607343 0.8740870952606201 644
1615509641390 0.8831881284713745 645
1615509675684 0.8704255819320679 646
1615509710052 0.8781744241714478 647
1615509744712 0.8792587518692017 648
1615509779181 0.8799654245376587 649
1615509817565 0.865118145942688 650
1615509852237 0.8962335586547852 651
1615509886915 0.874267578125 652
1615509921089 0.9006880521774292 653
1615509955607 0.8910160660743713 654
1615509990810 0.8676416277885437 655
1615510025323 0.8791875839233398 656
1615510059566 0.8749397993087769 657
1615510093943 0.8772706985473633 658
1615510128011 0.8936948180198669 659
1615510166426 0.8672048449516296 660
1615510200665 0.8762344121932983 661
1615510234991 0.8808889985084534 662
1615510269533 0.8976806402206421 663
1615510303758 0.8827749490737915 664
1615510338401 0.8775980472564697 665
1615510373516 0.8946141004562378 666
1615510407831 0.8769895434379578 667
1615510442130 0.880142867565155 668
1615510476998 0.8862743973731995 669
1615510517052 0.8703607320785522 670
1615510551427 0.888302206993103 671
1615510585481 0.8595635890960693 672
1615510619620 0.9049439430236816 673
1615510654105 0.8773425817489624 674
1615510688348 0.89915931224823 675
1615510722727 0.889811635017395 676
1615510756886 0.8867618441581726 677
1615510791259 0.8947674036026001 678
1615510825314 0.9114470481872559 679
1615510863415 0.877628743648529 680
1615510898308 0.8719443678855896 681
1615510932841 0.8932172060012817 682
1615510967269 0.8840799331665039 683
1615511002169 0.8933684825897217 684
1615511036246 0.8729227781295776 685
1615511070498 0.8731704950332642 686
1615511105001 0.9082597494125366 687
1615511139242 0.8494030237197876 688
1615511173457 0.9019317626953125 689
1615511211707 0.8848581314086914 690
1615511245910 0.8713232278823853 691
1615511280147 0.8948479890823364 692
1615511314224 0.8953814506530762 693
1615511348482 0.8545147180557251 694
1615511383095 0.8747296333312988 695
1615511417745 0.8716342449188232 696
1615511452431 0.8797128796577454 697
1615511486795 0.8726909160614014 698
1615511521023 0.9038512706756592 699
1615511559610 0.8839452266693115 700
1615511593849 0.9056068658828735 701
1615511628293 0.9005831480026245 702
1615511662730 0.9000949859619141 703
1615511697067 0.8432563543319702 704
1615511731203 0.8969197273254395 705
1615511765409 0.8696808218955994 706
1615511799904 0.8721990585327148 707
1615511834031 0.8861149549484253 708
1615511868152 0.8751678466796875 709
1615511906560 0.8710950016975403 710
1615511941882 0.8846439123153687 711
1615511976413 0.8782392740249634 712
1615512010870 0.8954874277114868 713
1615512045377 0.8697246313095093 714
1615512079531 0.8871358036994934 715
1615512113811 0.8869909048080444 716
1615512148193 0.8738263845443726 717
1615512182787 0.8702453374862671 718
1615512217606 0.8850717544555664 719
1615512256279 0.8924343585968018 720
1615512290473 0.8750452995300293 721
1615512324980 0.9045021533966064 722
1615512359677 0.8681873679161072 723
1615512394307 0.8912969827651978 724
1615512429075 0.8939095735549927 725
1615512463378 0.8665140271186829 726
1615512497474 0.8774929642677307 727
1615512531634 0.8885653018951416 728
1615512565665 0.898800253868103 729
1615512604691 0.8893260955810547 730
1615512638924 0.8830350637435913 731
1615512673288 0.8644929528236389 732
1615512707421 0.9094133973121643 733
1615512741719 0.8675411343574524 734
1615512775779 0.8802288770675659 735
1615512809871 0.887147068977356 736
1615512844335 0.8960777521133423 737
1615512878420 0.8917175531387329 738
1615512912659 0.8721309304237366 739
1615512950863 0.9115350246429443 740
1615512985136 0.8824728727340698 741
1615513019289 0.8608725666999817 742
1615513054061 0.8987914323806763 743
1615513088713 0.8959800601005554 744
1615513123070 0.8656916618347168 745
1615513157561 0.8812012076377869 746
1615513192104 0.8889865875244141 747
1615513226479 0.8636460304260254 748
1615513260703 0.8887579441070557 749
1615513298868 0.8748600482940674 750
1615513333020 0.8948241472244263 751
1615513367156 0.8918426036834717 752
1615513401316 0.8577903509140015 753
1615513435696 0.8830007314682007 754
1615513470287 0.8745768070220947 755
1615513504800 0.890938937664032 756
1615513539071 0.8753763437271118 757
1615513573306 0.8827219009399414 758
1615513607416 0.8998857736587524 759
1615513645738 0.8830422163009644 760
1615513679911 0.8737021684646606 761
1615513714084 0.8885539770126343 762
1615513748223 0.8704954385757446 763
1615513782872 0.8614650964736938 764
1615513817545 0.8922519087791443 765
1615513851721 0.8669883608818054 766
1615513885967 0.8799647092819214 767
1615513920448 0.8790762424468994 768
1615513954676 0.8828750848770142 769
1615513993573 0.8651043176651001 770
1615514028204 0.8687080144882202 771
1615514062556 0.8772104978561401 772
1615514096804 0.8744758367538452 773
1615514130893 0.8765763640403748 774
1615514164999 0.8522753715515137 775
1615514199676 0.8707858920097351 776
1615514233809 0.883949875831604 777
1615514268324 0.8824590444564819 778
1615514302477 0.9040389657020569 779
1615514340909 0.8990868330001831 780
1615514375228 0.8875581622123718 781
1615514409524 0.8757846355438232 782
1615514443646 0.8983588218688965 783
1615514478019 0.8840925097465515 784
1615514512319 0.8594875335693359 785
1615514546663 0.8642667531967163 786
1615514581102 0.9094189405441284 787
1615514615728 0.8843839168548584 788
1615514650036 0.889309287071228 789
1615514688556 0.8784421682357788 790
1615514722802 0.881281852722168 791
1615514757326 0.8843129277229309 792
1615514791799 0.8675008416175842 793
1615514826399 0.8460449576377869 794
1615514860458 0.8820447325706482 795
1615514894814 0.9007718563079834 796
1615514929053 0.8804160356521606 797
1615514963202 0.9000113010406494 798
1615514997692 0.8863422274589539 799
1615515036250 0.8868545889854431 800
1615515070639 0.8810548782348633 801
1615515104820 0.8814791440963745 802
1615515138921 0.8688203692436218 803
1615515173537 0.9044113159179688 804
1615515207600 0.8716515898704529 805
1615515241721 0.8861937522888184 806
1615515276425 0.8940969109535217 807
1615515310738 0.8945960998535156 808
1615515345143 0.8744623064994812 809
1615515383752 0.9043638706207275 810
1615515418037 0.8788177371025085 811
1615515452345 0.8665857315063477 812
1615515486653 0.9039778113365173 813
1615515520878 0.9067125916481018 814
1615515555028 0.8989783525466919 815
1615515589173 0.8702319860458374 816
1615515623269 0.8664177060127258 817
1615515657468 0.8597413897514343 818
1615515691974 0.8916354775428772 819
1615515730341 0.8916499614715576 820
1615515764613 0.871483564376831 821
1615515798723 0.8709206581115723 822
1615515832801 0.8983684778213501 823
1615515866953 0.8750330209732056 824
1615515901084 0.8762434720993042 825
1615515935416 0.879733681678772 826
1615515969967 0.9035483598709106 827
1615516004548 0.8919946551322937 828
1615516038804 0.8931546211242676 829
1615516077483 0.9089823365211487 830
1615516111923 0.8990299701690674 831
1615516146762 0.8729406595230103 832
1615516181003 0.8958536386489868 833
1615516215526 0.8743020296096802 834
1615516249744 0.869182288646698 835
1615516284268 0.8982394933700562 836
1615516318537 0.8848516941070557 837
1615516352620 0.8936935663223267 838
1615516387046 0.8943226337432861 839
1615516425416 0.8907306790351868 840
1615516459964 0.8624627590179443 841
1615516494447 0.8596530556678772 842
1615516528878 0.8951948285102844 843
1615516563326 0.8899118900299072 844
1615516597555 0.865378737449646 845
1615516632235 0.8884232044219971 846
1615516666566 0.8686833381652832 847
1615516701343 0.9035648703575134 848
1615516735953 0.8873625993728638 849
1615516774393 0.8732688426971436 850
1615516808444 0.8820027112960815 851
1615516842957 0.8758665323257446 852
1615516877460 0.8850983381271362 853
1615516911601 0.8976236581802368 854
1615516945861 0.8912951946258545 855
1615516979989 0.8896278142929077 856
1615517014079 0.894364595413208 857
1615517048622 0.8856732249259949 858
1615517082742 0.8715350031852722 859
1615517121067 0.8671863079071045 860
1615517155182 0.8763301372528076 861
1615517189724 0.8804543614387512 862
1615517224379 0.8768325448036194 863
1615517258662 0.8862576484680176 864
1615517292937 0.8885600566864014 865
1615517327145 0.8716043829917908 866
1615517361811 0.8647832870483398 867
1615517396452 0.8760589361190796 868
1615517431143 0.8850156664848328 869
1615517469581 0.8804945945739746 870
1615517503958 0.9033677577972412 871
1615517538089 0.8813326358795166 872
1615517572513 0.8925894498825073 873
1615517606594 0.8843990564346313 874
1615517641224 0.8950324058532715 875
1615517675433 0.8742009997367859 876
1615517709942 0.9058924913406372 877
1615517744140 0.8724521398544312 878
1615517778554 0.8672927021980286 879
1615517817230 0.870476484298706 880
1615517851299 0.8966629505157471 881
1615517885490 0.8802683353424072 882
1615517919868 0.8490194082260132 883
1615517954232 0.878699779510498 884
1615517988812 0.8759368658065796 885
1615518023040 0.8827201128005981 886
1615518057212 0.8828496932983398 887
1615518091666 0.8917360305786133 888
1615518125897 0.8826018571853638 889
1615518164340 0.8835770487785339 890
1615518198649 0.8806803226470947 891
1615518233006 0.8733506202697754 892
1615518267346 0.8774032592773438 893
1615518301740 0.8989160060882568 894
1615518336032 0.8889783620834351 895
1615518370110 0.9050633907318115 896
1615518404706 0.8794736266136169 897
1615518439172 0.8780736923217773 898
1615518473588 0.8567475080490112 899
1615518511766 0.876894474029541 900
1615518546288 0.8852180242538452 901
1615518580287 0.8962944746017456 902
1615518614611 0.8735519051551819 903
1615518648776 0.8633134365081787 904
1615518683435 0.8869258761405945 905
1615518717510 0.8837106227874756 906
1615518751806 0.8857731819152832 907
1615518786388 0.8850803971290588 908
1615518820712 0.8859073519706726 909
1615518859378 0.8591124415397644 910
1615518893710 0.8918626308441162 911
1615518927915 0.8720000386238098 912
1615518962027 0.8658697009086609 913
1615518996485 0.8772701621055603 914
1615519030432 0.9040415287017822 915
1615519064463 0.8801932334899902 916
1615519098632 0.858893096446991 917
1615519132945 0.8958821296691895 918
1615519167063 0.8590297698974609 919
1615519205952 0.87861168384552 920
1615519240067 0.8741339445114136 921
1615519274187 0.852934718132019 922
1615519308598 0.8753068447113037 923
1615519343233 0.8815686106681824 924
1615519377648 0.87215256690979 925
1615519411921 0.8818552494049072 926
1615519446391 0.8677992224693298 927
1615519480491 0.8842279314994812 928
1615519514696 0.8957924842834473 929
1615519553664 0.8890182375907898 930
1615519588069 0.8963127136230469 931
1615519622373 0.896337628364563 932
1615519656458 0.8726739883422852 933
1615519690901 0.8783094882965088 934
1615519725325 0.871971607208252 935
1615519759768 0.8888662457466125 936
1615519794415 0.8779038190841675 937
1615519828505 0.8518332242965698 938
1615519862881 0.8904885053634644 939
1615519900932 0.9085949659347534 940
1615519934974 0.8863968849182129 941
1615519969314 0.8752537369728088 942
1615520003546 0.8921623229980469 943
1615520037813 0.8699979782104492 944
1615520071900 0.8832517862319946 945
1615520106367 0.8970621824264526 946
1615520140569 0.9062871932983398 947
1615520175129 0.8760861158370972 948
1615520209626 0.8844202160835266 949
1615520247928 0.8860993385314941 950
1615520282543 0.864662230014801 951
1615520316693 0.9102507829666138 952
1615520351217 0.8758936524391174 953
1615520385305 0.9016711115837097 954
1615520419788 0.9065308570861816 955
1615520454820 0.9202983379364014 956
1615520488833 0.8708417415618896 957
1615520523324 0.8767347931861877 958
1615520557684 0.8785333633422852 959
1615520595780 0.9005850553512573 960
1615520630133 0.8773859739303589 961
1615520664497 0.8982205390930176 962
1615520698670 0.8946965932846069 963
1615520733006 0.8743425607681274 964
1615520767521 0.9093829393386841 965
1615520801713 0.8807680606842041 966
1615520835845 0.8964524269104004 967
1615520870105 0.8955215215682983 968
1615520904734 0.8680196404457092 969
1615520943330 0.8721056580543518 970
1615520977872 0.8677103519439697 971
1615521012005 0.8512759208679199 972
1615521046617 0.8949583768844604 973
1615521081057 0.8633483648300171 974
1615521115713 0.8817028999328613 975
1615521150262 0.8757058382034302 976
1615521184730 0.9113340377807617 977
1615521219113 0.9054675102233887 978
1615521253183 0.8899409174919128 979
1615521291360 0.8763218522071838 980
1615521325587 0.8697360754013062 981
1615521359648 0.8644219040870667 982
1615521393685 0.9017401933670044 983
1615521427765 0.87579345703125 984
1615521462183 0.8608498573303223 985
1615521496269 0.9006778001785278 986
1615521530720 0.8691661357879639 987
1615521565058 0.8937236070632935 988
1615521599606 0.8419913053512573 989
1615521638247 0.8666836619377136 990
1615521672822 0.8543835878372192 991
1615521707455 0.8794077634811401 992
1615521741856 0.8793609142303467 993
1615521776357 0.8970231413841248 994
1615521810585 0.8659104108810425 995
1615521845103 0.8577558398246765 996
1615521879267 0.8793553709983826 997
1615521913494 0.8866692781448364 998
1615521947919 0.91490638256073 999
1615521986176 0.8955182433128357 1000
1615522020509 0.8920683860778809 1001
1615522054974 0.8691719770431519 1002
1615522089069 0.8823210000991821 1003
1615522123430 0.8840514421463013 1004
1615522157971 0.905570387840271 1005
1615522192285 0.8872696161270142 1006
1615522226405 0.88511061668396 1007
1615522260440 0.8990702033042908 1008
1615522294571 0.9024954438209534 1009
1615522333351 0.8877795934677124 1010
1615522367342 0.8898817300796509 1011
1615522401477 0.8820646405220032 1012
1615522435906 0.8859477043151855 1013
1615522470085 0.8613930940628052 1014
1615522504306 0.8678643703460693 1015
1615522539097 0.8732558488845825 1016
1615522573770 0.8807363510131836 1017
1615522608364 0.8780477643013 1018
1615522642620 0.8720667362213135 1019
1615522681278 0.9002761244773865 1020
1615522715730 0.872789204120636 1021
1615522750224 0.8481238484382629 1022
1615522784585 0.884985089302063 1023
1615522819072 0.8808679580688477 1024
1615522853380 0.8658093214035034 1025
1615522887881 0.8769749402999878 1026
1615522922367 0.8943209648132324 1027
1615522956498 0.8848700523376465 1028
1615522990559 0.887445867061615 1029
1615523029219 0.8596780896186829 1030
1615523063764 0.8658654689788818 1031
1615523098428 0.9079415798187256 1032
1615523132556 0.9073103666305542 1033
1615523167367 0.8714379072189331 1034
1615523201783 0.878551721572876 1035
1615523236656 0.8681440353393555 1036
1615523271273 0.8869835138320923 1037
1615523305633 0.8830671310424805 1038
1615523339767 0.8929344415664673 1039
1615523378174 0.8874115347862244 1040
1615523412378 0.879535436630249 1041
1615523446970 0.8727383613586426 1042
1615523481314 0.8943969011306763 1043
1615523515786 0.878300666809082 1044
1615523550143 0.8751688003540039 1045
1615523584961 0.8777037858963013 1046
1615523619102 0.862358808517456 1047
1615523653625 0.8783647418022156 1048
1615523687666 0.8883571624755859 1049
1615523726128 0.9061776399612427 1050
1615523760283 0.8750206232070923 1051
1615523794337 0.8652065992355347 1052
1615523828593 0.8914947509765625 1053
1615523863173 0.8874322772026062 1054
1615523897280 0.8905048370361328 1055
1615523931708 0.861023485660553 1056
1615523966292 0.8676019906997681 1057
1615524000531 0.9036865234375 1058
1615524035083 0.8718903064727783 1059
1615524073497 0.8806359767913818 1060
1615524108110 0.8781194090843201 1061
1615524143106 0.878148078918457 1062
1615524177651 0.8802093267440796 1063
1615524211732 0.8901666402816772 1064
1615524246507 0.8840286731719971 1065
1615524280881 0.8737881183624268 1066
1615524315062 0.8682931661605835 1067
1615524349106 0.8840982913970947 1068
1615524383210 0.8895508050918579 1069
1615524421374 0.8627723455429077 1070
1615524455641 0.899027943611145 1071
1615524490068 0.8659422397613525 1072
1615524524935 0.8532720804214478 1073
1615524560009 0.8715577125549316 1074
1615524594223 0.8757929801940918 1075
1615524628372 0.8552284240722656 1076
1615524662661 0.9190258979797363 1077
1615524697024 0.8764832019805908 1078
1615524731204 0.8810372352600098 1079
1615524769771 0.8745934963226318 1080
1615524804002 0.8853129744529724 1081
1615524838285 0.864086389541626 1082
1615524872812 0.9016637802124023 1083
1615524907277 0.8700675964355469 1084
1615524941649 0.8800921440124512 1085
1615524976056 0.862694501876831 1086
1615525010800 0.8721656799316406 1087
1615525045151 0.891592264175415 1088
1615525079426 0.8849878311157227 1089
1615525117802 0.8842363357543945 1090
1615525151977 0.8922154307365417 1091
1615525186348 0.8903599977493286 1092
1615525220803 0.9001151323318481 1093
1615525255402 0.8838382959365845 1094
1615525289557 0.8743431568145752 1095
1615525323856 0.8890162706375122 1096
1615525358205 0.8810921907424927 1097
1615525392459 0.8827164173126221 1098
1615525426890 0.8642716407775879 1099
1615525465091 0.8767350316047668 1100
1615525499278 0.8900560140609741 1101
1615525533832 0.9025443196296692 1102
1615525568243 0.8886477947235107 1103
1615525602892 0.8461031317710876 1104
1615525637212 0.8481660485267639 1105
1615525671461 0.888831615447998 1106
1615525705829 0.8755491971969604 1107
1615525740022 0.9091532230377197 1108
1615525774223 0.8947603702545166 1109
1615525813370 0.8642227649688721 1110
1615525847698 0.9114243984222412 1111
1615525882134 0.8681290149688721 1112
1615525916372 0.8832353353500366 1113
1615525950620 0.8938969373703003 1114
1615525985105 0.8935030698776245 1115
1615526019209 0.8780763745307922 1116
1615526053456 0.8588262796401978 1117
1615526088106 0.8985774517059326 1118
1615526122769 0.8871862292289734 1119
1615526161501 0.8832838535308838 1120
1615526195971 0.8556989431381226 1121
1615526230181 0.880552351474762 1122
1615526264521 0.8781943321228027 1123
1615526299237 0.8643569946289062 1124
1615526333828 0.8950737714767456 1125
1615526368007 0.8865319490432739 1126
1615526402230 0.8693935871124268 1127
1615526436678 0.8482357263565063 1128
1615526471007 0.872112512588501 1129
1615526509882 0.865430474281311 1130
1615526544556 0.8776917457580566 1131
1615526579205 0.848908543586731 1132
1615526613663 0.8994832634925842 1133
1615526648010 0.8912664651870728 1134
1615526682150 0.8940708041191101 1135
1615526716273 0.8765962719917297 1136
1615526750797 0.8636922240257263 1137
1615526784838 0.8979716300964355 1138
1615526819332 0.8708268404006958 1139
1615526857720 0.8989551067352295 1140
1615526892211 0.8902372121810913 1141
1615526926483 0.8712665438652039 1142
1615526960820 0.8853123784065247 1143
1615526995341 0.8938531875610352 1144
1615527029762 0.876133918762207 1145
1615527064081 0.8967987895011902 1146
1615527098695 0.8958286046981812 1147
1615527133187 0.8749018907546997 1148
1615527167649 0.8706892132759094 1149
1615527206390 0.8958431482315063 1150
1615527240739 0.8806425929069519 1151
1615527275281 0.8897439241409302 1152
1615527309451 0.8627142906188965 1153
1615527343637 0.8900891542434692 1154
1615527377873 0.8842431902885437 1155
1615527412526 0.8966325521469116 1156
1615527447238 0.8709455728530884 1157
1615527481459 0.8885539770126343 1158
1615527515865 0.8745682239532471 1159
1615527554529 0.8789282441139221 1160
1615527588716 0.8876374959945679 1161
1615527623302 0.8842203617095947 1162
1615527657894 0.9154250621795654 1163
1615527692418 0.878917932510376 1164
1615527726974 0.8882182836532593 1165
1615527761313 0.8800055980682373 1166
1615527795767 0.9063808917999268 1167
1615527830075 0.8810470104217529 1168
1615527864666 0.8822926878929138 1169
1615527903167 0.881305456161499 1170
1615527937323 0.8812947273254395 1171
1615527971625 0.8761979341506958 1172
1615528006045 0.8800256252288818 1173
1615528040629 0.8997570276260376 1174
1615528074732 0.8951727151870728 1175
1615528109122 0.8868112564086914 1176
1615528143481 0.8603159189224243 1177
1615528178171 0.891541600227356 1178
1615528212725 0.8926324844360352 1179
1615528250923 0.8854682445526123 1180
1615528285477 0.9056254625320435 1181
1615528319952 0.8788754940032959 1182
1615528354328 0.8747196197509766 1183
1615528388753 0.8885524868965149 1184
1615528422925 0.8941203355789185 1185
1615528457531 0.8899803757667542 1186
1615528491656 0.8908095359802246 1187
1615528526237 0.8802168965339661 1188
1615528560362 0.8842922449111938 1189
1615528599232 0.8814775347709656 1190
1615528633401 0.8817934989929199 1191
1615528667574 0.8880479335784912 1192
1615528701745 0.8991791009902954 1193
1615528735844 0.8840292692184448 1194
1615528769891 0.8866527676582336 1195
1615528804103 0.8848855495452881 1196
1615528838221 0.8916018605232239 1197
1615528872684 0.8804075717926025 1198
1615528907305 0.8670712113380432 1199
1615528945425 0.8683496713638306 1200
1615528967607 0.8689627051353455 0
1615528967620 0.8689627051353455 0
