1616507862080 0.18889519572257996 1
1616507896286 0.23182275891304016 2
1616507930887 0.24292105436325073 3
1616507965481 0.24893134832382202 4
1616508001064 0.29308032989501953 5
1616508035951 0.30173459649086 6
1616508070371 0.2927228808403015 7
1616508104972 0.305630624294281 8
1616508139374 0.2995463013648987 9
1616508178601 0.31282609701156616 10
1616508213301 0.3042895793914795 11
1616508247599 0.3117770552635193 12
1616508282021 0.32120856642723083 13
1616508316914 0.3169245719909668 14
1616508353946 0.3336155116558075 15
1616508390571 0.31589990854263306 16
1616508426305 0.3021732568740845 17
1616508461035 0.32013049721717834 18
1616508496504 0.3518603444099426 19
1616508536250 0.35092663764953613 20
1616508570998 0.3432316184043884 21
1616508606005 0.35301488637924194 22
1616508640728 0.34599947929382324 23
1616508675079 0.33594465255737305 24
1616508709322 0.3578421175479889 25
1616508743383 0.36866235733032227 26
1616508777488 0.35636675357818604 27
1616508812079 0.3543703258037567 28
1616508846970 0.3756802976131439 29
1616508885215 0.3692666292190552 30
1616508919403 0.3543274998664856 31
1616508954337 0.3796159625053406 32
1616508989279 0.36489444971084595 33
1616509023845 0.40393534302711487 34
1616509058672 0.37559932470321655 35
1616509093603 0.41062718629837036 36
1616509128222 0.36237332224845886 37
1616509162687 0.393099844455719 38
1616509197278 0.38087427616119385 39
1616509236046 0.4236595630645752 40
1616509270472 0.3791341185569763 41
1616509305172 0.3760192394256592 42
1616509339871 0.36613941192626953 43
1616509374573 0.38627153635025024 44
1616509408849 0.36564502120018005 45
1616509443366 0.4128679037094116 46
1616509477607 0.4012968838214874 47
1616509512200 0.394965261220932 48
1616509546839 0.4255964756011963 49
1616509585950 0.4104903042316437 50
1616509620429 0.41494014859199524 51
1616509655257 0.39211320877075195 52
1616509689425 0.4136451184749603 53
1616509724107 0.4154132008552551 54
1616509759082 0.4315163195133209 55
1616509793973 0.42642539739608765 56
1616509828629 0.38486626744270325 57
1616509863178 0.4396717846393585 58
1616509897961 0.39892780780792236 59
1616509936853 0.37379294633865356 60
1616509971356 0.3667646050453186 61
1616510005521 0.4113143980503082 62
1616510040334 0.4021974802017212 63
1616510074788 0.40614500641822815 64
1616510109298 0.39901232719421387 65
1616510143412 0.40340328216552734 66
1616510177442 0.40985798835754395 67
1616510211708 0.40036436915397644 68
1616510246017 0.4186972677707672 69
1616510284749 0.43538764119148254 70
1616510319576 0.41853269934654236 71
1616510354563 0.42126625776290894 72
1616510389303 0.40932637453079224 73
1616510423990 0.41269558668136597 74
1616510458046 0.3960779011249542 75
1616510492562 0.4289996027946472 76
1616510527037 0.4002995491027832 77
1616510561211 0.4055970311164856 78
1616510595718 0.40891993045806885 79
1616510634715 0.42863765358924866 80
1616510669321 0.4533921182155609 81
1616510704008 0.4460049271583557 82
1616510738646 0.43081074953079224 83
1616510773425 0.43523573875427246 84
1616510808068 0.43529754877090454 85
1616510842837 0.44111377000808716 86
1616510877068 0.44642773270606995 87
1616510911203 0.49904799461364746 88
1616510945708 0.43629375100135803 89
1616510984654 0.43642956018447876 90
1616511018840 0.40946444869041443 91
1616511053169 0.42581671476364136 92
1616511088016 0.47218847274780273 93
1616511122564 0.4428711533546448 94
1616511157451 0.4494032561779022 95
1616511192354 0.4555049538612366 96
1616511227080 0.46910175681114197 97
1616511261330 0.45080631971359253 98
1616511295838 0.45129939913749695 99
1616511334811 0.4646446108818054 100
1616511369818 0.4332219362258911 101
1616511404568 0.4393523633480072 102
1616511438813 0.4757763743400574 103
1616511473157 0.48627224564552307 104
1616511507673 0.4490049481391907 105
1616511542177 0.424648642539978 106
1616511576964 0.4498273730278015 107
1616511611677 0.47291049361228943 108
1616511645676 0.4483839273452759 109
1616511684093 0.4653141498565674 110
1616511718661 0.4770216941833496 111
1616511753520 0.48780155181884766 112
1616511787880 0.4615756869316101 113
1616511822127 0.425974577665329 114
1616511856970 0.44712865352630615 115
1616511891956 0.5145587921142578 116
1616511926294 0.49226489663124084 117
1616511960935 0.47097277641296387 118
1616511995624 0.48957476019859314 119
1616512034871 0.45170512795448303 120
1616512069578 0.4448198676109314 121
1616512103744 0.4368310570716858 122
1616512138124 0.4496552348136902 123
1616512172456 0.43243372440338135 124
1616512206643 0.4456159770488739 125
1616512241324 0.45661813020706177 126
1616512276001 0.48643404245376587 127
1616512310638 0.450834184885025 128
1616512345386 0.43525171279907227 129
1616512384264 0.4289146661758423 130
1616512418883 0.46130216121673584 131
1616512453394 0.4900527596473694 132
1616512488010 0.4544528126716614 133
1616512522291 0.45685631036758423 134
1616512556475 0.4910007119178772 135
1616512591213 0.4908961057662964 136
1616512625359 0.4624331593513489 137
1616512659626 0.475594162940979 138
1616512693669 0.46591001749038696 139
1616512732293 0.46601271629333496 140
1616512766746 0.511040449142456 141
1616512801302 0.46778446435928345 142
1616512835601 0.45554277300834656 143
1616512869837 0.45486605167388916 144
1616512904509 0.48610004782676697 145
1616512939540 0.49707138538360596 146
1616512974446 0.508076548576355 147
1616513009453 0.49995172023773193 148
1616513044240 0.5137391090393066 149
1616513083635 0.5066587924957275 150
1616513118323 0.46656036376953125 151
1616513153464 0.46691423654556274 152
1616513187852 0.4621775150299072 153
1616513222503 0.5335854291915894 154
1616513257156 0.5088344216346741 155
1616513291750 0.5230486392974854 156
1616513326332 0.48728427290916443 157
1616513360779 0.43712472915649414 158
1616513395553 0.4492328464984894 159
1616513434531 0.48089277744293213 160
1616513469162 0.4974234104156494 161
1616513503396 0.5470641851425171 162
1616513537782 0.5213161706924438 163
1616513572331 0.49191927909851074 164
1616513607114 0.49414724111557007 165
1616513641565 0.49545562267303467 166
1616513676261 0.49902912974357605 167
1616513710685 0.4604470431804657 168
1616513745378 0.4783817529678345 169
1616513783908 0.4950893819332123 170
1616513818456 0.517654299736023 171
1616513852809 0.48741015791893005 172
1616513887307 0.47007131576538086 173
1616513922003 0.4938187599182129 174
1616513956740 0.5003953576087952 175
1616513991062 0.49981051683425903 176
1616514025127 0.48860424757003784 177
1616514059692 0.47691935300827026 178
1616514093838 0.5431239604949951 179
1616514133200 0.4707004427909851 180
1616514167340 0.5013237595558167 181
1616514201528 0.5448427200317383 182
1616514235776 0.4814668595790863 183
1616514270419 0.5067163705825806 184
1616514304839 0.48535412549972534 185
1616514339242 0.5178720951080322 186
1616514373694 0.47768059372901917 187
1616514407913 0.5000659227371216 188
1616514442839 0.48639392852783203 189
1616514482267 0.5128819942474365 190
1616514516859 0.47276097536087036 191
1616514551636 0.45215803384780884 192
1616514585957 0.5039650201797485 193
1616514620247 0.5154515504837036 194
1616514654799 0.5365912318229675 195
1616514689412 0.4937931001186371 196
1616514724150 0.4912598133087158 197
1616514759000 0.5241124629974365 198
1616514793719 0.552363395690918 199
1616514832920 0.554057776927948 200
1616514867159 0.5227382183074951 201
1616514901731 0.499458909034729 202
1616514935899 0.5035765767097473 203
1616514970666 0.5347763299942017 204
1616515004811 0.500709056854248 205
1616515038970 0.5201091766357422 206
1616515073216 0.4630970358848572 207
1616515107802 0.5440186858177185 208
1616515142751 0.4857645630836487 209
1616515181677 0.4771811068058014 210
1616515216082 0.531749963760376 211
1616515250923 0.5359006524085999 212
1616515285333 0.5133032202720642 213
1616515319830 0.5240727663040161 214
1616515354512 0.5400429964065552 215
1616515388768 0.5851103067398071 216
1616515423817 0.5002537369728088 217
1616515458173 0.554479718208313 218
1616515492794 0.5597261190414429 219
1616515531577 0.4828646183013916 220
1616515566150 0.4938647150993347 221
1616515600552 0.5025467872619629 222
1616515635287 0.5131539106369019 223
1616515669822 0.5077441930770874 224
1616515704188 0.5629120469093323 225
1616515739118 0.5195544958114624 226
1616515773649 0.4723506271839142 227
1616515807998 0.44779083132743835 228
1616515842373 0.516331672668457 229
1616515881594 0.5139139294624329 230
1616515916026 0.5133076906204224 231
1616515950332 0.5392504930496216 232
1616515984636 0.5532523393630981 233
1616516018955 0.5102925300598145 234
1616516053838 0.5517042875289917 235
1616516088160 0.5385482907295227 236
1616516122458 0.574092447757721 237
1616516157602 0.5138658285140991 238
1616516191941 0.5404608249664307 239
1616516231083 0.5048917531967163 240
1616516265643 0.5347152948379517 241
1616516299881 0.5352276563644409 242
1616516334298 0.5363720655441284 243
1616516368582 0.5525280237197876 244
1616516403056 0.5233962535858154 245
1616516437591 0.5718644857406616 246
1616516472581 0.5533444881439209 247
1616516507144 0.4889286160469055 248
1616516541998 0.5354548692703247 249
1616516580869 0.5126475691795349 250
1616516615585 0.539306640625 251
1616516649781 0.5535049438476562 252
1616516684378 0.5515861511230469 253
1616516719022 0.5469894409179688 254
1616516753284 0.5277860164642334 255
1616516788042 0.5620747208595276 256
1616516822319 0.5624350309371948 257
1616516857299 0.5385105609893799 258
1616516892208 0.5352200269699097 259
1616516931768 0.5155880451202393 260
1616516966109 0.5154674053192139 261
1616517000846 0.4913014769554138 262
1616517035083 0.5252232551574707 263
1616517069315 0.5269598960876465 264
1616517103914 0.5005406141281128 265
1616517138090 0.5440388917922974 266
1616517172832 0.5441508293151855 267
1616517207222 0.4960411787033081 268
1616517241506 0.5538370609283447 269
1616517280401 0.4892177879810333 270
1616517314682 0.49674880504608154 271
1616517349250 0.515320897102356 272
1616517383636 0.5069006085395813 273
1616517417857 0.45491617918014526 274
1616517452494 0.5772300958633423 275
1616517487571 0.5057370662689209 276
1616517521888 0.5312749147415161 277
1616517556675 0.5146721601486206 278
1616517591461 0.5070622563362122 279
1616517630493 0.5242900848388672 280
1616517665262 0.5307986736297607 281
1616517699836 0.5169883966445923 282
1616517734610 0.5469409227371216 283
1616517769252 0.5520801544189453 284
1616517803532 0.5670617818832397 285
1616517838304 0.5732689499855042 286
1616517872764 0.5295730829238892 287
1616517907403 0.5124503374099731 288
1616517941717 0.49472618103027344 289
1616517980325 0.5619418025016785 290
1616518014960 0.5579156875610352 291
1616518049629 0.4947541356086731 292
1616518083964 0.546735405921936 293
1616518118815 0.5675275325775146 294
1616518153813 0.5990558862686157 295
1616518187942 0.5240710377693176 296
1616518222413 0.5242233872413635 297
1616518256893 0.5563816428184509 298
1616518291628 0.4948594272136688 299
1616518330102 0.51353919506073 300
1616518364745 0.5110313892364502 301
1616518399211 0.5066078901290894 302
1616518433722 0.5893605947494507 303
1616518467995 0.5543327331542969 304
1616518502284 0.4971355199813843 305
1616518537096 0.5403423309326172 306
1616518571464 0.5033888816833496 307
1616518606360 0.5165420174598694 308
1616518641220 0.5858099460601807 309
1616518680568 0.5287429094314575 310
1616518715419 0.5603865385055542 311
1616518749880 0.5579359531402588 312
1616518784557 0.5463991761207581 313
1616518819124 0.5145040154457092 314
1616518853736 0.5538246631622314 315
1616518888418 0.4756318926811218 316
1616518923065 0.5179970264434814 317
1616518957565 0.5086612701416016 318
1616518991814 0.506122887134552 319
1616519030186 0.5610041618347168 320
1616519064387 0.5362178087234497 321
1616519099091 0.5600705146789551 322
1616519133975 0.5307657718658447 323
1616519168583 0.496410608291626 324
1616519202869 0.5438253879547119 325
1616519237202 0.6028465628623962 326
1616519271873 0.543476939201355 327
1616519306635 0.5436645150184631 328
1616519341189 0.5234431624412537 329
1616519379973 0.6024395823478699 330
1616519414584 0.591255784034729 331
1616519449676 0.6066452264785767 332
1616519484142 0.5385603904724121 333
1616519518374 0.5544828176498413 334
1616519553049 0.5462279915809631 335
1616519587782 0.5334804058074951 336
1616519621986 0.5653332471847534 337
1616519656211 0.5281870365142822 338
1616519690531 0.5394375920295715 339
1616519729406 0.5459606647491455 340
1616519764314 0.5588669776916504 341
1616519799093 0.5599107146263123 342
1616519833652 0.6010732650756836 343
1616519868174 0.5118960738182068 344
1616519902641 0.546908438205719 345
1616519937013 0.5824337005615234 346
1616519971225 0.5648870468139648 347
1616520005410 0.5631005764007568 348
1616520040200 0.560869038105011 349
1616520079615 0.5431270599365234 350
1616520114276 0.5560346841812134 351
1616520149390 0.5749255418777466 352
1616520183736 0.5057629346847534 353
1616520218447 0.5330086946487427 354
1616520252981 0.5494022369384766 355
1616520287681 0.5530376434326172 356
1616520322081 0.6040725111961365 357
1616520356216 0.5868213176727295 358
1616520390821 0.5943402647972107 359
1616520429592 0.5790956020355225 360
1616520464529 0.5807027220726013 361
1616520499797 0.5438964366912842 362
1616520534777 0.6082755327224731 363
1616520569185 0.5567074418067932 364
1616520604020 0.5608624219894409 365
1616520638209 0.5550920963287354 366
1616520672398 0.5776476860046387 367
1616520707087 0.533429741859436 368
1616520741283 0.5104193687438965 369
1616520779840 0.5495052337646484 370
1616520814469 0.51067715883255 371
1616520849186 0.5556226372718811 372
1616520884016 0.5638082027435303 373
1616520918531 0.5941300988197327 374
1616520952903 0.513689398765564 375
1616520987172 0.597798228263855 376
1616521021866 0.6008880138397217 377
1616521056819 0.5794164538383484 378
1616521091360 0.5501343011856079 379
1616521130226 0.6033804416656494 380
1616521164561 0.5779783725738525 381
1616521199541 0.5728374123573303 382
1616521233783 0.5731621980667114 383
1616521268010 0.5783753395080566 384
1616521302268 0.6093208193778992 385
1616521337010 0.5760324001312256 386
1616521371662 0.589072585105896 387
1616521406285 0.5774135589599609 388
1616521440766 0.5550782680511475 389
1616521480143 0.5031375885009766 390
1616521514970 0.5657191276550293 391
1616521549575 0.5412934422492981 392
1616521584459 0.593173623085022 393
1616521619242 0.5769531726837158 394
1616521653523 0.5345349907875061 395
1616521687844 0.5092140436172485 396
1616521722308 0.5580120086669922 397
1616521757420 0.5426857471466064 398
1616521792014 0.5422194004058838 399
1616521830483 0.5453436970710754 400
1616521864797 0.5844688415527344 401
1616521899177 0.5246538519859314 402
1616521933678 0.5010727643966675 403
1616521968369 0.5832128524780273 404
1616522002899 0.5446686744689941 405
1616522037461 0.5497770309448242 406
1616522071906 0.5575772523880005 407
1616522106728 0.534152090549469 408
1616522141299 0.5739079713821411 409
1616522180543 0.5484973192214966 410
1616522215017 0.5495755672454834 411
1616522250020 0.5733299255371094 412
1616522284429 0.5361984968185425 413
1616522319112 0.5582695603370667 414
1616522353632 0.5299708247184753 415
1616522388155 0.5378298759460449 416
1616522422503 0.5750738382339478 417
1616522456693 0.5645812153816223 418
1616522491067 0.5784204006195068 419
1616522529494 0.5686229467391968 420
1616522564197 0.5857380628585815 421
1616522598517 0.5413655042648315 422
1616522633070 0.6013119220733643 423
1616522668187 0.616500735282898 424
1616522703178 0.5584949254989624 425
1616522737593 0.56558758020401 426
1616522772520 0.5877509117126465 427
1616522807010 0.5368408560752869 428
1616522841745 0.5622296333312988 429
1616522880632 0.5439609289169312 430
1616522915550 0.5402252674102783 431
1616522950584 0.5796500444412231 432
1616522985003 0.5480417013168335 433
1616523019261 0.5476592779159546 434
1616523053725 0.5530360341072083 435
1616523088034 0.6128312349319458 436
1616523122534 0.5769020915031433 437
1616523156812 0.5660817623138428 438
1616523191365 0.5799092054367065 439
1616523230369 0.5970685482025146 440
1616523264622 0.5763922929763794 441
1616523299058 0.5608406662940979 442
1616523333377 0.5082911849021912 443
1616523367979 0.556598424911499 444
1616523402690 0.5341829657554626 445
1616523437424 0.5768080949783325 446
1616523471965 0.5673830509185791 447
1616523507247 0.5775368809700012 448
1616523542086 0.5670566558837891 449
1616523581177 0.6043896675109863 450
1616523615955 0.5406494140625 451
1616523650172 0.5633334517478943 452
1616523684430 0.5816163420677185 453
1616523719023 0.5706255435943604 454
1616523753692 0.5410391092300415 455
1616523787997 0.5578517913818359 456
1616523822534 0.6132450103759766 457
1616523857196 0.5256144404411316 458
1616523891718 0.5451398491859436 459
1616523930674 0.5776013731956482 460
1616523965210 0.5641852617263794 461
1616523999902 0.5697060227394104 462
1616524034735 0.5534283518791199 463
1616524069395 0.5944338440895081 464
1616524103660 0.5306301116943359 465
1616524138463 0.5768738389015198 466
1616524173212 0.57890784740448 467
1616524207832 0.4967334270477295 468
1616524242592 0.566162109375 469
1616524281422 0.6286753416061401 470
1616524315610 0.5600939989089966 471
1616524349796 0.615414023399353 472
1616524384482 0.5775147676467896 473
1616524419131 0.578035831451416 474
1616524453387 0.5954498052597046 475
1616524488035 0.5709709525108337 476
1616524522543 0.5655577778816223 477
1616524556760 0.573825478553772 478
1616524590946 0.5739665627479553 479
1616524629544 0.5857692956924438 480
1616524663820 0.5921881198883057 481
1616524698142 0.6011335253715515 482
1616524732715 0.5872223377227783 483
1616524767401 0.5539973378181458 484
1616524802099 0.5848994255065918 485
1616524836824 0.5815880298614502 486
1616524871743 0.5566864013671875 487
1616524906636 0.5692786574363708 488
1616524941065 0.6034727096557617 489
1616524979832 0.5497978925704956 490
1616525014587 0.571320652961731 491
1616525049247 0.5479915142059326 492
1616525083630 0.5636219382286072 493
1616525118220 0.588334321975708 494
1616525152988 0.5323395133018494 495
1616525187239 0.6004717350006104 496
1616525221379 0.5367316007614136 497
1616525256207 0.5772368907928467 498
1616525290353 0.5441939830780029 499
1616525329331 0.5973707437515259 500
1616525363565 0.5962566137313843 501
1616525398309 0.5970466136932373 502
1616525433053 0.5976860523223877 503
1616525467184 0.5494962930679321 504
1616525501968 0.5624923706054688 505
1616525536633 0.5657023191452026 506
1616525571133 0.575186014175415 507
1616525605966 0.5659161806106567 508
1616525640106 0.6169648170471191 509
1616525679434 0.5641487836837769 510
1616525714252 0.5392258763313293 511
1616525748548 0.5596619844436646 512
1616525783802 0.592462956905365 513
1616525817901 0.5640567541122437 514
1616525852813 0.5909357666969299 515
1616525887684 0.5974631309509277 516
1616525922273 0.5632078647613525 517
1616525956932 0.6013473272323608 518
1616525991212 0.5656647086143494 519
1616526030093 0.6017479300498962 520
1616526065284 0.5657246112823486 521
1616526099542 0.6130268573760986 522
1616526133908 0.512332558631897 523
1616526168295 0.594018280506134 524
1616526203102 0.6175293922424316 525
1616526238072 0.5804473161697388 526
1616526272517 0.6531276106834412 527
1616526306954 0.6124520897865295 528
1616526341714 0.5597039461135864 529
1616526380422 0.5257663726806641 530
1616526414975 0.5438728332519531 531
1616526449342 0.6352905035018921 532
1616526484221 0.5567078590393066 533
1616526518638 0.5425950288772583 534
1616526553244 0.5447067022323608 535
1616526588387 0.5684443712234497 536
1616526622759 0.5600799322128296 537
1616526656928 0.5803372859954834 538
1616526691690 0.6021106243133545 539
1616526730138 0.579477071762085 540
1616526764275 0.6040844321250916 541
1616526798736 0.5688668489456177 542
1616526833383 0.5300230979919434 543
1616526868075 0.5905813574790955 544
1616526902615 0.5867294073104858 545
1616526936908 0.5712695121765137 546
1616526971297 0.599807858467102 547
1616527005726 0.5772830247879028 548
1616527040619 0.5493403077125549 549
1616527079799 0.5941071510314941 550
1616527114313 0.5371903777122498 551
1616527148775 0.5785053968429565 552
1616527183062 0.5264434814453125 553
1616527217350 0.5435881614685059 554
1616527251618 0.5807435512542725 555
1616527286347 0.5811896324157715 556
1616527321068 0.5702650547027588 557
1616527355741 0.5625289082527161 558
1616527390505 0.5149339437484741 559
1616527429420 0.5947980284690857 560
1616527463618 0.6111013293266296 561
1616527497898 0.5711843371391296 562
1616527532736 0.6257285475730896 563
1616527566983 0.5071858167648315 564
1616527601224 0.5364164113998413 565
1616527636065 0.5662686228752136 566
1616527670678 0.5532853603363037 567
1616527705614 0.5872682929039001 568
1616527740251 0.6002733111381531 569
1616527779668 0.5923411846160889 570
1616527814510 0.615466833114624 571
1616527849052 0.5400435328483582 572
1616527883758 0.5527331233024597 573
1616527918009 0.5547752976417542 574
1616527952464 0.5206595063209534 575
1616527986814 0.5683532953262329 576
1616528021426 0.5471016764640808 577
1616528055691 0.5628581047058105 578
1616528090431 0.5940910577774048 579
1616528128697 0.578536868095398 580
1616528162956 0.5980807542800903 581
1616528197629 0.5941534638404846 582
1616528231826 0.5942305326461792 583
1616528266056 0.5454407334327698 584
1616528300692 0.573787271976471 585
1616528335573 0.6206995844841003 586
1616528370115 0.5937215089797974 587
1616528404869 0.5967026948928833 588
1616528439621 0.6231884956359863 589
1616528478720 0.6244919896125793 590
1616528513078 0.595700204372406 591
1616528548063 0.6027623414993286 592
1616528582617 0.5673917531967163 593
1616528617286 0.6242639422416687 594
1616528651526 0.5478173494338989 595
1616528685844 0.5707700848579407 596
1616528720090 0.575493574142456 597
1616528754831 0.5619188547134399 598
1616528789055 0.5763676166534424 599
1616528828057 0.5586252212524414 600
1616528862970 0.585494875907898 601
1616528897308 0.5743470788002014 602
1616528932516 0.6056510210037231 603
1616528967112 0.646297037601471 604
1616529001968 0.6131350994110107 605
1616529036735 0.5670179128646851 606
1616529071379 0.5935578942298889 607
1616529105787 0.5874461531639099 608
1616529140446 0.6141300797462463 609
1616529178837 0.5942283868789673 610
1616529213088 0.5634833574295044 611
1616529247638 0.5350571870803833 612
1616529281965 0.6023193001747131 613
1616529316086 0.613599419593811 614
1616529350706 0.5861694812774658 615
1616529384927 0.6006850004196167 616
1616529419367 0.5983623266220093 617
1616529454307 0.5761982202529907 618
1616529490077 0.604507327079773 619
1616529529728 0.508617103099823 620
1616529563968 0.5674924254417419 621
1616529598632 0.6274481415748596 622
1616529632979 0.590043842792511 623
1616529667609 0.5486913323402405 624
1616529702275 0.5962888598442078 625
1616529736411 0.620319128036499 626
1616529771090 0.580032229423523 627
1616529805698 0.5726069211959839 628
1616529840450 0.5519891977310181 629
1616529879672 0.5775717496871948 630
1616529913844 0.6206096410751343 631
1616529948295 0.5800323486328125 632
1616529982927 0.5725940465927124 633
1616530017248 0.5770968794822693 634
1616530051851 0.5778002738952637 635
1616530086194 0.5464089512825012 636
1616530120939 0.5937817692756653 637
1616530155715 0.5558905601501465 638
1616530190572 0.6094921231269836 639
1616530229200 0.584473729133606 640
1616530263969 0.6403653621673584 641
1616530298629 0.6060411930084229 642
1616530332959 0.5932193994522095 643
1616530367129 0.5934756994247437 644
1616530401542 0.5830363035202026 645
1616530435975 0.542224109172821 646
1616530470222 0.5879993438720703 647
1616530504888 0.5711394548416138 648
1616530539653 0.5686925649642944 649
1616530578527 0.5578988790512085 650
1616530613263 0.562227725982666 651
1616530648302 0.5646722912788391 652
1616530683292 0.5704960823059082 653
1616530718168 0.5962231159210205 654
1616530752982 0.6313401460647583 655
1616530787243 0.5621761083602905 656
1616530821533 0.621238112449646 657
1616530856734 0.5987110137939453 658
1616530891582 0.583332359790802 659
1616530930878 0.56166672706604 660
1616530965643 0.5822587013244629 661
1616531000505 0.6095706224441528 662
1616531035347 0.6020110845565796 663
1616531070050 0.5972847938537598 664
1616531104729 0.5849999189376831 665
1616531139842 0.61796635389328 666
1616531174588 0.6023240089416504 667
1616531208951 0.5908643007278442 668
1616531243745 0.5798569917678833 669
1616531282880 0.5710651874542236 670
1616531317441 0.5073225498199463 671
1616531352152 0.5838602781295776 672
1616531386857 0.5542700290679932 673
1616531421318 0.5772305727005005 674
1616531455586 0.5858358144760132 675
1616531489930 0.5528489351272583 676
1616531524608 0.6230369210243225 677
1616531559024 0.5886634588241577 678
1616531593791 0.5886656045913696 679
1616531632569 0.6482114791870117 680
1616531666772 0.6236467957496643 681
1616531701038 0.6289404034614563 682
1616531735635 0.5856795310974121 683
1616531769875 0.5979417562484741 684
1616531804167 0.5809918642044067 685
1616531838432 0.5727457404136658 686
1616531872748 0.6006497144699097 687
1616531907593 0.5751129388809204 688
1616531942556 0.5638982653617859 689
1616531982012 0.6347931623458862 690
1616532016320 0.5631456971168518 691
1616532050949 0.5645583868026733 692
1616532085521 0.5718353986740112 693
1616532119805 0.524630069732666 694
1616532154519 0.5954123735427856 695
1616532188776 0.6189607381820679 696
1616532223053 0.5401520729064941 697
1616532257871 0.5778677463531494 698
1616532292163 0.5858416557312012 699
1616532330845 0.5725376605987549 700
1616532365556 0.5839659571647644 701
1616532399905 0.5734490156173706 702
1616532434358 0.5884120464324951 703
1616532468652 0.5679516792297363 704
1616532503016 0.5918323993682861 705
1616532537829 0.5598725080490112 706
1616532572528 0.574785590171814 707
1616532607317 0.5560672283172607 708
1616532641569 0.5648163557052612 709
1616532681091 0.5712521076202393 710
1616532715417 0.6092036962509155 711
1616532749906 0.5850925445556641 712
1616532784897 0.6207289695739746 713
1616532819654 0.6104534864425659 714
1616532853847 0.5702014565467834 715
1616532888575 0.592772901058197 716
1616532923307 0.5685583353042603 717
1616532957847 0.5776383280754089 718
1616532992560 0.537174642086029 719
1616533031815 0.5646854043006897 720
1616533066711 0.5873910784721375 721
1616533101519 0.5334476232528687 722
1616533136111 0.5209749937057495 723
1616533170617 0.546420156955719 724
1616533204941 0.6013549566268921 725
1616533240037 0.5705759525299072 726
1616533274605 0.5810185670852661 727
1616533309271 0.5939403772354126 728
1616533343972 0.563071608543396 729
1616533383514 0.606541633605957 730
1616533418236 0.5694336891174316 731
1616533453322 0.5866687893867493 732
1616533487680 0.603838324546814 733
1616533522462 0.5862418413162231 734
1616533557019 0.5485996007919312 735
1616533591480 0.6075687408447266 736
1616533626244 0.582840085029602 737
1616533661116 0.5752043724060059 738
1616533695443 0.5843227505683899 739
1616533733969 0.6021348834037781 740
1616533768718 0.5667680501937866 741
1616533802971 0.5854116678237915 742
1616533837252 0.570772647857666 743
1616533872376 0.6385528445243835 744
1616533907201 0.5946527719497681 745
1616533941774 0.6012428998947144 746
1616533976282 0.5877127647399902 747
1616534010658 0.583860456943512 748
1616534045391 0.5989880561828613 749
1616534084188 0.5865223407745361 750
1616534118581 0.6174993515014648 751
1616534152907 0.5871368646621704 752
1616534187929 0.5465617179870605 753
1616534222612 0.5695168375968933 754
1616534257044 0.6545553207397461 755
1616534291189 0.6407201290130615 756
1616534325919 0.6038610339164734 757
1616534360271 0.6053882241249084 758
1616534395090 0.594459056854248 759
1616534434554 0.5470097661018372 760
1616534469304 0.5553957223892212 761
1616534503799 0.6054911613464355 762
1616534538358 0.6730252504348755 763
1616534572971 0.5553610324859619 764
1616534607657 0.5917007923126221 765
1616534642597 0.5920812487602234 766
1616534677522 0.6709811687469482 767
1616534712542 0.5518461465835571 768
1616534747142 0.6117936372756958 769
1616534786062 0.5676597952842712 770
1616534820338 0.6224535703659058 771
1616534854757 0.5759209990501404 772
1616534889231 0.5785313844680786 773
1616534923999 0.5632736086845398 774
1616534958690 0.6169447898864746 775
1616534993512 0.586280345916748 776
1616535027765 0.5965641736984253 777
1616535062563 0.5777812600135803 778
1616535096878 0.5974540114402771 779
1616535135182 0.5775066614151001 780
1616535169836 0.5249873995780945 781
1616535204567 0.6139081716537476 782
1616535239206 0.5737186670303345 783
1616535273688 0.6470511555671692 784
1616535308063 0.5622835159301758 785
1616535342888 0.5576015710830688 786
1616535377282 0.5461291074752808 787
1616535412163 0.6207582950592041 788
1616535446637 0.5717079639434814 789
1616535485702 0.6458615064620972 790
1616535520567 0.6095930933952332 791
1616535555323 0.5477868318557739 792
1616535590066 0.5812057256698608 793
1616535624660 0.5846831798553467 794
1616535658904 0.6257466077804565 795
1616535693805 0.6017134189605713 796
1616535727879 0.5560634136199951 797
1616535762277 0.5872036218643188 798
1616535796481 0.6028920412063599 799
1616535835548 0.5814499855041504 800
1616535870013 0.5870574116706848 801
1616535904752 0.5912059545516968 802
1616535938964 0.606072723865509 803
1616535973643 0.5969753861427307 804
1616536008214 0.6005375385284424 805
1616536043025 0.5749803781509399 806
1616536077469 0.555530309677124 807
1616536112063 0.5878223180770874 808
1616536146657 0.5519386529922485 809
1616536186062 0.5942020416259766 810
1616536220613 0.5721569657325745 811
1616536254943 0.6327986717224121 812
1616536289534 0.6714022159576416 813
1616536323684 0.5695609450340271 814
1616536357923 0.5825470685958862 815
1616536392643 0.6321077346801758 816
1616536426918 0.5872654914855957 817
1616536461240 0.5991140604019165 818
1616536495903 0.543118953704834 819
1616536535095 0.6462305784225464 820
1616536569822 0.620352566242218 821
1616536604556 0.5779550075531006 822
1616536638869 0.6362245082855225 823
1616536673522 0.6026790142059326 824
1616536708416 0.5997791290283203 825
1616536743312 0.63039231300354 826
1616536778341 0.6002802848815918 827
1616536813223 0.61614990234375 828
1616536847501 0.5959477424621582 829
1616536886374 0.5581721067428589 830
1616536921296 0.6037318706512451 831
1616536955606 0.5820498466491699 832
1616536989970 0.5747628211975098 833
1616537024470 0.587070107460022 834
1616537059237 0.5494749546051025 835
1616537093705 0.5601475834846497 836
1616537128342 0.5796909332275391 837
1616537163062 0.6208696961402893 838
1616537197271 0.5873986482620239 839
1616537236635 0.5773550868034363 840
1616537271530 0.5612939596176147 841
1616537306214 0.6161425709724426 842
1616537340934 0.5930982828140259 843
1616537375423 0.5817249417304993 844
1616537409716 0.5818725824356079 845
1616537443978 0.5728135108947754 846
1616537478487 0.5353689789772034 847
1616537512992 0.5528975129127502 848
1616537547557 0.5727575421333313 849
1616537586612 0.6152762770652771 850
1616537621210 0.610161542892456 851
1616537655483 0.5909361839294434 852
1616537689757 0.5294078588485718 853
1616537724533 0.5719394683837891 854
1616537759331 0.550000786781311 855
1616537793858 0.6289518475532532 856
1616537828119 0.5489484071731567 857
1616537862851 0.562492847442627 858
1616537897644 0.6222114562988281 859
1616537936714 0.6198286414146423 860
1616537971490 0.6005750894546509 861
1616538005860 0.6444448232650757 862
1616538040743 0.5840798616409302 863
1616538075103 0.590029239654541 864
1616538109821 0.5380920171737671 865
1616538144556 0.6043782830238342 866
1616538179548 0.5950477123260498 867
1616538213997 0.5642812252044678 868
1616538248785 0.634878396987915 869
1616538287873 0.6053155064582825 870
1616538322620 0.537684440612793 871
1616538357441 0.5392775535583496 872
1616538392129 0.6301933526992798 873
1616538426407 0.5763812065124512 874
1616538461069 0.6351967453956604 875
1616538495575 0.6285154819488525 876
1616538530096 0.5926506519317627 877
1616538564908 0.6113309860229492 878
1616538599487 0.6264654397964478 879
1616538638993 0.5867175459861755 880
1616538673826 0.6158455014228821 881
1616538708165 0.6487070918083191 882
1616538742788 0.573938250541687 883
1616538777677 0.5696331262588501 884
1616538812888 0.5679535865783691 885
1616538847530 0.6095720529556274 886
1616538882221 0.5891965627670288 887
1616538916916 0.5567537546157837 888
1616538951642 0.605546236038208 889
1616538990892 0.6172454357147217 890
1616539025537 0.6338812112808228 891
1616539060386 0.6142973303794861 892
1616539095113 0.5431638956069946 893
1616539129889 0.617463231086731 894
1616539164800 0.5913135409355164 895
1616539199844 0.5673570036888123 896
1616539234869 0.5963435769081116 897
1616539269707 0.5971457958221436 898
1616539304732 0.6081393957138062 899
1616539343690 0.5536090135574341 900
1616539378458 0.6096358299255371 901
1616539412716 0.5539121627807617 902
1616539447186 0.6023719310760498 903
1616539481651 0.5659722089767456 904
1616539515780 0.5643649101257324 905
1616539550081 0.5826447010040283 906
1616539584688 0.6063249111175537 907
1616539619417 0.6133139133453369 908
1616539654327 0.6140110492706299 909
1616539693577 0.5714455246925354 910
1616539728265 0.5471468567848206 911
1616539762990 0.564170241355896 912
1616539797810 0.5708115100860596 913
1616539832360 0.6106225848197937 914
1616539866682 0.5869362354278564 915
1616539901094 0.5967321991920471 916
1616539935951 0.5942244529724121 917
1616539970560 0.6418214440345764 918
1616540004820 0.6513193845748901 919
1616540043390 0.5457440614700317 920
1616540078180 0.5856496095657349 921
1616540112549 0.5295014381408691 922
1616540146819 0.6088663339614868 923
1616540181253 0.6343571543693542 924
1616540216197 0.5037598609924316 925
1616540251294 0.6077225804328918 926
1616540286290 0.609661340713501 927
1616540320909 0.5659276843070984 928
1616540354978 0.5669538378715515 929
1616540395131 0.6131918430328369 930
1616540429350 0.5698899030685425 931
1616540464040 0.5657126307487488 932
1616540498444 0.6072148084640503 933
1616540532656 0.590610146522522 934
1616540566842 0.6119941473007202 935
1616540601059 0.564315915107727 936
1616540635824 0.5774683952331543 937
1616540670601 0.5523146390914917 938
1616540704935 0.5643191933631897 939
1616540744032 0.5804799199104309 940
1616540778577 0.6095176935195923 941
1616540813789 0.627011775970459 942
1616540848783 0.6087983846664429 943
1616540883202 0.5428364276885986 944
1616540918237 0.5689003467559814 945
1616540953070 0.5690540075302124 946
1616540987753 0.6051236391067505 947
1616541021967 0.6040802001953125 948
1616541056143 0.5852248072624207 949
1616541095435 0.5919523239135742 950
1616541129639 0.5913149118423462 951
1616541164291 0.5756258368492126 952
1616541199005 0.5808072686195374 953
1616541233528 0.6090172529220581 954
1616541267910 0.5859681367874146 955
1616541302303 0.6219311952590942 956
1616541337006 0.5518152713775635 957
1616541372096 0.6110152006149292 958
1616541407315 0.6006104946136475 959
1616541445983 0.5884878635406494 960
1616541480573 0.6110512018203735 961
1616541515228 0.6446007490158081 962
1616541549653 0.5553745627403259 963
1616541583884 0.5861788392066956 964
1616541618308 0.5720838308334351 965
1616541652550 0.5999289751052856 966
1616541686880 0.5386120080947876 967
1616541721625 0.5644309520721436 968
1616541756298 0.5806522369384766 969
1616541795487 0.6231464147567749 970
1616541830199 0.6091103553771973 971
1616541864859 0.5475645065307617 972
1616541899362 0.5614237189292908 973
1616541933745 0.5986197590827942 974
1616541968323 0.5817813873291016 975
1616542002904 0.5550107359886169 976
1616542037638 0.5760726928710938 977
1616542072088 0.6262593269348145 978
1616542106899 0.6105228662490845 979
1616542146297 0.6171665191650391 980
1616542180623 0.5617465972900391 981
1616542215251 0.6028947830200195 982
1616542249707 0.5856460332870483 983
1616542284551 0.591515839099884 984
1616542318881 0.5935317873954773 985
1616542353519 0.5902061462402344 986
1616542388259 0.6076755523681641 987
1616542422749 0.6077065467834473 988
1616542456945 0.566848635673523 989
1616542496281 0.5592054128646851 990
1616542530997 0.6228548884391785 991
1616542565585 0.5957081913948059 992
1616542600358 0.5778123140335083 993
1616542634715 0.5726584196090698 994
1616542669455 0.6132941246032715 995
1616542703882 0.5839574337005615 996
1616542738481 0.5670362710952759 997
1616542772991 0.5907530784606934 998
1616542807997 0.6162922978401184 999
1616542847006 0.5896517038345337 1000
1616542881600 0.5897889137268066 1001
1616542916361 0.5998976230621338 1002
1616542950590 0.6380993127822876 1003
1616542985181 0.5304698944091797 1004
1616543019927 0.5787293910980225 1005
1616543054130 0.5592710375785828 1006
1616543089013 0.5837273597717285 1007
1616543123671 0.5761325359344482 1008
1616543158625 0.5904582142829895 1009
1616543197582 0.578309178352356 1010
1616543232633 0.5922822952270508 1011
1616543267354 0.5987557172775269 1012
1616543302250 0.6470838785171509 1013
1616543336831 0.579950213432312 1014
1616543371378 0.616429328918457 1015
1616543406107 0.5832053422927856 1016
1616543440632 0.5749443769454956 1017
1616543475427 0.6099351644515991 1018
1616543510147 0.5441110730171204 1019
1616543549209 0.6438198089599609 1020
1616543583488 0.6108616590499878 1021
1616543617807 0.5813984274864197 1022
1616543652119 0.5938395857810974 1023
1616543686353 0.591895580291748 1024
1616543721109 0.6177813410758972 1025
1616543755478 0.5721945762634277 1026
1616543789957 0.6044574975967407 1027
1616543824901 0.6347050666809082 1028
1616543859779 0.578509509563446 1029
1616543898947 0.6176990270614624 1030
1616543933378 0.6058168411254883 1031
1616543967775 0.6054236888885498 1032
1616544002455 0.6174882650375366 1033
1616544036728 0.5774600505828857 1034
1616544071049 0.5808694362640381 1035
1616544105690 0.549564778804779 1036
1616544140418 0.5788068771362305 1037
1616544174460 0.562453031539917 1038
1616544209779 0.6240458488464355 1039
1616544249280 0.5930922031402588 1040
1616544284260 0.6350170969963074 1041
1616544319710 0.5720449090003967 1042
1616544354644 0.5995545387268066 1043
1616544388923 0.6333402991294861 1044
1616544423228 0.6109920740127563 1045
1616544457479 0.6185510158538818 1046
1616544491696 0.570151686668396 1047
1616544526397 0.5360912084579468 1048
1616544560994 0.5939294099807739 1049
1616544600050 0.6157957911491394 1050
1616544634993 0.6201077699661255 1051
1616544669830 0.5915025472640991 1052
1616544704796 0.5585626363754272 1053
1616544739342 0.5713196992874146 1054
1616544774104 0.628887414932251 1055
1616544808820 0.582228422164917 1056
1616544843444 0.5622240304946899 1057
1616544877846 0.6052392721176147 1058
1616544912645 0.6450949907302856 1059
1616544951919 0.5845316052436829 1060
1616544986746 0.6011432409286499 1061
1616545021499 0.6140185594558716 1062
1616545056255 0.5897734761238098 1063
1616545090548 0.5340065956115723 1064
1616545124905 0.6068969964981079 1065
1616545159084 0.5238791704177856 1066
1616545193301 0.5815979242324829 1067
1616545227603 0.6076838374137878 1068
1616545262469 0.5718978047370911 1069
1616545301374 0.5774170160293579 1070
1616545336182 0.571114182472229 1071
1616545371019 0.5832479000091553 1072
1616545405947 0.5842334628105164 1073
1616545440960 0.5542782545089722 1074
1616545476039 0.5572526454925537 1075
1616545510847 0.5825807452201843 1076
1616545545568 0.6272283792495728 1077
1616545580361 0.5624491572380066 1078
1616545615497 0.6250483989715576 1079
1616545654977 0.6155310869216919 1080
1616545689219 0.5782734751701355 1081
1616545723481 0.5964833498001099 1082
1616545758286 0.5548348426818848 1083
1616545792629 0.5764695405960083 1084
1616545827144 0.5641925930976868 1085
1616545861625 0.594894289970398 1086
1616545895805 0.5975150465965271 1087
1616545930567 0.5793250799179077 1088
1616545964909 0.5800720453262329 1089
1616546004426 0.6020373702049255 1090
1616546039274 0.5417120456695557 1091
1616546073748 0.6093512773513794 1092
1616546108208 0.5701069235801697 1093
1616546143176 0.6285827159881592 1094
1616546177493 0.5631764531135559 1095
1616546212543 0.5680957436561584 1096
1616546247192 0.5987944602966309 1097
1616546282006 0.6437981128692627 1098
1616546316429 0.5574740767478943 1099
1616546355547 0.5666536092758179 1100
1616546390467 0.5600586533546448 1101
1616546424871 0.6095613837242126 1102
1616546459762 0.5820317268371582 1103
1616546494440 0.6031975150108337 1104
1616546528957 0.5386574268341064 1105
1616546563643 0.591852068901062 1106
1616546598125 0.6321049928665161 1107
1616546632653 0.5702439546585083 1108
1616546666960 0.5232623815536499 1109
1616546705825 0.6045607328414917 1110
1616546740635 0.5883692502975464 1111
1616546775818 0.641021192073822 1112
1616546810026 0.5690162181854248 1113
1616546844258 0.6369701623916626 1114
1616546878488 0.5094565153121948 1115
1616546913260 0.5986268520355225 1116
1616546948035 0.5519216060638428 1117
1616546982703 0.5737391710281372 1118
1616547017221 0.6290028095245361 1119
1616547056358 0.5724419951438904 1120
1616547091338 0.6013323068618774 1121
1616547126053 0.5587406158447266 1122
1616547160815 0.590402364730835 1123
1616547195788 0.6079347133636475 1124
1616547230629 0.5884287357330322 1125
1616547265295 0.5848915576934814 1126
1616547299621 0.6091275215148926 1127
1616547334284 0.6011479496955872 1128
1616547369144 0.6484818458557129 1129
1616547408500 0.6111076474189758 1130
1616547443376 0.5523452758789062 1131
1616547477878 0.569777250289917 1132
1616547512668 0.634809136390686 1133
1616547547051 0.5995084047317505 1134
1616547581385 0.5662757754325867 1135
1616547616427 0.5460573434829712 1136
1616547651066 0.542514443397522 1137
1616547685533 0.6222953796386719 1138
1616547719857 0.5396989583969116 1139
1616547759145 0.5440471768379211 1140
1616547793872 0.5806746482849121 1141
1616547828035 0.5928295850753784 1142
1616547862356 0.6064337491989136 1143
1616547896750 0.5570029020309448 1144
1616547931246 0.607164204120636 1145
1616547965851 0.5847940444946289 1146
1616548000676 0.5522533655166626 1147
1616548035747 0.6303733587265015 1148
1616548070621 0.5351430177688599 1149
1616548109935 0.5801271200180054 1150
1616548144325 0.5423501133918762 1151
1616548179202 0.6280522346496582 1152
1616548213846 0.5772600173950195 1153
1616548248631 0.5679178237915039 1154
1616548283222 0.5948885083198547 1155
1616548317421 0.5669164657592773 1156
1616548351649 0.6026063561439514 1157
1616548386371 0.5691171884536743 1158
1616548421075 0.5708789229393005 1159
1616548460451 0.6355440616607666 1160
1616548495517 0.5620352029800415 1161
1616548530453 0.5839868187904358 1162
1616548565033 0.5907779932022095 1163
1616548599760 0.5896957516670227 1164
1616548634492 0.626690685749054 1165
1616548668733 0.5337856411933899 1166
1616548703673 0.594630241394043 1167
1616548737968 0.5075433254241943 1168
1616548772809 0.5747842788696289 1169
1616548811655 0.6110764741897583 1170
1616548846016 0.5620033740997314 1171
1616548880332 0.6360345482826233 1172
1616548915072 0.6389692425727844 1173
1616548949809 0.5841481685638428 1174
1616548984579 0.5703467130661011 1175
1616549019002 0.5836349725723267 1176
1616549053421 0.5872681140899658 1177
1616549087983 0.5723943710327148 1178
1616549122301 0.6084976196289062 1179
1616549160830 0.5783673524856567 1180
1616549195278 0.6065165996551514 1181
1616549230057 0.6242687702178955 1182
1616549264941 0.6662607789039612 1183
1616549299760 0.5697720646858215 1184
1616549334282 0.5940919518470764 1185
1616549368675 0.6319065690040588 1186
1616549402951 0.6237423419952393 1187
1616549437407 0.5696436166763306 1188
1616549471622 0.5599265098571777 1189
1616549510439 0.5852648019790649 1190
1616549544587 0.5719251036643982 1191
1616549579010 0.5980938673019409 1192
1616549613689 0.6196314096450806 1193
1616549648044 0.6059529781341553 1194
1616549682843 0.5861840844154358 1195
1616549717108 0.6056007146835327 1196
1616549751787 0.5315423607826233 1197
1616549786104 0.587235689163208 1198
1616549821017 0.6229389309883118 1199
1616549860130 0.5309934616088867 1200
1616549882511 0.6155630350112915 0
1616549882523 0.6155630350112915 0
