1616507862080 0.1503540426492691 1
1616507896286 0.19229836761951447 2
1616507930887 0.23182615637779236 3
1616507965481 0.2705382704734802 4
1616508001064 0.3095700144767761 5
1616508035951 0.32571908831596375 6
1616508070371 0.31924968957901 7
1616508104972 0.33162957429885864 8
1616508139374 0.32695096731185913 9
1616508178601 0.33286887407302856 10
1616508213301 0.3314973711967468 11
1616508247599 0.33317485451698303 12
1616508282021 0.3409101068973541 13
1616508316914 0.33707195520401 14
1616508353946 0.3476935029029846 15
1616508390571 0.3401036262512207 16
1616508426305 0.32909107208251953 17
1616508461035 0.34095507860183716 18
1616508496504 0.3652753531932831 19
1616508536250 0.36804503202438354 20
1616508570998 0.3593870997428894 21
1616508606005 0.36859095096588135 22
1616508640728 0.3637285828590393 23
1616508675079 0.3593161702156067 24
1616508709322 0.3697000741958618 25
1616508743383 0.37850698828697205 26
1616508777488 0.36891865730285645 27
1616508812079 0.3706878423690796 28
1616508846970 0.38552325963974 29
1616508885215 0.38178715109825134 30
1616508919403 0.37025880813598633 31
1616508954337 0.38159966468811035 32
1616508989279 0.3739320635795593 33
1616509023845 0.39630210399627686 34
1616509058672 0.3824491798877716 35
1616509093603 0.4039480686187744 36
1616509128222 0.37506675720214844 37
1616509162687 0.3939034938812256 38
1616509197278 0.3861772119998932 39
1616509236046 0.41208770871162415 40
1616509270472 0.3883623480796814 41
1616509305172 0.3871760964393616 42
1616509339871 0.37578561902046204 43
1616509374573 0.3874902129173279 44
1616509408849 0.3810785710811615 45
1616509443366 0.4044756293296814 46
1616509477607 0.40397143363952637 47
1616509512200 0.39581525325775146 48
1616509546839 0.41196209192276 49
1616509585950 0.4051424562931061 50
1616509620429 0.4066675305366516 51
1616509655257 0.39108455181121826 52
1616509689425 0.4052601456642151 53
1616509724107 0.40480172634124756 54
1616509759082 0.4158991277217865 55
1616509793973 0.41451144218444824 56
1616509828629 0.387760728597641 57
1616509863178 0.4195823669433594 58
1616509897961 0.3961576819419861 59
1616509936853 0.38246995210647583 60
1616509971356 0.37220126390457153 61
1616510005521 0.3999210596084595 62
1616510040334 0.39682644605636597 63
1616510074788 0.4021175801753998 64
1616510109298 0.398220419883728 65
1616510143412 0.40085357427597046 66
1616510177442 0.40388667583465576 67
1616510211708 0.40038779377937317 68
1616510246017 0.407780259847641 69
1616510284749 0.41642796993255615 70
1616510319576 0.4122631251811981 71
1616510354563 0.41021424531936646 72
1616510389303 0.403400719165802 73
1616510423990 0.4067164957523346 74
1616510458046 0.395250141620636 75
1616510492562 0.41243624687194824 76
1616510527037 0.39812955260276794 77
1616510561211 0.39859822392463684 78
1616510595718 0.4024636745452881 79
1616510634715 0.41270166635513306 80
1616510669321 0.42657405138015747 81
1616510704008 0.42324143648147583 82
1616510738646 0.4128662347793579 83
1616510773425 0.416598379611969 84
1616510808068 0.4172273278236389 85
1616510842837 0.41849249601364136 86
1616510877068 0.4241035282611847 87
1616510911203 0.45141875743865967 88
1616510945708 0.41984322667121887 89
1616510984654 0.4255596399307251 90
1616511018840 0.4015581011772156 91
1616511053169 0.41112154722213745 92
1616511088016 0.43763527274131775 93
1616511122564 0.4223531484603882 94
1616511157451 0.4263569116592407 95
1616511192354 0.4290164113044739 96
1616511227080 0.43416571617126465 97
1616511261330 0.42621979117393494 98
1616511295838 0.42672932147979736 99
1616511334811 0.43098151683807373 100
1616511369818 0.4151551127433777 101
1616511404568 0.41981732845306396 102
1616511438813 0.439052939414978 103
1616511473157 0.4462878108024597 104
1616511507673 0.42888814210891724 105
1616511542177 0.4092947840690613 106
1616511576964 0.4287147521972656 107
1616511611677 0.43461042642593384 108
1616511645676 0.4250251352787018 109
1616511684093 0.4384284019470215 110
1616511718661 0.4428902268409729 111
1616511753520 0.4442351162433624 112
1616511787880 0.4313194751739502 113
1616511822127 0.41101041436195374 114
1616511856970 0.42896920442581177 115
1616511891956 0.46015465259552 116
1616511926294 0.44799554347991943 117
1616511960935 0.437450647354126 118
1616511995624 0.44841599464416504 119
1616512034871 0.42645224928855896 120
1616512069578 0.4213205575942993 121
1616512103744 0.41806334257125854 122
1616512138124 0.4323526620864868 123
1616512172456 0.4177250266075134 124
1616512206643 0.42713072896003723 125
1616512241324 0.42963773012161255 126
1616512276001 0.4491925835609436 127
1616512310638 0.42527350783348083 128
1616512345386 0.4181096851825714 129
1616512384264 0.4159029722213745 130
1616512418883 0.4300825297832489 131
1616512453394 0.45059776306152344 132
1616512488010 0.4257197678089142 133
1616512522291 0.4296244978904724 134
1616512556475 0.4483720064163208 135
1616512591213 0.45078349113464355 136
1616512625359 0.4368254542350769 137
1616512659626 0.4389899969100952 138
1616512693669 0.43438011407852173 139
1616512732293 0.436257541179657 140
1616512766746 0.4647037982940674 141
1616512801302 0.44207945466041565 142
1616512835601 0.43124932050704956 143
1616512869837 0.43604615330696106 144
1616512904509 0.4429912865161896 145
1616512939540 0.451124370098114 146
1616512974446 0.4584357440471649 147
1616513009453 0.45636487007141113 148
1616513044240 0.46792179346084595 149
1616513083635 0.4685044586658478 150
1616513118323 0.4460860788822174 151
1616513153464 0.4399269223213196 152
1616513187852 0.4384388327598572 153
1616513222503 0.47327953577041626 154
1616513257156 0.4646717309951782 155
1616513291750 0.4715605080127716 156
1616513326332 0.45515286922454834 157
1616513360779 0.42253464460372925 158
1616513395553 0.44012027978897095 159
1616513434531 0.44805997610092163 160
1616513469162 0.4562607407569885 161
1616513503396 0.4823080599308014 162
1616513537782 0.4674476981163025 163
1616513572331 0.4649531841278076 164
1616513607114 0.4579066038131714 165
1616513641565 0.4646264612674713 166
1616513676261 0.4637601375579834 167
1616513710685 0.4377213716506958 168
1616513745378 0.44772234559059143 169
1616513783908 0.46495485305786133 170
1616513818456 0.46619290113449097 171
1616513852809 0.4525710344314575 172
1616513887307 0.4457290768623352 173
1616513922003 0.46223533153533936 174
1616513956740 0.45868581533432007 175
1616513991062 0.4603314995765686 176
1616514025127 0.4594454765319824 177
1616514059692 0.44760456681251526 178
1616514093838 0.49333590269088745 179
1616514133200 0.45494377613067627 180
1616514167340 0.4726185202598572 181
1616514201528 0.4875040650367737 182
1616514235776 0.4468678832054138 183
1616514270419 0.47295480966567993 184
1616514304839 0.4590737819671631 185
1616514339242 0.48090076446533203 186
1616514373694 0.45388883352279663 187
1616514407913 0.4650007486343384 188
1616514442839 0.4558587074279785 189
1616514482267 0.47119009494781494 190
1616514516859 0.4388449788093567 191
1616514551636 0.43218275904655457 192
1616514585957 0.4686638116836548 193
1616514620247 0.48062363266944885 194
1616514654799 0.48010891675949097 195
1616514689412 0.46521008014678955 196
1616514724150 0.46384650468826294 197
1616514759000 0.48697465658187866 198
1616514793719 0.4934311509132385 199
1616514832920 0.4984129071235657 200
1616514867159 0.4841765761375427 201
1616514901731 0.47013628482818604 202
1616514935899 0.47021418809890747 203
1616514970666 0.48003292083740234 204
1616515004811 0.47328755259513855 205
1616515038970 0.4901368319988251 206
1616515073216 0.45017075538635254 207
1616515107802 0.48350435495376587 208
1616515142751 0.46497559547424316 209
1616515181677 0.45517152547836304 210
1616515216082 0.49075692892074585 211
1616515250923 0.49076318740844727 212
1616515285333 0.47493648529052734 213
1616515319830 0.48496225476264954 214
1616515354512 0.49574220180511475 215
1616515388768 0.514634907245636 216
1616515423817 0.4671650826931 217
1616515458173 0.5154986381530762 218
1616515492794 0.5024139881134033 219
1616515531577 0.4702717661857605 220
1616515566150 0.4714934229850769 221
1616515600552 0.4738073945045471 222
1616515635287 0.4891032576560974 223
1616515669822 0.48835480213165283 224
1616515704188 0.5087452530860901 225
1616515739118 0.4882828891277313 226
1616515773649 0.4663686156272888 227
1616515807998 0.44042593240737915 228
1616515842373 0.4833561182022095 229
1616515881594 0.48242253065109253 230
1616515916026 0.48200684785842896 231
1616515950332 0.501207709312439 232
1616515984636 0.5073322057723999 233
1616516018955 0.47747641801834106 234
1616516053838 0.5039944648742676 235
1616516088160 0.5018789768218994 236
1616516122458 0.5031322240829468 237
1616516157602 0.4911436438560486 238
1616516191941 0.49152475595474243 239
1616516231083 0.4872562289237976 240
1616516265643 0.49732691049575806 241
1616516299881 0.4983397126197815 242
1616516334298 0.5132150650024414 243
1616516368582 0.5178602933883667 244
1616516403056 0.5023850798606873 245
1616516437591 0.5262237787246704 246
1616516472581 0.4954211115837097 247
1616516507144 0.4829937815666199 248
1616516541998 0.48449212312698364 249
1616516580869 0.4806009531021118 250
1616516615585 0.4963027238845825 251
1616516649781 0.5152707099914551 252
1616516684378 0.5007702708244324 253
1616516719022 0.5013937950134277 254
1616516753284 0.4949542284011841 255
1616516788042 0.5170896053314209 256
1616516822319 0.5099887251853943 257
1616516857299 0.5017825961112976 258
1616516892208 0.5078019499778748 259
1616516931768 0.48024845123291016 260
1616516966109 0.48699402809143066 261
1616517000846 0.4781140089035034 262
1616517035083 0.48664772510528564 263
1616517069315 0.49860069155693054 264
1616517103914 0.48331689834594727 265
1616517138090 0.5064687728881836 266
1616517172832 0.506841778755188 267
1616517207222 0.4692411422729492 268
1616517241506 0.5176107883453369 269
1616517280401 0.4815089702606201 270
1616517314682 0.4727967381477356 271
1616517349250 0.4851623773574829 272
1616517383636 0.48476696014404297 273
1616517417857 0.45299291610717773 274
1616517452494 0.5328208208084106 275
1616517487571 0.4779469072818756 276
1616517521888 0.49757763743400574 277
1616517556675 0.48804354667663574 278
1616517591461 0.47593164443969727 279
1616517630493 0.4947897791862488 280
1616517665262 0.5013496279716492 281
1616517699836 0.4712609052658081 282
1616517734610 0.5003140568733215 283
1616517769252 0.5024391412734985 284
1616517803532 0.505714476108551 285
1616517838304 0.5222383141517639 286
1616517872764 0.4804261326789856 287
1616517907403 0.4969262480735779 288
1616517941717 0.47805094718933105 289
1616517980325 0.518486738204956 290
1616518014960 0.51018226146698 291
1616518049629 0.47830718755722046 292
1616518083964 0.49805623292922974 293
1616518118815 0.5237107276916504 294
1616518153813 0.5396225452423096 295
1616518187942 0.511254608631134 296
1616518222413 0.49749046564102173 297
1616518256893 0.5079413056373596 298
1616518291628 0.48199260234832764 299
1616518330102 0.48843681812286377 300
1616518364745 0.4896443486213684 301
1616518399211 0.4958277940750122 302
1616518433722 0.5287028551101685 303
1616518467995 0.5065725445747375 304
1616518502284 0.4836084842681885 305
1616518537096 0.5021175146102905 306
1616518571464 0.4784737229347229 307
1616518606360 0.4870607554912567 308
1616518641220 0.5309023261070251 309
1616518680568 0.5023332238197327 310
1616518715419 0.520595908164978 311
1616518749880 0.5067687630653381 312
1616518784557 0.5152315497398376 313
1616518819124 0.49322521686553955 314
1616518853736 0.5184893608093262 315
1616518888418 0.47946351766586304 316
1616518923065 0.4946882426738739 317
1616518957565 0.4877457320690155 318
1616518991814 0.48316454887390137 319
1616519030186 0.5233938097953796 320
1616519064387 0.4943769574165344 321
1616519099091 0.5103154182434082 322
1616519133975 0.48345887660980225 323
1616519168583 0.4787856340408325 324
1616519202869 0.5327519178390503 325
1616519237202 0.5438495874404907 326
1616519271873 0.5052156448364258 327
1616519306635 0.5145038366317749 328
1616519341189 0.5013670325279236 329
1616519379973 0.5530340671539307 330
1616519414584 0.5260742902755737 331
1616519449676 0.5564581155776978 332
1616519484142 0.5066894292831421 333
1616519518374 0.521008312702179 334
1616519553049 0.5006623268127441 335
1616519587782 0.5110292434692383 336
1616519621986 0.5156123638153076 337
1616519656211 0.49468469619750977 338
1616519690531 0.5300837159156799 339
1616519729406 0.506960391998291 340
1616519764314 0.5136865377426147 341
1616519799093 0.5221875905990601 342
1616519833652 0.544057309627533 343
1616519868174 0.49980807304382324 344
1616519902641 0.5210406184196472 345
1616519937013 0.5241372585296631 346
1616519971225 0.5247383117675781 347
1616520005410 0.5259510278701782 348
1616520040200 0.5188680291175842 349
1616520079615 0.517775297164917 350
1616520114276 0.5164310932159424 351
1616520149390 0.531326174736023 352
1616520183736 0.503158450126648 353
1616520218447 0.5023916959762573 354
1616520252981 0.5160323977470398 355
1616520287681 0.5039202570915222 356
1616520322081 0.547173798084259 357
1616520356216 0.5438911318778992 358
1616520390821 0.5216919183731079 359
1616520429592 0.5288583636283875 360
1616520464529 0.5546124577522278 361
1616520499797 0.5170996189117432 362
1616520534777 0.5483166575431824 363
1616520569185 0.5301568508148193 364
1616520604020 0.5279150009155273 365
1616520638209 0.5158678889274597 366
1616520672398 0.5306427478790283 367
1616520707087 0.5162267088890076 368
1616520741283 0.4889407157897949 369
1616520779840 0.5208125114440918 370
1616520814469 0.49764135479927063 371
1616520849186 0.5151751637458801 372
1616520884016 0.5252051949501038 373
1616520918531 0.5255615711212158 374
1616520952903 0.4797908067703247 375
1616520987172 0.5417037606239319 376
1616521021866 0.557530403137207 377
1616521056819 0.5259563326835632 378
1616521091360 0.5096369385719299 379
1616521130226 0.5387309789657593 380
1616521164561 0.5312137603759766 381
1616521199541 0.5354028940200806 382
1616521233783 0.5330867767333984 383
1616521268010 0.5326794981956482 384
1616521302268 0.5529283881187439 385
1616521337010 0.5357761383056641 386
1616521371662 0.526726484298706 387
1616521406285 0.5323759317398071 388
1616521440766 0.5230750441551208 389
1616521480143 0.48175424337387085 390
1616521514970 0.5213930606842041 391
1616521549575 0.504953920841217 392
1616521584459 0.5347071886062622 393
1616521619242 0.53269362449646 394
1616521653523 0.520371675491333 395
1616521687844 0.5070984959602356 396
1616521722308 0.5253589153289795 397
1616521757420 0.5252472162246704 398
1616521792014 0.5212200284004211 399
1616521830483 0.5097917318344116 400
1616521864797 0.5393308401107788 401
1616521899177 0.5034888386726379 402
1616521933678 0.4810933470726013 403
1616521968369 0.5296851396560669 404
1616522002899 0.519412636756897 405
1616522037461 0.5180652737617493 406
1616522071906 0.5330549478530884 407
1616522106728 0.5087944865226746 408
1616522141299 0.5531100034713745 409
1616522180543 0.5241657495498657 410
1616522215017 0.5089490413665771 411
1616522250020 0.530044436454773 412
1616522284429 0.5234347581863403 413
1616522319112 0.520024299621582 414
1616522353632 0.5072027444839478 415
1616522388155 0.5048038363456726 416
1616522422503 0.5489221215248108 417
1616522456693 0.5315465927124023 418
1616522491067 0.5365912914276123 419
1616522529494 0.5251070261001587 420
1616522564197 0.5309414863586426 421
1616522598517 0.5283550024032593 422
1616522633070 0.5448763370513916 423
1616522668187 0.557201623916626 424
1616522703178 0.5357726216316223 425
1616522737593 0.5286369323730469 426
1616522772520 0.5379759073257446 427
1616522807010 0.5084384083747864 428
1616522841745 0.5267818570137024 429
1616522880632 0.5172921419143677 430
1616522915550 0.5143474340438843 431
1616522950584 0.5399308204650879 432
1616522985003 0.5277451276779175 433
1616523019261 0.5114165544509888 434
1616523053725 0.5113993883132935 435
1616523088034 0.5482572317123413 436
1616523122534 0.5310081243515015 437
1616523156812 0.5343759059906006 438
1616523191365 0.5411921739578247 439
1616523230369 0.53147292137146 440
1616523264622 0.527725875377655 441
1616523299058 0.5287278890609741 442
1616523333377 0.4957923889160156 443
1616523367979 0.528304934501648 444
1616523402690 0.5051607489585876 445
1616523437424 0.5525955557823181 446
1616523471965 0.523650050163269 447
1616523507247 0.5439980030059814 448
1616523542086 0.530206561088562 449
1616523581177 0.5695077180862427 450
1616523615955 0.5094639658927917 451
1616523650172 0.5292260646820068 452
1616523684430 0.560193657875061 453
1616523719023 0.5419095754623413 454
1616523753692 0.5258632898330688 455
1616523787997 0.5236809253692627 456
1616523822534 0.5580360889434814 457
1616523857196 0.5146535634994507 458
1616523891718 0.512128472328186 459
1616523930674 0.5362070798873901 460
1616523965210 0.5371279716491699 461
1616523999902 0.5312826633453369 462
1616524034735 0.5325301885604858 463
1616524069395 0.5454056262969971 464
1616524103660 0.5226315259933472 465
1616524138463 0.543226420879364 466
1616524173212 0.5416100025177002 467
1616524207832 0.5010599493980408 468
1616524242592 0.5341781377792358 469
1616524281422 0.5601116418838501 470
1616524315610 0.5288687944412231 471
1616524349796 0.5708341598510742 472
1616524384482 0.5441433191299438 473
1616524419131 0.532727837562561 474
1616524453387 0.5525896549224854 475
1616524488035 0.5506522059440613 476
1616524522543 0.5322443842887878 477
1616524556760 0.5449002981185913 478
1616524590946 0.5447136163711548 479
1616524629544 0.5332637429237366 480
1616524663820 0.5428049564361572 481
1616524698142 0.5509183406829834 482
1616524732715 0.5304713249206543 483
1616524767401 0.5207700729370117 484
1616524802099 0.5438892841339111 485
1616524836824 0.5436533689498901 486
1616524871743 0.5392172336578369 487
1616524906636 0.5473283529281616 488
1616524941065 0.5550529956817627 489
1616524979832 0.5237312912940979 490
1616525014587 0.5413785576820374 491
1616525049247 0.5221883058547974 492
1616525083630 0.5287680625915527 493
1616525118220 0.5639689564704895 494
1616525152988 0.5355051159858704 495
1616525187239 0.5512775182723999 496
1616525221379 0.5183055400848389 497
1616525256207 0.5367511510848999 498
1616525290353 0.5331889390945435 499
1616525329331 0.5532059669494629 500
1616525363565 0.5514277219772339 501
1616525398309 0.5558651089668274 502
1616525433053 0.5472564697265625 503
1616525467184 0.5226208567619324 504
1616525501968 0.5313587784767151 505
1616525536633 0.5222412347793579 506
1616525571133 0.5352010726928711 507
1616525605966 0.5438731908798218 508
1616525640106 0.5543191432952881 509
1616525679434 0.5130871534347534 510
1616525714252 0.5167028903961182 511
1616525748548 0.5317044258117676 512
1616525783802 0.5648877620697021 513
1616525817901 0.5434682369232178 514
1616525852813 0.5418198108673096 515
1616525887684 0.5565564632415771 516
1616525922273 0.5428369641304016 517
1616525956932 0.5418190956115723 518
1616525991212 0.5480281114578247 519
1616526030093 0.5598549246788025 520
1616526065284 0.5349196791648865 521
1616526099542 0.5637908577919006 522
1616526133908 0.5054015517234802 523
1616526168295 0.5408608317375183 524
1616526203102 0.5685175657272339 525
1616526238072 0.5566511154174805 526
1616526272517 0.5821627378463745 527
1616526306954 0.5663365125656128 528
1616526341714 0.5478235483169556 529
1616526380422 0.5275317430496216 530
1616526414975 0.5245133638381958 531
1616526449342 0.5652899146080017 532
1616526484221 0.5515967607498169 533
1616526518638 0.5167132616043091 534
1616526553244 0.527399480342865 535
1616526588387 0.5418973565101624 536
1616526622759 0.5277900695800781 537
1616526656928 0.5449370741844177 538
1616526691690 0.5604171752929688 539
1616526730138 0.5591004490852356 540
1616526764275 0.5710384845733643 541
1616526798736 0.5261525511741638 542
1616526833383 0.5206785202026367 543
1616526868075 0.5468212366104126 544
1616526902615 0.5443973541259766 545
1616526936908 0.5461843609809875 546
1616526971297 0.5536206364631653 547
1616527005726 0.5428364276885986 548
1616527040619 0.5310918092727661 549
1616527079799 0.5423424243927002 550
1616527114313 0.523086428642273 551
1616527148775 0.5525567531585693 552
1616527183062 0.5336520671844482 553
1616527217350 0.5225100517272949 554
1616527251618 0.5361200571060181 555
1616527286347 0.5489937663078308 556
1616527321068 0.5217218399047852 557
1616527355741 0.5402593612670898 558
1616527390505 0.5176851749420166 559
1616527429420 0.5596194267272949 560
1616527463618 0.557496964931488 561
1616527497898 0.5355757474899292 562
1616527532736 0.5695787668228149 563
1616527566983 0.5013498067855835 564
1616527601224 0.5165820121765137 565
1616527636065 0.5523084402084351 566
1616527670678 0.5465032458305359 567
1616527705614 0.5301042795181274 568
1616527740251 0.5658411979675293 569
1616527779668 0.5585626363754272 570
1616527814510 0.5700559616088867 571
1616527849052 0.5175764560699463 572
1616527883758 0.5374800562858582 573
1616527918009 0.5319477319717407 574
1616527952464 0.5097353458404541 575
1616527986814 0.5328472852706909 576
1616528021426 0.5161057710647583 577
1616528055691 0.5298363566398621 578
1616528090431 0.5397343635559082 579
1616528128697 0.5449044108390808 580
1616528162956 0.5585484504699707 581
1616528197629 0.5412055850028992 582
1616528231826 0.5487815737724304 583
1616528266056 0.5421786308288574 584
1616528300692 0.5320113897323608 585
1616528335573 0.5684365034103394 586
1616528370115 0.5504926443099976 587
1616528404869 0.5399864912033081 588
1616528439621 0.5608230829238892 589
1616528478720 0.5757045745849609 590
1616528513078 0.5445666313171387 591
1616528548063 0.5544687509536743 592
1616528582617 0.5448117256164551 593
1616528617286 0.5692291259765625 594
1616528651526 0.5258501768112183 595
1616528685844 0.5248526334762573 596
1616528720090 0.5427920818328857 597
1616528754831 0.544309675693512 598
1616528789055 0.5441720485687256 599
1616528828057 0.5281515121459961 600
1616528862970 0.5383386611938477 601
1616528897308 0.5415689945220947 602
1616528932516 0.5724828839302063 603
1616528967112 0.5819393992424011 604
1616529001968 0.5602465867996216 605
1616529036735 0.5356292724609375 606
1616529071379 0.5455162525177002 607
1616529105787 0.5541549921035767 608
1616529140446 0.5670350790023804 609
1616529178837 0.5627366304397583 610
1616529213088 0.5373162031173706 611
1616529247638 0.511237621307373 612
1616529281965 0.5537681579589844 613
1616529316086 0.559067964553833 614
1616529350706 0.5279194116592407 615
1616529384927 0.5576483011245728 616
1616529419367 0.5474469065666199 617
1616529454307 0.563019335269928 618
1616529490077 0.5516309142112732 619
1616529529728 0.48964667320251465 620
1616529563968 0.5425598621368408 621
1616529598632 0.5788246989250183 622
1616529632979 0.5587821006774902 623
1616529667609 0.5223078727722168 624
1616529702275 0.5615100860595703 625
1616529736411 0.5722216367721558 626
1616529771090 0.5471060276031494 627
1616529805698 0.5540266036987305 628
1616529840450 0.5270322561264038 629
1616529879672 0.5574554204940796 630
1616529913844 0.5744314193725586 631
1616529948295 0.5422053337097168 632
1616529982927 0.5546088218688965 633
1616530017248 0.5486979484558105 634
1616530051851 0.5442328453063965 635
1616530086194 0.5306561589241028 636
1616530120939 0.5514839291572571 637
1616530155715 0.527551531791687 638
1616530190572 0.5727664232254028 639
1616530229200 0.5520843267440796 640
1616530263969 0.5858539342880249 641
1616530298629 0.5519213676452637 642
1616530332959 0.5480802059173584 643
1616530367129 0.5647765398025513 644
1616530401542 0.5511223077774048 645
1616530435975 0.509835958480835 646
1616530470222 0.543174147605896 647
1616530504888 0.5317485928535461 648
1616530539653 0.5315192937850952 649
1616530578527 0.5472111701965332 650
1616530613263 0.5347051024436951 651
1616530648302 0.5472656488418579 652
1616530683292 0.5539045333862305 653
1616530718168 0.5632160902023315 654
1616530752982 0.5774955749511719 655
1616530787243 0.5376352071762085 656
1616530821533 0.5956043004989624 657
1616530856734 0.5436596870422363 658
1616530891582 0.5536795854568481 659
1616530930878 0.5550069212913513 660
1616530965643 0.5381433963775635 661
1616531000505 0.5616222620010376 662
1616531035347 0.552386999130249 663
1616531070050 0.5553714036941528 664
1616531104729 0.5441125631332397 665
1616531139842 0.5806046724319458 666
1616531174588 0.5513232946395874 667
1616531208951 0.5532402396202087 668
1616531243745 0.5525369048118591 669
1616531282880 0.5336832404136658 670
1616531317441 0.5182549357414246 671
1616531352152 0.545595109462738 672
1616531386857 0.5272035598754883 673
1616531421318 0.5445176362991333 674
1616531455586 0.5431334972381592 675
1616531489930 0.5344451665878296 676
1616531524608 0.5698668360710144 677
1616531559024 0.5376071929931641 678
1616531593791 0.5513386726379395 679
1616531632569 0.5860675573348999 680
1616531666772 0.5662397146224976 681
1616531701038 0.5615031123161316 682
1616531735635 0.5562509298324585 683
1616531769875 0.5671760439872742 684
1616531804167 0.5582348108291626 685
1616531838432 0.5441955327987671 686
1616531872748 0.5563850998878479 687
1616531907593 0.5534065961837769 688
1616531942556 0.5330108404159546 689
1616531982012 0.5726583003997803 690
1616532016320 0.5363622903823853 691
1616532050949 0.5476392507553101 692
1616532085521 0.5363897085189819 693
1616532119805 0.510254979133606 694
1616532154519 0.556861937046051 695
1616532188776 0.5628074407577515 696
1616532223053 0.5191742181777954 697
1616532257871 0.5325297117233276 698
1616532292163 0.5416850447654724 699
1616532330845 0.5491922497749329 700
1616532365556 0.5510466694831848 701
1616532399905 0.5422968864440918 702
1616532434358 0.539282500743866 703
1616532468652 0.537608802318573 704
1616532503016 0.5635517835617065 705
1616532537829 0.523963212966919 706
1616532572528 0.5350034832954407 707
1616532607317 0.5373642444610596 708
1616532641569 0.5467500686645508 709
1616532681091 0.5282586216926575 710
1616532715417 0.5692950487136841 711
1616532749906 0.5498854517936707 712
1616532784897 0.5631077289581299 713
1616532819654 0.5598018765449524 714
1616532853847 0.5465692281723022 715
1616532888575 0.5476260185241699 716
1616532923307 0.5380107164382935 717
1616532957847 0.5462977886199951 718
1616532992560 0.5317609906196594 719
1616533031815 0.5605896711349487 720
1616533066711 0.5502148270606995 721
1616533101519 0.5323883891105652 722
1616533136111 0.516281008720398 723
1616533170617 0.5293083190917969 724
1616533204941 0.559243381023407 725
1616533240037 0.554290771484375 726
1616533274605 0.5374797582626343 727
1616533309271 0.5422017574310303 728
1616533343972 0.5403890609741211 729
1616533383514 0.5757067203521729 730
1616533418236 0.5280344486236572 731
1616533453322 0.5407568216323853 732
1616533487680 0.5746294260025024 733
1616533522462 0.5486758947372437 734
1616533557019 0.534675657749176 735
1616533591480 0.5751308798789978 736
1616533626244 0.5403993129730225 737
1616533661116 0.5473741292953491 738
1616533695443 0.5632132291793823 739
1616533733969 0.5520249605178833 740
1616533768718 0.546629786491394 741
1616533802971 0.5523337721824646 742
1616533837252 0.5460297465324402 743
1616533872376 0.580241322517395 744
1616533907201 0.5642343163490295 745
1616533941774 0.5588816404342651 746
1616533976282 0.5676453113555908 747
1616534010658 0.5500952005386353 748
1616534045391 0.5552130937576294 749
1616534084188 0.5534801483154297 750
1616534118581 0.5701045989990234 751
1616534152907 0.5434450507164001 752
1616534187929 0.5296564102172852 753
1616534222612 0.5491122007369995 754
1616534257044 0.5901139974594116 755
1616534291189 0.5883750319480896 756
1616534325919 0.5674437880516052 757
1616534360271 0.5662660598754883 758
1616534395090 0.5635780096054077 759
1616534434554 0.5191675424575806 760
1616534469304 0.5227396488189697 761
1616534503799 0.5585495233535767 762
1616534538358 0.5967315435409546 763
1616534572971 0.542980432510376 764
1616534607657 0.541001558303833 765
1616534642597 0.5631869435310364 766
1616534677522 0.5941654443740845 767
1616534712542 0.5189865827560425 768
1616534747142 0.5716618895530701 769
1616534786062 0.5544414520263672 770
1616534820338 0.5517314672470093 771
1616534854757 0.5292688608169556 772
1616534889231 0.5484384298324585 773
1616534923999 0.5272210836410522 774
1616534958690 0.5710864067077637 775
1616534993512 0.5559248328208923 776
1616535027765 0.5580755472183228 777
1616535062563 0.5588411092758179 778
1616535096878 0.5507221817970276 779
1616535135182 0.5491245985031128 780
1616535169836 0.5142531991004944 781
1616535204567 0.5682229995727539 782
1616535239206 0.5390057563781738 783
1616535273688 0.5727407932281494 784
1616535308063 0.5306392312049866 785
1616535342888 0.5251730680465698 786
1616535377282 0.5469751954078674 787
1616535412163 0.5825311541557312 788
1616535446637 0.5388860702514648 789
1616535485702 0.57761549949646 790
1616535520567 0.5658800601959229 791
1616535555323 0.5158785581588745 792
1616535590066 0.5273566246032715 793
1616535624660 0.5485198497772217 794
1616535658904 0.5746780633926392 795
1616535693805 0.5760484933853149 796
1616535727879 0.5212696194648743 797
1616535762277 0.542134165763855 798
1616535796481 0.5559369325637817 799
1616535835548 0.5335347056388855 800
1616535870013 0.562201738357544 801
1616535904752 0.561318039894104 802
1616535938964 0.5406731367111206 803
1616535973643 0.572106122970581 804
1616536008214 0.5481668710708618 805
1616536043025 0.5428179502487183 806
1616536077469 0.5336360931396484 807
1616536112063 0.5519665479660034 808
1616536146657 0.5365052223205566 809
1616536186062 0.5595031976699829 810
1616536220613 0.5470079183578491 811
1616536254943 0.5663378238677979 812
1616536289534 0.5876036882400513 813
1616536323684 0.537767767906189 814
1616536357923 0.5455801486968994 815
1616536392643 0.5890456438064575 816
1616536426918 0.5556362867355347 817
1616536461240 0.5587396621704102 818
1616536495903 0.5277537703514099 819
1616536535095 0.5826064944267273 820
1616536569822 0.5741103887557983 821
1616536604556 0.5376793146133423 822
1616536638869 0.5666812658309937 823
1616536673522 0.5620445013046265 824
1616536708416 0.5642212629318237 825
1616536743312 0.5895987749099731 826
1616536778341 0.5547306537628174 827
1616536813223 0.562419593334198 828
1616536847501 0.5511507987976074 829
1616536886374 0.5277156829833984 830
1616536921296 0.5616521835327148 831
1616536955606 0.5563033819198608 832
1616536989970 0.5367372035980225 833
1616537024470 0.5570213794708252 834
1616537059237 0.5321836471557617 835
1616537093705 0.5279085636138916 836
1616537128342 0.5393936038017273 837
1616537163062 0.5655225515365601 838
1616537197271 0.5585750341415405 839
1616537236635 0.5519553422927856 840
1616537271530 0.541141152381897 841
1616537306214 0.5760307312011719 842
1616537340934 0.5658865571022034 843
1616537375423 0.5597368478775024 844
1616537409716 0.5599098205566406 845
1616537443978 0.557399570941925 846
1616537478487 0.5307050943374634 847
1616537512992 0.5349138975143433 848
1616537547557 0.5217296481132507 849
1616537586612 0.5700074434280396 850
1616537621210 0.573511004447937 851
1616537655483 0.5553767085075378 852
1616537689757 0.5263471603393555 853
1616537724533 0.536378800868988 854
1616537759331 0.5419707298278809 855
1616537793858 0.5741181373596191 856
1616537828119 0.5435643792152405 857
1616537862851 0.5404711365699768 858
1616537897644 0.5635800361633301 859
1616537936714 0.5631529688835144 860
1616537971490 0.5735538005828857 861
1616538005860 0.5797992944717407 862
1616538040743 0.5519620180130005 863
1616538075103 0.5475902557373047 864
1616538109821 0.5314764380455017 865
1616538144556 0.5602493286132812 866
1616538179548 0.5464648008346558 867
1616538213997 0.5455756783485413 868
1616538248785 0.5848383903503418 869
1616538287873 0.5687171220779419 870
1616538322620 0.5424129962921143 871
1616538357441 0.5304709672927856 872
1616538392129 0.570483922958374 873
1616538426407 0.5395800471305847 874
1616538461069 0.5655540227890015 875
1616538495575 0.5819183588027954 876
1616538530096 0.5574679374694824 877
1616538564908 0.5525773763656616 878
1616538599487 0.5779056549072266 879
1616538638993 0.5516621470451355 880
1616538673826 0.5715279579162598 881
1616538708165 0.5855098962783813 882
1616538742788 0.528735339641571 883
1616538777677 0.5323459506034851 884
1616538812888 0.5461170673370361 885
1616538847530 0.5682868957519531 886
1616538882221 0.5656822919845581 887
1616538916916 0.5335409641265869 888
1616538951642 0.5618234872817993 889
1616538990892 0.5774849057197571 890
1616539025537 0.5721919536590576 891
1616539060386 0.5595413446426392 892
1616539095113 0.5261093378067017 893
1616539129889 0.5679676532745361 894
1616539164800 0.5530492067337036 895
1616539199844 0.5421063899993896 896
1616539234869 0.5529332160949707 897
1616539269707 0.5606563687324524 898
1616539304732 0.5631406307220459 899
1616539343690 0.539838433265686 900
1616539378458 0.5720133781433105 901
1616539412716 0.5415675640106201 902
1616539447186 0.5601733922958374 903
1616539481651 0.5710855722427368 904
1616539515780 0.5339273810386658 905
1616539550081 0.5354281663894653 906
1616539584688 0.5557540059089661 907
1616539619417 0.5587421655654907 908
1616539654327 0.5574182868003845 909
1616539693577 0.5491577386856079 910
1616539728265 0.5269486904144287 911
1616539762990 0.5439399480819702 912
1616539797810 0.5544212460517883 913
1616539832360 0.5614601373672485 914
1616539866682 0.5670753717422485 915
1616539901094 0.541743814945221 916
1616539935951 0.5569592714309692 917
1616539970560 0.5727216601371765 918
1616540004820 0.5975004434585571 919
1616540043390 0.524563193321228 920
1616540078180 0.5486598014831543 921
1616540112549 0.5223947167396545 922
1616540146819 0.5515161156654358 923
1616540181253 0.5816018581390381 924
1616540216197 0.5008651614189148 925
1616540251294 0.5690644383430481 926
1616540286290 0.5603269338607788 927
1616540320909 0.5403996706008911 928
1616540354978 0.536021888256073 929
1616540395131 0.5553995966911316 930
1616540429350 0.5432322025299072 931
1616540464040 0.5430386662483215 932
1616540498444 0.5612738728523254 933
1616540532656 0.5438786745071411 934
1616540566842 0.581382155418396 935
1616540601059 0.5351535081863403 936
1616540635824 0.5459566116333008 937
1616540670601 0.5140884518623352 938
1616540704935 0.5465485453605652 939
1616540744032 0.534552812576294 940
1616540778577 0.5732088088989258 941
1616540813789 0.578957736492157 942
1616540848783 0.5684854984283447 943
1616540883202 0.5281568765640259 944
1616540918237 0.5470292568206787 945
1616540953070 0.5583953857421875 946
1616540987753 0.5662240982055664 947
1616541021967 0.5554059743881226 948
1616541056143 0.5488037467002869 949
1616541095435 0.561964213848114 950
1616541129639 0.5481481552124023 951
1616541164291 0.5507165193557739 952
1616541199005 0.5421113967895508 953
1616541233528 0.5774506330490112 954
1616541267910 0.5576946139335632 955
1616541302303 0.5657998323440552 956
1616541337006 0.5299165844917297 957
1616541372096 0.5674124956130981 958
1616541407315 0.5466184616088867 959
1616541445983 0.5540865659713745 960
1616541480573 0.5684951543807983 961
1616541515228 0.5954385995864868 962
1616541549653 0.5346664190292358 963
1616541583884 0.5430808067321777 964
1616541618308 0.5343185067176819 965
1616541652550 0.5543613433837891 966
1616541686880 0.5339616537094116 967
1616541721625 0.5371266007423401 968
1616541756298 0.548248291015625 969
1616541795487 0.5646802186965942 970
1616541830199 0.5719699263572693 971
1616541864859 0.5517486333847046 972
1616541899362 0.5213252305984497 973
1616541933745 0.55753093957901 974
1616541968323 0.5658555626869202 975
1616542002904 0.5242881774902344 976
1616542037638 0.5428549647331238 977
1616542072088 0.5716015100479126 978
1616542106899 0.5576055645942688 979
1616542146297 0.5605841875076294 980
1616542180623 0.5344773530960083 981
1616542215251 0.5396702289581299 982
1616542249707 0.5471634268760681 983
1616542284551 0.5584694147109985 984
1616542318881 0.551077663898468 985
1616542353519 0.5518595576286316 986
1616542388259 0.5550360083580017 987
1616542422749 0.5691901445388794 988
1616542456945 0.5239081382751465 989
1616542496281 0.5152220726013184 990
1616542530997 0.5559502243995667 991
1616542565585 0.5569521188735962 992
1616542600358 0.5552739500999451 993
1616542634715 0.5406767129898071 994
1616542669455 0.562070369720459 995
1616542703882 0.5522804260253906 996
1616542738481 0.5303250551223755 997
1616542772991 0.5513806343078613 998
1616542807997 0.5603597164154053 999
1616542847006 0.5654220581054688 1000
1616542881600 0.5452181100845337 1001
1616542916361 0.5646136999130249 1002
1616542950590 0.5709173679351807 1003
1616542985181 0.5237222909927368 1004
1616543019927 0.5343988537788391 1005
1616543054130 0.534035861492157 1006
1616543089013 0.5676633715629578 1007
1616543123671 0.5542437434196472 1008
1616543158625 0.5632467269897461 1009
1616543197582 0.5367358922958374 1010
1616543232633 0.5438429117202759 1011
1616543267354 0.5504828691482544 1012
1616543302250 0.585500955581665 1013
1616543336831 0.5552942752838135 1014
1616543371378 0.5612826347351074 1015
1616543406107 0.5319138765335083 1016
1616543440632 0.5549718141555786 1017
1616543475427 0.5646929740905762 1018
1616543510147 0.5283231735229492 1019
1616543549209 0.5891085863113403 1020
1616543583488 0.558124303817749 1021
1616543617807 0.5510722994804382 1022
1616543652119 0.5598101615905762 1023
1616543686353 0.5512896776199341 1024
1616543721109 0.5778167247772217 1025
1616543755478 0.5480654239654541 1026
1616543789957 0.560640811920166 1027
1616543824901 0.5873273611068726 1028
1616543859779 0.5518704652786255 1029
1616543898947 0.5628349781036377 1030
1616543933378 0.5706576704978943 1031
1616543967775 0.5502458214759827 1032
1616544002455 0.5628387928009033 1033
1616544036728 0.5498322248458862 1034
1616544071049 0.5567754507064819 1035
1616544105690 0.5217456221580505 1036
1616544140418 0.5570707321166992 1037
1616544174460 0.5354968309402466 1038
1616544209779 0.5606339573860168 1039
1616544249280 0.5670161843299866 1040
1616544284260 0.566398024559021 1041
1616544319710 0.5397301912307739 1042
1616544354644 0.5567441582679749 1043
1616544388923 0.581423819065094 1044
1616544423228 0.5797311663627625 1045
1616544457479 0.5548686981201172 1046
1616544491696 0.5431718826293945 1047
1616544526397 0.53117835521698 1048
1616544560994 0.5547263026237488 1049
1616544600050 0.5624607801437378 1050
1616544634993 0.5575867891311646 1051
1616544669830 0.5501182079315186 1052
1616544704796 0.5102362632751465 1053
1616544739342 0.5513972043991089 1054
1616544774104 0.5693211555480957 1055
1616544808820 0.5408538579940796 1056
1616544843444 0.5253660678863525 1057
1616544877846 0.5427377820014954 1058
1616544912645 0.5944671630859375 1059
1616544951919 0.5434131622314453 1060
1616544986746 0.5539811849594116 1061
1616545021499 0.5755152702331543 1062
1616545056255 0.5430788397789001 1063
1616545090548 0.5200458765029907 1064
1616545124905 0.5498363971710205 1065
1616545159084 0.5225356817245483 1066
1616545193301 0.5460909605026245 1067
1616545227603 0.5495202541351318 1068
1616545262469 0.5502644777297974 1069
1616545301374 0.5409201979637146 1070
1616545336182 0.5435351133346558 1071
1616545371019 0.5487093329429626 1072
1616545405947 0.5503174066543579 1073
1616545440960 0.5232121348381042 1074
1616545476039 0.5472086668014526 1075
1616545510847 0.5523309707641602 1076
1616545545568 0.586546003818512 1077
1616545580361 0.5275298953056335 1078
1616545615497 0.5610001087188721 1079
1616545654977 0.5669481754302979 1080
1616545689219 0.5510832071304321 1081
1616545723481 0.5614755153656006 1082
1616545758286 0.5367711186408997 1083
1616545792629 0.5545328855514526 1084
1616545827144 0.5498110055923462 1085
1616545861625 0.5541746020317078 1086
1616545895805 0.5547826886177063 1087
1616545930567 0.5597249269485474 1088
1616545964909 0.5422312617301941 1089
1616546004426 0.5722291469573975 1090
1616546039274 0.514498233795166 1091
1616546073748 0.5661861896514893 1092
1616546108208 0.532835841178894 1093
1616546143176 0.5681829452514648 1094
1616546177493 0.5424314737319946 1095
1616546212543 0.5550316572189331 1096
1616546247192 0.5564370155334473 1097
1616546282006 0.5822679400444031 1098
1616546316429 0.5376905202865601 1099
1616546355547 0.526894748210907 1100
1616546390467 0.5444865226745605 1101
1616546424871 0.5646836757659912 1102
1616546459762 0.5359484553337097 1103
1616546494440 0.574156641960144 1104
1616546528957 0.5280656814575195 1105
1616546563643 0.5531175136566162 1106
1616546598125 0.5708961486816406 1107
1616546632653 0.5343693494796753 1108
1616546666960 0.5272390246391296 1109
1616546705825 0.5618968605995178 1110
1616546740635 0.5494909882545471 1111
1616546775818 0.5865561366081238 1112
1616546810026 0.5406404733657837 1113
1616546844258 0.5772764682769775 1114
1616546878488 0.5134131908416748 1115
1616546913260 0.5506205558776855 1116
1616546948035 0.540826678276062 1117
1616546982703 0.538524866104126 1118
1616547017221 0.5634181499481201 1119
1616547056358 0.5538138151168823 1120
1616547091338 0.5587956309318542 1121
1616547126053 0.5273699164390564 1122
1616547160815 0.5578715205192566 1123
1616547195788 0.5739392638206482 1124
1616547230629 0.5438697338104248 1125
1616547265295 0.5441993474960327 1126
1616547299621 0.5704426169395447 1127
1616547334284 0.5431629419326782 1128
1616547369144 0.592003583908081 1129
1616547408500 0.5610650777816772 1130
1616547443376 0.5250805616378784 1131
1616547477878 0.5411103963851929 1132
1616547512668 0.5889018774032593 1133
1616547547051 0.5521069765090942 1134
1616547581385 0.5518524050712585 1135
1616547616427 0.5338931679725647 1136
1616547651066 0.5098993182182312 1137
1616547685533 0.5675978660583496 1138
1616547719857 0.5183572769165039 1139
1616547759145 0.521283745765686 1140
1616547793872 0.5547064542770386 1141
1616547828035 0.5502071976661682 1142
1616547862356 0.5505713224411011 1143
1616547896750 0.5471514463424683 1144
1616547931246 0.5509780645370483 1145
1616547965851 0.5679100751876831 1146
1616548000676 0.5284948348999023 1147
1616548035747 0.5748957991600037 1148
1616548070621 0.5289962291717529 1149
1616548109935 0.5534468293190002 1150
1616548144325 0.5242726802825928 1151
1616548179202 0.5567433834075928 1152
1616548213846 0.5599970817565918 1153
1616548248631 0.5406558513641357 1154
1616548283222 0.5561289191246033 1155
1616548317421 0.5341542363166809 1156
1616548351649 0.563645601272583 1157
1616548386371 0.5321753025054932 1158
1616548421075 0.5525970458984375 1159
1616548460451 0.5812588930130005 1160
1616548495517 0.5469075441360474 1161
1616548530453 0.5563884377479553 1162
1616548565033 0.549268364906311 1163
1616548599760 0.5450749397277832 1164
1616548634492 0.5685901045799255 1165
1616548668733 0.5325615406036377 1166
1616548703673 0.5526719689369202 1167
1616548737968 0.5149964094161987 1168
1616548772809 0.5404397249221802 1169
1616548811655 0.5886176824569702 1170
1616548846016 0.5326001048088074 1171
1616548880332 0.5776587128639221 1172
1616548915072 0.5841958522796631 1173
1616548949809 0.550678014755249 1174
1616548984579 0.547345757484436 1175
1616549019002 0.5518140196800232 1176
1616549053421 0.5501807928085327 1177
1616549087983 0.5434951782226562 1178
1616549122301 0.5740732550621033 1179
1616549160830 0.5433132648468018 1180
1616549195278 0.5668349266052246 1181
1616549230057 0.5723545551300049 1182
1616549264941 0.6008596420288086 1183
1616549299760 0.5486752986907959 1184
1616549334282 0.5650243163108826 1185
1616549368675 0.5709152817726135 1186
1616549402951 0.561604380607605 1187
1616549437407 0.5354297161102295 1188
1616549471622 0.5510985851287842 1189
1616549510439 0.5268019437789917 1190
1616549544587 0.5426722764968872 1191
1616549579010 0.5440728664398193 1192
1616549613689 0.547350287437439 1193
1616549648044 0.553702712059021 1194
1616549682843 0.5500221252441406 1195
1616549717108 0.5609900951385498 1196
1616549751787 0.49853450059890747 1197
1616549786104 0.5610819458961487 1198
1616549821017 0.5663856863975525 1199
1616549860130 0.5151660442352295 1200
1616549882510 0.561004102230072 0
1616549882522 0.561004102230072 0
