1616507862080 0.25762587785720825 1
1616507896286 0.34420448541641235 2
1616507930887 0.4515853524208069 3
1616507965481 0.5620923042297363 4
1616508001064 0.6351292133331299 5
1616508035951 0.6752925515174866 6
1616508070371 0.6649988889694214 7
1616508104972 0.6891884803771973 8
1616508139374 0.681306004524231 9
1616508178601 0.6857796311378479 10
1616508213301 0.6901981234550476 11
1616508247599 0.6877008676528931 12
1616508282021 0.7015217542648315 13
1616508316914 0.6942912936210632 14
1616508353946 0.709464967250824 15
1616508390571 0.7044109106063843 16
1616508426305 0.6850999593734741 17
1616508461035 0.7027347087860107 18
1616508496504 0.7439656257629395 19
1616508536250 0.753208577632904 20
1616508570998 0.7349297404289246 21
1616508606005 0.7527580261230469 22
1616508640728 0.7451862096786499 23
1616508675079 0.7420037984848022 24
1616508709322 0.751258134841919 25
1616508743383 0.7668585777282715 26
1616508777488 0.7503893375396729 27
1616508812079 0.7576932311058044 28
1616508846970 0.7808895111083984 29
1616508885215 0.7760947942733765 30
1616508919403 0.7564489245414734 31
1616508954337 0.7651829719543457 32
1616508989279 0.756901741027832 33
1616509023845 0.7849709987640381 34
1616509058672 0.7717481255531311 35
1616509093603 0.8012170195579529 36
1616509128222 0.7628269195556641 37
1616509162687 0.7886106967926025 38
1616509197278 0.7776573896408081 39
1616509236046 0.8126035928726196 40
1616509270472 0.7859529256820679 41
1616509305172 0.7855089902877808 42
1616509339871 0.7612173557281494 43
1616509374573 0.7757288217544556 44
1616509408849 0.7775906324386597 45
1616509443366 0.8005590438842773 46
1616509477607 0.8106174468994141 47
1616509512200 0.79248046875 48
1616509546839 0.810289740562439 49
1616509585950 0.8049370050430298 50
1616509620429 0.805062472820282 51
1616509655257 0.7811404466629028 52
1616509689425 0.8021354675292969 53
1616509724107 0.7989919781684875 54
1616509759082 0.8161811232566833 55
1616509793973 0.8171089291572571 56
1616509828629 0.7784159183502197 57
1616509863178 0.819075345993042 58
1616509897961 0.7894996404647827 59
1616509936853 0.7736169099807739 60
1616509971356 0.7498391270637512 61
1616510005521 0.7884487509727478 62
1616510040334 0.7873664498329163 63
1616510074788 0.799992561340332 64
1616510109298 0.7956482172012329 65
1616510143412 0.7991575002670288 66
1616510177442 0.8018020987510681 67
1616510211708 0.8007951378822327 68
1616510246017 0.8046435713768005 69
1616510284749 0.8138961791992188 70
1616510319576 0.8182567358016968 71
1616510354563 0.8093099594116211 72
1616510389303 0.8008758425712585 73
1616510423990 0.807453989982605 74
1616510458046 0.7896725535392761 75
1616510492562 0.8083091974258423 76
1616510527037 0.7940890789031982 77
1616510561211 0.79019695520401 78
1616510595718 0.7984631061553955 79
1616510634715 0.8094565868377686 80
1616510669321 0.8256327509880066 81
1616510704008 0.8237192630767822 82
1616510738646 0.8076658248901367 83
1616510773425 0.814301609992981 84
1616510808068 0.8163740634918213 85
1616510842837 0.8143637180328369 86
1616510877068 0.8258828520774841 87
1616510911203 0.8552082777023315 88
1616510945708 0.8232241272926331 89
1616510984654 0.8402255773544312 90
1616511018840 0.7952099442481995 91
1616511053169 0.8075181245803833 92
1616511088016 0.8407173752784729 93
1616511122564 0.8241883516311646 94
1616511157451 0.8283975124359131 95
1616511192354 0.8315301537513733 96
1616511227080 0.8333954215049744 97
1616511261330 0.8267861604690552 98
1616511295838 0.8282990455627441 99
1616511334811 0.8282999992370605 100
1616511369818 0.8122434020042419 101
1616511404568 0.8200638294219971 102
1616511438813 0.8412457704544067 103
1616511473157 0.8524036407470703 104
1616511507673 0.8373039960861206 105
1616511542177 0.7986882925033569 106
1616511576964 0.8180196285247803 107
1616511611677 0.830410361289978 108
1616511645676 0.8266868591308594 109
1616511684093 0.8418020606040955 110
1616511718661 0.8492022752761841 111
1616511753520 0.844535231590271 112
1616511787880 0.8323696255683899 113
1616511822127 0.806289553642273 114
1616511856970 0.8262491226196289 115
1616511891956 0.8654736280441284 116
1616511926294 0.8491631150245667 117
1616511960935 0.8339471817016602 118
1616511995624 0.8478796482086182 119
1616512034871 0.8274168968200684 120
1616512069578 0.8157342672348022 121
1616512103744 0.8098934292793274 122
1616512138124 0.8266938328742981 123
1616512172456 0.8137224912643433 124
1616512206643 0.8233770132064819 125
1616512241324 0.8123942613601685 126
1616512276001 0.8437026739120483 127
1616512310638 0.8228162527084351 128
1616512345386 0.8020138144493103 129
1616512384264 0.8179131746292114 130
1616512418883 0.8255589604377747 131
1616512453394 0.8488627672195435 132
1616512488010 0.8216193318367004 133
1616512522291 0.8317245244979858 134
1616512556475 0.8429792523384094 135
1616512591213 0.8450372219085693 136
1616512625359 0.8371434211730957 137
1616512659626 0.8355803489685059 138
1616512693669 0.8347073793411255 139
1616512732293 0.837212085723877 140
1616512766746 0.863274872303009 141
1616512801302 0.8446279764175415 142
1616512835601 0.8266655206680298 143
1616512869837 0.8307749032974243 144
1616512904509 0.8389244079589844 145
1616512939540 0.8511607646942139 146
1616512974446 0.8584102392196655 147
1616513009453 0.8531065583229065 148
1616513044240 0.8712728023529053 149
1616513083635 0.8563311696052551 150
1616513118323 0.8427310585975647 151
1616513153464 0.8249348402023315 152
1616513187852 0.8236728310585022 153
1616513222503 0.8664116263389587 154
1616513257156 0.8567029237747192 155
1616513291750 0.8622667193412781 156
1616513326332 0.8449602127075195 157
1616513360779 0.8044188618659973 158
1616513395553 0.819293200969696 159
1616513434531 0.8347465395927429 160
1616513469162 0.8467068076133728 161
1616513503396 0.8748111724853516 162
1616513537782 0.8641408085823059 163
1616513572331 0.8417961597442627 164
1616513607114 0.849372148513794 165
1616513641565 0.852313220500946 166
1616513676261 0.8512527346611023 167
1616513710685 0.8249332308769226 168
1616513745378 0.8414730429649353 169
1616513783908 0.8593524694442749 170
1616513818456 0.8550512194633484 171
1616513852809 0.8443081974983215 172
1616513887307 0.8360232710838318 173
1616513922003 0.8500934839248657 174
1616513956740 0.8490674495697021 175
1616513991062 0.846466064453125 176
1616514025127 0.8472803831100464 177
1616514059692 0.8301907181739807 178
1616514093838 0.8717061281204224 179
1616514133200 0.8357236385345459 180
1616514167340 0.8499863147735596 181
1616514201528 0.8694936037063599 182
1616514235776 0.8343521356582642 183
1616514270419 0.8512539863586426 184
1616514304839 0.8491914868354797 185
1616514339242 0.8531456589698792 186
1616514373694 0.8382152318954468 187
1616514407913 0.8508400917053223 188
1616514442839 0.839340090751648 189
1616514482267 0.8568838834762573 190
1616514516859 0.830386757850647 191
1616514551636 0.8096201419830322 192
1616514585957 0.8515828251838684 193
1616514620247 0.8500877618789673 194
1616514654799 0.8627482652664185 195
1616514689412 0.8349711894989014 196
1616514724150 0.8394193053245544 197
1616514759000 0.865027904510498 198
1616514793719 0.8664664030075073 199
1616514832920 0.8809924721717834 200
1616514867159 0.8610070943832397 201
1616514901731 0.8481974005699158 202
1616514935899 0.8522365093231201 203
1616514970666 0.8611837029457092 204
1616515004811 0.8510123491287231 205
1616515038970 0.8584831953048706 206
1616515073216 0.8254822492599487 207
1616515107802 0.8690038919448853 208
1616515142751 0.8383978009223938 209
1616515181677 0.8369157314300537 210
1616515216082 0.8669214844703674 211
1616515250923 0.8717084527015686 212
1616515285333 0.8595317006111145 213
1616515319830 0.8583167791366577 214
1616515354512 0.8623251914978027 215
1616515388768 0.891126275062561 216
1616515423817 0.8454748392105103 217
1616515458173 0.876209020614624 218
1616515492794 0.8716974258422852 219
1616515531577 0.8342739939689636 220
1616515566150 0.838692843914032 221
1616515600552 0.8541023135185242 222
1616515635287 0.8578797578811646 223
1616515669822 0.8506917953491211 224
1616515704188 0.8689060211181641 225
1616515739118 0.8619805574417114 226
1616515773649 0.8408320546150208 227
1616515807998 0.8089628219604492 228
1616515842373 0.8565047383308411 229
1616515881594 0.8495972156524658 230
1616515916026 0.8506292104721069 231
1616515950332 0.8627043962478638 232
1616515984636 0.8801368474960327 233
1616516018955 0.8374149799346924 234
1616516053838 0.8680438995361328 235
1616516088160 0.8643010258674622 236
1616516122458 0.8833209276199341 237
1616516157602 0.8565559387207031 238
1616516191941 0.8626197576522827 239
1616516231083 0.8471338748931885 240
1616516265643 0.8581304550170898 241
1616516299881 0.8635782599449158 242
1616516334298 0.8615847826004028 243
1616516368582 0.8718173503875732 244
1616516403056 0.8653538227081299 245
1616516437591 0.8789205551147461 246
1616516472581 0.8728592991828918 247
1616516507144 0.8394696712493896 248
1616516541998 0.8471296429634094 249
1616516580869 0.8452236652374268 250
1616516615585 0.8691277503967285 251
1616516649781 0.870275616645813 252
1616516684378 0.8757650852203369 253
1616516719022 0.8709966540336609 254
1616516753284 0.8517552018165588 255
1616516788042 0.8846845626831055 256
1616516822319 0.8744133114814758 257
1616516857299 0.8629490733146667 258
1616516892208 0.8621724843978882 259
1616516931768 0.8566170930862427 260
1616516966109 0.8538968563079834 261
1616517000846 0.8399041891098022 262
1616517035083 0.8576043844223022 263
1616517069315 0.8605679273605347 264
1616517103914 0.8457448482513428 265
1616517138090 0.8719302415847778 266
1616517172832 0.8702278733253479 267
1616517207222 0.8490567803382874 268
1616517241506 0.8687832355499268 269
1616517280401 0.8467673063278198 270
1616517314682 0.8426448702812195 271
1616517349250 0.847111701965332 272
1616517383636 0.8471739888191223 273
1616517417857 0.8240225315093994 274
1616517452494 0.8813207149505615 275
1616517487571 0.8451316356658936 276
1616517521888 0.8601936101913452 277
1616517556675 0.8556493520736694 278
1616517591461 0.8481994867324829 279
1616517630493 0.8633996248245239 280
1616517665262 0.8579025268554688 281
1616517699836 0.8546183705329895 282
1616517734610 0.8699959516525269 283
1616517769252 0.8633056879043579 284
1616517803532 0.8724485635757446 285
1616517838304 0.8782815933227539 286
1616517872764 0.8589810132980347 287
1616517907403 0.854568600654602 288
1616517941717 0.8409704566001892 289
1616517980325 0.8765571117401123 290
1616518014960 0.8772323131561279 291
1616518049629 0.8464674949645996 292
1616518083964 0.8640766143798828 293
1616518118815 0.8766137361526489 294
1616518153813 0.8913265466690063 295
1616518187942 0.860592246055603 296
1616518222413 0.8557462692260742 297
1616518256893 0.8757773041725159 298
1616518291628 0.8410313129425049 299
1616518330102 0.8540117144584656 300
1616518364745 0.8538599014282227 301
1616518399211 0.8454364538192749 302
1616518433722 0.8900577425956726 303
1616518467995 0.8686224818229675 304
1616518502284 0.8447749614715576 305
1616518537096 0.8603854179382324 306
1616518571464 0.8451277613639832 307
1616518606360 0.8513555526733398 308
1616518641220 0.8866532444953918 309
1616518680568 0.8654669523239136 310
1616518715419 0.8740842342376709 311
1616518749880 0.8733680248260498 312
1616518784557 0.8655660152435303 313
1616518819124 0.8487731218338013 314
1616518853736 0.8775368332862854 315
1616518888418 0.8347666263580322 316
1616518923065 0.8539429903030396 317
1616518957565 0.8532078862190247 318
1616518991814 0.8427518606185913 319
1616519030186 0.874325156211853 320
1616519064387 0.8480185866355896 321
1616519099091 0.8814126253128052 322
1616519133975 0.8574106097221375 323
1616519168583 0.8364381194114685 324
1616519202869 0.8674473166465759 325
1616519237202 0.8909870386123657 326
1616519271873 0.8742203712463379 327
1616519306635 0.8688549399375916 328
1616519341189 0.8532934784889221 329
1616519379973 0.8889631032943726 330
1616519414584 0.8839160203933716 331
1616519449676 0.8993967771530151 332
1616519484142 0.8619443774223328 333
1616519518374 0.8737320899963379 334
1616519553049 0.8711680173873901 335
1616519587782 0.860908031463623 336
1616519621986 0.8810291886329651 337
1616519656211 0.8606767654418945 338
1616519690531 0.861004114151001 339
1616519729406 0.8653321266174316 340
1616519764314 0.8729344606399536 341
1616519799093 0.876140832901001 342
1616519833652 0.8995336294174194 343
1616519868174 0.8473007678985596 344
1616519902641 0.866355299949646 345
1616519937013 0.8866394758224487 346
1616519971225 0.8815723657608032 347
1616520005410 0.8743786811828613 348
1616520040200 0.8673645257949829 349
1616520079615 0.872279942035675 350
1616520114276 0.8662139177322388 351
1616520149390 0.8830950856208801 352
1616520183736 0.8403021097183228 353
1616520218447 0.8579552173614502 354
1616520252981 0.8726485967636108 355
1616520287681 0.869059145450592 356
1616520322081 0.8947345018386841 357
1616520356216 0.8824107646942139 358
1616520390821 0.8858609795570374 359
1616520429592 0.8841431140899658 360
1616520464529 0.8835703134536743 361
1616520499797 0.868330717086792 362
1616520534777 0.8953763246536255 363
1616520569185 0.8796002864837646 364
1616520604020 0.8734565377235413 365
1616520638209 0.8682518005371094 366
1616520672398 0.8853325843811035 367
1616520707087 0.867145299911499 368
1616520741283 0.845802903175354 369
1616520779840 0.87631756067276 370
1616520814469 0.8492571115493774 371
1616520849186 0.8693556785583496 372
1616520884016 0.8655911684036255 373
1616520918531 0.8850300908088684 374
1616520952903 0.8589578866958618 375
1616520987172 0.8878548741340637 376
1616521021866 0.8970640301704407 377
1616521056819 0.8823158740997314 378
1616521091360 0.8629785776138306 379
1616521130226 0.8955292701721191 380
1616521164561 0.8861647248268127 381
1616521199541 0.8857893943786621 382
1616521233783 0.8816510438919067 383
1616521268010 0.8691813349723816 384
1616521302268 0.902060866355896 385
1616521337010 0.8795236349105835 386
1616521371662 0.8871254920959473 387
1616521406285 0.8898105621337891 388
1616521440766 0.8776474595069885 389
1616521480143 0.8432642221450806 390
1616521514970 0.8795591592788696 391
1616521549575 0.8627439737319946 392
1616521584459 0.8958585262298584 393
1616521619242 0.882466197013855 394
1616521653523 0.8639307022094727 395
1616521687844 0.8464735746383667 396
1616521722308 0.8744773864746094 397
1616521757420 0.8583211302757263 398
1616521792014 0.8726853132247925 399
1616521830483 0.8742411136627197 400
1616521864797 0.8850340247154236 401
1616521899177 0.8601294755935669 402
1616521933678 0.8377578258514404 403
1616521968369 0.8836693167686462 404
1616522002899 0.8752999305725098 405
1616522037461 0.8715532422065735 406
1616522071906 0.8685603141784668 407
1616522106728 0.8622472286224365 408
1616522141299 0.8842194080352783 409
1616522180543 0.8709894418716431 410
1616522215017 0.8639646768569946 411
1616522250020 0.8776991367340088 412
1616522284429 0.8609987497329712 413
1616522319112 0.8697490692138672 414
1616522353632 0.8664805889129639 415
1616522388155 0.8535464406013489 416
1616522422503 0.8806076049804688 417
1616522456693 0.8784172534942627 418
1616522491067 0.8819988369941711 419
1616522529494 0.8734633922576904 420
1616522564197 0.8822125196456909 421
1616522598517 0.8689535856246948 422
1616522633070 0.8948544263839722 423
1616522668187 0.9001665115356445 424
1616522703178 0.8692466020584106 425
1616522737593 0.8741423487663269 426
1616522772520 0.8832690119743347 427
1616522807010 0.8640130162239075 428
1616522841745 0.875018298625946 429
1616522880632 0.8625569939613342 430
1616522915550 0.8678752183914185 431
1616522950584 0.8878915309906006 432
1616522985003 0.8695118427276611 433
1616523019261 0.854838490486145 434
1616523053725 0.8669649362564087 435
1616523088034 0.8939323425292969 436
1616523122534 0.876321017742157 437
1616523156812 0.8704542517662048 438
1616523191365 0.876340925693512 439
1616523230369 0.8884119987487793 440
1616523264622 0.8746459484100342 441
1616523299058 0.8630946278572083 442
1616523333377 0.8565038442611694 443
1616523367979 0.8767428398132324 444
1616523402690 0.8642183542251587 445
1616523437424 0.8759874105453491 446
1616523471965 0.8763381242752075 447
1616523507247 0.8845266699790955 448
1616523542086 0.8694573640823364 449
1616523581177 0.8887451887130737 450
1616523615955 0.8660299777984619 451
1616523650172 0.8731952905654907 452
1616523684430 0.8882260322570801 453
1616523719023 0.8804851174354553 454
1616523753692 0.8562796711921692 455
1616523787997 0.8696058392524719 456
1616523822534 0.8962583541870117 457
1616523857196 0.8652160167694092 458
1616523891718 0.8629117012023926 459
1616523930674 0.8778374195098877 460
1616523965210 0.8795040845870972 461
1616523999902 0.8755778074264526 462
1616524034735 0.8644569516181946 463
1616524069395 0.8917983770370483 464
1616524103660 0.8623274564743042 465
1616524138463 0.8815813064575195 466
1616524173212 0.8823838233947754 467
1616524207832 0.8425959348678589 468
1616524242592 0.8770458102226257 469
1616524281422 0.902585506439209 470
1616524315610 0.8669242262840271 471
1616524349796 0.8980001211166382 472
1616524384482 0.885822594165802 473
1616524419131 0.8838621973991394 474
1616524453387 0.8853599429130554 475
1616524488035 0.8798844814300537 476
1616524522543 0.8740127086639404 477
1616524556760 0.8699784278869629 478
1616524590946 0.8853493928909302 479
1616524629544 0.8897697925567627 480
1616524663820 0.8869508504867554 481
1616524698142 0.889391303062439 482
1616524732715 0.8787290453910828 483
1616524767401 0.8731082081794739 484
1616524802099 0.8862587809562683 485
1616524836824 0.882587194442749 486
1616524871743 0.8729370832443237 487
1616524906636 0.8774898052215576 488
1616524941065 0.8895697593688965 489
1616524979832 0.8694494962692261 490
1616525014587 0.8734288811683655 491
1616525049247 0.8716338872909546 492
1616525083630 0.878476619720459 493
1616525118220 0.8919739723205566 494
1616525152988 0.8549120426177979 495
1616525187239 0.8928471207618713 496
1616525221379 0.860650897026062 497
1616525256207 0.8842041492462158 498
1616525290353 0.8639494180679321 499
1616525329331 0.8780661821365356 500
1616525363565 0.8885491490364075 501
1616525398309 0.8919211030006409 502
1616525433053 0.892391562461853 503
1616525467184 0.8659861087799072 504
1616525501968 0.8664341568946838 505
1616525536633 0.8769339919090271 506
1616525571133 0.8775781393051147 507
1616525605966 0.8707257509231567 508
1616525640106 0.8955743312835693 509
1616525679434 0.8767330646514893 510
1616525714252 0.8673880100250244 511
1616525748548 0.87591552734375 512
1616525783802 0.8970758318901062 513
1616525817901 0.8731640577316284 514
1616525852813 0.8820286989212036 515
1616525887684 0.8888412714004517 516
1616525922273 0.883675754070282 517
1616525956932 0.8894647359848022 518
1616525991212 0.8780303597450256 519
1616526030093 0.8931781053543091 520
1616526065284 0.8703920245170593 521
1616526099542 0.895676851272583 522
1616526133908 0.8602567315101624 523
1616526168295 0.8827224969863892 524
1616526203102 0.901236891746521 525
1616526238072 0.8874480724334717 526
1616526272517 0.9115930795669556 527
1616526306954 0.898513674736023 528
1616526341714 0.8756831288337708 529
1616526380422 0.8529834747314453 530
1616526414975 0.8698333501815796 531
1616526449342 0.9072097539901733 532
1616526484221 0.8734543323516846 533
1616526518638 0.8608323335647583 534
1616526553244 0.8664954900741577 535
1616526588387 0.8863775730133057 536
1616526622759 0.8794773817062378 537
1616526656928 0.8874942064285278 538
1616526691690 0.8922446966171265 539
1616526730138 0.8857033848762512 540
1616526764275 0.8871898651123047 541
1616526798736 0.8713827133178711 542
1616526833383 0.8629928827285767 543
1616526868075 0.8885236978530884 544
1616526902615 0.8816248178482056 545
1616526936908 0.8764286041259766 546
1616526971297 0.8929424285888672 547
1616527005726 0.8828783631324768 548
1616527040619 0.8720847368240356 549
1616527079799 0.8876886367797852 550
1616527114313 0.8622050285339355 551
1616527148775 0.8824793100357056 552
1616527183062 0.8529213666915894 553
1616527217350 0.8709002137184143 554
1616527251618 0.8823869228363037 555
1616527286347 0.8807692527770996 556
1616527321068 0.8721575140953064 557
1616527355741 0.8650099039077759 558
1616527390505 0.8512767553329468 559
1616527429420 0.8921310901641846 560
1616527463618 0.8919174671173096 561
1616527497898 0.8719226717948914 562
1616527532736 0.9005758762359619 563
1616527566983 0.8546949625015259 564
1616527601224 0.862478494644165 565
1616527636065 0.8796120882034302 566
1616527670678 0.8719591498374939 567
1616527705614 0.8833944797515869 568
1616527740251 0.8898950815200806 569
1616527779668 0.8911125659942627 570
1616527814510 0.8987868428230286 571
1616527849052 0.8626281023025513 572
1616527883758 0.8795276880264282 573
1616527918009 0.8707339763641357 574
1616527952464 0.8572611808776855 575
1616527986814 0.8770272731781006 576
1616528021426 0.8622884750366211 577
1616528055691 0.875078558921814 578
1616528090431 0.8816092014312744 579
1616528128697 0.8811217546463013 580
1616528162956 0.8898557424545288 581
1616528197629 0.8805774450302124 582
1616528231826 0.8884254693984985 583
1616528266056 0.8667736053466797 584
1616528300692 0.879365861415863 585
1616528335573 0.9007644057273865 586
1616528370115 0.8797289133071899 587
1616528404869 0.8835902810096741 588
1616528439621 0.8980182409286499 589
1616528478720 0.9010855555534363 590
1616528513078 0.8829402923583984 591
1616528548063 0.8953498005867004 592
1616528582617 0.8813403248786926 593
1616528617286 0.9035202264785767 594
1616528651526 0.8663474321365356 595
1616528685844 0.8846067190170288 596
1616528720090 0.8783786296844482 597
1616528754831 0.8699765205383301 598
1616528789055 0.8835389614105225 599
1616528828057 0.8695248365402222 600
1616528862970 0.8861595392227173 601
1616528897308 0.877336859703064 602
1616528932516 0.8970469236373901 603
1616528967112 0.9075583219528198 604
1616529001968 0.8983697891235352 605
1616529036735 0.8795115351676941 606
1616529071379 0.8872590065002441 607
1616529105787 0.8805280923843384 608
1616529140446 0.8941987752914429 609
1616529178837 0.8901922702789307 610
1616529213088 0.8725752830505371 611
1616529247638 0.8567981123924255 612
1616529281965 0.8875295519828796 613
1616529316086 0.9014900922775269 614
1616529350706 0.8886770009994507 615
1616529384927 0.8914310336112976 616
1616529419367 0.8794498443603516 617
1616529454307 0.8800626993179321 618
1616529490077 0.8925037980079651 619
1616529529728 0.8478994369506836 620
1616529563968 0.875173807144165 621
1616529598632 0.90018230676651 622
1616529632979 0.8842908143997192 623
1616529667609 0.8641979694366455 624
1616529702275 0.8808658123016357 625
1616529736411 0.8987799882888794 626
1616529771090 0.8767498135566711 627
1616529805698 0.8741233348846436 628
1616529840450 0.8760802149772644 629
1616529879672 0.8800414204597473 630
1616529913844 0.9015626907348633 631
1616529948295 0.8871841430664062 632
1616529982927 0.8767378330230713 633
1616530017248 0.8707231879234314 634
1616530051851 0.8777706623077393 635
1616530086194 0.8647023439407349 636
1616530120939 0.8835259675979614 637
1616530155715 0.8727302551269531 638
1616530190572 0.8987835645675659 639
1616530229200 0.8782516717910767 640
1616530263969 0.9129414558410645 641
1616530298629 0.8983592987060547 642
1616530332959 0.8832367658615112 643
1616530367129 0.8854248523712158 644
1616530401542 0.8840683698654175 645
1616530435975 0.8643827438354492 646
1616530470222 0.8785244226455688 647
1616530504888 0.8795835971832275 648
1616530539653 0.8780774474143982 649
1616530578527 0.875318169593811 650
1616530613263 0.8690163493156433 651
1616530648302 0.8768515586853027 652
1616530683292 0.8770350813865662 653
1616530718168 0.8941976428031921 654
1616530752982 0.9105393886566162 655
1616530787243 0.8753529787063599 656
1616530821533 0.8977899551391602 657
1616530856734 0.890372633934021 658
1616530891582 0.8847714066505432 659
1616530930878 0.8733634948730469 660
1616530965643 0.8891423344612122 661
1616531000505 0.8896268606185913 662
1616531035347 0.8932024240493774 663
1616531070050 0.8904949426651001 664
1616531104729 0.8860923051834106 665
1616531139842 0.8999849557876587 666
1616531174588 0.8936116099357605 667
1616531208951 0.892657458782196 668
1616531243745 0.8833164572715759 669
1616531282880 0.876568078994751 670
1616531317441 0.8496657609939575 671
1616531352152 0.8809061050415039 672
1616531386857 0.8659089803695679 673
1616531421318 0.8877288103103638 674
1616531455586 0.8833630084991455 675
1616531489930 0.8754978179931641 676
1616531524608 0.8943279981613159 677
1616531559024 0.876011848449707 678
1616531593791 0.885848879814148 679
1616531632569 0.9143586754798889 680
1616531666772 0.8966388702392578 681
1616531701038 0.8961241245269775 682
1616531735635 0.8905915021896362 683
1616531769875 0.8946729898452759 684
1616531804167 0.8857357501983643 685
1616531838432 0.879241406917572 686
1616531872748 0.8889216184616089 687
1616531907593 0.8711733222007751 688
1616531942556 0.8744301795959473 689
1616531982012 0.8998229503631592 690
1616532016320 0.8766303062438965 691
1616532050949 0.8750816583633423 692
1616532085521 0.8788483142852783 693
1616532119805 0.8554952144622803 694
1616532154519 0.8946530818939209 695
1616532188776 0.8955157995223999 696
1616532223053 0.8663662672042847 697
1616532257871 0.8787004351615906 698
1616532292163 0.881896436214447 699
1616532330845 0.8795969486236572 700
1616532365556 0.8834553956985474 701
1616532399905 0.8808445930480957 702
1616532434358 0.8789843320846558 703
1616532468652 0.8723651170730591 704
1616532503016 0.8891170620918274 705
1616532537829 0.8689030408859253 706
1616532572528 0.8708791136741638 707
1616532607317 0.8792412281036377 708
1616532641569 0.8676547408103943 709
1616532681091 0.879777729511261 710
1616532715417 0.8915141820907593 711
1616532749906 0.885509192943573 712
1616532784897 0.9017666578292847 713
1616532819654 0.894027829170227 714
1616532853847 0.8823477625846863 715
1616532888575 0.88316410779953 716
1616532923307 0.8729368448257446 717
1616532957847 0.8799949288368225 718
1616532992560 0.8612920045852661 719
1616533031815 0.8725822567939758 720
1616533066711 0.8801425695419312 721
1616533101519 0.86384117603302 722
1616533136111 0.8613274693489075 723
1616533170617 0.8681598901748657 724
1616533204941 0.8895092010498047 725
1616533240037 0.8838140964508057 726
1616533274605 0.881879448890686 727
1616533309271 0.8891925811767578 728
1616533343972 0.871518611907959 729
1616533383514 0.8961014747619629 730
1616533418236 0.8746271133422852 731
1616533453322 0.8818411827087402 732
1616533487680 0.8986893892288208 733
1616533522462 0.8822121024131775 734
1616533557019 0.867912232875824 735
1616533591480 0.8961371183395386 736
1616533626244 0.8834713697433472 737
1616533661116 0.8736401200294495 738
1616533695443 0.8851175308227539 739
1616533733969 0.8883848786354065 740
1616533768718 0.8813780546188354 741
1616533802971 0.881873607635498 742
1616533837252 0.8716616630554199 743
1616533872376 0.9103784561157227 744
1616533907201 0.8887406587600708 745
1616533941774 0.895118772983551 746
1616533976282 0.8835067749023438 747
1616534010658 0.8803534507751465 748
1616534045391 0.8921225666999817 749
1616534084188 0.8848733901977539 750
1616534118581 0.8991777300834656 751
1616534152907 0.8807903528213501 752
1616534187929 0.8687684535980225 753
1616534222612 0.8711239099502563 754
1616534257044 0.9108753800392151 755
1616534291189 0.9090563654899597 756
1616534325919 0.8980920910835266 757
1616534360271 0.8901723623275757 758
1616534395090 0.8886404037475586 759
1616534434554 0.8685722351074219 760
1616534469304 0.8704705238342285 761
1616534503799 0.8887070417404175 762
1616534538358 0.9198894500732422 763
1616534572971 0.8738219738006592 764
1616534607657 0.8926116824150085 765
1616534642597 0.8842655420303345 766
1616534677522 0.919888436794281 767
1616534712542 0.862788736820221 768
1616534747142 0.9005635976791382 769
1616534786062 0.8714908957481384 770
1616534820338 0.9024221897125244 771
1616534854757 0.8768309354782104 772
1616534889231 0.8817705512046814 773
1616534923999 0.8738868236541748 774
1616534958690 0.9023450613021851 775
1616534993512 0.8870221376419067 776
1616535027765 0.8902900218963623 777
1616535062563 0.8849591612815857 778
1616535096878 0.8942574262619019 779
1616535135182 0.8844833374023438 780
1616535169836 0.8536175489425659 781
1616535204567 0.8926420211791992 782
1616535239206 0.8681883811950684 783
1616535273688 0.9053094387054443 784
1616535308063 0.8744632005691528 785
1616535342888 0.8693761825561523 786
1616535377282 0.8664689660072327 787
1616535412163 0.8974034786224365 788
1616535446637 0.8832061290740967 789
1616535485702 0.9042831063270569 790
1616535520567 0.8931418657302856 791
1616535555323 0.8696002960205078 792
1616535590066 0.8788880109786987 793
1616535624660 0.8811267614364624 794
1616535658904 0.8931397795677185 795
1616535693805 0.8918921947479248 796
1616535727879 0.875312089920044 797
1616535762277 0.8863221406936646 798
1616535796481 0.8908287286758423 799
1616535835548 0.8786976337432861 800
1616535870013 0.887256383895874 801
1616535904752 0.8901304006576538 802
1616535938964 0.8899738788604736 803
1616535973643 0.8854650259017944 804
1616536008214 0.8902669548988342 805
1616536043025 0.8775116205215454 806
1616536077469 0.8702596426010132 807
1616536112063 0.8830476403236389 808
1616536146657 0.8697332143783569 809
1616536186062 0.8886952996253967 810
1616536220613 0.8820842504501343 811
1616536254943 0.9080774188041687 812
1616536289534 0.9164072275161743 813
1616536323684 0.8653300404548645 814
1616536357923 0.8760674595832825 815
1616536392643 0.9048562049865723 816
1616536426918 0.8882091641426086 817
1616536461240 0.8870571255683899 818
1616536495903 0.8630880117416382 819
1616536535095 0.9079369306564331 820
1616536569822 0.8991924524307251 821
1616536604556 0.8762795329093933 822
1616536638869 0.9036377668380737 823
1616536673522 0.8887753486633301 824
1616536708416 0.8895303010940552 825
1616536743312 0.9007072448730469 826
1616536778341 0.8845303654670715 827
1616536813223 0.904000997543335 828
1616536847501 0.8833798170089722 829
1616536886374 0.8721849918365479 830
1616536921296 0.8930200338363647 831
1616536955606 0.8889573812484741 832
1616536989970 0.8861663937568665 833
1616537024470 0.8834631443023682 834
1616537059237 0.8745759129524231 835
1616537093705 0.8789733648300171 836
1616537128342 0.8811270594596863 837
1616537163062 0.8969837427139282 838
1616537197271 0.8867460489273071 839
1616537236635 0.8774577975273132 840
1616537271530 0.8754662275314331 841
1616537306214 0.8963896036148071 842
1616537340934 0.8914675116539001 843
1616537375423 0.8790915608406067 844
1616537409716 0.8806239366531372 845
1616537443978 0.8788682222366333 846
1616537478487 0.8624759912490845 847
1616537512992 0.8676964044570923 848
1616537547557 0.8762843608856201 849
1616537586612 0.8945132493972778 850
1616537621210 0.8982828259468079 851
1616537655483 0.8867021799087524 852
1616537689757 0.8570430278778076 853
1616537724533 0.8864386677742004 854
1616537759331 0.87114417552948 855
1616537793858 0.8951501846313477 856
1616537828119 0.8723917007446289 857
1616537862851 0.8793646097183228 858
1616537897644 0.9028160572052002 859
1616537936714 0.8918700218200684 860
1616537971490 0.8956502079963684 861
1616538005860 0.9127317667007446 862
1616538040743 0.8792815208435059 863
1616538075103 0.8932905197143555 864
1616538109821 0.8648105263710022 865
1616538144556 0.8895466327667236 866
1616538179548 0.890322208404541 867
1616538213997 0.8737552165985107 868
1616538248785 0.8993086218833923 869
1616538287873 0.8910928964614868 870
1616538322620 0.8652420043945312 871
1616538357441 0.8672772645950317 872
1616538392129 0.9031533598899841 873
1616538426407 0.8830794095993042 874
1616538461069 0.8995222449302673 875
1616538495575 0.9044678211212158 876
1616538530096 0.8768934011459351 877
1616538564908 0.893852710723877 878
1616538599487 0.9018728137016296 879
1616538638993 0.8839154243469238 880
1616538673826 0.9038009643554688 881
1616538708165 0.9104354977607727 882
1616538742788 0.8751654624938965 883
1616538777677 0.874830424785614 884
1616538812888 0.8813951015472412 885
1616538847530 0.8900473117828369 886
1616538882221 0.8880616426467896 887
1616538916916 0.8798390626907349 888
1616538951642 0.8931161165237427 889
1616538990892 0.8972434997558594 890
1616539025537 0.9002469778060913 891
1616539060386 0.8974295258522034 892
1616539095113 0.8738665580749512 893
1616539129889 0.9011344909667969 894
1616539164800 0.8866384625434875 895
1616539199844 0.8707847595214844 896
1616539234869 0.8866267204284668 897
1616539269707 0.8816852569580078 898
1616539304732 0.8921305537223816 899
1616539343690 0.8638838529586792 900
1616539378458 0.8975825309753418 901
1616539412716 0.8737235069274902 902
1616539447186 0.8926196098327637 903
1616539481651 0.8824514746665955 904
1616539515780 0.8773927688598633 905
1616539550081 0.8787573575973511 906
1616539584688 0.8949658870697021 907
1616539619417 0.8980989456176758 908
1616539654327 0.8903156518936157 909
1616539693577 0.8839292526245117 910
1616539728265 0.8703893423080444 911
1616539762990 0.8760793209075928 912
1616539797810 0.8859650492668152 913
1616539832360 0.8927531242370605 914
1616539866682 0.8876081109046936 915
1616539901094 0.8890475630760193 916
1616539935951 0.8910874724388123 917
1616539970560 0.9064732789993286 918
1616540004820 0.9094342589378357 919
1616540043390 0.8563448190689087 920
1616540078180 0.8841696977615356 921
1616540112549 0.861276388168335 922
1616540146819 0.891909122467041 923
1616540181253 0.9011049270629883 924
1616540216197 0.8407284021377563 925
1616540251294 0.8961796760559082 926
1616540286290 0.8930107355117798 927
1616540320909 0.8794950246810913 928
1616540354978 0.8732436299324036 929
1616540395131 0.8964855074882507 930
1616540429350 0.8789515495300293 931
1616540464040 0.8810211420059204 932
1616540498444 0.8912416696548462 933
1616540532656 0.8875359296798706 934
1616540566842 0.8948628306388855 935
1616540601059 0.8791794776916504 936
1616540635824 0.8784275054931641 937
1616540670601 0.866669237613678 938
1616540704935 0.8752329349517822 939
1616540744032 0.8769742846488953 940
1616540778577 0.8909022808074951 941
1616540813789 0.9037739038467407 942
1616540848783 0.8944442272186279 943
1616540883202 0.8693424463272095 944
1616540918237 0.8832621574401855 945
1616540953070 0.8727521896362305 946
1616540987753 0.8923674821853638 947
1616541021967 0.8892990350723267 948
1616541056143 0.8902546167373657 949
1616541095435 0.8880639672279358 950
1616541129639 0.8905597925186157 951
1616541164291 0.8831822276115417 952
1616541199005 0.8825637102127075 953
1616541233528 0.8953624963760376 954
1616541267910 0.8850915431976318 955
1616541302303 0.9043190479278564 956
1616541337006 0.8668301105499268 957
1616541372096 0.8910373449325562 958
1616541407315 0.8852571249008179 959
1616541445983 0.880699098110199 960
1616541480573 0.8919918537139893 961
1616541515228 0.9086664319038391 962
1616541549653 0.8761887550354004 963
1616541583884 0.882509708404541 964
1616541618308 0.8769259452819824 965
1616541652550 0.8940657377243042 966
1616541686880 0.8571645617485046 967
1616541721625 0.8806357383728027 968
1616541756298 0.8831185698509216 969
1616541795487 0.9011440277099609 970
1616541830199 0.8963660001754761 971
1616541864859 0.8634164333343506 972
1616541899362 0.8738665580749512 973
1616541933745 0.8961358666419983 974
1616541968323 0.8800942897796631 975
1616542002904 0.8791641592979431 976
1616542037638 0.882352352142334 977
1616542072088 0.8998797535896301 978
1616542106899 0.8976402282714844 979
1616542146297 0.9012503623962402 980
1616542180623 0.8647749423980713 981
1616542215251 0.8916909694671631 982
1616542249707 0.8860383033752441 983
1616542284551 0.892716109752655 984
1616542318881 0.8864473700523376 985
1616542353519 0.8816964626312256 986
1616542388259 0.8943352699279785 987
1616542422749 0.8945171236991882 988
1616542456945 0.8824276924133301 989
1616542496281 0.8733528852462769 990
1616542530997 0.8939872980117798 991
1616542565585 0.895726203918457 992
1616542600358 0.8814845085144043 993
1616542634715 0.870394229888916 994
1616542669455 0.8976532816886902 995
1616542703882 0.8833864331245422 996
1616542738481 0.8786067962646484 997
1616542772991 0.8833271265029907 998
1616542807997 0.899252712726593 999
1616542847006 0.8795562982559204 1000
1616542881600 0.8898441791534424 1001
1616542916361 0.8880996108055115 1002
1616542950590 0.909766435623169 1003
1616542985181 0.8602708578109741 1004
1616543019927 0.8777230978012085 1005
1616543054130 0.8743417263031006 1006
1616543089013 0.8885083198547363 1007
1616543123671 0.8819270133972168 1008
1616543158625 0.8775836229324341 1009
1616543197582 0.8783458471298218 1010
1616543232633 0.8876194953918457 1011
1616543267354 0.890160083770752 1012
1616543302250 0.910202145576477 1013
1616543336831 0.875732421875 1014
1616543371378 0.8962574005126953 1015
1616543406107 0.8826714158058167 1016
1616543440632 0.8668509125709534 1017
1616543475427 0.898507833480835 1018
1616543510147 0.8596196174621582 1019
1616543549209 0.9071113467216492 1020
1616543583488 0.8936415314674377 1021
1616543617807 0.8834208846092224 1022
1616543652119 0.8925596475601196 1023
1616543686353 0.8853210210800171 1024
1616543721109 0.8977134227752686 1025
1616543755478 0.8809255957603455 1026
1616543789957 0.8872172832489014 1027
1616543824901 0.9066903591156006 1028
1616543859779 0.8805036544799805 1029
1616543898947 0.8936690092086792 1030
1616543933378 0.8893430233001709 1031
1616543967775 0.8867529630661011 1032
1616544002455 0.8967686295509338 1033
1616544036728 0.8794775605201721 1034
1616544071049 0.8799729347229004 1035
1616544105690 0.8638862371444702 1036
1616544140418 0.882089376449585 1037
1616544174460 0.87548828125 1038
1616544209779 0.8955881595611572 1039
1616544249280 0.8895996809005737 1040
1616544284260 0.9013411402702332 1041
1616544319710 0.8723822832107544 1042
1616544354644 0.8920557498931885 1043
1616544388923 0.907569169998169 1044
1616544423228 0.8951740264892578 1045
1616544457479 0.8989750146865845 1046
1616544491696 0.8715794086456299 1047
1616544526397 0.8657121658325195 1048
1616544560994 0.8814280033111572 1049
1616544600050 0.8914710879325867 1050
1616544634993 0.892210841178894 1051
1616544669830 0.8914226293563843 1052
1616544704796 0.8678618669509888 1053
1616544739342 0.8742799758911133 1054
1616544774104 0.8984898328781128 1055
1616544808820 0.8842034935951233 1056
1616544843444 0.8752589821815491 1057
1616544877846 0.8882336020469666 1058
1616544912645 0.9030807614326477 1059
1616544951919 0.8757102489471436 1060
1616544986746 0.8903887271881104 1061
1616545021499 0.8975898027420044 1062
1616545056255 0.8926684260368347 1063
1616545090548 0.862760066986084 1064
1616545124905 0.8943728804588318 1065
1616545159084 0.8527661561965942 1066
1616545193301 0.8851244449615479 1067
1616545227603 0.8963756561279297 1068
1616545262469 0.881182074546814 1069
1616545301374 0.8825433254241943 1070
1616545336182 0.8757500052452087 1071
1616545371019 0.882051944732666 1072
1616545405947 0.8886474967002869 1073
1616545440960 0.8673727512359619 1074
1616545476039 0.8704783320426941 1075
1616545510847 0.8762212991714478 1076
1616545545568 0.898968517780304 1077
1616545580361 0.8670654296875 1078
1616545615497 0.9020531177520752 1079
1616545654977 0.8956422805786133 1080
1616545689219 0.8837809562683105 1081
1616545723481 0.8860796689987183 1082
1616545758286 0.8722488284111023 1083
1616545792629 0.8810126781463623 1084
1616545827144 0.8786561489105225 1085
1616545861625 0.8832725286483765 1086
1616545895805 0.8955113887786865 1087
1616545930567 0.8841282725334167 1088
1616545964909 0.8771902322769165 1089
1616546004426 0.8982264995574951 1090
1616546039274 0.869665801525116 1091
1616546073748 0.8965611457824707 1092
1616546108208 0.8755682706832886 1093
1616546143176 0.895564079284668 1094
1616546177493 0.8708493709564209 1095
1616546212543 0.8748911619186401 1096
1616546247192 0.890620231628418 1097
1616546282006 0.9036295413970947 1098
1616546316429 0.869850754737854 1099
1616546355547 0.8770624995231628 1100
1616546390467 0.8763806223869324 1101
1616546424871 0.8940640687942505 1102
1616546459762 0.8799343109130859 1103
1616546494440 0.8906850218772888 1104
1616546528957 0.8621981739997864 1105
1616546563643 0.8884657621383667 1106
1616546598125 0.8980817794799805 1107
1616546632653 0.8800546526908875 1108
1616546666960 0.8634566068649292 1109
1616546705825 0.887729287147522 1110
1616546740635 0.8789372444152832 1111
1616546775818 0.9107699394226074 1112
1616546810026 0.8781829476356506 1113
1616546844258 0.9048539996147156 1114
1616546878488 0.8530915975570679 1115
1616546913260 0.8860412836074829 1116
1616546948035 0.8692030906677246 1117
1616546982703 0.8749738931655884 1118
1616547017221 0.8991308212280273 1119
1616547056358 0.8791277408599854 1120
1616547091338 0.8893997669219971 1121
1616547126053 0.8690996170043945 1122
1616547160815 0.8814432621002197 1123
1616547195788 0.8989526033401489 1124
1616547230629 0.8871058821678162 1125
1616547265295 0.8858771324157715 1126
1616547299621 0.8878548741340637 1127
1616547334284 0.88822340965271 1128
1616547369144 0.9022790193557739 1129
1616547408500 0.897109866142273 1130
1616547443376 0.8665481805801392 1131
1616547477878 0.8735068440437317 1132
1616547512668 0.9039020538330078 1133
1616547547051 0.886481523513794 1134
1616547581385 0.8758252859115601 1135
1616547616427 0.8662029504776001 1136
1616547651066 0.8565467596054077 1137
1616547685533 0.8959264755249023 1138
1616547719857 0.8611765503883362 1139
1616547759145 0.8637906312942505 1140
1616547793872 0.8866266012191772 1141
1616547828035 0.8839473128318787 1142
1616547862356 0.8941017389297485 1143
1616547896750 0.8747562170028687 1144
1616547931246 0.8887027502059937 1145
1616547965851 0.8827077150344849 1146
1616548000676 0.8685213327407837 1147
1616548035747 0.9071112275123596 1148
1616548070621 0.8611977100372314 1149
1616548109935 0.8799450397491455 1150
1616548144325 0.8660428524017334 1151
1616548179202 0.9048964977264404 1152
1616548213846 0.8872339725494385 1153
1616548248631 0.8782069683074951 1154
1616548283222 0.8881198167800903 1155
1616548317421 0.8691640496253967 1156
1616548351649 0.8944735527038574 1157
1616548386371 0.8724273443222046 1158
1616548421075 0.8808830976486206 1159
1616548460451 0.9047977328300476 1160
1616548495517 0.8800791501998901 1161
1616548530453 0.885940670967102 1162
1616548565033 0.8839796781539917 1163
1616548599760 0.8873299956321716 1164
1616548634492 0.9007687568664551 1165
1616548668733 0.8651313781738281 1166
1616548703673 0.8729003071784973 1167
1616548737968 0.8466429710388184 1168
1616548772809 0.874138355255127 1169
1616548811655 0.8979038596153259 1170
1616548846016 0.8778557777404785 1171
1616548880332 0.8988419771194458 1172
1616548915072 0.9056483507156372 1173
1616548949809 0.8793091177940369 1174
1616548984579 0.8773311376571655 1175
1616549019002 0.8865969181060791 1176
1616549053421 0.8780027627944946 1177
1616549087983 0.8729120492935181 1178
1616549122301 0.9011258482933044 1179
1616549160830 0.878200352191925 1180
1616549195278 0.889776349067688 1181
1616549230057 0.9038099050521851 1182
1616549264941 0.9158308506011963 1183
1616549299760 0.883941650390625 1184
1616549334282 0.8917180299758911 1185
1616549368675 0.9024580717086792 1186
1616549402951 0.903231143951416 1187
1616549437407 0.8759502172470093 1188
1616549471622 0.8757511377334595 1189
1616549510439 0.8809323310852051 1190
1616549544587 0.8807755708694458 1191
1616549579010 0.8847913146018982 1192
1616549613689 0.8993762135505676 1193
1616549648044 0.8858097791671753 1194
1616549682843 0.883006751537323 1195
1616549717108 0.8946148157119751 1196
1616549751787 0.8634043335914612 1197
1616549786104 0.8826084136962891 1198
1616549821017 0.8986954689025879 1199
1616549860130 0.8554365634918213 1200
1616549882511 0.8971970081329346 0
1616549882522 0.8971970081329346 0
