1616507862080 0.31267136335372925 1
1616507896286 0.4201357960700989 2
1616507930887 0.5162342190742493 3
1616507965481 0.6046408414840698 4
1616508001064 0.6749095916748047 5
1616508035951 0.7085142135620117 6
1616508070371 0.6995744705200195 7
1616508104972 0.7197599411010742 8
1616508139374 0.7126467823982239 9
1616508178601 0.719322919845581 10
1616508213301 0.7220182418823242 11
1616508247599 0.719910204410553 12
1616508282021 0.7315646409988403 13
1616508316914 0.7267395853996277 14
1616508353946 0.7403991222381592 15
1616508390571 0.7349948287010193 16
1616508426305 0.7160894870758057 17
1616508461035 0.7343281507492065 18
1616508496504 0.7691059112548828 19
1616508536250 0.7770856618881226 20
1616508570998 0.7610278129577637 21
1616508606005 0.7762116193771362 22
1616508640728 0.7702839374542236 23
1616508675079 0.7667815685272217 24
1616508709322 0.7750667333602905 25
1616508743383 0.7896379232406616 26
1616508777488 0.7747142314910889 27
1616508812079 0.7806613445281982 28
1616508846970 0.7996159791946411 29
1616508885215 0.7965888381004333 30
1616508919403 0.7798287868499756 31
1616508954337 0.7881144285202026 32
1616508989279 0.7812858819961548 33
1616509023845 0.806079626083374 34
1616509058672 0.7933087944984436 35
1616509093603 0.8192613124847412 36
1616509128222 0.7845057249069214 37
1616509162687 0.8089900016784668 38
1616509197278 0.798002302646637 39
1616509236046 0.8294247388839722 40
1616509270472 0.8049775958061218 41
1616509305172 0.8037856221199036 42
1616509339871 0.7852653861045837 43
1616509374573 0.7976542711257935 44
1616509408849 0.7958337068557739 45
1616509443366 0.819380521774292 46
1616509477607 0.8268877267837524 47
1616509512200 0.8117730617523193 48
1616509546839 0.8277295827865601 49
1616509585950 0.824367880821228 50
1616509620429 0.8224796056747437 51
1616509655257 0.8023161888122559 52
1616509689425 0.8207607269287109 53
1616509724107 0.8176561594009399 54
1616509759082 0.8334840536117554 55
1616509793973 0.8334709405899048 56
1616509828629 0.7980199456214905 57
1616509863178 0.8360188007354736 58
1616509897961 0.8092800974845886 59
1616509936853 0.7953016757965088 60
1616509971356 0.7759993076324463 61
1616510005521 0.8101975321769714 62
1616510040334 0.8073949813842773 63
1616510074788 0.8185127973556519 64
1616510109298 0.8144975900650024 65
1616510143412 0.8172457218170166 66
1616510177442 0.8206578493118286 67
1616510211708 0.8185411691665649 68
1616510246017 0.8224678039550781 69
1616510284749 0.831084132194519 70
1616510319576 0.8337479829788208 71
1616510354563 0.8256217837333679 72
1616510389303 0.8194477558135986 73
1616510423990 0.8240474462509155 74
1616510458046 0.8096293807029724 75
1616510492562 0.8265763521194458 76
1616510527037 0.8147710561752319 77
1616510561211 0.8108890056610107 78
1616510595718 0.8171801567077637 79
1616510634715 0.8271910548210144 80
1616510669321 0.8405035138130188 81
1616510704008 0.8398619890213013 82
1616510738646 0.8260094523429871 83
1616510773425 0.8319716453552246 84
1616510808068 0.8336455225944519 85
1616510842837 0.8316049575805664 86
1616510877068 0.8393592834472656 87
1616510911203 0.8674314618110657 88
1616510945708 0.8374444246292114 89
1616510984654 0.8522805571556091 90
1616511018840 0.8148660659790039 91
1616511053169 0.8250965476036072 92
1616511088016 0.8547199368476868 93
1616511122564 0.8398902416229248 94
1616511157451 0.8442182540893555 95
1616511192354 0.8448210954666138 96
1616511227080 0.847611665725708 97
1616511261330 0.8414672613143921 98
1616511295838 0.8431352376937866 99
1616511334811 0.8445656895637512 100
1616511369818 0.8303483128547668 101
1616511404568 0.837431788444519 102
1616511438813 0.8553252220153809 103
1616511473157 0.8651552200317383 104
1616511507673 0.8515176773071289 105
1616511542177 0.8178163766860962 106
1616511576964 0.8352792263031006 107
1616511611677 0.845282793045044 108
1616511645676 0.8417661190032959 109
1616511684093 0.8559188842773438 110
1616511718661 0.8616280555725098 111
1616511753520 0.8587288856506348 112
1616511787880 0.8468571901321411 113
1616511822127 0.8241496086120605 114
1616511856970 0.8424241542816162 115
1616511891956 0.8764655590057373 116
1616511926294 0.8626737594604492 117
1616511960935 0.8487704992294312 118
1616511995624 0.8611084818840027 119
1616512034871 0.8429588079452515 120
1616512069578 0.8335129022598267 121
1616512103744 0.8272730112075806 122
1616512138124 0.8424316644668579 123
1616512172456 0.8312122821807861 124
1616512206643 0.8396598100662231 125
1616512241324 0.8320556879043579 126
1616512276001 0.8567010164260864 127
1616512310638 0.8391690254211426 128
1616512345386 0.8213990926742554 129
1616512384264 0.8335909843444824 130
1616512418883 0.8417458534240723 131
1616512453394 0.8606405258178711 132
1616512488010 0.8383474349975586 133
1616512522291 0.8471531867980957 134
1616512556475 0.8578717708587646 135
1616512591213 0.8598124384880066 136
1616512625359 0.8506490588188171 137
1616512659626 0.8505723476409912 138
1616512693669 0.8493072986602783 139
1616512732293 0.8514425754547119 140
1616512766746 0.8733272552490234 141
1616512801302 0.8577384352684021 142
1616512835601 0.8429393172264099 143
1616512869837 0.8454437255859375 144
1616512904509 0.8544015884399414 145
1616512939540 0.8646609783172607 146
1616512974446 0.8709180355072021 147
1616513009453 0.8659768104553223 148
1616513044240 0.8817616701126099 149
1616513083635 0.868504524230957 150
1616513118323 0.8562721014022827 151
1616513153464 0.8404276371002197 152
1616513187852 0.84065842628479 153
1616513222503 0.8782241344451904 154
1616513257156 0.8687717914581299 155
1616513291750 0.8741776943206787 156
1616513326332 0.8587095737457275 157
1616513360779 0.8237316608428955 158
1616513395553 0.8372176885604858 159
1616513434531 0.8509924411773682 160
1616513469162 0.8596771955490112 161
1616513503396 0.8850306272506714 162
1616513537782 0.8746004104614258 163
1616513572331 0.8558078408241272 164
1616513607114 0.8617197275161743 165
1616513641565 0.8648204803466797 166
1616513676261 0.8634768724441528 167
1616513710685 0.8408433198928833 168
1616513745378 0.8554906845092773 169
1616513783908 0.8694585561752319 170
1616513818456 0.868632435798645 171
1616513852809 0.8575775623321533 172
1616513887307 0.8507453203201294 173
1616513922003 0.8638468980789185 174
1616513956740 0.8623553514480591 175
1616513991062 0.8605328798294067 176
1616514025127 0.8603348731994629 177
1616514059692 0.8456611633300781 178
1616514093838 0.8819591999053955 179
1616514133200 0.8515504002571106 180
1616514167340 0.8630651235580444 181
1616514201528 0.8811278343200684 182
1616514235776 0.8497027158737183 183
1616514270419 0.8652065992355347 184
1616514304839 0.8616601228713989 185
1616514339242 0.8671550750732422 186
1616514373694 0.8519396781921387 187
1616514407913 0.8636681437492371 188
1616514442839 0.854214608669281 189
1616514482267 0.8680006265640259 190
1616514516859 0.8469967246055603 191
1616514551636 0.8278238773345947 192
1616514585957 0.8651320934295654 193
1616514620247 0.8634698390960693 194
1616514654799 0.8737317323684692 195
1616514689412 0.85086989402771 196
1616514724150 0.854016900062561 197
1616514759000 0.8768082857131958 198
1616514793719 0.8779218196868896 199
1616514832920 0.8901411294937134 200
1616514867159 0.8726719617843628 201
1616514901731 0.8620949983596802 202
1616514935899 0.8657885789871216 203
1616514970666 0.8727270364761353 204
1616515004811 0.8641848564147949 205
1616515038970 0.8695159554481506 206
1616515073216 0.8413468599319458 207
1616515107802 0.8802181482315063 208
1616515142751 0.8519648313522339 209
1616515181677 0.8517004251480103 210
1616515216082 0.8789542317390442 211
1616515250923 0.8819497227668762 212
1616515285333 0.8708085417747498 213
1616515319830 0.8705651760101318 214
1616515354512 0.8736522793769836 215
1616515388768 0.8975591659545898 216
1616515423817 0.8583080768585205 217
1616515458173 0.8866646885871887 218
1616515492794 0.8826899528503418 219
1616515531577 0.8494582772254944 220
1616515566150 0.8538944721221924 221
1616515600552 0.8660640716552734 222
1616515635287 0.8707938194274902 223
1616515669822 0.8642230033874512 224
1616515704188 0.8798871040344238 225
1616515739118 0.8718023300170898 226
1616515773649 0.8551357388496399 227
1616515807998 0.8282638788223267 228
1616515842373 0.868159830570221 229
1616515881594 0.8637826442718506 230
1616515916026 0.8642761707305908 231
1616515950332 0.875055730342865 232
1616515984636 0.8883484601974487 233
1616516018955 0.8537212610244751 234
1616516053838 0.8798611760139465 235
1616516088160 0.8763679265975952 236
1616516122458 0.8916999101638794 237
1616516157602 0.8687405586242676 238
1616516191941 0.8754463195800781 239
1616516231083 0.8606112003326416 240
1616516265643 0.8698357343673706 241
1616516299881 0.8764563798904419 242
1616516334298 0.8739379048347473 243
1616516368582 0.8822422027587891 244
1616516403056 0.8764112591743469 245
1616516437591 0.8900048732757568 246
1616516472581 0.8828613758087158 247
1616516507144 0.8544161319732666 248
1616516541998 0.861975908279419 249
1616516580869 0.8593472242355347 250
1616516615585 0.8805038928985596 251
1616516649781 0.8820216655731201 252
1616516684378 0.8850361704826355 253
1616516719022 0.8813366889953613 254
1616516753284 0.8661258816719055 255
1616516788042 0.8932316303253174 256
1616516822319 0.885701060295105 257
1616516857299 0.8762295246124268 258
1616516892208 0.8747525215148926 259
1616516931768 0.8680939674377441 260
1616516966109 0.8670361638069153 261
1616517000846 0.8563926219940186 262
1616517035083 0.8699634075164795 263
1616517069315 0.8731944561004639 264
1616517103914 0.8599238991737366 265
1616517138090 0.8821777105331421 266
1616517172832 0.8811439275741577 267
1616517207222 0.8604592680931091 268
1616517241506 0.8804514408111572 269
1616517280401 0.8604999780654907 270
1616517314682 0.8565566539764404 271
1616517349250 0.861181378364563 272
1616517383636 0.862055778503418 273
1616517417857 0.8416938781738281 274
1616517452494 0.8915477991104126 275
1616517487571 0.8575314879417419 276
1616517521888 0.872859001159668 277
1616517556675 0.868606448173523 278
1616517591461 0.8619347214698792 279
1616517630493 0.8747108578681946 280
1616517665262 0.8704954385757446 281
1616517699836 0.86698317527771 282
1616517734610 0.8818152546882629 283
1616517769252 0.8764779567718506 284
1616517803532 0.8825551271438599 285
1616517838304 0.8893833160400391 286
1616517872764 0.8709421157836914 287
1616517907403 0.8690133094787598 288
1616517941717 0.8560328483581543 289
1616517980325 0.8865879774093628 290
1616518014960 0.8872668147087097 291
1616518049629 0.8603671789169312 292
1616518083964 0.8763566613197327 293
1616518118815 0.886164665222168 294
1616518153813 0.9010210037231445 295
1616518187942 0.8737573027610779 296
1616518222413 0.8683880567550659 297
1616518256893 0.8862804174423218 298
1616518291628 0.8550498485565186 299
1616518330102 0.8665271997451782 300
1616518364745 0.8673774003982544 301
1616518399211 0.8605923652648926 302
1616518433722 0.8983309268951416 303
1616518467995 0.8792555332183838 304
1616518502284 0.8603391647338867 305
1616518537096 0.873261570930481 306
1616518571464 0.8598897457122803 307
1616518606360 0.8646540641784668 308
1616518641220 0.8961150646209717 309
1616518680568 0.8760868310928345 310
1616518715419 0.8846482038497925 311
1616518749880 0.8840043544769287 312
1616518784557 0.8777480125427246 313
1616518819124 0.8633347749710083 314
1616518853736 0.8867090940475464 315
1616518888418 0.8502984046936035 316
1616518923065 0.8689975738525391 317
1616518957565 0.8673772811889648 318
1616518991814 0.8576778173446655 319
1616519030186 0.8851251602172852 320
1616519064387 0.862023115158081 321
1616519099091 0.8899349570274353 322
1616519133975 0.8696995973587036 323
1616519168583 0.8527566194534302 324
1616519202869 0.8804718852043152 325
1616519237202 0.9005237817764282 326
1616519271873 0.8833120465278625 327
1616519306635 0.8807359933853149 328
1616519341189 0.8678842782974243 329
1616519379973 0.8979991674423218 330
1616519414584 0.8938014507293701 331
1616519449676 0.9079034328460693 332
1616519484142 0.8747559785842896 333
1616519518374 0.8849149942398071 334
1616519553049 0.8821775317192078 335
1616519587782 0.8738200068473816 336
1616519621986 0.8908480405807495 337
1616519656211 0.8742859363555908 338
1616519690531 0.8748011589050293 339
1616519729406 0.8782503008842468 340
1616519764314 0.8846517205238342 341
1616519799093 0.8862320184707642 342
1616519833652 0.9066340923309326 343
1616519868174 0.8615456819534302 344
1616519902641 0.8788392543792725 345
1616519937013 0.8956927061080933 346
1616519971225 0.8912030458450317 347
1616520005410 0.8854426145553589 348
1616520040200 0.8792643547058105 349
1616520079615 0.8827172517776489 350
1616520114276 0.8790160417556763 351
1616520149390 0.8918948173522949 352
1616520183736 0.8566464185714722 353
1616520218447 0.8707798719406128 354
1616520252981 0.8836016654968262 355
1616520287681 0.8819445371627808 356
1616520322081 0.9042359590530396 357
1616520356216 0.8927489519119263 358
1616520390821 0.89500892162323 359
1616520429592 0.8938555717468262 360
1616520464529 0.8930337429046631 361
1616520499797 0.8797929286956787 362
1616520534777 0.9035484790802002 363
1616520569185 0.8890582919120789 364
1616520604020 0.8855171203613281 365
1616520638209 0.880232572555542 366
1616520672398 0.894026517868042 367
1616520707087 0.8789843320846558 368
1616520741283 0.860142707824707 369
1616520779840 0.8867830038070679 370
1616520814469 0.8629794120788574 371
1616520849186 0.880187451839447 372
1616520884016 0.878835916519165 373
1616520918531 0.8940980434417725 374
1616520952903 0.8703575134277344 375
1616520987172 0.8985093235969543 376
1616521021866 0.9065108299255371 377
1616521056819 0.8917309045791626 378
1616521091360 0.8770155906677246 379
1616521130226 0.9028034210205078 380
1616521164561 0.8959284424781799 381
1616521199541 0.896039605140686 382
1616521233783 0.8920438289642334 383
1616521268010 0.8801114559173584 384
1616521302268 0.9087934494018555 385
1616521337010 0.889510989189148 386
1616521371662 0.8955323696136475 387
1616521406285 0.8989828824996948 388
1616521440766 0.8882020711898804 389
1616521480143 0.8558434247970581 390
1616521514970 0.8896133899688721 391
1616521549575 0.8765079975128174 392
1616521584459 0.9035236239433289 393
1616521619242 0.893049955368042 394
1616521653523 0.8758244514465332 395
1616521687844 0.8620845079421997 396
1616521722308 0.8855884075164795 397
1616521757420 0.8716765642166138 398
1616521792014 0.8832477331161499 399
1616521830483 0.8850487470626831 400
1616521864797 0.8955470323562622 401
1616521899177 0.8729696273803711 402
1616521933678 0.8541712760925293 403
1616521968369 0.893589973449707 404
1616522002899 0.8865556716918945 405
1616522037461 0.8831509351730347 406
1616522071906 0.8810758590698242 407
1616522106728 0.8737232685089111 408
1616522141299 0.893359363079071 409
1616522180543 0.8829736709594727 410
1616522215017 0.8767881989479065 411
1616522250020 0.8887192010879517 412
1616522284429 0.8744458556175232 413
1616522319112 0.8829061985015869 414
1616522353632 0.8773058652877808 415
1616522388155 0.8676891922950745 416
1616522422503 0.8902603387832642 417
1616522456693 0.8890401721000671 418
1616522491067 0.8922971487045288 419
1616522529494 0.8835950493812561 420
1616522564197 0.8924543261528015 421
1616522598517 0.8798429369926453 422
1616522633070 0.9039682149887085 423
1616522668187 0.9079281091690063 424
1616522703178 0.8816888332366943 425
1616522737593 0.8866691589355469 426
1616522772520 0.8925216197967529 427
1616522807010 0.87689608335495 428
1616522841745 0.8862873315811157 429
1616522880632 0.8753629922866821 430
1616522915550 0.8787031173706055 431
1616522950584 0.8974736928939819 432
1616522985003 0.8811063766479492 433
1616523019261 0.8679201602935791 434
1616523053725 0.8786113858222961 435
1616523088034 0.9019018411636353 436
1616523122534 0.8864057660102844 437
1616523156812 0.8824290037155151 438
1616523191365 0.8877516388893127 439
1616523230369 0.896957516670227 440
1616523264622 0.8847165107727051 441
1616523299058 0.8763603568077087 442
1616523333377 0.8695862293243408 443
1616523367979 0.8863469362258911 444
1616523402690 0.8773103356361389 445
1616523437424 0.888266921043396 446
1616523471965 0.8872798681259155 447
1616523507247 0.8941178321838379 448
1616523542086 0.880791187286377 449
1616523581177 0.8998569250106812 450
1616523615955 0.8797606229782104 451
1616523650172 0.8837106227874756 452
1616523684430 0.8981196880340576 453
1616523719023 0.8904976844787598 454
1616523753692 0.8704932928085327 455
1616523787997 0.8813669085502625 456
1616523822534 0.9045369625091553 457
1616523857196 0.8776285648345947 458
1616523891718 0.8757426738739014 459
1616523930674 0.887980043888092 460
1616523965210 0.8892920017242432 461
1616523999902 0.8859854936599731 462
1616524034735 0.8773423433303833 463
1616524069395 0.8998504877090454 464
1616524103660 0.8738824129104614 465
1616524138463 0.8910526037216187 466
1616524173212 0.8930274248123169 467
1616524207832 0.8585235476493835 468
1616524242592 0.8877509832382202 469
1616524281422 0.9101470708847046 470
1616524315610 0.8792359232902527 471
1616524349796 0.9066860675811768 472
1616524384482 0.8961583375930786 473
1616524419131 0.8940434455871582 474
1616524453387 0.8950462341308594 475
1616524488035 0.8916058540344238 476
1616524522543 0.8854016065597534 477
1616524556760 0.8814547061920166 478
1616524590946 0.8949145674705505 479
1616524629544 0.8991872072219849 480
1616524663820 0.8969541788101196 481
1616524698142 0.8988369107246399 482
1616524732715 0.8881489038467407 483
1616524767401 0.8838682174682617 484
1616524802099 0.8950232267379761 485
1616524836824 0.8928616642951965 486
1616524871743 0.8852622509002686 487
1616524906636 0.8882393836975098 488
1616524941065 0.8985806107521057 489
1616524979832 0.8816486597061157 490
1616525014587 0.8857318162918091 491
1616525049247 0.8830915093421936 492
1616525083630 0.8883628845214844 493
1616525118220 0.9015364646911621 494
1616525152988 0.8690707683563232 495
1616525187239 0.9018577337265015 496
1616525221379 0.8729774355888367 497
1616525256207 0.8946448564529419 498
1616525290353 0.8784259557723999 499
1616525329331 0.887366533279419 500
1616525363565 0.8979132175445557 501
1616525398309 0.9015620946884155 502
1616525433053 0.9012095332145691 503
1616525467184 0.877987265586853 504
1616525501968 0.8779531717300415 505
1616525536633 0.8872908353805542 506
1616525571133 0.8885079622268677 507
1616525605966 0.8820154666900635 508
1616525640106 0.9036412835121155 509
1616525679434 0.8866103291511536 510
1616525714252 0.8800591230392456 511
1616525748548 0.8874344229698181 512
1616525783802 0.9056203365325928 513
1616525817901 0.8841134905815125 514
1616525852813 0.8931686282157898 515
1616525887684 0.8976345062255859 516
1616525922273 0.8934675455093384 517
1616525956932 0.8985230922698975 518
1616525991212 0.8892203569412231 519
1616526030093 0.902225911617279 520
1616526065284 0.8827227354049683 521
1616526099542 0.9044234752655029 522
1616526133908 0.8726655840873718 523
1616526168295 0.8940043449401855 524
1616526203102 0.9088588356971741 525
1616526238072 0.8971613645553589 526
1616526272517 0.9185667037963867 527
1616526306954 0.9055654406547546 528
1616526341714 0.8869490623474121 529
1616526380422 0.8675576448440552 530
1616526414975 0.8824511170387268 531
1616526449342 0.9132204055786133 532
1616526484221 0.8861672878265381 533
1616526518638 0.8741092681884766 534
1616526553244 0.879270613193512 535
1616526588387 0.8938676714897156 536
1616526622759 0.8904645442962646 537
1616526656928 0.8970866203308105 538
1616526691690 0.9007792472839355 539
1616526730138 0.8957451581954956 540
1616526764275 0.8981364369392395 541
1616526798736 0.8832882642745972 542
1616526833383 0.876039445400238 543
1616526868075 0.8977659940719604 544
1616526902615 0.8920706510543823 545
1616526936908 0.8872832655906677 546
1616526971297 0.901504635810852 547
1616527005726 0.8931827545166016 548
1616527040619 0.8831760883331299 549
1616527079799 0.8972574472427368 550
1616527114313 0.8758628368377686 551
1616527148775 0.892115592956543 552
1616527183062 0.8684016466140747 553
1616527217350 0.8834589719772339 554
1616527251618 0.8919865489006042 555
1616527286347 0.8901202082633972 556
1616527321068 0.8829227685928345 557
1616527355741 0.8784497976303101 558
1616527390505 0.8659703731536865 559
1616527429420 0.9010752439498901 560
1616527463618 0.9009920358657837 561
1616527497898 0.8836197853088379 562
1616527532736 0.9090776443481445 563
1616527566983 0.8682142496109009 564
1616527601224 0.8754459619522095 565
1616527636065 0.8911151885986328 566
1616527670678 0.8844602704048157 567
1616527705614 0.8941206932067871 568
1616527740251 0.8994420766830444 569
1616527779668 0.9006634950637817 570
1616527814510 0.9071327447891235 571
1616527849052 0.8749979734420776 572
1616527883758 0.8902701735496521 573
1616527918009 0.881359338760376 574
1616527952464 0.870551586151123 575
1616527986814 0.8883309364318848 576
1616528021426 0.8749603033065796 577
1616528055691 0.8868227601051331 578
1616528090431 0.8921095132827759 579
1616528128697 0.8925784826278687 580
1616528162956 0.8995394706726074 581
1616528197629 0.8914968371391296 582
1616528231826 0.8980637788772583 583
1616528266056 0.8785759210586548 584
1616528300692 0.8895705342292786 585
1616528335573 0.9093123078346252 586
1616528370115 0.890785813331604 587
1616528404869 0.8935530185699463 588
1616528439621 0.9063151478767395 589
1616528478720 0.9101604223251343 590
1616528513078 0.8924217224121094 591
1616528548063 0.9031358361244202 592
1616528582617 0.8926585912704468 593
1616528617286 0.9116284251213074 594
1616528651526 0.8772855997085571 595
1616528685844 0.8939838409423828 596
1616528720090 0.8905209898948669 597
1616528754831 0.8818022012710571 598
1616528789055 0.8937032222747803 599
1616528828057 0.881496250629425 600
1616528862970 0.8953855633735657 601
1616528897308 0.889133632183075 602
1616528932516 0.9059826135635376 603
1616528967112 0.9142189025878906 604
1616529001968 0.9073619842529297 605
1616529036735 0.8896746635437012 606
1616529071379 0.897533655166626 607
1616529105787 0.8914707899093628 608
1616529140446 0.9036588072776794 609
1616529178837 0.9003453254699707 610
1616529213088 0.8841769695281982 611
1616529247638 0.8701097965240479 612
1616529281965 0.8970428705215454 613
1616529316086 0.909900426864624 614
1616529350706 0.8974453210830688 615
1616529384927 0.9006641507148743 616
1616529419367 0.8898400068283081 617
1616529454307 0.8913753032684326 618
1616529490077 0.9021049737930298 619
1616529529728 0.8612629175186157 620
1616529563968 0.8863351345062256 621
1616529598632 0.9090464115142822 622
1616529632979 0.8945753574371338 623
1616529667609 0.8774335384368896 624
1616529702275 0.8922559022903442 625
1616529736411 0.9072878360748291 626
1616529771090 0.8882462978363037 627
1616529805698 0.885343074798584 628
1616529840450 0.8869499564170837 629
1616529879672 0.8912925124168396 630
1616529913844 0.9085900783538818 631
1616529948295 0.8973267078399658 632
1616529982927 0.8891760110855103 633
1616530017248 0.8839824795722961 634
1616530051851 0.8891989588737488 635
1616530086194 0.8774775862693787 636
1616530120939 0.8937510251998901 637
1616530155715 0.8842130899429321 638
1616530190572 0.907520592212677 639
1616530229200 0.8883975744247437 640
1616530263969 0.9186447858810425 641
1616530298629 0.9060861468315125 642
1616530332959 0.892837405204773 643
1616530367129 0.896574854850769 644
1616530401542 0.8950125575065613 645
1616530435975 0.8764088749885559 646
1616530470222 0.891218900680542 647
1616530504888 0.889965832233429 648
1616530539653 0.8892337083816528 649
1616530578527 0.8867875337600708 650
1616530613263 0.8812756538391113 651
1616530648302 0.8879203796386719 652
1616530683292 0.8892780542373657 653
1616530718168 0.902604877948761 654
1616530752982 0.9171227216720581 655
1616530787243 0.8863211870193481 656
1616530821533 0.9078046679496765 657
1616530856734 0.9007594585418701 658
1616530891582 0.8947492837905884 659
1616530930878 0.8850541114807129 660
1616530965643 0.89838707447052 661
1616531000505 0.8986324667930603 662
1616531035347 0.9021180272102356 663
1616531070050 0.9005894660949707 664
1616531104729 0.8966020941734314 665
1616531139842 0.9083888530731201 666
1616531174588 0.9021285176277161 667
1616531208951 0.9012353420257568 668
1616531243745 0.8927829265594482 669
1616531282880 0.8873339295387268 670
1616531317441 0.8645056486129761 671
1616531352152 0.8927289247512817 672
1616531386857 0.8790897727012634 673
1616531421318 0.8962453007698059 674
1616531455586 0.893944263458252 675
1616531489930 0.8858538866043091 676
1616531524608 0.9034311771392822 677
1616531559024 0.8867483139038086 678
1616531593791 0.8952664136886597 679
1616531632569 0.9201408624649048 680
1616531666772 0.9061025381088257 681
1616531701038 0.9056633710861206 682
1616531735635 0.8996824026107788 683
1616531769875 0.9031141996383667 684
1616531804167 0.8956947326660156 685
1616531838432 0.8885897397994995 686
1616531872748 0.8991298675537109 687
1616531907593 0.8840295672416687 688
1616531942556 0.88516765832901 689
1616531982012 0.9088289737701416 690
1616532016320 0.8880875110626221 691
1616532050949 0.8872436285018921 692
1616532085521 0.8898764252662659 693
1616532119805 0.8679085969924927 694
1616532154519 0.9028098583221436 695
1616532188776 0.9040146470069885 696
1616532223053 0.8789120316505432 697
1616532257871 0.8895207047462463 698
1616532292163 0.8926426768302917 699
1616532330845 0.890441358089447 700
1616532365556 0.8941243886947632 701
1616532399905 0.8901585340499878 702
1616532434358 0.8887403011322021 703
1616532468652 0.8847130537033081 704
1616532503016 0.8988661170005798 705
1616532537829 0.8806329369544983 706
1616532572528 0.8819992542266846 707
1616532607317 0.8890618681907654 708
1616532641569 0.879477322101593 709
1616532681091 0.8902173042297363 710
1616532715417 0.9013426899909973 711
1616532749906 0.8954058885574341 712
1616532784897 0.9094936847686768 713
1616532819654 0.9020391702651978 714
1616532853847 0.8918873071670532 715
1616532888575 0.8940950036048889 716
1616532923307 0.8843667507171631 717
1616532957847 0.8912853002548218 718
1616532992560 0.8731012344360352 719
1616533031815 0.8850899934768677 720
1616533066711 0.8911852240562439 721
1616533101519 0.876384973526001 722
1616533136111 0.8736002445220947 723
1616533170617 0.8810732364654541 724
1616533204941 0.8998550176620483 725
1616533240037 0.8941023349761963 726
1616533274605 0.8916247487068176 727
1616533309271 0.898818850517273 728
1616533343972 0.8835484981536865 729
1616533383514 0.9048401117324829 730
1616533418236 0.8858671188354492 731
1616533453322 0.8931584358215332 732
1616533487680 0.9069116115570068 733
1616533522462 0.8935588598251343 734
1616533557019 0.8804939389228821 735
1616533591480 0.9054776430130005 736
1616533626244 0.8940688371658325 737
1616533661116 0.8852894306182861 738
1616533695443 0.896044135093689 739
1616533733969 0.8975128531455994 740
1616533768718 0.8913840055465698 741
1616533802971 0.8929523229598999 742
1616533837252 0.8847842216491699 743
1616533872376 0.917902946472168 744
1616533907201 0.8988573551177979 745
1616533941774 0.9035533666610718 746
1616533976282 0.8951683044433594 747
1616534010658 0.8899569511413574 748
1616534045391 0.9005728960037231 749
1616534084188 0.8960371017456055 750
1616534118581 0.9079012870788574 751
1616534152907 0.8924291133880615 752
1616534187929 0.8819200992584229 753
1616534222612 0.8840205669403076 754
1616534257044 0.9185866117477417 755
1616534291189 0.9165593385696411 756
1616534325919 0.9063878059387207 757
1616534360271 0.9002375602722168 758
1616534395090 0.8990392684936523 759
1616534434554 0.8800375461578369 760
1616534469304 0.8813997507095337 761
1616534503799 0.8992279767990112 762
1616534538358 0.9255319833755493 763
1616534572971 0.8853713274002075 764
1616534607657 0.9010530710220337 765
1616534642597 0.8954952955245972 766
1616534677522 0.924965500831604 767
1616534712542 0.8752641081809998 768
1616534747142 0.9092717170715332 769
1616534786062 0.8840941190719604 770
1616534820338 0.9096482992172241 771
1616534854757 0.8874298930168152 772
1616534889231 0.8923802375793457 773
1616534923999 0.8853293657302856 774
1616534958690 0.9109214544296265 775
1616534993512 0.8971810340881348 776
1616535027765 0.8992583751678467 777
1616535062563 0.8952838182449341 778
1616535096878 0.9029616713523865 779
1616535135182 0.8935813903808594 780
1616535169836 0.8672109842300415 781
1616535204567 0.9016510844230652 782
1616535239206 0.8804395794868469 783
1616535273688 0.9117253422737122 784
1616535308063 0.8856801390647888 785
1616535342888 0.8807827234268188 786
1616535377282 0.8794862031936646 787
1616535412163 0.9062434434890747 788
1616535446637 0.8933919668197632 789
1616535485702 0.9124054312705994 790
1616535520567 0.9030147790908813 791
1616535555323 0.8823042511940002 792
1616535590066 0.8882409334182739 793
1616535624660 0.8919161558151245 794
1616535658904 0.9030424356460571 795
1616535693805 0.9006637334823608 796
1616535727879 0.8873955011367798 797
1616535762277 0.8959047794342041 798
1616535796481 0.9001138806343079 799
1616535835548 0.8892632722854614 800
1616535870013 0.8977974653244019 801
1616535904752 0.9003901481628418 802
1616535938964 0.8978521823883057 803
1616535973643 0.8965235948562622 804
1616536008214 0.8997036218643188 805
1616536043025 0.8887354731559753 806
1616536077469 0.8812244534492493 807
1616536112063 0.8932727575302124 808
1616536146657 0.8824610114097595 809
1616536186062 0.8973352313041687 810
1616536220613 0.8919872045516968 811
1616536254943 0.9150391817092896 812
1616536289534 0.9224967956542969 813
1616536323684 0.877529501914978 814
1616536357923 0.8875390887260437 815
1616536392643 0.9127371311187744 816
1616536426918 0.8972675800323486 817
1616536461240 0.8967560529708862 818
1616536495903 0.8759737014770508 819
1616536535095 0.9157117009162903 820
1616536569822 0.9073047637939453 821
1616536604556 0.8866454362869263 822
1616536638869 0.9117364287376404 823
1616536673522 0.898604154586792 824
1616536708416 0.899625837802887 825
1616536743312 0.9096221923828125 826
1616536778341 0.894603967666626 827
1616536813223 0.9110271334648132 828
1616536847501 0.8935153484344482 829
1616536886374 0.8842746615409851 830
1616536921296 0.901451587677002 831
1616536955606 0.8982882499694824 832
1616536989970 0.8961672782897949 833
1616537024470 0.8940589427947998 834
1616537059237 0.885979175567627 835
1616537093705 0.888225793838501 836
1616537128342 0.8925302028656006 837
1616537163062 0.9063019156455994 838
1616537197271 0.8974214792251587 839
1616537236635 0.8892730474472046 840
1616537271530 0.8866923451423645 841
1616537306214 0.9061928987503052 842
1616537340934 0.9008044004440308 843
1616537375423 0.8905572891235352 844
1616537409716 0.8922017216682434 845
1616537443978 0.8902565836906433 846
1616537478487 0.8752924203872681 847
1616537512992 0.8802109956741333 848
1616537547557 0.8873888254165649 849
1616537586612 0.9037185311317444 850
1616537621210 0.9074925184249878 851
1616537655483 0.8965469002723694 852
1616537689757 0.8708270192146301 853
1616537724533 0.8955296277999878 854
1616537759331 0.8824872970581055 855
1616537793858 0.9048417806625366 856
1616537828119 0.8828402757644653 857
1616537862851 0.8902453184127808 858
1616537897644 0.9108998775482178 859
1616537936714 0.9013617038726807 860
1616537971490 0.9051775932312012 861
1616538005860 0.9202744960784912 862
1616538040743 0.8909541368484497 863
1616538075103 0.9017829895019531 864
1616538109821 0.877335786819458 865
1616538144556 0.8988120555877686 866
1616538179548 0.8988933563232422 867
1616538213997 0.8846696615219116 868
1616538248785 0.9089260697364807 869
1616538287873 0.9004899263381958 870
1616538322620 0.8779879212379456 871
1616538357441 0.8798974752426147 872
1616538392129 0.9109045267105103 873
1616538426407 0.8929258584976196 874
1616538461069 0.9070847034454346 875
1616538495575 0.9123262166976929 876
1616538530096 0.8890892267227173 877
1616538564908 0.9014631509780884 878
1616538599487 0.9092774391174316 879
1616538638993 0.8939467668533325 880
1616538673826 0.9114115834236145 881
1616538708165 0.9169676899909973 882
1616538742788 0.8869801759719849 883
1616538777677 0.8861724138259888 884
1616538812888 0.8921678066253662 885
1616538847530 0.8996702432632446 886
1616538882221 0.897869348526001 887
1616538916916 0.8897232413291931 888
1616538951642 0.9030228853225708 889
1616538990892 0.9062680006027222 890
1616539025537 0.9084722995758057 891
1616539060386 0.9061458110809326 892
1616539095113 0.8846297264099121 893
1616539129889 0.9087904691696167 894
1616539164800 0.8969721794128418 895
1616539199844 0.8833425045013428 896
1616539234869 0.8959988951683044 897
1616539269707 0.8927568197250366 898
1616539304732 0.9010685086250305 899
1616539343690 0.8771383762359619 900
1616539378458 0.9067369699478149 901
1616539412716 0.8852386474609375 902
1616539447186 0.9010177850723267 903
1616539481651 0.8934383392333984 904
1616539515780 0.8887100219726562 905
1616539550081 0.8899182081222534 906
1616539584688 0.9040765166282654 907
1616539619417 0.9068619608879089 908
1616539654327 0.9008767604827881 909
1616539693577 0.8932452201843262 910
1616539728265 0.8826847076416016 911
1616539762990 0.8876791596412659 912
1616539797810 0.8957798480987549 913
1616539832360 0.9031425714492798 914
1616539866682 0.897699236869812 915
1616539901094 0.8978002071380615 916
1616539935951 0.90000319480896 917
1616539970560 0.9146101474761963 918
1616540004820 0.9173063039779663 919
1616540043390 0.8703222274780273 920
1616540078180 0.8943618535995483 921
1616540112549 0.8748621940612793 922
1616540146819 0.9006493091583252 923
1616540181253 0.9091145992279053 924
1616540216197 0.855735182762146 925
1616540251294 0.9054175615310669 926
1616540286290 0.901780903339386 927
1616540320909 0.8899633884429932 928
1616540354978 0.8844826221466064 929
1616540395131 0.9057931303977966 930
1616540429350 0.890872061252594 931
1616540464040 0.8907609581947327 932
1616540498444 0.9011799097061157 933
1616540532656 0.8979393243789673 934
1616540566842 0.9043655395507812 935
1616540601059 0.8888489007949829 936
1616540635824 0.88912034034729 937
1616540670601 0.8782283067703247 938
1616540704935 0.8877200484275818 939
1616540744032 0.8874653577804565 940
1616540778577 0.9003854393959045 941
1616540813789 0.9115890860557556 942
1616540848783 0.9038443565368652 943
1616540883202 0.881347119808197 944
1616540918237 0.8934215903282166 945
1616540953070 0.8846864104270935 946
1616540987753 0.9010167121887207 947
1616541021967 0.900363028049469 948
1616541056143 0.9000576734542847 949
1616541095435 0.8983423709869385 950
1616541129639 0.9001580476760864 951
1616541164291 0.893944501876831 952
1616541199005 0.8933703899383545 953
1616541233528 0.9033612608909607 954
1616541267910 0.8947151303291321 955
1616541302303 0.9117735624313354 956
1616541337006 0.8795125484466553 957
1616541372096 0.9000257253646851 958
1616541407315 0.8943201899528503 959
1616541445983 0.8917707204818726 960
1616541480573 0.9023425579071045 961
1616541515228 0.9166430830955505 962
1616541549653 0.887252926826477 963
1616541583884 0.892293393611908 964
1616541618308 0.8883827328681946 965
1616541652550 0.9026333093643188 966
1616541686880 0.8716151714324951 967
1616541721625 0.8913437128067017 968
1616541756298 0.8933920860290527 969
1616541795487 0.9092733860015869 970
1616541830199 0.9052478075027466 971
1616541864859 0.8760877847671509 972
1616541899362 0.884595513343811 973
1616541933745 0.9040000438690186 974
1616541968323 0.8918157815933228 975
1616542002904 0.8904072046279907 976
1616542037638 0.8928237557411194 977
1616542072088 0.9086100459098816 978
1616542106899 0.9052839279174805 979
1616542146297 0.9087841510772705 980
1616542180623 0.8786578178405762 981
1616542215251 0.9001525640487671 982
1616542249707 0.8963900804519653 983
1616542284551 0.9022870659828186 984
1616542318881 0.896186888217926 985
1616542353519 0.8921313285827637 986
1616542388259 0.9035439491271973 987
1616542422749 0.9043822288513184 988
1616542456945 0.8914571404457092 989
1616542496281 0.8845709562301636 990
1616542530997 0.90230792760849 991
1616542565585 0.9040877223014832 992
1616542600358 0.8919433355331421 993
1616542634715 0.8823257684707642 994
1616542669455 0.9054625034332275 995
1616542703882 0.8933084011077881 996
1616542738481 0.8884021043777466 997
1616542772991 0.8943705558776855 998
1616542807997 0.9072962999343872 999
1616542847006 0.890087366104126 1000
1616542881600 0.8992830514907837 1001
1616542916361 0.8978235721588135 1002
1616542950590 0.9162135124206543 1003
1616542985181 0.873857319355011 1004
1616543019927 0.8866838216781616 1005
1616543054130 0.8852230310440063 1006
1616543089013 0.899044930934906 1007
1616543123671 0.8921866416931152 1008
1616543158625 0.8895820379257202 1009
1616543197582 0.8883084654808044 1010
1616543232633 0.8973994851112366 1011
1616543267354 0.8990800380706787 1012
1616543302250 0.9169571399688721 1013
1616543336831 0.8873846530914307 1014
1616543371378 0.9046643376350403 1015
1616543406107 0.8911730647087097 1016
1616543440632 0.8788652420043945 1017
1616543475427 0.9072264432907104 1018
1616543510147 0.8735823631286621 1019
1616543549209 0.9150688648223877 1020
1616543583488 0.9024543762207031 1021
1616543617807 0.8935974836349487 1022
1616543652119 0.9019232988357544 1023
1616543686353 0.895661473274231 1024
1616543721109 0.9055091142654419 1025
1616543755478 0.8902480602264404 1026
1616543789957 0.8980355262756348 1027
1616543824901 0.9151195287704468 1028
1616543859779 0.8900505304336548 1029
1616543898947 0.9033820629119873 1030
1616543933378 0.9001399278640747 1031
1616543967775 0.8962550163269043 1032
1616544002455 0.9055950045585632 1033
1616544036728 0.8906733989715576 1034
1616544071049 0.8900364637374878 1035
1616544105690 0.8765808343887329 1036
1616544140418 0.8933321237564087 1037
1616544174460 0.8868703842163086 1038
1616544209779 0.9038702845573425 1039
1616544249280 0.8996849060058594 1040
1616544284260 0.9098542332649231 1041
1616544319710 0.8841514587402344 1042
1616544354644 0.9014701843261719 1043
1616544388923 0.9147189855575562 1044
1616544423228 0.9047642946243286 1045
1616544457479 0.9064386487007141 1046
1616544491696 0.8831270933151245 1047
1616544526397 0.8780269622802734 1048
1616544560994 0.8928033113479614 1049
1616544600050 0.901335597038269 1050
1616544634993 0.9011324644088745 1051
1616544669830 0.9009419679641724 1052
1616544704796 0.8796223402023315 1053
1616544739342 0.884667158126831 1054
1616544774104 0.9070615172386169 1055
1616544808820 0.8951140642166138 1056
1616544843444 0.8869783878326416 1057
1616544877846 0.897728681564331 1058
1616544912645 0.912212610244751 1059
1616544951919 0.8867654800415039 1060
1616544986746 0.899682343006134 1061
1616545021499 0.9072235822677612 1062
1616545056255 0.9000746011734009 1063
1616545090548 0.8746503591537476 1064
1616545124905 0.9029756784439087 1065
1616545159084 0.8670084476470947 1066
1616545193301 0.8956072926521301 1067
1616545227603 0.904373049736023 1068
1616545262469 0.8910663723945618 1069
1616545301374 0.8932108283042908 1070
1616545336182 0.8868345022201538 1071
1616545371019 0.8930599093437195 1072
1616545405947 0.8983809351921082 1073
1616545440960 0.8790562152862549 1074
1616545476039 0.8826420307159424 1075
1616545510847 0.8890745043754578 1076
1616545545568 0.9077406525611877 1077
1616545580361 0.877728283405304 1078
1616545615497 0.9100061655044556 1079
1616545654977 0.9045313596725464 1080
1616545689219 0.8945663571357727 1081
1616545723481 0.8967455625534058 1082
1616545758286 0.8824896812438965 1083
1616545792629 0.8921003341674805 1084
1616545827144 0.8892867565155029 1085
1616545861625 0.8929548263549805 1086
1616545895805 0.9042648673057556 1087
1616545930567 0.8952333927154541 1088
1616545964909 0.8889304399490356 1089
1616546004426 0.9070587158203125 1090
1616546039274 0.8822000026702881 1091
1616546073748 0.9056015014648438 1092
1616546108208 0.8866941928863525 1093
1616546143176 0.9043845534324646 1094
1616546177493 0.8825481534004211 1095
1616546212543 0.8867402672767639 1096
1616546247192 0.9001542329788208 1097
1616546282006 0.9111144542694092 1098
1616546316429 0.8817916512489319 1099
1616546355547 0.8877201080322266 1100
1616546390467 0.887871503829956 1101
1616546424871 0.9028232097625732 1102
1616546459762 0.8909468650817871 1103
1616546494440 0.8999102115631104 1104
1616546528957 0.8757461309432983 1105
1616546563643 0.8978071808815002 1106
1616546598125 0.9068132638931274 1107
1616546632653 0.8906893730163574 1108
1616546666960 0.8763765096664429 1109
1616546705825 0.8983772397041321 1110
1616546740635 0.89021897315979 1111
1616546775818 0.917799711227417 1112
1616546810026 0.8883035182952881 1113
1616546844258 0.9124687910079956 1114
1616546878488 0.8682718276977539 1115
1616546913260 0.8952667117118835 1116
1616546948035 0.8817651271820068 1117
1616546982703 0.8863623142242432 1118
1616547017221 0.9075117707252502 1119
1616547056358 0.8908029794692993 1120
1616547091338 0.8996639251708984 1121
1616547126053 0.8819869756698608 1122
1616547160815 0.8933771252632141 1123
1616547195788 0.9073295593261719 1124
1616547230629 0.8965157270431519 1125
1616547265295 0.8962251543998718 1126
1616547299621 0.8976695537567139 1127
1616547334284 0.8980093002319336 1128
1616547369144 0.910402774810791 1129
1616547408500 0.904255211353302 1130
1616547443376 0.8788517117500305 1131
1616547477878 0.8852086067199707 1132
1616547512668 0.9121975898742676 1133
1616547547051 0.8958213329315186 1134
1616547581385 0.8875634670257568 1135
1616547616427 0.8794416785240173 1136
1616547651066 0.8706339597702026 1137
1616547685533 0.9049287438392639 1138
1616547719857 0.8742638230323792 1139
1616547759145 0.8754984140396118 1140
1616547793872 0.896679162979126 1141
1616547828035 0.8951327800750732 1142
1616547862356 0.9029946327209473 1143
1616547896750 0.886813759803772 1144
1616547931246 0.8985432386398315 1145
1616547965851 0.8934791088104248 1146
1616548000676 0.8808658719062805 1147
1616548035747 0.9138650298118591 1148
1616548070621 0.8747605085372925 1149
1616548109935 0.8910725116729736 1150
1616548144325 0.8787485361099243 1151
1616548179202 0.9122178554534912 1152
1616548213846 0.897928774356842 1153
1616548248631 0.8885315656661987 1154
1616548283222 0.897553563117981 1155
1616548317421 0.8816190958023071 1156
1616548351649 0.9035284519195557 1157
1616548386371 0.8835434317588806 1158
1616548421075 0.8917242288589478 1159
1616548460451 0.9130970239639282 1160
1616548495517 0.8910112977027893 1161
1616548530453 0.8961070775985718 1162
1616548565033 0.8942269086837769 1163
1616548599760 0.8972866535186768 1164
1616548634492 0.9099311232566833 1165
1616548668733 0.8773200511932373 1166
1616548703673 0.8841445446014404 1167
1616548737968 0.8622402548789978 1168
1616548772809 0.8871302604675293 1169
1616548811655 0.9075315594673157 1170
1616548846016 0.8884464502334595 1171
1616548880332 0.9069366455078125 1172
1616548915072 0.9133471846580505 1173
1616548949809 0.8905300498008728 1174
1616548984579 0.8878901600837708 1175
1616549019002 0.8961798548698425 1176
1616549053421 0.8892964124679565 1177
1616549087983 0.8843710422515869 1178
1616549122301 0.9090976715087891 1179
1616549160830 0.8888740539550781 1180
1616549195278 0.8993616104125977 1181
1616549230057 0.9117085933685303 1182
1616549264941 0.9214798212051392 1183
1616549299760 0.8946957588195801 1184
1616549334282 0.9018266201019287 1185
1616549368675 0.910621702671051 1186
1616549402951 0.9107502698898315 1187
1616549437407 0.886846661567688 1188
1616549471622 0.8863555192947388 1189
1616549510439 0.8909240365028381 1190
1616549544587 0.8910470604896545 1191
1616549579010 0.8955250978469849 1192
1616549613689 0.907572329044342 1193
1616549648044 0.894931435585022 1194
1616549682843 0.8939194679260254 1195
1616549717108 0.9039801359176636 1196
1616549751787 0.8759281635284424 1197
1616549786104 0.8926810026168823 1198
1616549821017 0.9076826572418213 1199
1616549860130 0.8692963123321533 1200
1616549882509 0.9056066274642944 0
1616549882521 0.9056066274642944 0
