1616507862080 0.04197116941213608 1
1616507896286 0.03597233444452286 2
1616507930887 0.032937273383140564 3
1616507965481 0.032015953212976456 4
1616508001064 0.028621941804885864 5
1616508035951 0.027659831568598747 6
1616508070371 0.02707836963236332 7
1616508104972 0.026454564183950424 8
1616508139374 0.02613331750035286 9
1616508178601 0.02491820976138115 10
1616508213301 0.024722591042518616 11
1616508247599 0.024623245000839233 12
1616508282021 0.023684073239564896 13
1616508316914 0.024044528603553772 14
1616508353946 0.023140396922826767 15
1616508390571 0.023095959797501564 16
1616508426305 0.02476852759718895 17
1616508461035 0.022958209738135338 18
1616508496504 0.021982308477163315 19
1616508536250 0.02244420349597931 20
1616508570998 0.022240664809942245 21
1616508606005 0.02193889580667019 22
1616508640728 0.021839743480086327 23
1616508675079 0.02165531925857067 24
1616508709322 0.02116354927420616 25
1616508743383 0.020817076787352562 26
1616508777488 0.021005786955356598 27
1616508812079 0.021739333868026733 28
1616508846970 0.02119637280702591 29
1616508885215 0.020933562889695168 30
1616508919403 0.021746451035141945 31
1616508954337 0.020288031548261642 32
1616508989279 0.021226901561021805 33
1616509023845 0.018982160836458206 34
1616509058672 0.020339112728834152 35
1616509093603 0.02027461677789688 36
1616509128222 0.020854197442531586 37
1616509162687 0.01932848058640957 38
1616509197278 0.01960241049528122 39
1616509236046 0.01889866776764393 40
1616509270472 0.02066592127084732 41
1616509305172 0.020013602450489998 42
1616509339871 0.02044658735394478 43
1616509374573 0.019196271896362305 44
1616509408849 0.021185200661420822 45
1616509443366 0.01888652704656124 46
1616509477607 0.019641660153865814 47
1616509512200 0.019602857530117035 48
1616509546839 0.018689461052417755 49
1616509585950 0.01862076297402382 50
1616509620429 0.01877712830901146 51
1616509655257 0.019427234306931496 52
1616509689425 0.018393302336335182 53
1616509724107 0.018775660544633865 54
1616509759082 0.01810958981513977 55
1616509793973 0.01872359588742256 56
1616509828629 0.019831810146570206 57
1616509863178 0.017293576151132584 58
1616509897961 0.019717011600732803 59
1616509936853 0.01862199604511261 60
1616509971356 0.019619276747107506 61
1616510005521 0.0173144843429327 62
1616510040334 0.0185040682554245 63
1616510074788 0.01805998757481575 64
1616510109298 0.018506132066249847 65
1616510143412 0.018127862364053726 66
1616510177442 0.018344305455684662 67
1616510211708 0.0198531374335289 68
1616510246017 0.018409082666039467 69
1616510284749 0.017491912469267845 70
1616510319576 0.018980849534273148 71
1616510354563 0.017792116850614548 72
1616510389303 0.0178433358669281 73
1616510423990 0.018133439123630524 74
1616510458046 0.018767621368169785 75
1616510492562 0.016706541180610657 76
1616510527037 0.019324738532304764 77
1616510561211 0.018535224720835686 78
1616510595718 0.0180783960968256 79
1616510634715 0.017548583447933197 80
1616510669321 0.017865121364593506 81
1616510704008 0.017204653471708298 82
1616510738646 0.016950290650129318 83
1616510773425 0.016863759607076645 84
1616510808068 0.017587892711162567 85
1616510842837 0.016212409362196922 86
1616510877068 0.016661252826452255 87
1616510911203 0.01576180011034012 88
1616510945708 0.01769719272851944 89
1616510984654 0.017281875014305115 90
1616511018840 0.01895337551832199 91
1616511053169 0.017498355358839035 92
1616511088016 0.016907397657632828 93
1616511122564 0.01694769412279129 94
1616511157451 0.016901690512895584 95
1616511192354 0.01750645413994789 96
1616511227080 0.016734380275011063 97
1616511261330 0.01747104898095131 98
1616511295838 0.01765727996826172 99
1616511334811 0.017121389508247375 100
1616511369818 0.017303120344877243 101
1616511404568 0.016747090965509415 102
1616511438813 0.015930473804473877 103
1616511473157 0.01640452817082405 104
1616511507673 0.017683353275060654 105
1616511542177 0.017015082761645317 106
1616511576964 0.017857251688838005 107
1616511611677 0.01575503498315811 108
1616511645676 0.017456769943237305 109
1616511684093 0.01566171459853649 110
1616511718661 0.015721479430794716 111
1616511753520 0.015074122697114944 112
1616511787880 0.016792897135019302 113
1616511822127 0.01693131774663925 114
1616511856970 0.016511758789420128 115
1616511891956 0.015005534514784813 116
1616511926294 0.015425082296133041 117
1616511960935 0.015440534800291061 118
1616511995624 0.016440557315945625 119
1616512034871 0.017004771158099174 120
1616512069578 0.016708729788661003 121
1616512103744 0.017894156277179718 122
1616512138124 0.016775809228420258 123
1616512172456 0.017006687819957733 124
1616512206643 0.016410857439041138 125
1616512241324 0.015803374350070953 126
1616512276001 0.016373462975025177 127
1616512310638 0.016329465433955193 128
1616512345386 0.01720118336379528 129
1616512384264 0.017795860767364502 130
1616512418883 0.016281522810459137 131
1616512453394 0.015540700405836105 132
1616512488010 0.015523328445851803 133
1616512522291 0.016870854422450066 134
1616512556475 0.014578787609934807 135
1616512591213 0.016124991700053215 136
1616512625359 0.01669241115450859 137
1616512659626 0.015868287533521652 138
1616512693669 0.01634516566991806 139
1616512732293 0.017964627593755722 140
1616512766746 0.013929642736911774 141
1616512801302 0.01674887165427208 142
1616512835601 0.0157457422465086 143
1616512869837 0.01691264845430851 144
1616512904509 0.01538689061999321 145
1616512939540 0.015382866375148296 146
1616512974446 0.014297615736722946 147
1616513009453 0.014666637405753136 148
1616513044240 0.014906583353877068 149
1616513083635 0.015490541234612465 150
1616513118323 0.015384146012365818 151
1616513153464 0.015498031862080097 152
1616513187852 0.015313234180212021 153
1616513222503 0.014383195899426937 154
1616513257156 0.014550553634762764 155
1616513291750 0.01490466482937336 156
1616513326332 0.01528213918209076 157
1616513360779 0.01572452299296856 158
1616513395553 0.01646122708916664 159
1616513434531 0.016069822013378143 160
1616513469162 0.015461002476513386 161
1616513503396 0.013714099302887917 162
1616513537782 0.01493742410093546 163
1616513572331 0.01502138003706932 164
1616513607114 0.01423616986721754 165
1616513641565 0.015869224444031715 166
1616513676261 0.014219335280358791 167
1616513710685 0.0164995938539505 168
1616513745378 0.015569574199616909 169
1616513783908 0.016291216015815735 170
1616513818456 0.015044692903757095 171
1616513852809 0.015594307333230972 172
1616513887307 0.016263414174318314 173
1616513922003 0.01473973598331213 174
1616513956740 0.015403637662529945 175
1616513991062 0.015441211871802807 176
1616514025127 0.014706224203109741 177
1616514059692 0.015328796580433846 178
1616514093838 0.013003095053136349 179
1616514133200 0.016200464218854904 180
1616514167340 0.01494524721056223 181
1616514201528 0.014354088343679905 182
1616514235776 0.01520204171538353 183
1616514270419 0.014453412964940071 184
1616514304839 0.015276888385415077 185
1616514339242 0.01434921845793724 186
1616514373694 0.01514127291738987 187
1616514407913 0.015593665651977062 188
1616514442839 0.014384781941771507 189
1616514482267 0.015387339517474174 190
1616514516859 0.016475321725010872 191
1616514551636 0.015622305683791637 192
1616514585957 0.014420595020055771 193
1616514620247 0.014005276374518871 194
1616514654799 0.013892537914216518 195
1616514689412 0.014642566442489624 196
1616514724150 0.0141617301851511 197
1616514759000 0.014661279506981373 198
1616514793719 0.012631865218281746 199
1616514832920 0.013950947672128677 200
1616514867159 0.014769835397601128 201
1616514901731 0.014121879823505878 202
1616514935899 0.014327006414532661 203
1616514970666 0.014333697035908699 204
1616515004811 0.014282163232564926 205
1616515038970 0.013399996794760227 206
1616515073216 0.01487663947045803 207
1616515107802 0.01455005258321762 208
1616515142751 0.014462768100202084 209
1616515181677 0.014994625933468342 210
1616515216082 0.013123405165970325 211
1616515250923 0.014272967353463173 212
1616515285333 0.01344845537096262 213
1616515319830 0.013343115337193012 214
1616515354512 0.012542733922600746 215
1616515388768 0.012587369419634342 216
1616515423817 0.015909653156995773 217
1616515458173 0.012001285329461098 218
1616515492794 0.013501716777682304 219
1616515531577 0.014653206802904606 220
1616515566150 0.013145171105861664 221
1616515600552 0.013785064220428467 222
1616515635287 0.013037560507655144 223
1616515669822 0.01322348415851593 224
1616515704188 0.012027446180582047 225
1616515739118 0.014483949169516563 226
1616515773649 0.014847980812191963 227
1616515807998 0.015860391780734062 228
1616515842373 0.01343140471726656 229
1616515881594 0.013700832612812519 230
1616515916026 0.012796303257346153 231
1616515950332 0.013036508113145828 232
1616515984636 0.01435333862900734 233
1616516018955 0.013560421764850616 234
1616516053838 0.012690015137195587 235
1616516088160 0.013348197564482689 236
1616516122458 0.01311479788273573 237
1616516157602 0.014198290184140205 238
1616516191941 0.013485793024301529 239
1616516231083 0.01381825003772974 240
1616516265643 0.01383274607360363 241
1616516299881 0.013033350929617882 242
1616516334298 0.012438874691724777 243
1616516368582 0.01230899803340435 244
1616516403056 0.01277199573814869 245
1616516437591 0.010857300832867622 246
1616516472581 0.014598362147808075 247
1616516507144 0.015030914917588234 248
1616516541998 0.013164324685931206 249
1616516580869 0.014382977038621902 250
1616516615585 0.012457601726055145 251
1616516649781 0.011464189738035202 252
1616516684378 0.013521526008844376 253
1616516719022 0.013826481997966766 254
1616516753284 0.013083725236356258 255
1616516788042 0.011594167910516262 256
1616516822319 0.012920064851641655 257
1616516857299 0.013090294785797596 258
1616516892208 0.011926457285881042 259
1616516931768 0.014601951465010643 260
1616516966109 0.013526654802262783 261
1616517000846 0.013133810833096504 262
1616517035083 0.013369699940085411 263
1616517069315 0.012902045622467995 264
1616517103914 0.013818781822919846 265
1616517138090 0.01198500581085682 266
1616517172832 0.012459337711334229 267
1616517207222 0.014110050164163113 268
1616517241506 0.01398676261305809 269
1616517280401 0.013590752147138119 270
1616517314682 0.013687733560800552 271
1616517349250 0.013569565489888191 272
1616517383636 0.013300623744726181 273
1616517417857 0.015187951736152172 274
1616517452494 0.011247679591178894 275
1616517487571 0.014192218892276287 276
1616517521888 0.012647177092730999 277
1616517556675 0.01403721235692501 278
1616517591461 0.013336204923689365 279
1616517630493 0.01359582506120205 280
1616517665262 0.014862987212836742 281
1616517699836 0.015102757140994072 282
1616517734610 0.012489361688494682 283
1616517769252 0.013688800856471062 284
1616517803532 0.012690981850028038 285
1616517838304 0.011397156864404678 286
1616517872764 0.014527699910104275 287
1616517907403 0.012990761548280716 288
1616517941717 0.013911004178225994 289
1616517980325 0.011400457471609116 290
1616518014960 0.012646552175283432 291
1616518049629 0.013951503671705723 292
1616518083964 0.012208255007863045 293
1616518118815 0.012979429215192795 294
1616518153813 0.010964068584144115 295
1616518187942 0.012732023373246193 296
1616518222413 0.013480168767273426 297
1616518256893 0.01275712251663208 298
1616518291628 0.015614788047969341 299
1616518330102 0.014440758153796196 300
1616518364745 0.013869487680494785 301
1616518399211 0.015024686232209206 302
1616518433722 0.011816964484751225 303
1616518467995 0.014090534299612045 304
1616518502284 0.013428379781544209 305
1616518537096 0.014052283018827438 306
1616518571464 0.01423773542046547 307
1616518606360 0.01385013572871685 308
1616518641220 0.01166077982634306 309
1616518680568 0.014192967675626278 310
1616518715419 0.012038804590702057 311
1616518749880 0.012219670228660107 312
1616518784557 0.012114813551306725 313
1616518819124 0.012904832139611244 314
1616518853736 0.011899737641215324 315
1616518888418 0.014343686401844025 316
1616518923065 0.013354266062378883 317
1616518957565 0.013363823294639587 318
1616518991814 0.013536885380744934 319
1616519030186 0.012010803446173668 320
1616519064387 0.012422299943864346 321
1616519099091 0.011918092146515846 322
1616519133975 0.013777490705251694 323
1616519168583 0.013870231807231903 324
1616519202869 0.012130837887525558 325
1616519237202 0.010889258235692978 326
1616519271873 0.01224889513105154 327
1616519306635 0.011176463216543198 328
1616519341189 0.011649497784674168 329
1616519379973 0.009674306958913803 330
1616519414584 0.012763969600200653 331
1616519449676 0.010497888550162315 332
1616519484142 0.012565151788294315 333
1616519518374 0.011258846148848534 334
1616519553049 0.013376814313232899 335
1616519587782 0.012506961822509766 336
1616519621986 0.012640564702451229 337
1616519656211 0.01224712934345007 338
1616519690531 0.011165400967001915 339
1616519729406 0.012661143206059933 340
1616519764314 0.01159866526722908 341
1616519799093 0.011075008660554886 342
1616519833652 0.011962469667196274 343
1616519868174 0.01225140318274498 344
1616519902641 0.012359173968434334 345
1616519937013 0.01181007456034422 346
1616519971225 0.013213199563324451 347
1616520005410 0.01105348952114582 348
1616520040200 0.01178828626871109 349
1616520079615 0.011981068179011345 350
1616520114276 0.01255233958363533 351
1616520149390 0.012401099316775799 352
1616520183736 0.012169422581791878 353
1616520218447 0.012978955172002316 354
1616520252981 0.01228853315114975 355
1616520287681 0.01299210637807846 356
1616520322081 0.010376389138400555 357
1616520356216 0.010684290900826454 358
1616520390821 0.010954068042337894 359
1616520429592 0.011167323216795921 360
1616520464529 0.010613912716507912 361
1616520499797 0.012364672496914864 362
1616520534777 0.010881464928388596 363
1616520569185 0.011578689329326153 364
1616520604020 0.010601641610264778 365
1616520638209 0.01206543855369091 366
1616520672398 0.013230198994278908 367
1616520707087 0.012364106252789497 368
1616520741283 0.014702241867780685 369
1616520779840 0.012007610872387886 370
1616520814469 0.013307619839906693 371
1616520849186 0.012758875265717506 372
1616520884016 0.011559197679162025 373
1616520918531 0.011587514542043209 374
1616520952903 0.015144886448979378 375
1616520987172 0.011313247494399548 376
1616521021866 0.010258406400680542 377
1616521056819 0.011308019049465656 378
1616521091360 0.012580995447933674 379
1616521130226 0.011242661625146866 380
1616521164561 0.011929331347346306 381
1616521199541 0.011270529590547085 382
1616521233783 0.0114363394677639 383
1616521268010 0.01192835159599781 384
1616521302268 0.010373953729867935 385
1616521337010 0.011029756627976894 386
1616521371662 0.011429443955421448 387
1616521406285 0.01170712523162365 388
1616521440766 0.011773094534873962 389
1616521480143 0.014135865494608879 390
1616521514970 0.011687508784234524 391
1616521549575 0.011502815410494804 392
1616521584459 0.011529219336807728 393
1616521619242 0.011844778433442116 394
1616521653523 0.01181120052933693 395
1616521687844 0.01177523098886013 396
1616521722308 0.012280521914362907 397
1616521757420 0.010817332193255424 398
1616521792014 0.011384900659322739 399
1616521830483 0.012750253081321716 400
1616521864797 0.009930277243256569 401
1616521899177 0.012315742671489716 402
1616521933678 0.012315137311816216 403
1616521968369 0.01097781304270029 404
1616522002899 0.011544585227966309 405
1616522037461 0.011954368092119694 406
1616522071906 0.010466453619301319 407
1616522106728 0.012006724253296852 408
1616522141299 0.0112110935151577 409
1616522180543 0.012024974450469017 410
1616522215017 0.012739833444356918 411
1616522250020 0.011010313406586647 412
1616522284429 0.011625653132796288 413
1616522319112 0.012216215953230858 414
1616522353632 0.013233788311481476 415
1616522388155 0.012395059689879417 416
1616522422503 0.010270129889249802 417
1616522456693 0.01089501939713955 418
1616522491067 0.011606806889176369 419
1616522529494 0.01318662241101265 420
1616522564197 0.011545952409505844 421
1616522598517 0.010934408754110336 422
1616522633070 0.01069009117782116 423
1616522668187 0.011143626645207405 424
1616522703178 0.011441846378147602 425
1616522737593 0.010661988519132137 426
1616522772520 0.011344894766807556 427
1616522807010 0.013003378175199032 428
1616522841745 0.011091592721641064 429
1616522880632 0.012073203921318054 430
1616522915550 0.013047282584011555 431
1616522950584 0.011084375903010368 432
1616522985003 0.010821104049682617 433
1616523019261 0.011885041370987892 434
1616523053725 0.01186247356235981 435
1616523088034 0.011125164106488228 436
1616523122534 0.012336879037320614 437
1616523156812 0.010897070169448853 438
1616523191365 0.011574268341064453 439
1616523230369 0.012792056426405907 440
1616523264622 0.01192307285964489 441
1616523299058 0.011945029720664024 442
1616523333377 0.013303081505000591 443
1616523367979 0.011342722922563553 444
1616523402690 0.012659871950745583 445
1616523437424 0.010477057658135891 446
1616523471965 0.01198400929570198 447
1616523507247 0.01064380444586277 448
1616523542086 0.011320330202579498 449
1616523581177 0.009241487830877304 450
1616523615955 0.012370826676487923 451
1616523650172 0.011079635471105576 452
1616523684430 0.01049608364701271 453
1616523719023 0.01103432010859251 454
1616523753692 0.011844221502542496 455
1616523787997 0.011952624656260014 456
1616523822534 0.010174678638577461 457
1616523857196 0.012273432686924934 458
1616523891718 0.013031396083533764 459
1616523930674 0.010630538687109947 460
1616523965210 0.01086169108748436 461
1616523999902 0.012188644148409367 462
1616524034735 0.010755717754364014 463
1616524069395 0.009562819264829159 464
1616524103660 0.012635256163775921 465
1616524138463 0.01054704561829567 466
1616524173212 0.010476460680365562 467
1616524207832 0.012279413640499115 468
1616524242592 0.011356759816408157 469
1616524281422 0.009708540514111519 470
1616524315610 0.011058018542826176 471
1616524349796 0.010274674743413925 472
1616524384482 0.01077716238796711 473
1616524419131 0.011678985320031643 474
1616524453387 0.010110998526215553 475
1616524488035 0.009971460327506065 476
1616524522543 0.011622495949268341 477
1616524556760 0.011226573958992958 478
1616524590946 0.010279783979058266 479
1616524629544 0.01077759824693203 480
1616524663820 0.010801929049193859 481
1616524698142 0.010370059870183468 482
1616524732715 0.01290503516793251 483
1616524767401 0.011861922219395638 484
1616524802099 0.01038737129420042 485
1616524836824 0.011066203936934471 486
1616524871743 0.010424545034766197 487
1616524906636 0.009891562163829803 488
1616524941065 0.010744350031018257 489
1616524979832 0.011692289263010025 490
1616525014587 0.010486956685781479 491
1616525049247 0.011702333576977253 492
1616525083630 0.011373855173587799 493
1616525118220 0.00957086868584156 494
1616525152988 0.01100175641477108 495
1616525187239 0.009989842772483826 496
1616525221379 0.01254134438931942 497
1616525256207 0.011005884036421776 498
1616525290353 0.010959207080304623 499
1616525329331 0.011211300268769264 500
1616525363565 0.01036670058965683 501
1616525398309 0.010603480041027069 502
1616525433053 0.01129119098186493 503
1616525467184 0.010872572660446167 504
1616525501968 0.012201091274619102 505
1616525536633 0.012082206085324287 506
1616525571133 0.010336551815271378 507
1616525605966 0.010277478024363518 508
1616525640106 0.010843079537153244 509
1616525679434 0.013146309182047844 510
1616525714252 0.011397447437047958 511
1616525748548 0.011190710589289665 512
1616525783802 0.00870310515165329 513
1616525817901 0.010462092235684395 514
1616525852813 0.010810909792780876 515
1616525887684 0.010196048766374588 516
1616525922273 0.010938180610537529 517
1616525956932 0.01127307303249836 518
1616525991212 0.009891950525343418 519
1616526030093 0.00975351594388485 520
1616526065284 0.010490918532013893 521
1616526099542 0.009529456496238708 522
1616526133908 0.012425057590007782 523
1616526168295 0.010012218728661537 524
1616526203102 0.0091774957254529 525
1616526238072 0.010173244401812553 526
1616526272517 0.01052391529083252 527
1616526306954 0.009747503325343132 528
1616526341714 0.011062931269407272 529
1616526380422 0.011226863600313663 530
1616526414975 0.012791957706212997 531
1616526449342 0.010048964060842991 532
1616526484221 0.009968264028429985 533
1616526518638 0.01248160470277071 534
1616526553244 0.010910939425230026 535
1616526588387 0.011147459968924522 536
1616526622759 0.012138238176703453 537
1616526656928 0.010535018518567085 538
1616526691690 0.009426236152648926 539
1616526730138 0.00919918343424797 540
1616526764275 0.009631996974349022 541
1616526798736 0.012311617843806744 542
1616526833383 0.012663519009947777 543
1616526868075 0.010798465460538864 544
1616526902615 0.010265310294926167 545
1616526936908 0.01029701717197895 546
1616526971297 0.010722735896706581 547
1616527005726 0.010823387652635574 548
1616527040619 0.011852575466036797 549
1616527079799 0.011006241664290428 550
1616527114313 0.011391296051442623 551
1616527148775 0.010879977606236935 552
1616527183062 0.010734375566244125 553
1616527217350 0.011945990845561028 554
1616527251618 0.009912986308336258 555
1616527286347 0.010963382199406624 556
1616527321068 0.013043347746133804 557
1616527355741 0.010172338224947453 558
1616527390505 0.012850831262767315 559
1616527429420 0.010158122517168522 560
1616527463618 0.010735729709267616 561
1616527497898 0.011904938146471977 562
1616527532736 0.009426059201359749 563
1616527566983 0.012161483988165855 564
1616527601224 0.011987796984612942 565
1616527636065 0.010066507384181023 566
1616527670678 0.010294409468770027 567
1616527705614 0.01214347779750824 568
1616527740251 0.009246937930583954 569
1616527779668 0.010146195068955421 570
1616527814510 0.00901598297059536 571
1616527849052 0.012021105736494064 572
1616527883758 0.011355461552739143 573
1616527918009 0.011031197383999825 574
1616527952464 0.013110263273119926 575
1616527986814 0.010883058421313763 576
1616528021426 0.011915195733308792 577
1616528055691 0.011665023863315582 578
1616528090431 0.011993161402642727 579
1616528128697 0.010703949257731438 580
1616528162956 0.009636130183935165 581
1616528197629 0.011798270046710968 582
1616528231826 0.009874843060970306 583
1616528266056 0.010292142629623413 584
1616528300692 0.012445559725165367 585
1616528335573 0.009474622085690498 586
1616528370115 0.010995469056069851 587
1616528404869 0.01135153416544199 588
1616528439621 0.010058922693133354 589
1616528478720 0.008723583072423935 590
1616528513078 0.011001029051840305 591
1616528548063 0.00979304313659668 592
1616528582617 0.009397165849804878 593
1616528617286 0.0090172179043293 594
1616528651526 0.011833593249320984 595
1616528685844 0.011344894766807556 596
1616528720090 0.010356135666370392 597
1616528754831 0.010978760197758675 598
1616528789055 0.01058792881667614 599
1616528828057 0.012006508186459541 600
1616528862970 0.012260494753718376 601
1616528897308 0.011285914108157158 602
1616528932516 0.00954233668744564 603
1616528967112 0.008751444518566132 604
1616529001968 0.009856969118118286 605
1616529036735 0.011795686557888985 606
1616529071379 0.010746805928647518 607
1616529105787 0.010606493800878525 608
1616529140446 0.009463219903409481 609
1616529178837 0.009767251089215279 610
1616529213088 0.012301958166062832 611
1616529247638 0.013040350750088692 612
1616529281965 0.009765462949872017 613
1616529316086 0.009568993002176285 614
1616529350706 0.012318789958953857 615
1616529384927 0.009538671001791954 616
1616529419367 0.012053752318024635 617
1616529454307 0.009630953893065453 618
1616529490077 0.011151893064379692 619
1616529529728 0.013356519863009453 620
1616529563968 0.010975182056427002 621
1616529598632 0.009578111581504345 622
1616529632979 0.011160282418131828 623
1616529667609 0.01218562014400959 624
1616529702275 0.00869357492774725 625
1616529736411 0.00915803574025631 626
1616529771090 0.011314377188682556 627
1616529805698 0.010525379329919815 628
1616529840450 0.011321657337248325 629
1616529879672 0.010523210279643536 630
1616529913844 0.009005371481180191 631
1616529948295 0.01088145561516285 632
1616529982927 0.010064634494483471 633
1616530017248 0.01063990406692028 634
1616530051851 0.010827461257576942 635
1616530086194 0.011803414672613144 636
1616530120939 0.009984156116843224 637
1616530155715 0.011531097814440727 638
1616530190572 0.009058810770511627 639
1616530229200 0.011142460629343987 640
1616530263969 0.00907139666378498 641
1616530298629 0.010879338718950748 642
1616530332959 0.011498427018523216 643
1616530367129 0.00959080271422863 644
1616530401542 0.011076651513576508 645
1616530435975 0.012508666142821312 646
1616530470222 0.009742716327309608 647
1616530504888 0.011600151658058167 648
1616530539653 0.011900996789336205 649
1616530578527 0.01041160337626934 650
1616530613263 0.010690337046980858 651
1616530648302 0.01035333052277565 652
1616530683292 0.0107376454398036 653
1616530718168 0.010253529995679855 654
1616530752982 0.009751684963703156 655
1616530787243 0.010497905313968658 656
1616530821533 0.008010762743651867 657
1616530856734 0.011173294857144356 658
1616530891582 0.009802380576729774 659
1616530930878 0.01108190044760704 660
1616530965643 0.012243790552020073 661
1616531000505 0.010307089425623417 662
1616531035347 0.009432080201804638 663
1616531070050 0.009872647933661938 664
1616531104729 0.00979532115161419 665
1616531139842 0.00933743454515934 666
1616531174588 0.010889416560530663 667
1616531208951 0.010969024151563644 668
1616531243745 0.010421093553304672 669
1616531282880 0.010927817784249783 670
1616531317441 0.0121764512732625 671
1616531352152 0.010515579953789711 672
1616531386857 0.011553483083844185 673
1616531421318 0.011475402861833572 674
1616531455586 0.010324234142899513 675
1616531489930 0.010813599452376366 676
1616531524608 0.009963110089302063 677
1616531559024 0.01159745454788208 678
1616531593791 0.010229564271867275 679
1616531632569 0.009492123499512672 680
1616531666772 0.00964245107024908 681
1616531701038 0.011278890073299408 682
1616531735635 0.009833569638431072 683
1616531769875 0.00985720194876194 684
1616531804167 0.010046381503343582 685
1616531838432 0.011903506703674793 686
1616531872748 0.010515475645661354 687
1616531907593 0.009824158623814583 688
1616531942556 0.010348346084356308 689
1616531982012 0.009051268920302391 690
1616532016320 0.01193254068493843 691
1616532050949 0.01033489778637886 692
1616532085521 0.010313516482710838 693
1616532119805 0.013674394227564335 694
1616532154519 0.011366416700184345 695
1616532188776 0.009566646069288254 696
1616532223053 0.012061938643455505 697
1616532257871 0.013088833540678024 698
1616532292163 0.011400766670703888 699
1616532330845 0.009951828978955746 700
1616532365556 0.0110441530123353 701
1616532399905 0.01029992662370205 702
1616532434358 0.010839675553143024 703
1616532468652 0.011037427932024002 704
1616532503016 0.010428533889353275 705
1616532537829 0.012074701488018036 706
1616532572528 0.011218110099434853 707
1616532607317 0.010810751467943192 708
1616532641569 0.010657986626029015 709
1616532681091 0.012466713786125183 710
1616532715417 0.009347863495349884 711
1616532749906 0.010355262085795403 712
1616532784897 0.009514523670077324 713
1616532819654 0.010106448084115982 714
1616532853847 0.011317627504467964 715
1616532888575 0.010511918924748898 716
1616532923307 0.011919626034796238 717
1616532957847 0.011055739596486092 718
1616532992560 0.011317290365695953 719
1616533031815 0.009783146902918816 720
1616533066711 0.010479374788701534 721
1616533101519 0.01111619547009468 722
1616533136111 0.01175878569483757 723
1616533170617 0.010672125965356827 724
1616533204941 0.010551504790782928 725
1616533240037 0.009618952870368958 726
1616533274605 0.011651037260890007 727
1616533309271 0.011478843167424202 728
1616533343972 0.01150334719568491 729
1616533383514 0.008857492357492447 730
1616533418236 0.011452821083366871 731
1616533453322 0.01106102392077446 732
1616533487680 0.009091637097299099 733
1616533522462 0.00991787202656269 734
1616533557019 0.010664893314242363 735
1616533591480 0.009224571287631989 736
1616533626244 0.01104915700852871 737
1616533661116 0.010095465928316116 738
1616533695443 0.009650731459259987 739
1616533733969 0.009519748389720917 740
1616533768718 0.01042385958135128 741
1616533802971 0.01079873088747263 742
1616533837252 0.010505982674658298 743
1616533872376 0.008756543509662151 744
1616533907201 0.009318782947957516 745
1616533941774 0.009863873943686485 746
1616533976282 0.008968017064034939 747
1616534010658 0.01055295392870903 748
1616534045391 0.010434482246637344 749
1616534084188 0.009703283198177814 750
1616534118581 0.009328188374638557 751
1616534152907 0.010813672095537186 752
1616534187929 0.010592021048069 753
1616534222612 0.00971006415784359 754
1616534257044 0.008312111720442772 755
1616534291189 0.008380952291190624 756
1616534325919 0.00912930816411972 757
1616534360271 0.00934468675404787 758
1616534395090 0.009252131916582584 759
1616534434554 0.01153847947716713 760
1616534469304 0.012629740871489048 761
1616534503799 0.009907808154821396 762
1616534538358 0.00837189145386219 763
1616534572971 0.010209199041128159 764
1616534607657 0.011148655787110329 765
1616534642597 0.009378509595990181 766
1616534677522 0.008096523582935333 767
1616534712542 0.012879396788775921 768
1616534747142 0.00993964821100235 769
1616534786062 0.010166279040277004 770
1616534820338 0.010472266003489494 771
1616534854757 0.011640867218375206 772
1616534889231 0.010780075564980507 773
1616534923999 0.01147112064063549 774
1616534958690 0.00898026954382658 775
1616534993512 0.0102311372756958 776
1616535027765 0.009540836326777935 777
1616535062563 0.009380082599818707 778
1616535096878 0.010643454268574715 779
1616535135182 0.010119692422449589 780
1616535169836 0.012344792485237122 781
1616535204567 0.010495970025658607 782
1616535239206 0.010459601879119873 783
1616535273688 0.010897972621023655 784
1616535308063 0.012449139729142189 785
1616535342888 0.011355290189385414 786
1616535377282 0.009713565930724144 787
1616535412163 0.00863812118768692 788
1616535446637 0.010870062746107578 789
1616535485702 0.008785683661699295 790
1616535520567 0.008927891962230206 791
1616535555323 0.011660503223538399 792
1616535590066 0.012432144023478031 793
1616535624660 0.011019539088010788 794
1616535658904 0.00880354456603527 795
1616535693805 0.0090298131108284 796
1616535727879 0.011952236294746399 797
1616535762277 0.011432576924562454 798
1616535796481 0.010798712261021137 799
1616535835548 0.011916978284716606 800
1616535870013 0.009092296473681927 801
1616535904752 0.010658079758286476 802
1616535938964 0.012817018665373325 803
1616535973643 0.009401559829711914 804
1616536008214 0.011514352634549141 805
1616536043025 0.010884979739785194 806
1616536077469 0.011641089804470539 807
1616536112063 0.009742758236825466 808
1616536146657 0.010299980640411377 809
1616536186062 0.010819310322403908 810
1616536220613 0.010607224889099598 811
1616536254943 0.010125728324055672 812
1616536289534 0.008220949210226536 813
1616536323684 0.011555146425962448 814
1616536357923 0.01059030368924141 815
1616536392643 0.008109102956950665 816
1616536426918 0.010352426208555698 817
1616536461240 0.010358823463320732 818
1616536495903 0.011594049632549286 819
1616536535095 0.008854087442159653 820
1616536569822 0.010039694607257843 821
1616536604556 0.012804923579096794 822
1616536638869 0.009069833904504776 823
1616536673522 0.011186731979250908 824
1616536708416 0.01021504309028387 825
1616536743312 0.008402366191148758 826
1616536778341 0.010084539651870728 827
1616536813223 0.009864303283393383 828
1616536847501 0.010225433856248856 829
1616536886374 0.011894045397639275 830
1616536921296 0.009321074932813644 831
1616536955606 0.009946363046765327 832
1616536989970 0.012456737458705902 833
1616537024470 0.009798459708690643 834
1616537059237 0.011202631518244743 835
1616537093705 0.011794602498412132 836
1616537128342 0.010481592267751694 837
1616537163062 0.00907493382692337 838
1616537197271 0.00950645748525858 839
1616537236635 0.010322912596166134 840
1616537271530 0.010340485721826553 841
1616537306214 0.008804661221802235 842
1616537340934 0.010518783703446388 843
1616537375423 0.009704848751425743 844
1616537409716 0.009751721285283566 845
1616537443978 0.00954003632068634 846
1616537478487 0.01176377758383751 847
1616537512992 0.010754808783531189 848
1616537547557 0.01287679560482502 849
1616537586612 0.009155329316854477 850
1616537621210 0.00916430726647377 851
1616537655483 0.010520072653889656 852
1616537689757 0.011667974293231964 853
1616537724533 0.011506898328661919 854
1616537759331 0.010701976716518402 855
1616537793858 0.009508910588920116 856
1616537828119 0.010279180482029915 857
1616537862851 0.011417020112276077 858
1616537897644 0.010351240634918213 859
1616537936714 0.01007632352411747 860
1616537971490 0.009027315303683281 861
1616538005860 0.008362876251339912 862
1616538040743 0.010566513985395432 863
1616538075103 0.010136432945728302 864
1616538109821 0.011653351597487926 865
1616538144556 0.010903596878051758 866
1616538179548 0.011432688683271408 867
1616538213997 0.01187758706510067 868
1616538248785 0.009057202376425266 869
1616538287873 0.008777093142271042 870
1616538322620 0.011279008351266384 871
1616538357441 0.011333836242556572 872
1616538392129 0.00923847034573555 873
1616538426407 0.01078948937356472 874
1616538461069 0.010455096140503883 875
1616538495575 0.009524775668978691 876
1616538530096 0.009756883606314659 877
1616538564908 0.010104464367032051 878
1616538599487 0.008848438039422035 879
1616538638993 0.01140543632209301 880
1616538673826 0.009853055700659752 881
1616538708165 0.008569064550101757 882
1616538742788 0.01197924092411995 883
1616538777677 0.011252112686634064 884
1616538812888 0.011445647105574608 885
1616538847530 0.010160952806472778 886
1616538882221 0.009868031367659569 887
1616538916916 0.010997537523508072 888
1616538951642 0.009721649810671806 889
1616538990892 0.008411613292992115 890
1616539025537 0.009627550840377808 891
1616539060386 0.010091517120599747 892
1616539095113 0.011623609811067581 893
1616539129889 0.009293025359511375 894
1616539164800 0.011501273140311241 895
1616539199844 0.011281273327767849 896
1616539234869 0.009933678433299065 897
1616539269707 0.009777556173503399 898
1616539304732 0.009531819261610508 899
1616539343690 0.011044465005397797 900
1616539378458 0.009636936709284782 901
1616539412716 0.010113371536135674 902
1616539447186 0.009762680158019066 903
1616539481651 0.009636765345931053 904
1616539515780 0.011908920481801033 905
1616539550081 0.01120718102902174 906
1616539584688 0.009557610377669334 907
1616539619417 0.009679548442363739 908
1616539654327 0.01010088063776493 909
1616539693577 0.009732572361826897 910
1616539728265 0.01238279603421688 911
1616539762990 0.01100927870720625 912
1616539797810 0.010333445854485035 913
1616539832360 0.009983731433749199 914
1616539866682 0.009343713521957397 915
1616539901094 0.011817904189229012 916
1616539935951 0.01012159138917923 917
1616539970560 0.00939689390361309 918
1616540004820 0.008375442586839199 919
1616540043390 0.011414590291678905 920
1616540078180 0.010384155437350273 921
1616540112549 0.01154404692351818 922
1616540146819 0.010595787316560745 923
1616540181253 0.009060226380825043 924
1616540216197 0.012901242822408676 925
1616540251294 0.00939943827688694 926
1616540286290 0.010050283744931221 927
1616540320909 0.011069932952523232 928
1616540354978 0.0109978336840868 929
1616540395131 0.009571736678481102 930
1616540429350 0.01068277470767498 931
1616540464040 0.010697638615965843 932
1616540498444 0.009478336200118065 933
1616540532656 0.00998792052268982 934
1616540566842 0.009087372571229935 935
1616540601059 0.010629983618855476 936
1616540635824 0.010987570509314537 937
1616540670601 0.012813687324523926 938
1616540704935 0.010014357976615429 939
1616540744032 0.011755879037082195 940
1616540778577 0.009043476544320583 941
1616540813789 0.008594182319939137 942
1616540848783 0.009293150156736374 943
1616540883202 0.011430252343416214 944
1616540918237 0.011142399162054062 945
1616540953070 0.010554350912570953 946
1616540987753 0.00980321317911148 947
1616541021967 0.009741419926285744 948
1616541056143 0.01013125479221344 949
1616541095435 0.009947961196303368 950
1616541129639 0.011985058896243572 951
1616541164291 0.01019042357802391 952
1616541199005 0.011277875863015652 953
1616541233528 0.00903233326971531 954
1616541267910 0.009558375924825668 955
1616541302303 0.009805897250771523 956
1616541337006 0.011441710405051708 957
1616541372096 0.010745823383331299 958
1616541407315 0.010779336094856262 959
1616541445983 0.01004323735833168 960
1616541480573 0.009824215434491634 961
1616541515228 0.008152098394930363 962
1616541549653 0.010879617184400558 963
1616541583884 0.010032257996499538 964
1616541618308 0.011059189215302467 965
1616541652550 0.009465266019105911 966
1616541686880 0.010582413524389267 967
1616541721625 0.010450946167111397 968
1616541756298 0.010292304679751396 969
1616541795487 0.010843313299119473 970
1616541830199 0.009466925635933876 971
1616541864859 0.010601388290524483 972
1616541899362 0.012504810467362404 973
1616541933745 0.009943049401044846 974
1616541968323 0.00935980025678873 975
1616542002904 0.012226251885294914 976
1616542037638 0.010741380974650383 977
1616542072088 0.009265510365366936 978
1616542106899 0.009843984618782997 979
1616542146297 0.010171000845730305 980
1616542180623 0.011338512413203716 981
1616542215251 0.011666087433695793 982
1616542249707 0.012160511687397957 983
1616542284551 0.010188275948166847 984
1616542318881 0.01036113128066063 985
1616542353519 0.010011172853410244 986
1616542388259 0.010277118533849716 987
1616542422749 0.009097829461097717 988
1616542456945 0.012999266386032104 989
1616542496281 0.01251119002699852 990
1616542530997 0.009968586266040802 991
1616542565585 0.010391353629529476 992
1616542600358 0.010501060634851456 993
1616542634715 0.010296935215592384 994
1616542669455 0.010445766150951385 995
1616542703882 0.009618189185857773 996
1616542738481 0.011030109599232674 997
1616542772991 0.00977894477546215 998
1616542807997 0.010989498347043991 999
1616542847006 0.009511061944067478 1000
1616542881600 0.010502243414521217 1001
1616542916361 0.00951697863638401 1002
1616542950590 0.009973425418138504 1003
1616542985181 0.011754957027733326 1004
1616543019927 0.012077107094228268 1005
1616543054130 0.01034966204315424 1006
1616543089013 0.00871323049068451 1007
1616543123671 0.010913638398051262 1008
1616543158625 0.00905177928507328 1009
1616543197582 0.011019423604011536 1010
1616543232633 0.01035379245877266 1011
1616543267354 0.009769115597009659 1012
1616543302250 0.00973096489906311 1013
1616543336831 0.009576626121997833 1014
1616543371378 0.009659107774496078 1015
1616543406107 0.012262444943189621 1016
1616543440632 0.0100991390645504 1017
1616543475427 0.009374314919114113 1018
1616543510147 0.011734284460544586 1019
1616543549209 0.008411340415477753 1020
1616543583488 0.010891725309193134 1021
1616543617807 0.010890418663620949 1022
1616543652119 0.009600060060620308 1023
1616543686353 0.00993620790541172 1024
1616543721109 0.01085461862385273 1025
1616543755478 0.010956529527902603 1026
1616543789957 0.010196246206760406 1027
1616543824901 0.008349843323230743 1028
1616543859779 0.010872498154640198 1029
1616543898947 0.010648909956216812 1030
1616543933378 0.009557537734508514 1031
1616543967775 0.010458415374159813 1032
1616544002455 0.010708236135542393 1033
1616544036728 0.010079002007842064 1034
1616544071049 0.009790614247322083 1035
1616544105690 0.012331400066614151 1036
1616544140418 0.010842949151992798 1037
1616544174460 0.010485867038369179 1038
1616544209779 0.010144127532839775 1039
1616544249280 0.009531493298709393 1040
1616544284260 0.010050540789961815 1041
1616544319710 0.011757180094718933 1042
1616544354644 0.010407879017293453 1043
1616544388923 0.009155191481113434 1044
1616544423228 0.008981787599623203 1045
1616544457479 0.00976075790822506 1046
1616544491696 0.010621760040521622 1047
1616544526397 0.010320833884179592 1048
1616544560994 0.011304028332233429 1049
1616544600050 0.010720672085881233 1050
1616544634993 0.010571809485554695 1051
1616544669830 0.010735314339399338 1052
1616544704796 0.013327321968972683 1053
1616544739342 0.01170849334448576 1054
1616544774104 0.008603289723396301 1055
1616544808820 0.011250898241996765 1056
1616544843444 0.010888692922890186 1057
1616544877846 0.011236591264605522 1058
1616544912645 0.008331031538546085 1059
1616544951919 0.01037038117647171 1060
1616544986746 0.011062810197472572 1061
1616545021499 0.009452788159251213 1062
1616545056255 0.010508506558835506 1063
1616545090548 0.012804567813873291 1064
1616545124905 0.010500509291887283 1065
1616545159084 0.012146555818617344 1066
1616545193301 0.010983399115502834 1067
1616545227603 0.010516420938074589 1068
1616545262469 0.010249773971736431 1069
1616545301374 0.010368779301643372 1070
1616545336182 0.011279419995844364 1071
1616545371019 0.011292639188468456 1072
1616545405947 0.010526821948587894 1073
1616545440960 0.011832397431135178 1074
1616545476039 0.010420556180179119 1075
1616545510847 0.00949692539870739 1076
1616545545568 0.008458377793431282 1077
1616545580361 0.011937126517295837 1078
1616545615497 0.00976453348994255 1079
1616545654977 0.009203759953379631 1080
1616545689219 0.010716190561652184 1081
1616545723481 0.009921794757246971 1082
1616545758286 0.011017747223377228 1083
1616545792629 0.009400907903909683 1084
1616545827144 0.010901990346610546 1085
1616545861625 0.011476948857307434 1086
1616545895805 0.011695707216858864 1087
1616545930567 0.00920099951326847 1088
1616545964909 0.010092707350850105 1089
1616546004426 0.009198488667607307 1090
1616546039274 0.013673296198248863 1091
1616546073748 0.008907916955649853 1092
1616546108208 0.010796144604682922 1093
1616546143176 0.009974231943488121 1094
1616546177493 0.011094575747847557 1095
1616546212543 0.010050161741673946 1096
1616546247192 0.00946936383843422 1097
1616546282006 0.010117996484041214 1098
1616546316429 0.010661574080586433 1099
1616546355547 0.01215238869190216 1100
1616546390467 0.010614773258566856 1101
1616546424871 0.009480014443397522 1102
1616546459762 0.01197764277458191 1103
1616546494440 0.009425979107618332 1104
1616546528957 0.011238545179367065 1105
1616546563643 0.011094929650425911 1106
1616546598125 0.00963805615901947 1107
1616546632653 0.01178993470966816 1108
1616546666960 0.011434281244874 1109
1616546705825 0.010479670017957687 1110
1616546740635 0.010399026796221733 1111
1616546775818 0.008503763936460018 1112
1616546810026 0.010948398150503635 1113
1616546844258 0.009618156589567661 1114
1616546878488 0.01177978329360485 1115
1616546913260 0.011166414245963097 1116
1616546948035 0.01117000263184309 1117
1616546982703 0.011764327064156532 1118
1616547017221 0.009910725988447666 1119
1616547056358 0.00984825100749731 1120
1616547091338 0.009774604812264442 1121
1616547126053 0.011423584073781967 1122
1616547160815 0.010354189202189445 1123
1616547195788 0.009832950308918953 1124
1616547230629 0.010209813714027405 1125
1616547265295 0.01078961044549942 1126
1616547299621 0.008826669305562973 1127
1616547334284 0.010987784713506699 1128
1616547369144 0.008570106700062752 1129
1616547408500 0.010984187014400959 1130
1616547443376 0.010841643437743187 1131
1616547477878 0.009895709343254566 1132
1616547512668 0.008720673620700836 1133
1616547547051 0.01068129949271679 1134
1616547581385 0.010961448773741722 1135
1616547616427 0.01093282550573349 1136
1616547651066 0.012698119506239891 1137
1616547685533 0.009699230082333088 1138
1616547719857 0.012289881706237793 1139
1616547759145 0.013822434470057487 1140
1616547793872 0.010001974180340767 1141
1616547828035 0.010560309514403343 1142
1616547862356 0.010844253934919834 1143
1616547896750 0.010381092317402363 1144
1616547931246 0.0107803363353014 1145
1616547965851 0.009926768951117992 1146
1616548000676 0.011383840814232826 1147
1616548035747 0.010780994780361652 1148
1616548070621 0.010535351932048798 1149
1616548109935 0.01048634760081768 1150
1616548144325 0.011939581483602524 1151
1616548179202 0.010597644373774529 1152
1616548213846 0.009202055633068085 1153
1616548248631 0.011294946074485779 1154
1616548283222 0.010848084464669228 1155
1616548317421 0.011239083483815193 1156
1616548351649 0.010463308542966843 1157
1616548386371 0.011859746649861336 1158
1616548421075 0.00993842538446188 1159
1616548460451 0.00899030826985836 1160
1616548495517 0.010922146961092949 1161
1616548530453 0.010392358526587486 1162
1616548565033 0.011173065751791 1163
1616548599760 0.011012280359864235 1164
1616548634492 0.008733166381716728 1165
1616548668733 0.011539632454514503 1166
1616548703673 0.01061192899942398 1167
1616548737968 0.012146666646003723 1168
1616548772809 0.010352726094424725 1169
1616548811655 0.008760539814829826 1170
1616548846016 0.01187457237392664 1171
1616548880332 0.009097112342715263 1172
1616548915072 0.008867701515555382 1173
1616548949809 0.010868804529309273 1174
1616548984579 0.010441666468977928 1175
1616549019002 0.009986257180571556 1176
1616549053421 0.010102488100528717 1177
1616549087983 0.010104598477482796 1178
1616549122301 0.00928747933357954 1179
1616549160830 0.011247271671891212 1180
1616549195278 0.009119067341089249 1181
1616549230057 0.008994990959763527 1182
1616549264941 0.007680722512304783 1183
1616549299760 0.01018607523292303 1184
1616549334282 0.009397589601576328 1185
1616549368675 0.009041971527040005 1186
1616549402951 0.010089386254549026 1187
1616549437407 0.011459955945611 1188
1616549471622 0.010111883282661438 1189
1616549510439 0.012424197047948837 1190
1616549544587 0.010082254186272621 1191
1616549579010 0.011332036927342415 1192
1616549613689 0.010175677947700024 1193
1616549648044 0.010098768398165703 1194
1616549682843 0.009882237762212753 1195
1616549717108 0.010108460672199726 1196
1616549751787 0.012663817033171654 1197
1616549786104 0.00948246568441391 1198
1616549821017 0.010281398892402649 1199
1616549860130 0.013319393619894981 1200
1616549882509 0.010347461327910423 0
1616549882521 0.010347461327910423 0
