1616051708203 0.3059372901916504 1
1616051742499 0.40472301840782166 2
1616051776834 0.5476105213165283 3
1616051811128 0.6380399465560913 4
1616051846087 0.6533671617507935 5
1616051880979 0.6701226234436035 6
1616051915782 0.672713577747345 7
1616051950307 0.6860443353652954 8
1616051984563 0.7105896472930908 9
1616052020992 0.6885329484939575 10
1616052055431 0.7440075874328613 11
1616052089881 0.7212646007537842 12
1616052124254 0.6889500617980957 13
1616052159175 0.7046505808830261 14
1616052193556 0.7123459577560425 15
1616052227824 0.7232423424720764 16
1616052262082 0.7436392307281494 17
1616052296325 0.7614924907684326 18
1616052330582 0.7311869859695435 19
1616052366452 0.7551676034927368 20
1616052400640 0.7482807636260986 21
1616052434846 0.765730619430542 22
1616052469132 0.7789790630340576 23
1616052503555 0.7761962413787842 24
1616052539010 0.7531418800354004 25
1616052573579 0.793129026889801 26
1616052607849 0.7701036930084229 27
1616052642118 0.7834624648094177 28
1616052676537 0.7558778524398804 29
1616052713135 0.7610731720924377 30
1616052748422 0.7869091033935547 31
1616052782754 0.7674411535263062 32
1616052816996 0.7887281775474548 33
1616052851345 0.7724670171737671 34
1616052885573 0.7941382527351379 35
1616052919851 0.7924525737762451 36
1616052954113 0.8152022361755371 37
1616052988460 0.8111315965652466 38
1616053023227 0.7998526692390442 39
1616053059718 0.7949118614196777 40
1616053094333 0.797060489654541 41
1616053128878 0.7690451145172119 42
1616053163293 0.7874768972396851 43
1616053197600 0.8023302555084229 44
1616053231927 0.7936161756515503 45
1616053266228 0.770111083984375 46
1616053300547 0.7997193336486816 47
1616053334993 0.84501713514328 48
1616053369303 0.8168753385543823 49
1616053406098 0.8081514835357666 50
1616053440445 0.810210108757019 51
1616053474646 0.7476891875267029 52
1616053508885 0.7755065560340881 53
1616053543068 0.7937933206558228 54
1616053577319 0.7816770076751709 55
1616053611400 0.7971780300140381 56
1616053645681 0.7777032256126404 57
1616053679990 0.7894909381866455 58
1616053714202 0.809434175491333 59
1616053750210 0.8079715967178345 60
1616053785501 0.7964053750038147 61
1616053820377 0.7932194471359253 62
1616053854774 0.7891896963119507 63
1616053889032 0.7633030414581299 64
1616053923354 0.8017396926879883 65
1616053957686 0.8236315250396729 66
1616053991984 0.8204931020736694 67
1616054026302 0.825189471244812 68
1616054061051 0.7943050861358643 69
1616054097192 0.7984719276428223 70
1616054131491 0.7932407855987549 71
1616054165854 0.7743169069290161 72
1616054200137 0.7836689949035645 73
1616054234414 0.7973969578742981 74
1616054268657 0.8124645352363586 75
1616054303112 0.8246904611587524 76
1616054337730 0.8358257412910461 77
1616054372188 0.8379172086715698 78
1616054406745 0.8150267601013184 79
1616054443411 0.7939867973327637 80
1616054477906 0.8048590421676636 81
1616054512532 0.8402540683746338 82
1616054546891 0.8190841674804688 83
1616054581213 0.8417340517044067 84
1616054615652 0.8299314975738525 85
1616054649863 0.8285285830497742 86
1616054684245 0.8433014154434204 87
1616054718507 0.84495609998703 88
1616054752859 0.83016437292099 89
1616054789054 0.8218346238136292 90
1616054824075 0.8304609060287476 91
1616054858952 0.8126181960105896 92
1616054893598 0.8291890025138855 93
1616054928112 0.8471255898475647 94
1616054962660 0.8519273996353149 95
1616054996917 0.8157086372375488 96
1616055031203 0.8095890879631042 97
1616055065737 0.7930712699890137 98
1616055100134 0.8217239379882812 99
1616055136062 0.8249070644378662 100
1616055170600 0.8384589552879333 101
1616055205080 0.814915657043457 102
1616055239395 0.8393114805221558 103
1616055273624 0.8524977564811707 104
1616055307906 0.8159791231155396 105
1616055342143 0.7818232774734497 106
1616055376471 0.8258839845657349 107
1616055410845 0.8177956342697144 108
1616055445181 0.8355173468589783 109
1616055481145 0.8190577030181885 110
1616055515442 0.8399772644042969 111
1616055549860 0.8359090089797974 112
1616055584729 0.8219540119171143 113
1616055619276 0.8037177324295044 114
1616055653843 0.8273364305496216 115
1616055688456 0.8114712834358215 116
1616055722834 0.835691511631012 117
1616055757470 0.7754080891609192 118
1616055791843 0.8392213582992554 119
1616055828548 0.8266204595565796 120
1616055863073 0.8419663310050964 121
1616055897373 0.8239189386367798 122
1616055932301 0.802527904510498 123
1616055966572 0.8113480806350708 124
1616056000765 0.8216166496276855 125
1616056035099 0.8408448696136475 126
1616056069372 0.8476124405860901 127
1616056103691 0.8448766469955444 128
1616056137939 0.8340073823928833 129
1616056174001 0.8492308259010315 130
1616056208510 0.8320159316062927 131
1616056242931 0.8372671604156494 132
1616056277403 0.8534428477287292 133
1616056311951 0.8263980150222778 134
1616056346549 0.8735265731811523 135
1616056380891 0.8718148469924927 136
1616056415367 0.8393120169639587 137
1616056449735 0.8144471645355225 138
1616056484138 0.8183659911155701 139
1616056520549 0.824170708656311 140
1616056554891 0.8232049942016602 141
1616056589205 0.8417847156524658 142
1616056623520 0.8613070249557495 143
1616056658125 0.836357831954956 144
1616056692440 0.869164228439331 145
1616056726854 0.8454010486602783 146
1616056761180 0.8328815698623657 147
1616056795476 0.831406831741333 148
1616056829741 0.847360372543335 149
1616056865709 0.8396520018577576 150
1616056900027 0.8489886522293091 151
1616056934430 0.8460997343063354 152
1616056968913 0.8541848063468933 153
1616057003505 0.8959155082702637 154
1616057038012 0.8620175123214722 155
1616057072470 0.8713202476501465 156
1616057106902 0.8701285123825073 157
1616057141439 0.8535448312759399 158
1616057175974 0.8836721181869507 159
1616057212282 0.8682092428207397 160
1616057246590 0.8145343661308289 161
1616057280902 0.8338153958320618 162
1616057315293 0.845621645450592 163
1616057349698 0.8670303821563721 164
1616057383992 0.8417797088623047 165
1616057418347 0.8221453428268433 166
1616057452663 0.8583943247795105 167
1616057487480 0.8644270896911621 168
1616057521846 0.886972188949585 169
1616057557779 0.8557767868041992 170
1616057592033 0.8405739068984985 171
1616057626352 0.8677718639373779 172
1616057660682 0.8540953397750854 173
1616057694883 0.8478574156761169 174
1616057729109 0.850120484828949 175
1616057763390 0.8471570611000061 176
1616057797766 0.8234133720397949 177
1616057832065 0.8439793586730957 178
1616057866394 0.834802508354187 179
1616057902504 0.8879212141036987 180
1616057936819 0.8554009199142456 181
1616057971230 0.8401395678520203 182
1616058005652 0.8137632012367249 183
1616058040338 0.862288236618042 184
1616058075058 0.8554618954658508 185
1616058109598 0.8496208190917969 186
1616058144034 0.8295086622238159 187
1616058178348 0.8368740081787109 188
1616058212776 0.8434709310531616 189
1616058248768 0.8503484725952148 190
1616058283004 0.8862433433532715 191
1616058317336 0.8456021547317505 192
1616058351665 0.8254475593566895 193
1616058385932 0.8349738121032715 194
1616058420288 0.8644700050354004 195
1616058455035 0.8205587863922119 196
1616058489364 0.8575359582901001 197
1616058523718 0.8553440570831299 198
1616058557968 0.8538840413093567 199
1616058593840 0.8345028162002563 200
1616058628073 0.8294243812561035 201
1616058662311 0.8208624124526978 202
1616058696587 0.8426744341850281 203
1616058730947 0.8520570993423462 204
1616058765174 0.8603115081787109 205
1616058799525 0.871168315410614 206
1616058833865 0.8780168890953064 207
1616058868548 0.8734318017959595 208
1616058903158 0.8811122179031372 209
1616058939336 0.8261815905570984 210
1616058973832 0.8610718250274658 211
1616059008400 0.8614981770515442 212
1616059042725 0.8172992467880249 213
1616059077129 0.8380987644195557 214
1616059111497 0.8699929714202881 215
1616059145889 0.8375656604766846 216
1616059180735 0.8534327745437622 217
1616059214992 0.855046272277832 218
1616059249365 0.8506486415863037 219
1616059285153 0.851628303527832 220
1616059319372 0.8461079597473145 221
1616059353757 0.8395720720291138 222
1616059388137 0.8678573966026306 223
1616059422710 0.8627530336380005 224
1616059457587 0.8398281335830688 225
1616059492031 0.8508179187774658 226
1616059526552 0.8414767980575562 227
1616059560859 0.862241268157959 228
1616059595231 0.882868766784668 229
1616059631364 0.865371584892273 230
1616059666292 0.8854273557662964 231
1616059700760 0.8676194548606873 232
1616059735102 0.8430192470550537 233
1616059769373 0.860834002494812 234
1616059803665 0.85500168800354 235
1616059838002 0.859705924987793 236
1616059872355 0.8633926510810852 237
1616059906845 0.8582848310470581 238
1616059941556 0.8859297633171082 239
1616059977950 0.85335373878479 240
1616060012409 0.8440837860107422 241
1616060047097 0.861060619354248 242
1616060081505 0.8670650720596313 243
1616060115833 0.8762631416320801 244
1616060150291 0.8598775267601013 245
1616060184660 0.8611915111541748 246
1616060219050 0.833864688873291 247
1616060253503 0.8579428791999817 248
1616060287933 0.8536059856414795 249
1616060324135 0.8619105815887451 250
1616060358383 0.8827418088912964 251
1616060392743 0.8517156839370728 252
1616060427103 0.8258020877838135 253
1616060461412 0.8463653922080994 254
1616060496077 0.8660880327224731 255
1616060530332 0.8644190430641174 256
1616060564502 0.8972745537757874 257
1616060598778 0.8687865138053894 258
1616060633060 0.8584968447685242 259
1616060668925 0.8421427011489868 260
1616060703190 0.8707389831542969 261
1616060737446 0.8782427310943604 262
1616060771714 0.8598425388336182 263
1616060806084 0.8343237042427063 264
1616060840432 0.8603152632713318 265
1616060875306 0.8521366119384766 266
1616060910076 0.8659607172012329 267
1616060944742 0.8472152948379517 268
1616060979057 0.8655961751937866 269
1616061015281 0.8626309037208557 270
1616061049645 0.8791533708572388 271
1616061083939 0.8673465847969055 272
1616061118354 0.8581428527832031 273
1616061152659 0.8616625070571899 274
1616061187066 0.8524388670921326 275
1616061221680 0.8225210905075073 276
1616061255953 0.8963651061058044 277
1616061290236 0.851129412651062 278
1616061324485 0.8851725459098816 279
1616061360467 0.879976749420166 280
1616061394811 0.8695769309997559 281
1616061429082 0.8810205459594727 282
1616061463346 0.8583922386169434 283
1616061497597 0.8729023933410645 284
1616061531923 0.8307780027389526 285
1616061566352 0.8724103569984436 286
1616061600777 0.8569621443748474 287
1616061635357 0.8478626012802124 288
1616061669922 0.8704979419708252 289
1616061706249 0.8579872846603394 290
1616061740836 0.876948893070221 291
1616061775252 0.8679286241531372 292
1616061809616 0.8753119111061096 293
1616061844065 0.8654509782791138 294
1616061878343 0.8579322695732117 295
1616061912750 0.8521156311035156 296
1616061947071 0.8783146142959595 297
1616061981356 0.8699177503585815 298
1616062015767 0.8846131563186646 299
1616062051930 0.8794788122177124 300
1616062086255 0.8315611481666565 301
1616062120558 0.8710552453994751 302
1616062154759 0.8914824724197388 303
1616062189055 0.8855369091033936 304
1616062223267 0.8557627201080322 305
1616062257480 0.8505614995956421 306
1616062291768 0.8680828809738159 307
1616062326086 0.9158101081848145 308
1616062360379 0.8998640775680542 309
1616062396196 0.8409424424171448 310
1616062430502 0.8407478928565979 311
1616062464902 0.862101674079895 312
1616062499378 0.8527798056602478 313
1616062533887 0.8927723169326782 314
1616062568387 0.8627648949623108 315
1616062602922 0.8757066130638123 316
1616062637535 0.8846869468688965 317
1616062671937 0.8610621690750122 318
1616062706488 0.8643460869789124 319
1616062743258 0.8735306262969971 320
1616062777631 0.8664904832839966 321
1616062811913 0.8620356917381287 322
1616062846273 0.8401734828948975 323
1616062881036 0.8836294412612915 324
1616062915653 0.8480519652366638 325
1616062950395 0.8666553497314453 326
1616062985065 0.8704878091812134 327
1616063019622 0.880572497844696 328
1616063053816 0.890188455581665 329
1616063089871 0.8397424221038818 330
1616063124257 0.848330020904541 331
1616063158646 0.8623268604278564 332
1616063192952 0.8964760899543762 333
1616063227331 0.8556540012359619 334
1616063262002 0.8734023571014404 335
1616063296288 0.8567594289779663 336
1616063330598 0.8824822902679443 337
1616063364849 0.8482193946838379 338
1616063399090 0.8939052224159241 339
1616063435058 0.886509120464325 340
1616063469329 0.8675104379653931 341
1616063504067 0.8851598501205444 342
1616063538539 0.8557892441749573 343
1616063573235 0.8700128793716431 344
1616063607936 0.8581695556640625 345
1616063642513 0.8387856483459473 346
1616063677074 0.8241283297538757 347
1616063711427 0.8579598069190979 348
1616063745661 0.883520245552063 349
1616063782236 0.8951184749603271 350
1616063816601 0.8802160024642944 351
1616063850870 0.8761870265007019 352
1616063885210 0.8837358951568604 353
1616063919504 0.892991304397583 354
1616063953757 0.8836619257926941 355
1616063988139 0.8660718202590942 356
1616064022485 0.8820626735687256 357
1616064056861 0.9032373428344727 358
1616064092285 0.8519575595855713 359
1616064128543 0.8654503226280212 360
1616064163111 0.8924040794372559 361
1616064197436 0.8935309648513794 362
1616064231843 0.8769092559814453 363
1616064266247 0.8578618168830872 364
1616064300875 0.877021312713623 365
1616064335315 0.8596882820129395 366
1616064369737 0.8777339458465576 367
1616064403997 0.8890988826751709 368
1616064438337 0.8580787181854248 369
1616064474348 0.8696627020835876 370
1616064508632 0.9052325487136841 371
1616064542894 0.892392635345459 372
1616064577186 0.8707051277160645 373
1616064611484 0.8724983334541321 374
1616064645774 0.874312162399292 375
1616064680222 0.8654599189758301 376
1616064714685 0.8285669088363647 377
1616064749226 0.8396439552307129 378
1616064783658 0.8536255359649658 379
1616064819719 0.8532712459564209 380
1616064854533 0.8751593828201294 381
1616064889089 0.8768614530563354 382
1616064923525 0.8616191148757935 383
1616064957874 0.8792656660079956 384
1616064992170 0.8867976069450378 385
1616065026489 0.8773735761642456 386
1616065060996 0.8596970438957214 387
1616065095259 0.8724017143249512 388
1616065129559 0.8724002242088318 389
1616065165504 0.8555262088775635 390
1616065199738 0.859078049659729 391
1616065234075 0.8612512350082397 392
1616065268400 0.8760659098625183 393
1616065302717 0.8529331088066101 394
1616065337046 0.9115406274795532 395
1616065371400 0.8652628660202026 396
1616065405741 0.8893290758132935 397
1616065440452 0.8934075832366943 398
1616065475251 0.8750897645950317 399
1616065511594 0.884601354598999 400
1616065546302 0.8746328353881836 401
1616065580628 0.8764944076538086 402
1616065615046 0.8446540832519531 403
1616065649377 0.8916488289833069 404
1616065683706 0.8749840259552002 405
1616065718010 0.876849889755249 406
1616065752512 0.8366104364395142 407
1616065786783 0.8806254267692566 408
1616065821135 0.8628697991371155 409
1616065857001 0.8711351156234741 410
1616065891277 0.8720322847366333 411
1616065925599 0.8871773481369019 412
1616065959749 0.8904702663421631 413
1616065994063 0.8657108545303345 414
1616066028296 0.8552027940750122 415
1616066062562 0.8778125047683716 416
1616066097007 0.8693981170654297 417
1616066131370 0.8807275295257568 418
1616066165864 0.8749498128890991 419
1616066201890 0.8881708979606628 420
1616066236280 0.8784170150756836 421
1616066270769 0.8734925985336304 422
1616066305188 0.8554551601409912 423
1616066339656 0.8655472993850708 424
1616066374101 0.8907365798950195 425
1616066408432 0.8707840442657471 426
1616066442690 0.8908851146697998 427
1616066477164 0.8668545484542847 428
1616066511348 0.8375928401947021 429
1616066547425 0.8533830642700195 430
1616066581861 0.8812718987464905 431
1616066616395 0.8708310127258301 432
1616066650849 0.8628389835357666 433
1616066685107 0.879656195640564 434
1616066719417 0.815684974193573 435
1616066753693 0.879636287689209 436
1616066787951 0.8753874897956848 437
1616066822338 0.877204954624176 438
1616066856731 0.8501043319702148 439
1616066893249 0.9031744003295898 440
1616066928006 0.8870017528533936 441
1616066962392 0.8548949360847473 442
1616066997017 0.87689208984375 443
1616067031593 0.89533531665802 444
1616067065902 0.8756502866744995 445
1616067100244 0.8632352948188782 446
1616067134564 0.8537147045135498 447
1616067168851 0.8788462281227112 448
1616067203279 0.8883188962936401 449
1616067242071 0.8974471092224121 450
1616067276321 0.8890923261642456 451
1616067310698 0.8766745924949646 452
1616067345278 0.8701997995376587 453
1616067379643 0.8648808598518372 454
1616067413869 0.8969036340713501 455
1616067448201 0.8631939888000488 456
1616067482418 0.8486990928649902 457
1616067516787 0.8469250202178955 458
1616067551025 0.8809182047843933 459
1616067587152 0.8875094652175903 460
1616067621430 0.8881688117980957 461
1616067655824 0.8903576135635376 462
1616067690130 0.8703286647796631 463
1616067724411 0.8753082752227783 464
1616067758881 0.8846707344055176 465
1616067793459 0.8670073747634888 466
1616067828031 0.8597499132156372 467
1616067862622 0.8691550493240356 468
1616067897174 0.8810846209526062 469
1616067933288 0.857399582862854 470
1616067967659 0.8552019596099854 471
1616068001967 0.8660262227058411 472
1616068036399 0.8717743158340454 473
1616068070778 0.8672212362289429 474
1616068105057 0.889755129814148 475
1616068139402 0.8686115741729736 476
1616068173826 0.8712876439094543 477
1616068208188 0.8795571327209473 478
1616068242475 0.9087574481964111 479
1616068278480 0.8984599113464355 480
1616068313318 0.8791121244430542 481
1616068347604 0.8892772793769836 482
1616068381838 0.8730525970458984 483
1616068416052 0.8758353590965271 484
1616068450399 0.8731527328491211 485
1616068484717 0.866668164730072 486
1616068519002 0.8637926578521729 487
1616068553239 0.8805967569351196 488
1616068587500 0.8916743993759155 489
1616068623545 0.9043740034103394 490
1616068658125 0.8796238899230957 491
1616068692769 0.8514009118080139 492
1616068727330 0.9149713516235352 493
1616068761798 0.8395730257034302 494
1616068796521 0.8800536394119263 495
1616068830991 0.8683822154998779 496
1616068865703 0.8988837003707886 497
1616068900024 0.8720223903656006 498
1616068934402 0.8927011489868164 499
1616068970473 0.870524525642395 500
1616069004908 0.8506399393081665 501
1616069039216 0.8876696825027466 502
1616069073513 0.8955477476119995 503
1616069107801 0.8995014429092407 504
1616069142144 0.877117931842804 505
1616069176421 0.8926922082901001 506
1616069211109 0.857591986656189 507
1616069245421 0.8723757266998291 508
1616069279722 0.8863639235496521 509
1616069315747 0.8801491260528564 510
1616069350025 0.9174190759658813 511
1616069384310 0.8874537348747253 512
1616069418529 0.8928846120834351 513
1616069452873 0.8959835767745972 514
1616069487322 0.874651312828064 515
1616069522065 0.8930644989013672 516
1616069556606 0.9020441770553589 517
1616069591209 0.8771478533744812 518
1616069625665 0.8652700185775757 519
1616069661936 0.8597265481948853 520
1616069696506 0.8514965772628784 521
1616069731137 0.8761045932769775 522
1616069765607 0.8898898363113403 523
1616069799978 0.888371467590332 524
1616069834379 0.8742996454238892 525
1616069868724 0.9134130477905273 526
1616069902991 0.8834527134895325 527
1616069937696 0.8768084645271301 528
1616069971996 0.9074603319168091 529
1616070007972 0.8797106742858887 530
1616070042215 0.8652184009552002 531
1616070076475 0.8729457855224609 532
1616070110752 0.8749299049377441 533
1616070145011 0.8833775520324707 534
1616070179347 0.8741339445114136 535
1616070213684 0.9135609865188599 536
1616070248135 0.8715828061103821 537
1616070282882 0.8867406845092773 538
1616070317593 0.8790178298950195 539
1616070354190 0.908649206161499 540
1616070388682 0.8721421957015991 541
1616070423233 0.8592705726623535 542
1616070457694 0.8860275745391846 543
1616070492167 0.8939255475997925 544
1616070526589 0.8825657367706299 545
1616070560911 0.8923355340957642 546
1616070595291 0.9118714332580566 547
1616070630053 0.8690862059593201 548
1616070664396 0.8648194670677185 549
1616070700279 0.8967887163162231 550
1616070734514 0.8877407312393188 551
1616070768814 0.8891849517822266 552
1616070803079 0.9039499163627625 553
1616070837465 0.8507698774337769 554
1616070871805 0.8788546919822693 555
1616070906607 0.9007643461227417 556
1616070941066 0.8799786567687988 557
1616070975553 0.8788080215454102 558
1616071010133 0.8616794347763062 559
1616071046509 0.9011446237564087 560
1616071081026 0.8758683204650879 561
1616071115442 0.8693796396255493 562
1616071150199 0.8813617825508118 563
1616071184544 0.9241288900375366 564
1616071218855 0.8628890514373779 565
1616071253231 0.8952175974845886 566
1616071287542 0.8854355812072754 567
1616071321845 0.9065629839897156 568
1616071356562 0.8853647708892822 569
1616071392482 0.8855880498886108 570
1616071426832 0.8598310947418213 571
1616071461109 0.8762921094894409 572
1616071495491 0.8753663301467896 573
1616071529925 0.8940178155899048 574
1616071564400 0.8772472739219666 575
1616071599072 0.8839777708053589 576
1616071633717 0.9053564071655273 577
1616071668424 0.9056686162948608 578
1616071702886 0.8903976082801819 579
1616071739035 0.9000368118286133 580
1616071773621 0.9122850894927979 581
1616071808066 0.8580574989318848 582
1616071842470 0.8786967396736145 583
1616071877243 0.887937068939209 584
1616071911510 0.8771653175354004 585
1616071945733 0.8864229321479797 586
1616071980061 0.9129025936126709 587
1616072014388 0.8818659782409668 588
1616072048697 0.8740496635437012 589
1616072084686 0.8975508213043213 590
1616072118968 0.8875796794891357 591
1616072153322 0.8824855089187622 592
1616072187649 0.8736181259155273 593
1616072222128 0.8816008567810059 594
1616072256569 0.8950754404067993 595
1616072291030 0.8895690441131592 596
1616072325603 0.8975472450256348 597
1616072360128 0.880147397518158 598
1616072394808 0.8805422782897949 599
1616072431004 0.8677570223808289 600
1616072465624 0.9119505882263184 601
1616072500265 0.8879084587097168 602
1616072534555 0.8555355072021484 603
1616072568870 0.8756799101829529 604
1616072603165 0.8874586820602417 605
1616072637510 0.8854279518127441 606
1616072671797 0.8878744840621948 607
1616072706034 0.9007890224456787 608
1616072740301 0.8885303735733032 609
1616072776223 0.8882427215576172 610
1616072810543 0.8533810377120972 611
1616072845008 0.885245680809021 612
1616072879429 0.8812706470489502 613
1616072913843 0.8903107643127441 614
1616072948486 0.8722708821296692 615
1616072982975 0.8894280195236206 616
1616073017547 0.8720855712890625 617
1616073052071 0.9057812690734863 618
1616073086662 0.8825269937515259 619
1616073122758 0.8758633136749268 620
1616073156984 0.8971844911575317 621
1616073191264 0.8622883558273315 622
1616073225604 0.8691234588623047 623
1616073259996 0.8909358978271484 624
1616073294461 0.9096077680587769 625
1616073329219 0.899429440498352 626
1616073363547 0.8975000977516174 627
1616073397918 0.885633111000061 628
1616073432123 0.8664510250091553 629
1616073468046 0.883590579032898 630
1616073502416 0.9139431715011597 631
1616073536718 0.869026243686676 632
1616073570941 0.907660961151123 633
1616073605159 0.8950597047805786 634
1616073639362 0.8574477434158325 635
1616073673647 0.8736624717712402 636
1616073707967 0.90221107006073 637
1616073742372 0.8865649700164795 638
1616073776675 0.8903262615203857 639
1616073812795 0.8862138986587524 640
1616073847378 0.8875397443771362 641
1616073881898 0.8772299885749817 642
1616073916450 0.8898664712905884 643
1616073950944 0.8961521983146667 644
1616073985414 0.8937956094741821 645
1616074019790 0.8953313827514648 646
1616074054310 0.8975735902786255 647
1616074088739 0.8744686245918274 648
1616074123173 0.8964583873748779 649
1616074159106 0.9169971346855164 650
1616074193461 0.8822684288024902 651
1616074227908 0.8949546813964844 652
1616074262208 0.8862297534942627 653
1616074296591 0.9054785966873169 654
1616074330853 0.8938684463500977 655
1616074365221 0.8958213329315186 656
1616074399889 0.8882337808609009 657
1616074434175 0.8706095218658447 658
1616074468474 0.8729590177536011 659
1616074504434 0.8839893341064453 660
1616074538652 0.9054566621780396 661
1616074572894 0.8819711208343506 662
1616074607157 0.874585747718811 663
1616074641412 0.8825942277908325 664
1616074675635 0.9020712375640869 665
1616074710021 0.8890601396560669 666
1616074744350 0.894162654876709 667
1616074778600 0.886726975440979 668
1616074812937 0.8775207996368408 669
1616074848934 0.891307532787323 670
1616074883312 0.887701153755188 671
1616074917822 0.854567289352417 672
1616074952596 0.8597419261932373 673
1616074987070 0.880132794380188 674
1616075021490 0.8590327501296997 675
1616075055897 0.8909655809402466 676
1616075090323 0.8799607753753662 677
1616075124760 0.8933418393135071 678
1616075159167 0.8810832500457764 679
1616075195303 0.8919758796691895 680
1616075229600 0.886318564414978 681
1616075263928 0.9071274995803833 682
1616075298318 0.9077759981155396 683
1616075332732 0.884788990020752 684
1616075367147 0.8869162797927856 685
1616075401365 0.8874140977859497 686
1616075435958 0.9237145185470581 687
1616075470701 0.8780378103256226 688
1616075504913 0.8506882190704346 689
1616075540737 0.8899612426757812 690
1616075575114 0.8948732614517212 691
1616075609415 0.9176902770996094 692
1616075643613 0.9032222032546997 693
1616075677947 0.8909389972686768 694
1616075712259 0.8798454403877258 695
1616075746634 0.8964974880218506 696
1616075780928 0.9031872749328613 697
1616075815284 0.8932786583900452 698
1616075849559 0.9072825908660889 699
1616075885853 0.9036949872970581 700
1616075920333 0.8821686506271362 701
1616075954879 0.8881974816322327 702
1616075989540 0.9127405881881714 703
1616076023979 0.8912606239318848 704
1616076058567 0.8701695799827576 705
1616076092966 0.8874144554138184 706
1616076127381 0.8922756910324097 707
1616076161760 0.9041630625724792 708
1616076196135 0.8776017427444458 709
1616076232333 0.9034203290939331 710
1616076266605 0.9009222984313965 711
1616076300925 0.8908400535583496 712
1616076335320 0.901646077632904 713
1616076369670 0.9088598489761353 714
1616076403968 0.8924347162246704 715
1616076438319 0.8733907341957092 716
1616076472671 0.9137892723083496 717
1616076507723 0.9180576205253601 718
1616076542057 0.8900389671325684 719
1616076578057 0.9006141424179077 720
1616076612427 0.884161114692688 721
1616076646626 0.869065523147583 722
1616076680881 0.8834223747253418 723
1616076715228 0.8982372879981995 724
1616076749478 0.8779592514038086 725
1616076783698 0.915278971195221 726
1616076817977 0.92958664894104 727
1616076852350 0.8855542540550232 728
1616076886777 0.9231199026107788 729
1616076923002 0.9189396500587463 730
1616076957491 0.9043532609939575 731
1616076992057 0.9016355276107788 732
1616077026926 0.9089720249176025 733
1616077061463 0.876962423324585 734
1616077095869 0.8899538516998291 735
1616077130242 0.9017529487609863 736
1616077164605 0.9126496315002441 737
1616077199042 0.8929197788238525 738
1616077233315 0.8981775045394897 739
1616077270303 0.8779515027999878 740
1616077304698 0.8699719905853271 741
1616077339048 0.9024717807769775 742
1616077373343 0.9122616052627563 743
1616077407701 0.929039478302002 744
1616077441987 0.8791434168815613 745
1616077476234 0.8959250450134277 746
1616077510620 0.8827100992202759 747
1616077545341 0.8849918842315674 748
1616077580341 0.8850939273834229 749
1616077616940 0.9205450415611267 750
1616077651370 0.8752641081809998 751
1616077685755 0.8891336917877197 752
1616077720200 0.8794125318527222 753
1616077754964 0.8904732465744019 754
1616077789434 0.8937340974807739 755
1616077823657 0.9072787761688232 756
1616077857869 0.8883761167526245 757
1616077892248 0.8782268762588501 758
1616077926554 0.9266032576560974 759
1616077962495 0.8859978914260864 760
1616077996792 0.8728009462356567 761
1616078031095 0.8798648118972778 762
1616078065505 0.8950798511505127 763
1616078099963 0.9044939279556274 764
1616078134602 0.8831522464752197 765
1616078169074 0.8978185653686523 766
1616078203681 0.8984912633895874 767
1616078238241 0.882111668586731 768
1616078272663 0.9020369052886963 769
1616078308836 0.8902953863143921 770
1616078343214 0.8700189590454102 771
1616078377591 0.891294002532959 772
1616078412097 0.9029678106307983 773
1616078446441 0.8964177370071411 774
1616078481029 0.8704357147216797 775
1616078515478 0.9041186571121216 776
1616078549808 0.8948235511779785 777
1616078583971 0.8810127377510071 778
1616078618241 0.8719638586044312 779
1616078654133 0.9058994054794312 780
1616078688369 0.8435109853744507 781
1616078722672 0.9050366878509521 782
1616078756930 0.9182313680648804 783
1616078791326 0.9046926498413086 784
1616078825749 0.9016476273536682 785
1616078860643 0.8724684715270996 786
1616078895124 0.8879731297492981 787
1616078929634 0.9109711647033691 788
1616078964090 0.8881703019142151 789
1616079000184 0.8913826942443848 790
1616079034656 0.8829057216644287 791
1616079069083 0.9096885919570923 792
1616079103426 0.8793368935585022 793
1616079138132 0.9127770066261292 794
1616079172450 0.878265380859375 795
1616079206790 0.8819341659545898 796
1616079241051 0.9001570343971252 797
1616079275398 0.8776519298553467 798
1616079309776 0.914668619632721 799
1616079345639 0.8797349333763123 800
1616079379987 0.8699871301651001 801
1616079414224 0.8867835402488708 802
1616079448483 0.900181770324707 803
1616079482742 0.8831439018249512 804
1616079517060 0.8870506286621094 805
1616079551493 0.8840920329093933 806
1616079586131 0.8923861980438232 807
1616079620895 0.8907194137573242 808
1616079655938 0.8774656057357788 809
1616079692088 0.8976086378097534 810
1616079726509 0.8728623986244202 811
1616079760919 0.8839303255081177 812
1616079795498 0.9159224033355713 813
1616079829905 0.9161365032196045 814
1616079864523 0.8916659355163574 815
1616079898829 0.8726825714111328 816
1616079933214 0.9217789173126221 817
1616079967530 0.8762224912643433 818
1616080001776 0.8830333948135376 819
1616080037613 0.8517569303512573 820
1616080071953 0.9051670432090759 821
1616080106355 0.88190758228302 822
1616080140621 0.8911134004592896 823
1616080175115 0.9013821482658386 824
1616080210084 0.8758506774902344 825
1616080244891 0.8753271698951721 826
1616080279364 0.8833081722259521 827
1616080313783 0.9087148904800415 828
1616080348250 0.900388240814209 829
1616080384540 0.8874058127403259 830
1616080419074 0.8936707973480225 831
1616080453589 0.9005415439605713 832
1616080487980 0.9098082780838013 833
1616080522398 0.8926210403442383 834
1616080557018 0.876814067363739 835
1616080591284 0.9075682163238525 836
1616080625546 0.853861927986145 837
1616080659810 0.9009861946105957 838
1616080694172 0.9048097133636475 839
1616080730127 0.8993656635284424 840
1616080764410 0.8792692422866821 841
1616080801285 0.9068452715873718 842
1616080835866 0.9147585034370422 843
1616080870801 0.907454252243042 844
1616080905565 0.8921371698379517 845
1616080940442 0.8945109844207764 846
1616080975041 0.8988499045372009 847
1616081009546 0.874535322189331 848
1616081043829 0.8682539463043213 849
1616081079827 0.8824489712715149 850
1616081114798 0.9192572832107544 851
1616081149099 0.9314974546432495 852
1616081183307 0.8744488954544067 853
1616081217682 0.8836385011672974 854
1616081251981 0.887541651725769 855
1616081286288 0.8963462710380554 856
1616081320516 0.8822823762893677 857
1616081354813 0.9017376899719238 858
1616081389537 0.9008752107620239 859
1616081425499 0.9006633758544922 860
1616081459773 0.8697366714477539 861
1616081494259 0.8958772420883179 862
1616081528824 0.8886321783065796 863
1616081563414 0.8679417371749878 864
1616081597968 0.8881654739379883 865
1616081632416 0.8740634918212891 866
1616081666905 0.9055672883987427 867
1616081701495 0.8730120658874512 868
1616081735992 0.8790287375450134 869
1616081772445 0.9147382974624634 870
1616081806826 0.8836100101470947 871
1616081841161 0.9084594249725342 872
1616081875539 0.8900302648544312 873
1616081909940 0.9096856117248535 874
1616081944350 0.8962825536727905 875
1616081978664 0.9068719744682312 876
1616082012973 0.8897454738616943 877
1616082047629 0.8629758358001709 878
1616082082033 0.9105122089385986 879
1616082117947 0.9077227115631104 880
1616082152357 0.8852208852767944 881
1616082186703 0.8944305181503296 882
1616082221020 0.8719413876533508 883
1616082255307 0.9106824398040771 884
1616082289536 0.8812222480773926 885
1616082324048 0.8604137897491455 886
1616082359070 0.9167230129241943 887
1616082393526 0.8908871412277222 888
1616082428082 0.8581740856170654 889
1616082464552 0.8901751041412354 890
1616082499009 0.9179267883300781 891
1616082533498 0.8935655951499939 892
1616082568118 0.8952500224113464 893
1616082602399 0.9035866260528564 894
1616082637265 0.9253087043762207 895
1616082671579 0.8630542755126953 896
1616082705883 0.882444441318512 897
1616082740161 0.8973631858825684 898
1616082774510 0.8557005524635315 899
1616082810271 0.9237750768661499 900
1616082844638 0.891231894493103 901
1616082878995 0.9076551198959351 902
1616082913382 0.8960776329040527 903
1616082947664 0.8969807624816895 904
1616082982530 0.8960214257240295 905
1616083017284 0.8812930583953857 906
1616083052098 0.878239095211029 907
1616083086838 0.8766446113586426 908
1616083121632 0.8962646126747131 909
1616083158124 0.9095922708511353 910
1616083192547 0.9100663065910339 911
1616083226965 0.8640317320823669 912
1616083261338 0.89689040184021 913
1616083295792 0.9119068384170532 914
1616083330134 0.8732346296310425 915
1616083365044 0.904747486114502 916
1616083399369 0.8531851768493652 917
1616083433644 0.8909755945205688 918
1616083467988 0.8945682644844055 919
1616083503976 0.8965983986854553 920
1616083538362 0.8939284682273865 921
1616083572780 0.8937061429023743 922
1616083607194 0.8932924270629883 923
1616083641661 0.9150394201278687 924
1616083676286 0.8869550228118896 925
1616083711448 0.9113553762435913 926
1616083746267 0.9063315391540527 927
1616083780729 0.8939448595046997 928
1616083815020 0.9042980074882507 929
1616083851538 0.8654320240020752 930
1616083885885 0.8936572074890137 931
1616083920933 0.9001699090003967 932
1616083955191 0.8976191878318787 933
1616083989530 0.8690828680992126 934
1616084023843 0.8814620971679688 935
1616084058189 0.867459237575531 936
1616084092513 0.8792734146118164 937
1616084126732 0.884196400642395 938
1616084161443 0.9023882746696472 939
1616084197969 0.9033570289611816 940
1616084232850 0.8754067420959473 941
1616084267357 0.8772518634796143 942
1616084301760 0.8705253601074219 943
1616084336399 0.9177500009536743 944
1616084371394 0.901456892490387 945
1616084405801 0.9193164110183716 946
1616084440110 0.8396189212799072 947
1616084474467 0.9064601063728333 948
1616084508755 0.918168306350708 949
1616084544801 0.8842548131942749 950
1616084579059 0.8885590434074402 951
1616084613362 0.9281278252601624 952
1616084647670 0.9009801745414734 953
1616084681972 0.8978608846664429 954
1616084716300 0.8852871656417847 955
1616084750782 0.8966720104217529 956
1616084785345 0.8937651515007019 957
1616084819901 0.8965942859649658 958
1616084854447 0.9055811166763306 959
1616084890966 0.8840421438217163 960
1616084925319 0.88306725025177 961
1616084959860 0.8920384645462036 962
1616084994140 0.8892807960510254 963
1616085028436 0.8935743570327759 964
1616085062753 0.916826605796814 965
1616085097684 0.8802536725997925 966
1616085131990 0.9035455584526062 967
1616085166387 0.9309892654418945 968
1616085200708 0.8890911340713501 969
1616085236691 0.8941934108734131 970
1616085270998 0.9111169576644897 971
1616085305249 0.8854259252548218 972
1616085339514 0.8884674310684204 973
1616085373911 0.9009511470794678 974
1616085408210 0.863775908946991 975
1616085442631 0.9052193760871887 976
1616085477293 0.9056087732315063 977
1616085511866 0.8648718595504761 978
1616085546577 0.9018598794937134 979
1616085582921 0.8473734855651855 980
1616085617386 0.893047034740448 981
1616085651877 0.8845958709716797 982
1616085686393 0.8887406587600708 983
1616085720684 0.9275388121604919 984
1616085755673 0.9048033952713013 985
1616085789919 0.915652871131897 986
1616085824184 0.8913134336471558 987
1616085858504 0.9051564335823059 988
1616085892855 0.8990556001663208 989
1616085928901 0.887438952922821 990
1616085963288 0.8947569727897644 991
1616085997634 0.916054368019104 992
1616086032191 0.8690654635429382 993
1616086066871 0.9185599088668823 994
1616086101349 0.9131175875663757 995
1616086135928 0.9116856455802917 996
1616086170421 0.9299250841140747 997
1616086205605 0.9009652137756348 998
1616086240067 0.8708750605583191 999
1616086276431 0.9234026670455933 1000
1616086310721 0.9162298440933228 1001
1616086345035 0.9196234941482544 1002
1616086379531 0.9108651280403137 1003
1616086414386 0.9010526537895203 1004
1616086448648 0.890584409236908 1005
1616086482899 0.8838286995887756 1006
1616086517190 0.8879514932632446 1007
1616086551544 0.9016624689102173 1008
1616086585824 0.863327145576477 1009
1616086621838 0.8714534044265747 1010
1616086656110 0.9203979969024658 1011
1616086690377 0.8975526690483093 1012
1616086724720 0.8793270587921143 1013
1616086759114 0.8979766368865967 1014
1616086794020 0.8961269855499268 1015
1616086830435 0.8999740481376648 1016
1616086865333 0.8783148527145386 1017
1616086899871 0.9197361469268799 1018
1616086934249 0.9116296768188477 1019
1616086970260 0.9052444696426392 1020
1616087004564 0.8849389553070068 1021
1616087038869 0.863702654838562 1022
1616087073811 0.9132694005966187 1023
1616087108250 0.884240448474884 1024
1616087142566 0.8444820642471313 1025
1616087176830 0.914915919303894 1026
1616087211164 0.8784918785095215 1027
1616087245593 0.8989002704620361 1028
1616087279897 0.9053981900215149 1029
1616087316207 0.8830877542495728 1030
1616087350881 0.8780415058135986 1031
1616087385640 0.8825118541717529 1032
1616087420342 0.9106547236442566 1033
1616087454855 0.9037400484085083 1034
1616087489171 0.9041755795478821 1035
1616087523641 0.9024111032485962 1036
1616087557933 0.901086151599884 1037
1616087592415 0.8814951777458191 1038
1616087626699 0.8976396322250366 1039
1616087663197 0.8755514621734619 1040
1616087697614 0.925910472869873 1041
1616087731896 0.8956512212753296 1042
1616087766254 0.8820313215255737 1043
1616087800495 0.8891018629074097 1044
1616087834675 0.916259765625 1045
1616087868971 0.8814494609832764 1046
1616087903241 0.8753734827041626 1047
1616087937634 0.9051281213760376 1048
1616087972299 0.8964931964874268 1049
1616088008606 0.9045636653900146 1050
1616088043054 0.8779062032699585 1051
1616088077557 0.8576671481132507 1052
1616088112420 0.9020181894302368 1053
1616088147006 0.8949779272079468 1054
1616088181409 0.896373987197876 1055
1616088215730 0.915357232093811 1056
1616088250105 0.9120270013809204 1057
1616088284433 0.8655409812927246 1058
1616088318692 0.8592761754989624 1059
1616088354656 0.8959372639656067 1060
1616088389369 0.8920357823371887 1061
1616088423635 0.8859601616859436 1062
1616088457876 0.8767651319503784 1063
1616088492091 0.864783763885498 1064
1616088526411 0.8829407691955566 1065
1616088560698 0.9036076068878174 1066
1616088595002 0.8821830749511719 1067
1616088629311 0.8879116773605347 1068
1616088663608 0.9048312902450562 1069
1616088699890 0.8763534426689148 1070
1616088734495 0.8857275247573853 1071
1616088769060 0.8677147626876831 1072
1616088803701 0.8942620754241943 1073
1616088838135 0.8921328783035278 1074
1616088872687 0.9081013202667236 1075
1616088907172 0.8906195163726807 1076
1616088941596 0.8803505897521973 1077
1616088975976 0.9012327790260315 1078
1616089010361 0.9041988253593445 1079
1616089046430 0.8704832792282104 1080
1616089080863 0.8664557933807373 1081
1616089115244 0.8714250326156616 1082
1616089149607 0.863213300704956 1083
1616089183896 0.8851466178894043 1084
1616089218236 0.8775995969772339 1085
1616089252579 0.9025102853775024 1086
1616089287281 0.8970686197280884 1087
1616089321937 0.895738959312439 1088
1616089356817 0.903002142906189 1089
1616089393150 0.8947607278823853 1090
1616089427627 0.904082179069519 1091
1616089461946 0.8940092921257019 1092
1616089496305 0.9007135033607483 1093
1616089530953 0.8712697625160217 1094
1616089565306 0.9024264812469482 1095
1616089599625 0.9102887511253357 1096
1616089633935 0.8785256147384644 1097
1616089668172 0.8803942799568176 1098
1616089702473 0.9170812368392944 1099
1616089738279 0.9124153852462769 1100
1616089772585 0.9079923033714294 1101
1616089807058 0.8822208642959595 1102
1616089841396 0.9170225858688354 1103
1616089875781 0.8980963230133057 1104
1616089910372 0.8775860071182251 1105
1616089944823 0.9022805690765381 1106
1616089979260 0.8858201503753662 1107
1616090013604 0.9096391201019287 1108
1616090047947 0.9095756411552429 1109
1616090084158 0.9223572611808777 1110
1616090118698 0.8908657431602478 1111
1616090153289 0.8879369497299194 1112
1616090187615 0.8933902382850647 1113
1616090221803 0.9144027829170227 1114
1616090256234 0.8949214816093445 1115
1616090290510 0.9141818284988403 1116
1616090324823 0.9028258323669434 1117
1616090359095 0.9077744483947754 1118
1616090393424 0.8735779523849487 1119
1616090430030 0.901898980140686 1120
1616090464411 0.8984606266021729 1121
1616090498715 0.8835344314575195 1122
1616090533042 0.8864487409591675 1123
1616090567470 0.8915339112281799 1124
1616090601809 0.8980097770690918 1125
1616090636158 0.8947707414627075 1126
1616090670445 0.9113690257072449 1127
1616090704747 0.905310332775116 1128
1616090739264 0.899267852306366 1129
1616090775844 0.9114978313446045 1130
1616090810420 0.8806396722793579 1131
1616090844802 0.9237896203994751 1132
1616090879519 0.8994150757789612 1133
1616090914041 0.8939497470855713 1134
1616090948449 0.8927299976348877 1135
1616090982777 0.9216209650039673 1136
1616091017296 0.9109271764755249 1137
1616091051666 0.8905150294303894 1138
1616091086478 0.8803595304489136 1139
1616091122536 0.8960601091384888 1140
1616091156873 0.8836674690246582 1141
1616091191116 0.8907128572463989 1142
1616091225496 0.9055600166320801 1143
1616091259788 0.8897124528884888 1144
1616091294204 0.9128131866455078 1145
1616091328553 0.8989608883857727 1146
1616091363067 0.9331621527671814 1147
1616091397575 0.8945738077163696 1148
1616091432286 0.8909285068511963 1149
1616091468795 0.8921201825141907 1150
1616091503247 0.8920024633407593 1151
1616091537694 0.8877475261688232 1152
1616091572075 0.876213550567627 1153
1616091606365 0.8757733702659607 1154
1616091640707 0.8866462111473083 1155
1616091675243 0.9126991033554077 1156
1616091709671 0.9023023843765259 1157
1616091744329 0.8977034091949463 1158
1616091778677 0.8697900176048279 1159
1616091814570 0.8850609064102173 1160
1616091848891 0.8923839330673218 1161
1616091883326 0.9329437017440796 1162
1616091917538 0.9117390513420105 1163
1616091951811 0.9014114141464233 1164
1616091986143 0.8837991952896118 1165
1616092020607 0.8937285542488098 1166
1616092055304 0.887829065322876 1167
1616092090017 0.8895537853240967 1168
1616092124790 0.9101623892784119 1169
1616092161344 0.9006472826004028 1170
1616092195733 0.8983550071716309 1171
1616092230168 0.8956763744354248 1172
1616092264475 0.8716146945953369 1173
1616092298910 0.8948755264282227 1174
1616092333226 0.8775017261505127 1175
1616092367408 0.9125321507453918 1176
1616092402185 0.9205830097198486 1177
1616092436554 0.8657155632972717 1178
1616092470815 0.8979393243789673 1179
1616092506655 0.884537935256958 1180
1616092541034 0.9316183924674988 1181
1616092575392 0.8848981261253357 1182
1616092609902 0.8856269121170044 1183
1616092644601 0.8925161361694336 1184
1616092679178 0.8934349417686462 1185
1616092713748 0.8873915076255798 1186
1616092748373 0.8921210765838623 1187
1616092782788 0.8869369029998779 1188
1616092817214 0.9203565120697021 1189
1616092853412 0.8869101405143738 1190
1616092888298 0.9049414396286011 1191
1616092922616 0.920824408531189 1192
1616092956953 0.8757244348526001 1193
1616092991272 0.8975642919540405 1194
1616093025557 0.8995680809020996 1195
1616093059834 0.8954683542251587 1196
1616093094213 0.9083395600318909 1197
1616093128480 0.9027879238128662 1198
1616093162909 0.905187726020813 1199
1616093199286 0.8787246346473694 1200
1616093223329 0.91352379322052 0
1616093223340 0.91352379322052 0
