1616051708203 0.17967131733894348 1
1616051742499 0.2310566008090973 2
1616051776834 0.2619112432003021 3
1616051811128 0.281427800655365 4
1616051846087 0.27718329429626465 5
1616051880979 0.28332069516181946 6
1616051915782 0.2837924361228943 7
1616051950307 0.3066467046737671 8
1616051984563 0.30218738317489624 9
1616052020992 0.296195387840271 10
1616052055431 0.3365316390991211 11
1616052089881 0.30110248923301697 12
1616052124254 0.29184576869010925 13
1616052159175 0.3069327473640442 14
1616052193556 0.3057888150215149 15
1616052227824 0.3107995390892029 16
1616052262082 0.3461039662361145 17
1616052296325 0.34412142634391785 18
1616052330582 0.31573787331581116 19
1616052366452 0.3253788352012634 20
1616052400640 0.3326026201248169 21
1616052434846 0.3282839357852936 22
1616052469132 0.370473176240921 23
1616052503555 0.36974161863327026 24
1616052539010 0.34084606170654297 25
1616052573579 0.384204626083374 26
1616052607849 0.3540515899658203 27
1616052642118 0.36327311396598816 28
1616052676537 0.3384908437728882 29
1616052713135 0.33749857544898987 30
1616052748422 0.3833048939704895 31
1616052782754 0.34219545125961304 32
1616052816996 0.3797200918197632 33
1616052851345 0.3210727870464325 34
1616052885573 0.3802579641342163 35
1616052919851 0.3841966390609741 36
1616052954113 0.39329978823661804 37
1616052988460 0.40243327617645264 38
1616053023227 0.37685662508010864 39
1616053059718 0.3850712776184082 40
1616053094333 0.37245193123817444 41
1616053128878 0.3425633907318115 42
1616053163293 0.3604227900505066 43
1616053197600 0.3610544800758362 44
1616053231927 0.3606182932853699 45
1616053266228 0.34493571519851685 46
1616053300547 0.3925865888595581 47
1616053334993 0.4267871081829071 48
1616053369303 0.4066869020462036 49
1616053406098 0.40253758430480957 50
1616053440445 0.3972715735435486 51
1616053474646 0.33242863416671753 52
1616053508885 0.35378730297088623 53
1616053543068 0.3576727509498596 54
1616053577319 0.3371022343635559 55
1616053611400 0.36373576521873474 56
1616053645681 0.3606260418891907 57
1616053679990 0.3716197907924652 58
1616053714202 0.39321017265319824 59
1616053750210 0.399764746427536 60
1616053785501 0.3775809705257416 61
1616053820377 0.3737199604511261 62
1616053854774 0.37745821475982666 63
1616053889032 0.3325200378894806 64
1616053923354 0.3743322491645813 65
1616053957686 0.4204738140106201 66
1616053991984 0.4089261591434479 67
1616054026302 0.4147491157054901 68
1616054061051 0.3806923031806946 69
1616054097192 0.39052343368530273 70
1616054131491 0.38053596019744873 71
1616054165854 0.33824795484542847 72
1616054200137 0.3867231011390686 73
1616054234414 0.3980844020843506 74
1616054268657 0.397916316986084 75
1616054303112 0.41673338413238525 76
1616054337730 0.43881309032440186 77
1616054372188 0.4425719380378723 78
1616054406745 0.3985034227371216 79
1616054443411 0.37626615166664124 80
1616054477906 0.3973044157028198 81
1616054512532 0.4313591718673706 82
1616054546891 0.4030047655105591 83
1616054581213 0.4496680796146393 84
1616054615652 0.4293813109397888 85
1616054649863 0.4337341785430908 86
1616054684245 0.44494450092315674 87
1616054718507 0.46306276321411133 88
1616054752859 0.43020695447921753 89
1616054789054 0.4116806983947754 90
1616054824075 0.4446508586406708 91
1616054858952 0.3902047276496887 92
1616054893598 0.4381936192512512 93
1616054928112 0.4624507427215576 94
1616054962660 0.45292001962661743 95
1616054996917 0.39665687084198 96
1616055031203 0.4080278277397156 97
1616055065737 0.3620460033416748 98
1616055100134 0.4057200253009796 99
1616055136062 0.40532752871513367 100
1616055170600 0.4261280298233032 101
1616055205080 0.40581536293029785 102
1616055239395 0.43770331144332886 103
1616055273624 0.45943570137023926 104
1616055307906 0.3948853015899658 105
1616055342143 0.37425243854522705 106
1616055376471 0.41780588030815125 107
1616055410845 0.4173915982246399 108
1616055445181 0.4371207356452942 109
1616055481145 0.41029706597328186 110
1616055515442 0.4519904851913452 111
1616055549860 0.4373680353164673 112
1616055584729 0.4122519791126251 113
1616055619276 0.4057670533657074 114
1616055653843 0.42365068197250366 115
1616055688456 0.3977399468421936 116
1616055722834 0.41632580757141113 117
1616055757470 0.34610819816589355 118
1616055791843 0.44241756200790405 119
1616055828548 0.4198276996612549 120
1616055863073 0.44668906927108765 121
1616055897373 0.4349345564842224 122
1616055932301 0.3913520872592926 123
1616055966572 0.4008181393146515 124
1616056000765 0.43305647373199463 125
1616056035099 0.4497677683830261 126
1616056069372 0.4492621421813965 127
1616056103691 0.4646936357021332 128
1616056137939 0.44276684522628784 129
1616056174001 0.47135260701179504 130
1616056208510 0.43806004524230957 131
1616056242931 0.4413928687572479 132
1616056277403 0.4514467716217041 133
1616056311951 0.4169585704803467 134
1616056346549 0.5035297274589539 135
1616056380891 0.4987921714782715 136
1616056415367 0.4562605619430542 137
1616056449735 0.4003191590309143 138
1616056484138 0.42963820695877075 139
1616056520549 0.41599124670028687 140
1616056554891 0.4086863398551941 141
1616056589205 0.44744908809661865 142
1616056623520 0.48199766874313354 143
1616056658125 0.44923943281173706 144
1616056692440 0.4930500090122223 145
1616056726854 0.46496596932411194 146
1616056761180 0.41822096705436707 147
1616056795476 0.4341742992401123 148
1616056829741 0.4552523195743561 149
1616056865709 0.4558708071708679 150
1616056900027 0.4694117605686188 151
1616056934430 0.46279799938201904 152
1616056968913 0.486141562461853 153
1616057003505 0.5583845376968384 154
1616057038012 0.4800204336643219 155
1616057072470 0.48905283212661743 156
1616057106902 0.49920159578323364 157
1616057141439 0.47747790813446045 158
1616057175974 0.5204748511314392 159
1616057212282 0.5033199787139893 160
1616057246590 0.40635520219802856 161
1616057280902 0.45174622535705566 162
1616057315293 0.47446101903915405 163
1616057349698 0.504159688949585 164
1616057383992 0.45090028643608093 165
1616057418347 0.4295966625213623 166
1616057452663 0.4848061203956604 167
1616057487480 0.48319900035858154 168
1616057521846 0.5286242961883545 169
1616057557779 0.4771212041378021 170
1616057592033 0.4388843774795532 171
1616057626352 0.5059784650802612 172
1616057660682 0.47244948148727417 173
1616057694883 0.445577472448349 174
1616057729109 0.4675179719924927 175
1616057763390 0.45150476694107056 176
1616057797766 0.40980762243270874 177
1616057832065 0.4596881568431854 178
1616057866394 0.43941110372543335 179
1616057902504 0.5340515375137329 180
1616057936819 0.4801519215106964 181
1616057971230 0.4545176029205322 182
1616058005652 0.4181008040904999 183
1616058040338 0.49455690383911133 184
1616058075058 0.47441941499710083 185
1616058109598 0.4766024351119995 186
1616058144034 0.43734729290008545 187
1616058178348 0.43211549520492554 188
1616058212776 0.4637787938117981 189
1616058248768 0.45155617594718933 190
1616058283004 0.5483159422874451 191
1616058317336 0.4464661478996277 192
1616058351665 0.4126502275466919 193
1616058385932 0.42050617933273315 194
1616058420288 0.4914014935493469 195
1616058455035 0.42344534397125244 196
1616058489364 0.4692091643810272 197
1616058523718 0.49573493003845215 198
1616058557968 0.4778733253479004 199
1616058593840 0.439411461353302 200
1616058628073 0.4348137676715851 201
1616058662311 0.4251638650894165 202
1616058696587 0.45383626222610474 203
1616058730947 0.4769076406955719 204
1616058765174 0.5009168386459351 205
1616058799525 0.5040623545646667 206
1616058833865 0.5253533124923706 207
1616058868548 0.5093820095062256 208
1616058903158 0.5243439674377441 209
1616058939336 0.4234773516654968 210
1616058973832 0.495577871799469 211
1616059008400 0.48326441645622253 212
1616059042725 0.40962928533554077 213
1616059077129 0.44036149978637695 214
1616059111497 0.49660724401474 215
1616059145889 0.44728922843933105 216
1616059180735 0.4853570759296417 217
1616059214992 0.47273093461990356 218
1616059249365 0.4706994891166687 219
1616059285153 0.4593234658241272 220
1616059319372 0.4600897431373596 221
1616059353757 0.45532000064849854 222
1616059388137 0.4983254075050354 223
1616059422710 0.5057086944580078 224
1616059457587 0.4524080753326416 225
1616059492031 0.4735768437385559 226
1616059526552 0.45357489585876465 227
1616059560859 0.4923514127731323 228
1616059595231 0.536801815032959 229
1616059631364 0.5037752389907837 230
1616059666292 0.5420252084732056 231
1616059700760 0.5035295486450195 232
1616059735102 0.4590405821800232 233
1616059769373 0.4886353015899658 234
1616059803665 0.47740280628204346 235
1616059838002 0.48679715394973755 236
1616059872355 0.5052886605262756 237
1616059906845 0.4726656675338745 238
1616059941556 0.5508345365524292 239
1616059977950 0.47948646545410156 240
1616060012409 0.45375630259513855 241
1616060047097 0.4867469072341919 242
1616060081505 0.5056041479110718 243
1616060115833 0.5232131481170654 244
1616060150291 0.49851658940315247 245
1616060184660 0.5017603635787964 246
1616060219050 0.43998003005981445 247
1616060253503 0.479442834854126 248
1616060287933 0.4683057963848114 249
1616060324135 0.4959135353565216 250
1616060358383 0.5390065312385559 251
1616060392743 0.4821038544178009 252
1616060427103 0.4246886968612671 253
1616060461412 0.48534727096557617 254
1616060496077 0.5072623491287231 255
1616060530332 0.4804924726486206 256
1616060564502 0.5684105157852173 257
1616060598778 0.5132864117622375 258
1616060633060 0.4697744846343994 259
1616060668925 0.46346548199653625 260
1616060703190 0.5286515355110168 261
1616060737446 0.529565691947937 262
1616060771714 0.4953416585922241 263
1616060806084 0.4481663703918457 264
1616060840432 0.5017927885055542 265
1616060875306 0.4737666845321655 266
1616060910076 0.5023476481437683 267
1616060944742 0.4706791639328003 268
1616060979057 0.5122185349464417 269
1616061015281 0.5036885142326355 270
1616061049645 0.5364665389060974 271
1616061083939 0.4923800230026245 272
1616061118354 0.48924022912979126 273
1616061152659 0.4876343607902527 274
1616061187066 0.49688535928726196 275
1616061221680 0.4254637658596039 276
1616061255953 0.5583707094192505 277
1616061290236 0.4775274395942688 278
1616061324485 0.5514910221099854 279
1616061360467 0.548675537109375 280
1616061394811 0.5072086453437805 281
1616061429082 0.5231835842132568 282
1616061463346 0.4909426271915436 283
1616061497597 0.506965160369873 284
1616061531923 0.43109700083732605 285
1616061566352 0.5233080387115479 286
1616061600777 0.48757344484329224 287
1616061635357 0.4658644199371338 288
1616061669922 0.5095516443252563 289
1616061706249 0.48182976245880127 290
1616061740836 0.512637734413147 291
1616061775252 0.5035737752914429 292
1616061809616 0.5291696786880493 293
1616061844065 0.49221333861351013 294
1616061878343 0.49486660957336426 295
1616061912750 0.4856629967689514 296
1616061947071 0.523649275302887 297
1616061981356 0.5016223788261414 298
1616062015767 0.5360127687454224 299
1616062051930 0.5243855714797974 300
1616062086255 0.44628047943115234 301
1616062120558 0.49957966804504395 302
1616062154759 0.5628937482833862 303
1616062189055 0.5553967952728271 304
1616062223267 0.478209912776947 305
1616062257480 0.46852606534957886 306
1616062291768 0.5119792222976685 307
1616062326086 0.6312885284423828 308
1616062360379 0.5767147541046143 309
1616062396196 0.43958839774131775 310
1616062430502 0.4735681712627411 311
1616062464902 0.5034393668174744 312
1616062499378 0.4895687401294708 313
1616062533887 0.5667545795440674 314
1616062568387 0.48236650228500366 315
1616062602922 0.5239797830581665 316
1616062637535 0.5226593017578125 317
1616062671937 0.4979100823402405 318
1616062706488 0.5109875798225403 319
1616062743258 0.5216424465179443 320
1616062777631 0.5195978879928589 321
1616062811913 0.5098342299461365 322
1616062846273 0.4496091306209564 323
1616062881036 0.5481440424919128 324
1616062915653 0.48185840249061584 325
1616062950395 0.4970829486846924 326
1616062985065 0.5150285363197327 327
1616063019622 0.5513486862182617 328
1616063053816 0.5541269779205322 329
1616063089871 0.46948614716529846 330
1616063124257 0.4702678620815277 331
1616063158646 0.49857985973358154 332
1616063192952 0.5713187456130981 333
1616063227331 0.505874752998352 334
1616063262002 0.5093633532524109 335
1616063296288 0.4780193567276001 336
1616063330598 0.5419435501098633 337
1616063364849 0.4589291214942932 338
1616063399090 0.5557799339294434 339
1616063435058 0.5476515293121338 340
1616063469329 0.5099537372589111 341
1616063504067 0.5417113900184631 342
1616063538539 0.48500633239746094 343
1616063573235 0.5175915360450745 344
1616063607936 0.48401883244514465 345
1616063642513 0.4553995132446289 346
1616063677074 0.425718754529953 347
1616063711427 0.5042107105255127 348
1616063745661 0.5575693845748901 349
1616063782236 0.5852999091148376 350
1616063816601 0.5481350421905518 351
1616063850870 0.5402774810791016 352
1616063885210 0.5471055507659912 353
1616063919504 0.5756867527961731 354
1616063953757 0.5472118854522705 355
1616063988139 0.5100310444831848 356
1616064022485 0.5493035316467285 357
1616064056861 0.5896314382553101 358
1616064092285 0.44973915815353394 359
1616064128543 0.5173543691635132 360
1616064163111 0.5688334703445435 361
1616064197436 0.5923678278923035 362
1616064231843 0.5396125912666321 363
1616064266247 0.4993862211704254 364
1616064300875 0.5227712988853455 365
1616064335315 0.5119673013687134 366
1616064369737 0.5317498445510864 367
1616064403997 0.5584128499031067 368
1616064438337 0.5025831460952759 369
1616064474348 0.5071451663970947 370
1616064508632 0.5990492105484009 371
1616064542894 0.5790305137634277 372
1616064577186 0.526011049747467 373
1616064611484 0.5419442653656006 374
1616064645774 0.5372660756111145 375
1616064680222 0.4911900758743286 376
1616064714685 0.43883973360061646 377
1616064749226 0.4704166650772095 378
1616064783658 0.4983302056789398 379
1616064819719 0.4772118628025055 380
1616064854533 0.5149384140968323 381
1616064889089 0.5295498371124268 382
1616064923525 0.48706644773483276 383
1616064957874 0.5494110584259033 384
1616064992170 0.5424878001213074 385
1616065026489 0.5491567850112915 386
1616065060996 0.502892017364502 387
1616065095259 0.5207871198654175 388
1616065129559 0.5200753211975098 389
1616065165504 0.5041245222091675 390
1616065199738 0.486900269985199 391
1616065234075 0.5030810832977295 392
1616065268400 0.5494029521942139 393
1616065302717 0.4909461736679077 394
1616065337046 0.6268827319145203 395
1616065371400 0.5117636919021606 396
1616065405741 0.5562523603439331 397
1616065440452 0.5649012923240662 398
1616065475251 0.5158799886703491 399
1616065511594 0.5462009906768799 400
1616065546302 0.5115193128585815 401
1616065580628 0.5381759405136108 402
1616065615046 0.4714958667755127 403
1616065649377 0.5710593461990356 404
1616065683706 0.5390400886535645 405
1616065718010 0.5511521697044373 406
1616065752512 0.46194595098495483 407
1616065786783 0.5588192939758301 408
1616065821135 0.49407488107681274 409
1616065857001 0.5213154554367065 410
1616065891277 0.529495358467102 411
1616065925599 0.568993330001831 412
1616065959749 0.5698984861373901 413
1616065994063 0.5028578042984009 414
1616066028296 0.47216254472732544 415
1616066062562 0.5428166389465332 416
1616066097007 0.5158511400222778 417
1616066131370 0.5544741749763489 418
1616066165864 0.5459761619567871 419
1616066201890 0.5664938688278198 420
1616066236280 0.5457756519317627 421
1616066270769 0.527826189994812 422
1616066305188 0.4955866038799286 423
1616066339656 0.5268650650978088 424
1616066374101 0.5835592746734619 425
1616066408432 0.5134509205818176 426
1616066442690 0.565920352935791 427
1616066477164 0.5229250192642212 428
1616066511348 0.4491817355155945 429
1616066547425 0.5003602504730225 430
1616066581861 0.5550526976585388 431
1616066616395 0.5192225575447083 432
1616066650849 0.4993090033531189 433
1616066685107 0.5466824769973755 434
1616066719417 0.4392467141151428 435
1616066753693 0.5318553447723389 436
1616066787951 0.5222457051277161 437
1616066822338 0.5345996618270874 438
1616066856731 0.4832945466041565 439
1616066893249 0.6089121103286743 440
1616066928006 0.5551446676254272 441
1616066962392 0.48069071769714355 442
1616066997017 0.551720380783081 443
1616067031593 0.5927407741546631 444
1616067065902 0.5239694118499756 445
1616067100244 0.5178620219230652 446
1616067134564 0.4893805980682373 447
1616067168851 0.539564847946167 448
1616067203279 0.5538110136985779 449
1616067242071 0.5945862531661987 450
1616067276321 0.559512197971344 451
1616067310698 0.5223236083984375 452
1616067345278 0.5289232134819031 453
1616067379643 0.5143009424209595 454
1616067413869 0.5955915451049805 455
1616067448201 0.498963862657547 456
1616067482418 0.4858331084251404 457
1616067516787 0.46145111322402954 458
1616067551025 0.5473345518112183 459
1616067587152 0.5669127702713013 460
1616067621430 0.5588830709457397 461
1616067655824 0.561306893825531 462
1616067690130 0.5273350477218628 463
1616067724411 0.5454895496368408 464
1616067758881 0.5459785461425781 465
1616067793459 0.5112781524658203 466
1616067828031 0.49170804023742676 467
1616067862622 0.5200545191764832 468
1616067897174 0.5364909172058105 469
1616067933288 0.4997844696044922 470
1616067967659 0.4933587312698364 471
1616068001967 0.5372240543365479 472
1616068036399 0.5320018529891968 473
1616068070778 0.5146849751472473 474
1616068105057 0.5665626525878906 475
1616068139402 0.5143156051635742 476
1616068173826 0.5270520448684692 477
1616068208188 0.5355435609817505 478
1616068242475 0.624290943145752 479
1616068278480 0.583908200263977 480
1616068313318 0.5368680953979492 481
1616068347604 0.5756570100784302 482
1616068381838 0.5462902784347534 483
1616068416052 0.5412797927856445 484
1616068450399 0.5164597034454346 485
1616068484717 0.5077770948410034 486
1616068519002 0.5188913941383362 487
1616068553239 0.541852593421936 488
1616068587500 0.5819948315620422 489
1616068623545 0.6031640768051147 490
1616068658125 0.5329420566558838 491
1616068692769 0.5157170295715332 492
1616068727330 0.6382948160171509 493
1616068761798 0.48301202058792114 494
1616068796521 0.5246108770370483 495
1616068830991 0.5199304819107056 496
1616068865703 0.5920370221138 497
1616068900024 0.5416887998580933 498
1616068934402 0.5911903381347656 499
1616068970473 0.52608323097229 500
1616069004908 0.4942035973072052 501
1616069039216 0.584558367729187 502
1616069073513 0.5845770239830017 503
1616069107801 0.597374677658081 504
1616069142144 0.5384234189987183 505
1616069176421 0.5663924813270569 506
1616069211109 0.49116671085357666 507
1616069245421 0.518976092338562 508
1616069279722 0.5713900327682495 509
1616069315747 0.5415641069412231 510
1616069350025 0.6371219158172607 511
1616069384310 0.5490074157714844 512
1616069418529 0.5842304229736328 513
1616069452873 0.5935704708099365 514
1616069487322 0.5323749780654907 515
1616069522065 0.5943518280982971 516
1616069556606 0.6040128469467163 517
1616069591209 0.5245165228843689 518
1616069625665 0.5099577307701111 519
1616069661936 0.5041677951812744 520
1616069696506 0.49179595708847046 521
1616069731137 0.5394792556762695 522
1616069765607 0.5703697800636292 523
1616069799978 0.5740830898284912 524
1616069834379 0.5291759967803955 525
1616069868724 0.6228345632553101 526
1616069902991 0.5440324544906616 527
1616069937696 0.5438779592514038 528
1616069971996 0.630441427230835 529
1616070007972 0.5450702905654907 530
1616070042215 0.5048139691352844 531
1616070076475 0.5266895294189453 532
1616070110752 0.5569075345993042 533
1616070145011 0.5612561702728271 534
1616070179347 0.5302138328552246 535
1616070213684 0.6352839469909668 536
1616070248135 0.54042649269104 537
1616070282882 0.5633652210235596 538
1616070317593 0.5560424327850342 539
1616070354190 0.6386671662330627 540
1616070388682 0.5173435211181641 541
1616070423233 0.5201238393783569 542
1616070457694 0.5510167479515076 543
1616070492167 0.5858153104782104 544
1616070526589 0.5514906644821167 545
1616070560911 0.5748058557510376 546
1616070595291 0.6194531321525574 547
1616070630053 0.5191080570220947 548
1616070664396 0.5257719159126282 549
1616070700279 0.5708889365196228 550
1616070734514 0.5699574947357178 551
1616070768814 0.5710055828094482 552
1616070803079 0.615512490272522 553
1616070837465 0.48354464769363403 554
1616070871805 0.5456784963607788 555
1616070906607 0.5924128293991089 556
1616070941066 0.5468525886535645 557
1616070975553 0.5264227390289307 558
1616071010133 0.5029321312904358 559
1616071046509 0.6129459142684937 560
1616071081026 0.5433543920516968 561
1616071115442 0.5250149965286255 562
1616071150199 0.5433635115623474 563
1616071184544 0.657368540763855 564
1616071218855 0.5078017711639404 565
1616071253231 0.5835628509521484 566
1616071287542 0.5535674095153809 567
1616071321845 0.6047979593276978 568
1616071356562 0.5743246078491211 569
1616071392482 0.5640820264816284 570
1616071426832 0.5125911831855774 571
1616071461109 0.5513537526130676 572
1616071495491 0.5419834852218628 573
1616071529925 0.5886108875274658 574
1616071564400 0.5381931662559509 575
1616071599072 0.549117922782898 576
1616071633717 0.6237429976463318 577
1616071668424 0.6153742074966431 578
1616071702886 0.5685459971427917 579
1616071739035 0.579626202583313 580
1616071773621 0.6323639154434204 581
1616071808066 0.513629674911499 582
1616071842470 0.5508127212524414 583
1616071877243 0.5720357894897461 584
1616071911510 0.5327317714691162 585
1616071945733 0.5711190700531006 586
1616071980061 0.634452223777771 587
1616072014388 0.5718597173690796 588
1616072048697 0.5604857802391052 589
1616072084686 0.590441107749939 590
1616072118968 0.595162034034729 591
1616072153322 0.5704717040061951 592
1616072187649 0.5305840969085693 593
1616072222128 0.5574589967727661 594
1616072256569 0.581379771232605 595
1616072291030 0.576533317565918 596
1616072325603 0.6127630472183228 597
1616072360128 0.5495080351829529 598
1616072394808 0.5582014918327332 599
1616072431004 0.522942304611206 600
1616072465624 0.6332074403762817 601
1616072500265 0.5618044137954712 602
1616072534555 0.4998593330383301 603
1616072568870 0.552756667137146 604
1616072603165 0.5533236265182495 605
1616072637510 0.5783469676971436 606
1616072671797 0.5612059831619263 607
1616072706034 0.5926223993301392 608
1616072740301 0.5675261616706848 609
1616072776223 0.5705710649490356 610
1616072810543 0.5047092437744141 611
1616072845008 0.5682488679885864 612
1616072879429 0.5676940679550171 613
1616072913843 0.5865032076835632 614
1616072948486 0.5531729459762573 615
1616072982975 0.5636508464813232 616
1616073017547 0.52962327003479 617
1616073052071 0.6109570860862732 618
1616073086662 0.546412467956543 619
1616073122758 0.5287920236587524 620
1616073156984 0.6000991463661194 621
1616073191264 0.5045234560966492 622
1616073225604 0.5452272891998291 623
1616073259996 0.5607343912124634 624
1616073294461 0.6261043548583984 625
1616073329219 0.6275409460067749 626
1616073363547 0.6044955849647522 627
1616073397918 0.5641063451766968 628
1616073432123 0.5295602083206177 629
1616073468046 0.5501667261123657 630
1616073502416 0.6385341882705688 631
1616073536718 0.5317995548248291 632
1616073570941 0.6304309368133545 633
1616073605159 0.5677193403244019 634
1616073639362 0.5055209398269653 635
1616073673647 0.5287262201309204 636
1616073707967 0.6097346544265747 637
1616073742372 0.5796865224838257 638
1616073776675 0.5738042593002319 639
1616073812795 0.571743369102478 640
1616073847378 0.5695573091506958 641
1616073881898 0.549152135848999 642
1616073916450 0.5626900792121887 643
1616073950944 0.5833797454833984 644
1616073985414 0.5864603519439697 645
1616074019790 0.5890130996704102 646
1616074054310 0.5842933654785156 647
1616074088739 0.5395787954330444 648
1616074123173 0.595497727394104 649
1616074159106 0.6399272680282593 650
1616074193461 0.5512537956237793 651
1616074227908 0.5883036255836487 652
1616074262208 0.5760530233383179 653
1616074296591 0.6144089698791504 654
1616074330853 0.5707709789276123 655
1616074365221 0.5846191644668579 656
1616074399889 0.5890020728111267 657
1616074434175 0.5095187425613403 658
1616074468474 0.5380146503448486 659
1616074504434 0.5519765615463257 660
1616074538652 0.6173356771469116 661
1616074572894 0.5448057651519775 662
1616074607157 0.5500665307044983 663
1616074641412 0.6021143198013306 664
1616074675635 0.6029471158981323 665
1616074710021 0.5708909034729004 666
1616074744350 0.5926604866981506 667
1616074778600 0.5477942228317261 668
1616074812937 0.5505653023719788 669
1616074848934 0.5824775695800781 670
1616074883312 0.5575193166732788 671
1616074917822 0.4882994294166565 672
1616074952596 0.4977860450744629 673
1616074987070 0.54709792137146 674
1616075021490 0.5071070194244385 675
1616075055897 0.5566956996917725 676
1616075090323 0.5525671243667603 677
1616075124760 0.5638195276260376 678
1616075159167 0.5670915246009827 679
1616075195303 0.5955237150192261 680
1616075229600 0.5657715201377869 681
1616075263928 0.6039251089096069 682
1616075298318 0.6135660409927368 683
1616075332732 0.5463083982467651 684
1616075367147 0.579688310623169 685
1616075401365 0.5930635929107666 686
1616075435958 0.6573033332824707 687
1616075470701 0.5419946312904358 688
1616075504913 0.48637089133262634 689
1616075540737 0.5830937027931213 690
1616075575114 0.6019047498703003 691
1616075609415 0.6678793430328369 692
1616075643613 0.6098480820655823 693
1616075677947 0.5727485418319702 694
1616075712259 0.5627608299255371 695
1616075746634 0.5875815153121948 696
1616075780928 0.6289461255073547 697
1616075815284 0.5999943017959595 698
1616075849559 0.6312563419342041 699
1616075885853 0.6048760414123535 700
1616075920333 0.5475503206253052 701
1616075954879 0.5833243131637573 702
1616075989540 0.6227640509605408 703
1616076023979 0.576248288154602 704
1616076058567 0.5485793352127075 705
1616076092966 0.55179363489151 706
1616076127381 0.591201663017273 707
1616076161760 0.6092692613601685 708
1616076196135 0.5666569471359253 709
1616076232333 0.5969289541244507 710
1616076266605 0.5902233123779297 711
1616076300925 0.5672682523727417 712
1616076335320 0.5921730399131775 713
1616076369670 0.6191291213035583 714
1616076403968 0.6017370223999023 715
1616076438319 0.5281343460083008 716
1616076472671 0.6432887315750122 717
1616076507723 0.6368645429611206 718
1616076542057 0.5740886330604553 719
1616076578057 0.6023386716842651 720
1616076612427 0.5374544858932495 721
1616076646626 0.5171351432800293 722
1616076680881 0.5458940267562866 723
1616076715228 0.5927078127861023 724
1616076749478 0.5362969040870667 725
1616076783698 0.6522712707519531 726
1616076817977 0.6894469261169434 727
1616076852350 0.5605087280273438 728
1616076886777 0.6534136533737183 729
1616076923002 0.6560437679290771 730
1616076957491 0.6158325672149658 731
1616076992057 0.6018673181533813 732
1616077026926 0.6227575540542603 733
1616077061463 0.5450191497802734 734
1616077095869 0.6038656234741211 735
1616077130242 0.5973940491676331 736
1616077164605 0.6315828561782837 737
1616077199042 0.5938041806221008 738
1616077233315 0.5806227326393127 739
1616077270303 0.5354135036468506 740
1616077304698 0.5454142093658447 741
1616077339048 0.5935322046279907 742
1616077373343 0.6224840879440308 743
1616077407701 0.6755132079124451 744
1616077441987 0.5412702560424805 745
1616077476234 0.5967194437980652 746
1616077510620 0.5632988214492798 747
1616077545341 0.5635490417480469 748
1616077580341 0.5667792558670044 749
1616077616940 0.6532691717147827 750
1616077651370 0.5418654084205627 751
1616077685755 0.5994505882263184 752
1616077720200 0.542132556438446 753
1616077754964 0.5763155221939087 754
1616077789434 0.5926370620727539 755
1616077823657 0.6188284158706665 756
1616077857869 0.5814203023910522 757
1616077892248 0.5477332472801208 758
1616077926554 0.675870418548584 759
1616077962495 0.5595885515213013 760
1616077996792 0.56361985206604 761
1616078031095 0.5502817630767822 762
1616078065505 0.591289758682251 763
1616078099963 0.6057978868484497 764
1616078134602 0.5696433782577515 765
1616078169074 0.5966798663139343 766
1616078203681 0.6049331426620483 767
1616078238241 0.5556095838546753 768
1616078272663 0.6182451844215393 769
1616078308836 0.5882183313369751 770
1616078343214 0.532660722732544 771
1616078377591 0.5656041502952576 772
1616078412097 0.6168696284294128 773
1616078446441 0.5927767753601074 774
1616078481029 0.5362327098846436 775
1616078515478 0.597477376461029 776
1616078549808 0.5986204147338867 777
1616078583971 0.551101803779602 778
1616078618241 0.5610833168029785 779
1616078654133 0.598545253276825 780
1616078688369 0.47005990147590637 781
1616078722672 0.6336278319358826 782
1616078756930 0.659019947052002 783
1616078791326 0.611238956451416 784
1616078825749 0.6163396239280701 785
1616078860643 0.5414347648620605 786
1616078895124 0.557801365852356 787
1616078929634 0.6304736733436584 788
1616078964090 0.5650334358215332 789
1616079000184 0.5660510063171387 790
1616079034656 0.5581343173980713 791
1616079069083 0.6167256832122803 792
1616079103426 0.5480434894561768 793
1616079138132 0.6383363008499146 794
1616079172450 0.5685150623321533 795
1616079206790 0.5725533962249756 796
1616079241051 0.6046271324157715 797
1616079275398 0.560602068901062 798
1616079309776 0.6261293888092041 799
1616079345639 0.5496703386306763 800
1616079379987 0.5097154974937439 801
1616079414224 0.5841377973556519 802
1616079448483 0.6086541414260864 803
1616079482742 0.5690855979919434 804
1616079517060 0.5690033435821533 805
1616079551493 0.5969555377960205 806
1616079586131 0.5706324577331543 807
1616079620895 0.5544478893280029 808
1616079655938 0.5403634905815125 809
1616079692088 0.5735946893692017 810
1616079726509 0.5495253205299377 811
1616079760919 0.5518766045570374 812
1616079795498 0.6399522423744202 813
1616079829905 0.6467778086662292 814
1616079864523 0.5855976343154907 815
1616079898829 0.5236152410507202 816
1616079933214 0.6709762811660767 817
1616079967530 0.5305464863777161 818
1616080001776 0.5742484927177429 819
1616080037613 0.4891468286514282 820
1616080071953 0.6152341365814209 821
1616080106355 0.5748728513717651 822
1616080140621 0.5754916667938232 823
1616080175115 0.6210782527923584 824
1616080210084 0.5401228666305542 825
1616080244891 0.5332663655281067 826
1616080279364 0.5766081809997559 827
1616080313783 0.6217900514602661 828
1616080348250 0.6061198711395264 829
1616080384540 0.5906162261962891 830
1616080419074 0.5935220718383789 831
1616080453589 0.5973823070526123 832
1616080487980 0.6194933652877808 833
1616080522398 0.5750938057899475 834
1616080557018 0.5560752749443054 835
1616080591284 0.6286531686782837 836
1616080625546 0.48353374004364014 837
1616080659810 0.607999324798584 838
1616080694172 0.6084409952163696 839
1616080730127 0.5941765904426575 840
1616080764410 0.5658721327781677 841
1616080801285 0.6113137006759644 842
1616080835866 0.6350947022438049 843
1616080870801 0.6172323226928711 844
1616080905565 0.5963889360427856 845
1616080940442 0.6037797331809998 846
1616080975041 0.602666974067688 847
1616081009546 0.5385304689407349 848
1616081043829 0.5249887108802795 849
1616081079827 0.5437021255493164 850
1616081114798 0.6512787342071533 851
1616081149099 0.6977598667144775 852
1616081183307 0.5449306964874268 853
1616081217682 0.5713993310928345 854
1616081251981 0.5825485587120056 855
1616081286288 0.5895262956619263 856
1616081320516 0.5541951656341553 857
1616081354813 0.6043596267700195 858
1616081389537 0.614465594291687 859
1616081425499 0.6109990477561951 860
1616081459773 0.5185943245887756 861
1616081494259 0.5886678695678711 862
1616081528824 0.5845863819122314 863
1616081563414 0.5107998251914978 864
1616081597968 0.5630678534507751 865
1616081632416 0.5547134876251221 866
1616081666905 0.6379246711730957 867
1616081701495 0.5440510511398315 868
1616081735992 0.5507545471191406 869
1616081772445 0.6293946504592896 870
1616081806826 0.5463402271270752 871
1616081841161 0.6348968744277954 872
1616081875539 0.5572468638420105 873
1616081909940 0.6319195032119751 874
1616081944350 0.5966043472290039 875
1616081978664 0.6357883214950562 876
1616082012973 0.568938672542572 877
1616082047629 0.5052585601806641 878
1616082082033 0.6352176666259766 879
1616082117947 0.6207940578460693 880
1616082152357 0.571847140789032 881
1616082186703 0.5849331021308899 882
1616082221020 0.5179484486579895 883
1616082255307 0.6478784084320068 884
1616082289536 0.5956966876983643 885
1616082324048 0.5030413269996643 886
1616082359070 0.6414569020271301 887
1616082393526 0.5721448659896851 888
1616082428082 0.5028282403945923 889
1616082464552 0.5826733708381653 890
1616082499009 0.6668581962585449 891
1616082533498 0.5955162048339844 892
1616082568118 0.6066352725028992 893
1616082602399 0.6090574264526367 894
1616082637265 0.670945405960083 895
1616082671579 0.5246599912643433 896
1616082705883 0.5699648261070251 897
1616082740161 0.5907571315765381 898
1616082774510 0.5101516246795654 899
1616082810271 0.6717469692230225 900
1616082844638 0.567352294921875 901
1616082878995 0.6161760687828064 902
1616082913382 0.6012746691703796 903
1616082947664 0.5768899917602539 904
1616082982530 0.5871419906616211 905
1616083017284 0.545502781867981 906
1616083052098 0.5554567575454712 907
1616083086838 0.5498034954071045 908
1616083121632 0.5871901512145996 909
1616083158124 0.6145923733711243 910
1616083192547 0.6320160627365112 911
1616083226965 0.5216293334960938 912
1616083261338 0.5950307846069336 913
1616083295792 0.6431846618652344 914
1616083330134 0.5302956104278564 915
1616083365044 0.604435920715332 916
1616083399369 0.49101412296295166 917
1616083433644 0.5822932124137878 918
1616083467988 0.5796284675598145 919
1616083503976 0.6040588617324829 920
1616083538362 0.581926703453064 921
1616083572780 0.5814176797866821 922
1616083607194 0.60212242603302 923
1616083641661 0.6263877153396606 924
1616083676286 0.5514548420906067 925
1616083711448 0.6280639171600342 926
1616083746267 0.6091679930686951 927
1616083780729 0.5739147067070007 928
1616083815020 0.6113158464431763 929
1616083851538 0.5137768387794495 930
1616083885885 0.5951603651046753 931
1616083920933 0.5912868976593018 932
1616083955191 0.599268913269043 933
1616083989530 0.5344036817550659 934
1616084023843 0.5540629029273987 935
1616084058189 0.5405443906784058 936
1616084092513 0.5418415665626526 937
1616084126732 0.5705342292785645 938
1616084161443 0.5856783986091614 939
1616084197969 0.6026401519775391 940
1616084232850 0.5410305261611938 941
1616084267357 0.5691615343093872 942
1616084301760 0.5226386189460754 943
1616084336399 0.6634021401405334 944
1616084371394 0.6108481884002686 945
1616084405801 0.6748979091644287 946
1616084440110 0.46616291999816895 947
1616084474467 0.6311388611793518 948
1616084508755 0.6701306700706482 949
1616084544801 0.5653953552246094 950
1616084579059 0.56815105676651 951
1616084613362 0.6804516315460205 952
1616084647670 0.5943371057510376 953
1616084681972 0.5942546129226685 954
1616084716300 0.5491795539855957 955
1616084750782 0.5833110213279724 956
1616084785345 0.5863892436027527 957
1616084819901 0.6136379837989807 958
1616084854447 0.6163992881774902 959
1616084890966 0.5450557470321655 960
1616084925319 0.5847483277320862 961
1616084959860 0.5866148471832275 962
1616084994140 0.5696329474449158 963
1616085028436 0.5773804783821106 964
1616085062753 0.6535934209823608 965
1616085097684 0.545282781124115 966
1616085131990 0.6150962710380554 967
1616085166387 0.6908069849014282 968
1616085200708 0.5997856259346008 969
1616085236691 0.5865355134010315 970
1616085270998 0.6415743827819824 971
1616085305249 0.5717597007751465 972
1616085339514 0.5715465545654297 973
1616085373911 0.5888251066207886 974
1616085408210 0.5090243220329285 975
1616085442631 0.6116523742675781 976
1616085477293 0.6230288147926331 977
1616085511866 0.4967266321182251 978
1616085546577 0.600334644317627 979
1616085582921 0.47291672229766846 980
1616085617386 0.5748534202575684 981
1616085651877 0.570575475692749 982
1616085686393 0.5750076770782471 983
1616085720684 0.6848689913749695 984
1616085755673 0.6098951101303101 985
1616085789919 0.6440531015396118 986
1616085824184 0.5896714329719543 987
1616085858504 0.619111955165863 988
1616085892855 0.589824914932251 989
1616085928901 0.5613652467727661 990
1616085963288 0.5727416276931763 991
1616085997634 0.6657558679580688 992
1616086032191 0.5259830951690674 993
1616086066871 0.6493567228317261 994
1616086101349 0.6303046345710754 995
1616086135928 0.6404463052749634 996
1616086170421 0.6900604963302612 997
1616086205605 0.5912232398986816 998
1616086240067 0.5210815668106079 999
1616086276431 0.6683667898178101 1000
1616086310721 0.6448596119880676 1001
1616086345035 0.6475074291229248 1002
1616086379531 0.626163125038147 1003
1616086414386 0.6188586950302124 1004
1616086448648 0.5678907632827759 1005
1616086482899 0.5749651193618774 1006
1616086517190 0.565420925617218 1007
1616086551544 0.5941208600997925 1008
1616086585824 0.5270854234695435 1009
1616086621838 0.5249460935592651 1010
1616086656110 0.6401515007019043 1011
1616086690377 0.568396270275116 1012
1616086724720 0.5620580911636353 1013
1616086759114 0.617861270904541 1014
1616086794020 0.5778464078903198 1015
1616086830435 0.6110663414001465 1016
1616086865333 0.5606264472007751 1017
1616086899871 0.6432600021362305 1018
1616086934249 0.629509449005127 1019
1616086970260 0.6115078926086426 1020
1616087004564 0.5762029886245728 1021
1616087038869 0.5380104184150696 1022
1616087073811 0.6464518904685974 1023
1616087108250 0.5507330894470215 1024
1616087142566 0.48053085803985596 1025
1616087176830 0.6517311334609985 1026
1616087211164 0.5643541812896729 1027
1616087245593 0.5947228670120239 1028
1616087279897 0.6176972389221191 1029
1616087316207 0.5891569256782532 1030
1616087350881 0.538385272026062 1031
1616087385640 0.5635482668876648 1032
1616087420342 0.6214048862457275 1033
1616087454855 0.6093125343322754 1034
1616087489171 0.6134962439537048 1035
1616087523641 0.6123008728027344 1036
1616087557933 0.611261785030365 1037
1616087592415 0.5582222938537598 1038
1616087626699 0.5919851064682007 1039
1616087663197 0.5512191653251648 1040
1616087697614 0.6793090105056763 1041
1616087731896 0.5701497793197632 1042
1616087766254 0.5493611097335815 1043
1616087800495 0.5851168036460876 1044
1616087834675 0.6616952419281006 1045
1616087868971 0.5830157995223999 1046
1616087903241 0.5456651449203491 1047
1616087937634 0.6134160757064819 1048
1616087972299 0.5921525955200195 1049
1616088008606 0.6054573655128479 1050
1616088043054 0.5476891994476318 1051
1616088077557 0.5019665956497192 1052
1616088112420 0.5933090448379517 1053
1616088147006 0.6003909111022949 1054
1616088181409 0.5832228660583496 1055
1616088215730 0.6410681009292603 1056
1616088250105 0.635402262210846 1057
1616088284433 0.4975011944770813 1058
1616088318692 0.50148606300354 1059
1616088354656 0.6045025587081909 1060
1616088389369 0.5931662321090698 1061
1616088423635 0.5551988482475281 1062
1616088457876 0.5434461832046509 1063
1616088492091 0.5003466606140137 1064
1616088526411 0.5655626058578491 1065
1616088560698 0.6071795225143433 1066
1616088595002 0.5687748193740845 1067
1616088629311 0.5563876628875732 1068
1616088663608 0.5988370180130005 1069
1616088699890 0.5270904302597046 1070
1616088734495 0.5587307214736938 1071
1616088769060 0.506206750869751 1072
1616088803701 0.57243812084198 1073
1616088838135 0.5874243974685669 1074
1616088872687 0.6140336990356445 1075
1616088907172 0.5658084154129028 1076
1616088941596 0.5525550842285156 1077
1616088975976 0.6006896495819092 1078
1616089010361 0.6254127025604248 1079
1616089046430 0.526164174079895 1080
1616089080863 0.5061195492744446 1081
1616089115244 0.5323551893234253 1082
1616089149607 0.5072253942489624 1083
1616089183896 0.5584529638290405 1084
1616089218236 0.5423194169998169 1085
1616089252579 0.6065661907196045 1086
1616089287281 0.5986989736557007 1087
1616089321937 0.5932169556617737 1088
1616089356817 0.5963447093963623 1089
1616089393150 0.5996364951133728 1090
1616089427627 0.6115546822547913 1091
1616089461946 0.5836478471755981 1092
1616089496305 0.6036942005157471 1093
1616089530953 0.5233076810836792 1094
1616089565306 0.6235141158103943 1095
1616089599625 0.6122195720672607 1096
1616089633935 0.5515411496162415 1097
1616089668172 0.5605713725090027 1098
1616089702473 0.6567683815956116 1099
1616089738279 0.6432216167449951 1100
1616089772585 0.6143578290939331 1101
1616089807058 0.5561040043830872 1102
1616089841396 0.6445664167404175 1103
1616089875781 0.5883557796478271 1104
1616089910372 0.5382860898971558 1105
1616089944823 0.6223870515823364 1106
1616089979260 0.5542325973510742 1107
1616090013604 0.6160269975662231 1108
1616090047947 0.6391881704330444 1109
1616090084158 0.6597273349761963 1110
1616090118698 0.5756304264068604 1111
1616090153289 0.5546125769615173 1112
1616090187615 0.5801215171813965 1113
1616090221803 0.6403857469558716 1114
1616090256234 0.5958748459815979 1115
1616090290510 0.627109169960022 1116
1616090324823 0.599714994430542 1117
1616090359095 0.6127098798751831 1118
1616090393424 0.5430521965026855 1119
1616090430030 0.6017752885818481 1120
1616090464411 0.6060541272163391 1121
1616090498715 0.5616608262062073 1122
1616090533042 0.5649404525756836 1123
1616090567470 0.5804445743560791 1124
1616090601809 0.6092837452888489 1125
1616090636158 0.5875140428543091 1126
1616090670445 0.6288742423057556 1127
1616090704747 0.6451253294944763 1128
1616090739264 0.5908905267715454 1129
1616090775844 0.6363905072212219 1130
1616090810420 0.5548752546310425 1131
1616090844802 0.6677922010421753 1132
1616090879519 0.6123411059379578 1133
1616090914041 0.5876765847206116 1134
1616090948449 0.6022480726242065 1135
1616090982777 0.6546828746795654 1136
1616091017296 0.6363736391067505 1137
1616091051666 0.5631285905838013 1138
1616091086478 0.5596828460693359 1139
1616091122536 0.5853254795074463 1140
1616091156873 0.5593774318695068 1141
1616091191116 0.6025211811065674 1142
1616091225496 0.6081887483596802 1143
1616091259788 0.5887943506240845 1144
1616091294204 0.640640139579773 1145
1616091328553 0.6054989695549011 1146
1616091363067 0.6927855014801025 1147
1616091397575 0.5972501039505005 1148
1616091432286 0.5841206312179565 1149
1616091468795 0.6088694334030151 1150
1616091503247 0.5882467031478882 1151
1616091537694 0.5464513897895813 1152
1616091572075 0.548638105392456 1153
1616091606365 0.5674288272857666 1154
1616091640707 0.5747610330581665 1155
1616091675243 0.658136248588562 1156
1616091709671 0.6029561758041382 1157
1616091744329 0.6195024251937866 1158
1616091778677 0.5298337936401367 1159
1616091814570 0.5706639289855957 1160
1616091848891 0.5956175327301025 1161
1616091883326 0.6960513591766357 1162
1616091917538 0.6201196312904358 1163
1616091951811 0.61683189868927 1164
1616091986143 0.5821713209152222 1165
1616092020607 0.5832889080047607 1166
1616092055304 0.6052940487861633 1167
1616092090017 0.577223539352417 1168
1616092124790 0.6331687569618225 1169
1616092161344 0.6118547916412354 1170
1616092195733 0.578025221824646 1171
1616092230168 0.594101071357727 1172
1616092264475 0.5236034393310547 1173
1616092298910 0.6017635464668274 1174
1616092333226 0.577755331993103 1175
1616092367408 0.6126485466957092 1176
1616092402185 0.64771968126297 1177
1616092436554 0.527466356754303 1178
1616092470815 0.5968523621559143 1179
1616092506655 0.5847398042678833 1180
1616092541034 0.6849480271339417 1181
1616092575392 0.5637891292572021 1182
1616092609902 0.5590651035308838 1183
1616092644601 0.5873632431030273 1184
1616092679178 0.5832229852676392 1185
1616092713748 0.5679572820663452 1186
1616092748373 0.578169584274292 1187
1616092782788 0.5854858160018921 1188
1616092817214 0.6555517315864563 1189
1616092853412 0.57783043384552 1190
1616092888298 0.6043635606765747 1191
1616092922616 0.6725443005561829 1192
1616092956953 0.5569791197776794 1193
1616092991272 0.5988266468048096 1194
1616093025557 0.6051148176193237 1195
1616093059834 0.5811853408813477 1196
1616093094213 0.6293788552284241 1197
1616093128480 0.6071995496749878 1198
1616093162909 0.6049182415008545 1199
1616093199286 0.5678293704986572 1200
1616093223331 0.6475403904914856 0
1616093223342 0.6475403904914856 0
