1616051708203 0.13944658637046814 1
1616051742499 0.1839277744293213 2
1616051776834 0.25074684619903564 3
1616051811128 0.29207924008369446 4
1616051846087 0.2959316670894623 5
1616051880979 0.30495914816856384 6
1616051915782 0.3063567876815796 7
1616051950307 0.31766319274902344 8
1616051984563 0.32624879479408264 9
1616052020992 0.3157790005207062 10
1616052055431 0.34996700286865234 11
1616052089881 0.33022135496139526 12
1616052124254 0.31452232599258423 13
1616052159175 0.3248055875301361 14
1616052193556 0.3273155093193054 15
1616052227824 0.3337686061859131 16
1616052262082 0.35263973474502563 17
1616052296325 0.3597601056098938 18
1616052330582 0.3386839032173157 19
1616052366452 0.3517519235610962 20
1616052400640 0.35078248381614685 21
1616052434846 0.35714083909988403 22
1616052469132 0.3746260404586792 23
1616052503555 0.3731944262981415 24
1616052539010 0.35567569732666016 25
1616052573579 0.3853335976600647 26
1616052607849 0.3665314316749573 27
1616052642118 0.3742120862007141 28
1616052676537 0.3559247851371765 29
1616052713135 0.3580288290977478 30
1616052748422 0.3819746971130371 31
1616052782754 0.36141446232795715 32
1616052816996 0.3816984295845032 33
1616052851345 0.3578000068664551 34
1616052885573 0.38420766592025757 35
1616052919851 0.3847126364707947 36
1616052954113 0.39637434482574463 37
1616052988460 0.3976138234138489 38
1616053023227 0.3849559724330902 39
1616053059718 0.38652729988098145 40
1616053094333 0.3829926550388336 41
1616053128878 0.3625483214855194 42
1616053163293 0.37572944164276123 43
1616053197600 0.3824673295021057 44
1616053231927 0.3781591057777405 45
1616053266228 0.3635439872741699 46
1616053300547 0.389957994222641 47
1616053334993 0.4189930558204651 48
1616053369303 0.4024779200553894 49
1616053406098 0.3969939649105072 50
1616053440445 0.3958698511123657 51
1616053474646 0.35077622532844543 52
1616053508885 0.3677636384963989 53
1616053543068 0.37681517004966736 54
1616053577319 0.3659711480140686 55
1616053611400 0.38045230507850647 56
1616053645681 0.37228816747665405 57
1616053679990 0.37938976287841797 58
1616053714202 0.3943425118923187 59
1616053750210 0.39567387104034424 60
1616053785501 0.38413214683532715 61
1616053820377 0.3818718492984772 62
1616053854774 0.3817196786403656 63
1616053889032 0.356536328792572 64
1616053923354 0.38532155752182007 65
1616053957686 0.4085461497306824 66
1616053991984 0.40375691652297974 67
1616054026302 0.4074900150299072 68
1616054061051 0.38409969210624695 69
1616054097192 0.3893025517463684 70
1616054131491 0.38386353850364685 71
1616054165854 0.3632305860519409 72
1616054200137 0.38196009397506714 73
1616054234414 0.3912642300128937 74
1616054268657 0.39766478538513184 75
1616054303112 0.40758103132247925 76
1616054337730 0.41918957233428955 77
1616054372188 0.4215666949748993 78
1616054406745 0.39816197752952576 79
1616054443411 0.38264065980911255 80
1616054477906 0.3934883773326874 81
1616054512532 0.41906309127807617 82
1616054546891 0.40142151713371277 83
1616054581213 0.4251948595046997 84
1616054615652 0.4140312671661377 85
1616054649863 0.4148799777030945 86
1616054684245 0.42423301935195923 87
1616054718507 0.4307398796081543 88
1616054752859 0.41438835859298706 89
1616054789054 0.40570008754730225 90
1616054824075 0.4194774925708771 91
1616054858952 0.3948867917060852 92
1616054893598 0.4171988368034363 93
1616054928112 0.4313886761665344 94
1616054962660 0.430462509393692 95
1616054996917 0.3984171152114868 96
1616055031203 0.399158775806427 97
1616055065737 0.3785111606121063 98
1616055100134 0.4034886956214905 99
1616055136062 0.40454787015914917 100
1616055170600 0.41767024993896484 101
1616055205080 0.4003642797470093 102
1616055239395 0.4200887978076935 103
1616055273624 0.4322139322757721 104
1616055307906 0.39759334921836853 105
1616055342143 0.377000093460083 106
1616055376471 0.4091055989265442 107
1616055410845 0.4051215648651123 108
1616055445181 0.41882967948913574 109
1616055481145 0.4036847949028015 110
1616055515442 0.4252301752567291 111
1616055549860 0.4188084602355957 112
1616055584729 0.40553781390190125 113
1616055619276 0.39603495597839355 114
1616055653843 0.4105561375617981 115
1616055688456 0.3967355489730835 116
1616055722834 0.4122045636177063 117
1616055757470 0.36603379249572754 118
1616055791843 0.421606183052063 119
1616055828548 0.4094502329826355 120
1616055863073 0.42414796352386475 121
1616055897373 0.41321879625320435 122
1616055932301 0.39060941338539124 123
1616055966572 0.3976399302482605 124
1616056000765 0.41168850660324097 125
1616056035099 0.4248514771461487 126
1616056069372 0.4271184206008911 127
1616056103691 0.4309485852718353 128
1616056137939 0.4200837016105652 129
1616056174001 0.4352402091026306 130
1616056208510 0.4179268777370453 131
1616056242931 0.4207374155521393 132
1616056277403 0.4304211437702179 133
1616056311951 0.4086278975009918 134
1616056346549 0.45497310161590576 135
1616056380891 0.4529750347137451 136
1616056415367 0.4272817373275757 137
1616056449735 0.39871618151664734 138
1616056484138 0.40942978858947754 139
1616056520549 0.4075712561607361 140
1616056554891 0.40491998195648193 141
1616056589205 0.4243611693382263 142
1616056623520 0.4434637427330017 143
1616056658125 0.4227854013442993 144
1616056692440 0.45012062788009644 145
1616056726854 0.43162792921066284 146
1616056761180 0.41204166412353516 147
1616056795476 0.4162295460700989 148
1616056829741 0.4291050434112549 149
1616056865709 0.42628929018974304 150
1616056900027 0.43426311016082764 151
1616056934430 0.4313305616378784 152
1616056968913 0.44203048944473267 153
1616057003505 0.4819726347923279 154
1616057038012 0.4430443048477173 155
1616057072470 0.4498194456100464 156
1616057106902 0.452518105506897 157
1616057141439 0.4397488236427307 158
1616057175974 0.4646187722682953 159
1616057212282 0.45320114493370056 160
1616057246590 0.40062081813812256 161
1616057280902 0.42271238565444946 162
1616057315293 0.43467819690704346 163
1616057349698 0.4529174268245697 164
1616057383992 0.4261065125465393 165
1616057418347 0.41117173433303833 166
1616057452663 0.4429042339324951 167
1616057487480 0.4455234408378601 168
1616057521846 0.47045251727104187 169
1616057557779 0.4395870566368103 170
1616057592033 0.4211292862892151 171
1616057626352 0.4542286992073059 172
1616057660682 0.4381573796272278 173
1616057694883 0.4268202781677246 174
1616057729109 0.4347790479660034 175
1616057763390 0.4291117191314697 176
1616057797766 0.40630775690078735 177
1616057832065 0.42880484461784363 178
1616057866394 0.4189761281013489 179
1616057902504 0.47114354372024536 180
1616057936819 0.44067031145095825 181
1616057971230 0.4258895516395569 182
1616058005652 0.40394115447998047 183
1616058040338 0.44826430082321167 184
1616058075058 0.43862301111221313 185
1616058109598 0.4370834231376648 186
1616058144034 0.41676896810531616 187
1616058178348 0.41837579011917114 188
1616058212776 0.43008285760879517 189
1616058248768 0.42903321981430054 190
1616058283004 0.47584331035614014 191
1616058317336 0.4260863661766052 192
1616058351665 0.4117674231529236 193
1616058385932 0.4130265712738037 194
1616058420288 0.44779932498931885 195
1616058455035 0.40816324949264526 196
1616058489364 0.4379505515098572 197
1616058523718 0.4462045431137085 198
1616058557968 0.44251924753189087 199
1616058593840 0.41901856660842896 200
1616058628073 0.4155823290348053 201
1616058662311 0.4091120660305023 202
1616058696587 0.42741549015045166 203
1616058730947 0.4380112886428833 204
1616058765174 0.4495827257633209 205
1616058799525 0.45522546768188477 206
1616058833865 0.4652590751647949 207
1616058868548 0.4579443335533142 208
1616058903158 0.4659780263900757 209
1616058939336 0.41088640689849854 210
1616058973832 0.44759601354599 211
1616059008400 0.443789541721344 212
1616059042725 0.40267932415008545 213
1616059077129 0.42065876722335815 214
1616059111497 0.4530203938484192 215
1616059145889 0.4236268997192383 216
1616059180735 0.44125309586524963 217
1616059214992 0.43736547231674194 218
1616059249365 0.4401223063468933 219
1616059285153 0.43230322003364563 220
1616059319372 0.4303056597709656 221
1616059353757 0.42693477869033813 222
1616059388137 0.4515165388584137 223
1616059422710 0.4515921473503113 224
1616059457587 0.4250747263431549 225
1616059492031 0.43638181686401367 226
1616059526552 0.4261015057563782 227
1616059560859 0.4477126896381378 228
1616059595231 0.4702262580394745 229
1616059631364 0.4520781338214874 230
1616059666292 0.4728850722312927 231
1616059700760 0.4530329406261444 232
1616059735102 0.4298071563243866 233
1616059769373 0.4454861283302307 234
1616059803665 0.44169020652770996 235
1616059838002 0.4444889724254608 236
1616059872355 0.45199501514434814 237
1616059906845 0.44230806827545166 238
1616059941556 0.47714704275131226 239
1616059977950 0.4441410303115845 240
1616060012409 0.4294990301132202 241
1616060047097 0.4480605125427246 242
1616060081505 0.45419788360595703 243
1616060115833 0.4638958275318146 244
1616060150291 0.45481395721435547 245
1616060184660 0.45325586199760437 246
1616060219050 0.42071080207824707 247
1616060253503 0.4461834132671356 248
1616060287933 0.4377123713493347 249
1616060324135 0.45383787155151367 250
1616060358383 0.4743826985359192 251
1616060392743 0.4416927695274353 252
1616060427103 0.41748160123825073 253
1616060461412 0.44253501296043396 254
1616060496077 0.4594460725784302 255
1616060530332 0.44806885719299316 256
1616060564502 0.48800140619277954 257
1616060598778 0.45719093084335327 258
1616060633060 0.4420432448387146 259
1616060668925 0.437286913394928 260
1616060703190 0.46715641021728516 261
1616060737446 0.47506746649742126 262
1616060771714 0.4518407881259918 263
1616060806084 0.42636430263519287 264
1616060840432 0.45019057393074036 265
1616060875306 0.43801140785217285 266
1616060910076 0.45327889919281006 267
1616060944742 0.43515026569366455 268
1616060979057 0.4592658579349518 269
1616061015281 0.46304434537887573 270
1616061049645 0.4710876941680908 271
1616061083939 0.45284372568130493 272
1616061118354 0.45505422353744507 273
1616061152659 0.45109429955482483 274
1616061187066 0.4477022886276245 275
1616061221680 0.41384056210517883 276
1616061255953 0.48638883233070374 277
1616061290236 0.4453800916671753 278
1616061324485 0.48209500312805176 279
1616061360467 0.47421538829803467 280
1616061394811 0.4575890302658081 281
1616061429082 0.47563594579696655 282
1616061463346 0.44878852367401123 283
1616061497597 0.4615028202533722 284
1616061531923 0.422899067401886 285
1616061566352 0.4674287438392639 286
1616061600777 0.44797736406326294 287
1616061635357 0.435651957988739 288
1616061669922 0.4589186906814575 289
1616061706249 0.4440494477748871 290
1616061740836 0.4643399119377136 291
1616061775252 0.47377809882164 292
1616061809616 0.4728469252586365 293
1616061844065 0.45219340920448303 294
1616061878343 0.4539761543273926 295
1616061912750 0.4478698670864105 296
1616061947071 0.4757440388202667 297
1616061981356 0.46300435066223145 298
1616062015767 0.4764908254146576 299
1616062051930 0.47675037384033203 300
1616062086255 0.4259907603263855 301
1616062120558 0.4565233588218689 302
1616062154759 0.49114856123924255 303
1616062189055 0.4929071068763733 304
1616062223267 0.446471631526947 305
1616062257480 0.4404839873313904 306
1616062291768 0.4652438163757324 307
1616062326086 0.5261774659156799 308
1616062360379 0.5098469257354736 309
1616062396196 0.42778295278549194 310
1616062430502 0.4454764127731323 311
1616062464902 0.4555140733718872 312
1616062499378 0.4564783573150635 313
1616062533887 0.49772125482559204 314
1616062568387 0.4539667069911957 315
1616062602922 0.47592592239379883 316
1616062637535 0.477544903755188 317
1616062671937 0.45777350664138794 318
1616062706488 0.4609071910381317 319
1616062743258 0.4698184132575989 320
1616062777631 0.4649447202682495 321
1616062811913 0.46357250213623047 322
1616062846273 0.43195247650146484 323
1616062881036 0.48465466499328613 324
1616062915653 0.44894278049468994 325
1616062950395 0.47062844038009644 326
1616062985065 0.4698493480682373 327
1616063019622 0.48477885127067566 328
1616063053816 0.49534738063812256 329
1616063089871 0.44364702701568604 330
1616063124257 0.4452739953994751 331
1616063158646 0.4614306092262268 332
1616063192952 0.49112650752067566 333
1616063227331 0.4602210521697998 334
1616063262002 0.46938633918762207 335
1616063296288 0.4695590138435364 336
1616063330598 0.4938507080078125 337
1616063364849 0.451224684715271 338
1616063399090 0.4996357560157776 339
1616063435058 0.4835807681083679 340
1616063469329 0.47588762640953064 341
1616063504067 0.5071762204170227 342
1616063538539 0.4699934720993042 343
1616063573235 0.4719852805137634 344
1616063607936 0.46344542503356934 345
1616063642513 0.4420534074306488 346
1616063677074 0.43416404724121094 347
1616063711427 0.47456902265548706 348
1616063745661 0.4985586702823639 349
1616063782236 0.5107046365737915 350
1616063816601 0.49857011437416077 351
1616063850870 0.5057360529899597 352
1616063885210 0.4890790581703186 353
1616063919504 0.51169753074646 354
1616063953757 0.4958497881889343 355
1616063988139 0.47377848625183105 356
1616064022485 0.48912355303764343 357
1616064056861 0.5192265510559082 358
1616064092285 0.4495575726032257 359
1616064128543 0.47953033447265625 360
1616064163111 0.514862060546875 361
1616064197436 0.5044005513191223 362
1616064231843 0.48509877920150757 363
1616064266247 0.4774123430252075 364
1616064300875 0.48002544045448303 365
1616064335315 0.4681049585342407 366
1616064369737 0.48628175258636475 367
1616064403997 0.5085673332214355 368
1616064438337 0.46458908915519714 369
1616064474348 0.4749297499656677 370
1616064508632 0.5179972648620605 371
1616064542894 0.5135726928710938 372
1616064577186 0.48899877071380615 373
1616064611484 0.48116981983184814 374
1616064645774 0.4834236204624176 375
1616064680222 0.47323739528656006 376
1616064714685 0.4310321807861328 377
1616064749226 0.44186151027679443 378
1616064783658 0.44897353649139404 379
1616064819719 0.4501112997531891 380
1616064854533 0.4703269600868225 381
1616064889089 0.49011003971099854 382
1616064923525 0.4589405655860901 383
1616064957874 0.48749274015426636 384
1616064992170 0.5011537075042725 385
1616065026489 0.49571773409843445 386
1616065060996 0.47069209814071655 387
1616065095259 0.4775170683860779 388
1616065129559 0.4794049859046936 389
1616065165504 0.46963322162628174 390
1616065199738 0.4594757556915283 391
1616065234075 0.46444693207740784 392
1616065268400 0.4910932779312134 393
1616065302717 0.4638897776603699 394
1616065337046 0.5331895351409912 395
1616065371400 0.4850645959377289 396
1616065405741 0.5099512338638306 397
1616065440452 0.5013542771339417 398
1616065475251 0.4843803644180298 399
1616065511594 0.48867589235305786 400
1616065546302 0.48100972175598145 401
1616065580628 0.4878731667995453 402
1616065615046 0.45105984807014465 403
1616065649377 0.5084100961685181 404
1616065683706 0.47744065523147583 405
1616065718010 0.5023884773254395 406
1616065752512 0.45252206921577454 407
1616065786783 0.5074964165687561 408
1616065821135 0.4768487215042114 409
1616065857001 0.4914287328720093 410
1616065891277 0.48832595348358154 411
1616065925599 0.5133365392684937 412
1616065959749 0.5058999061584473 413
1616065994063 0.46738627552986145 414
1616066028296 0.4704132676124573 415
1616066062562 0.49777424335479736 416
1616066097007 0.4726577699184418 417
1616066131370 0.5016518235206604 418
1616066165864 0.4996998608112335 419
1616066201890 0.510044515132904 420
1616066236280 0.5094490051269531 421
1616066270769 0.480496883392334 422
1616066305188 0.46600380539894104 423
1616066339656 0.48792776465415955 424
1616066374101 0.5044159889221191 425
1616066408432 0.47742581367492676 426
1616066442690 0.5026084780693054 427
1616066477164 0.4796147644519806 428
1616066511348 0.44528910517692566 429
1616066547425 0.46218088269233704 430
1616066581861 0.48700273036956787 431
1616066616395 0.48634153604507446 432
1616066650849 0.4674350321292877 433
1616066685107 0.4956051707267761 434
1616066719417 0.4367085099220276 435
1616066753693 0.48293718695640564 436
1616066787951 0.4928089380264282 437
1616066822338 0.49254587292671204 438
1616066856731 0.470319926738739 439
1616066893249 0.528536319732666 440
1616066928006 0.5011247396469116 441
1616066962392 0.46934330463409424 442
1616066997017 0.4973423480987549 443
1616067031593 0.5244861245155334 444
1616067065902 0.49146461486816406 445
1616067100244 0.4762870669364929 446
1616067134564 0.4669189453125 447
1616067168851 0.48989060521125793 448
1616067203279 0.5108067989349365 449
1616067242071 0.524667501449585 450
1616067276321 0.5028107166290283 451
1616067310698 0.5035566091537476 452
1616067345278 0.4882541298866272 453
1616067379643 0.4839337468147278 454
1616067413869 0.5344363451004028 455
1616067448201 0.4856172204017639 456
1616067482418 0.4669566750526428 457
1616067516787 0.46012794971466064 458
1616067551025 0.49890029430389404 459
1616067587152 0.5146322250366211 460
1616067621430 0.5129347443580627 461
1616067655824 0.5211302042007446 462
1616067690130 0.48822465538978577 463
1616067724411 0.5006431937217712 464
1616067758881 0.5154552459716797 465
1616067793459 0.48748159408569336 466
1616067828031 0.4892543852329254 467
1616067862622 0.4850148558616638 468
1616067897174 0.5003812313079834 469
1616067933288 0.48144978284835815 470
1616067967659 0.4609087407588959 471
1616068001967 0.4915333390235901 472
1616068036399 0.5063657760620117 473
1616068070778 0.49052971601486206 474
1616068105057 0.5062673687934875 475
1616068139402 0.4864131212234497 476
1616068173826 0.48710155487060547 477
1616068208188 0.500557005405426 478
1616068242475 0.5473806262016296 479
1616068278480 0.5209395289421082 480
1616068313318 0.5026922225952148 481
1616068347604 0.5225422382354736 482
1616068381838 0.4955236315727234 483
1616068416052 0.5067486763000488 484
1616068450399 0.49814221262931824 485
1616068484717 0.4800052344799042 486
1616068519002 0.4819953441619873 487
1616068553239 0.4920836389064789 488
1616068587500 0.5386595726013184 489
1616068623545 0.5371546149253845 490
1616068658125 0.502388596534729 491
1616068692769 0.4900217056274414 492
1616068727330 0.557093620300293 493
1616068761798 0.460497111082077 494
1616068796521 0.5026984214782715 495
1616068830991 0.4983791708946228 496
1616068865703 0.5269699096679688 497
1616068900024 0.5114091634750366 498
1616068934402 0.5168182849884033 499
1616068970473 0.5043208003044128 500
1616069004908 0.48207616806030273 501
1616069039216 0.5148564577102661 502
1616069073513 0.5302139520645142 503
1616069107801 0.5249672532081604 504
1616069142144 0.5026662945747375 505
1616069176421 0.5167646408081055 506
1616069211109 0.4834437370300293 507
1616069245421 0.4802900552749634 508
1616069279722 0.5111644268035889 509
1616069315747 0.5003076791763306 510
1616069350025 0.5395704507827759 511
1616069384310 0.5259292721748352 512
1616069418529 0.5358477830886841 513
1616069452873 0.5192856788635254 514
1616069487322 0.4967367947101593 515
1616069522065 0.5242930054664612 516
1616069556606 0.5305038690567017 517
1616069591209 0.5048454999923706 518
1616069625665 0.4870409667491913 519
1616069661936 0.4919000267982483 520
1616069696506 0.4847276508808136 521
1616069731137 0.49979862570762634 522
1616069765607 0.5160897374153137 523
1616069799978 0.5341506004333496 524
1616069834379 0.5074600577354431 525
1616069868724 0.5394002199172974 526
1616069902991 0.5055676698684692 527
1616069937696 0.5070918798446655 528
1616069971996 0.5524284839630127 529
1616070007972 0.5056617856025696 530
1616070042215 0.48889482021331787 531
1616070076475 0.49730736017227173 532
1616070110752 0.5094798803329468 533
1616070145011 0.5088703036308289 534
1616070179347 0.5126913785934448 535
1616070213684 0.5597274303436279 536
1616070248135 0.5023203492164612 537
1616070282882 0.5199771523475647 538
1616070317593 0.5145499110221863 539
1616070354190 0.5682497620582581 540
1616070388682 0.5061638355255127 541
1616070423233 0.4792375862598419 542
1616070457694 0.5111719369888306 543
1616070492167 0.5309178829193115 544
1616070526589 0.519243597984314 545
1616070560911 0.5179245471954346 546
1616070595291 0.5421100854873657 547
1616070630053 0.4954584240913391 548
1616070664396 0.5006555318832397 549
1616070700279 0.5192281007766724 550
1616070734514 0.5233176946640015 551
1616070768814 0.5236797332763672 552
1616070803079 0.5486679673194885 553
1616070837465 0.47624653577804565 554
1616070871805 0.5219210386276245 555
1616070906607 0.5402708053588867 556
1616070941066 0.5097988843917847 557
1616070975553 0.5027117133140564 558
1616071010133 0.4826764464378357 559
1616071046509 0.5415028929710388 560
1616071081026 0.514636218547821 561
1616071115442 0.4784180521965027 562
1616071150199 0.5013035535812378 563
1616071184544 0.5705739259719849 564
1616071218855 0.48044395446777344 565
1616071253231 0.5369053483009338 566
1616071287542 0.5322520732879639 567
1616071321845 0.5377399921417236 568
1616071356562 0.5290567874908447 569
1616071392482 0.5144385099411011 570
1616071426832 0.48703038692474365 571
1616071461109 0.527046263217926 572
1616071495491 0.5236063003540039 573
1616071529925 0.5353163480758667 574
1616071564400 0.5126317143440247 575
1616071599072 0.5154198408126831 576
1616071633717 0.5625194311141968 577
1616071668424 0.5440442562103271 578
1616071702886 0.5219475030899048 579
1616071739035 0.5301870703697205 580
1616071773621 0.5658026933670044 581
1616071808066 0.5081068277359009 582
1616071842470 0.5222365856170654 583
1616071877243 0.5135611295700073 584
1616071911510 0.5188412666320801 585
1616071945733 0.5298829674720764 586
1616071980061 0.5595680475234985 587
1616072014388 0.5408409833908081 588
1616072048697 0.5176535844802856 589
1616072084686 0.5391510725021362 590
1616072118968 0.5331451296806335 591
1616072153322 0.5257102251052856 592
1616072187649 0.5132626295089722 593
1616072222128 0.523669958114624 594
1616072256569 0.5290999412536621 595
1616072291030 0.5364376306533813 596
1616072325603 0.5433374643325806 597
1616072360128 0.5247180461883545 598
1616072394808 0.5103573799133301 599
1616072431004 0.505555272102356 600
1616072465624 0.5703107118606567 601
1616072500265 0.5210144519805908 602
1616072534555 0.47758594155311584 603
1616072568870 0.5100089311599731 604
1616072603165 0.5086939334869385 605
1616072637510 0.5415130257606506 606
1616072671797 0.526600182056427 607
1616072706034 0.5474416017532349 608
1616072740301 0.527337908744812 609
1616072776223 0.534469485282898 610
1616072810543 0.4812695384025574 611
1616072845008 0.5248405933380127 612
1616072879429 0.5114072561264038 613
1616072913843 0.5305737257003784 614
1616072948486 0.5161624550819397 615
1616072982975 0.5252008438110352 616
1616073017547 0.5010254979133606 617
1616073052071 0.5528841018676758 618
1616073086662 0.50337153673172 619
1616073122758 0.5179475545883179 620
1616073156984 0.5397933721542358 621
1616073191264 0.4803333878517151 622
1616073225604 0.5084571242332458 623
1616073259996 0.5382133722305298 624
1616073294461 0.5517382621765137 625
1616073329219 0.5539767742156982 626
1616073363547 0.5326021313667297 627
1616073397918 0.5286018252372742 628
1616073432123 0.5103836059570312 629
1616073468046 0.5256308317184448 630
1616073502416 0.570130467414856 631
1616073536718 0.4971073865890503 632
1616073570941 0.5519710183143616 633
1616073605159 0.5330594182014465 634
1616073639362 0.48713770508766174 635
1616073673647 0.49962684512138367 636
1616073707967 0.5485239028930664 637
1616073742372 0.526959240436554 638
1616073776675 0.5494700074195862 639
1616073812795 0.5228143334388733 640
1616073847378 0.5246045589447021 641
1616073881898 0.5178869366645813 642
1616073916450 0.5522313117980957 643
1616073950944 0.5354304313659668 644
1616073985414 0.533892035484314 645
1616074019790 0.554212212562561 646
1616074054310 0.5388333797454834 647
1616074088739 0.5154337286949158 648
1616074123173 0.5359468460083008 649
1616074159106 0.5641242265701294 650
1616074193461 0.5235176086425781 651
1616074227908 0.5395933389663696 652
1616074262208 0.5325026512145996 653
1616074296591 0.5563446283340454 654
1616074330853 0.5538704991340637 655
1616074365221 0.543708324432373 656
1616074399889 0.5399113893508911 657
1616074434175 0.5002241134643555 658
1616074468474 0.5210060477256775 659
1616074504434 0.527186393737793 660
1616074538652 0.5505938529968262 661
1616074572894 0.5057763457298279 662
1616074607157 0.5152051448822021 663
1616074641412 0.5292327404022217 664
1616074675635 0.5616804361343384 665
1616074710021 0.530742883682251 666
1616074744350 0.5480188131332397 667
1616074778600 0.5300246477127075 668
1616074812937 0.5396517515182495 669
1616074848934 0.5442628860473633 670
1616074883312 0.5248053073883057 671
1616074917822 0.4919303059577942 672
1616074952596 0.4844757914543152 673
1616074987070 0.5307590961456299 674
1616075021490 0.49657076597213745 675
1616075055897 0.5405527949333191 676
1616075090323 0.5340123176574707 677
1616075124760 0.5337605476379395 678
1616075159167 0.531316876411438 679
1616075195303 0.5542168617248535 680
1616075229600 0.5299545526504517 681
1616075263928 0.5671247839927673 682
1616075298318 0.5522269010543823 683
1616075332732 0.5156847834587097 684
1616075367147 0.5449722409248352 685
1616075401365 0.5599557161331177 686
1616075435958 0.5908412337303162 687
1616075470701 0.5120556354522705 688
1616075504913 0.48883056640625 689
1616075540737 0.5278624892234802 690
1616075575114 0.5471013784408569 691
1616075609415 0.5854040384292603 692
1616075643613 0.5565836429595947 693
1616075677947 0.5393599271774292 694
1616075712259 0.5426494479179382 695
1616075746634 0.544933557510376 696
1616075780928 0.5581886768341064 697
1616075815284 0.5385788083076477 698
1616075849559 0.5541088581085205 699
1616075885853 0.550237774848938 700
1616075920333 0.533727765083313 701
1616075954879 0.5525084733963013 702
1616075989540 0.5651416778564453 703
1616076023979 0.5407490730285645 704
1616076058567 0.5291513204574585 705
1616076092966 0.5331027507781982 706
1616076127381 0.5387380719184875 707
1616076161760 0.551215648651123 708
1616076196135 0.5332085490226746 709
1616076232333 0.5449845790863037 710
1616076266605 0.5589603781700134 711
1616076300925 0.5351218581199646 712
1616076335320 0.5492947101593018 713
1616076369670 0.546909749507904 714
1616076403968 0.5486113429069519 715
1616076438319 0.5115296840667725 716
1616076472671 0.5722842216491699 717
1616076507723 0.5830164551734924 718
1616076542057 0.5524082779884338 719
1616076578057 0.5551127195358276 720
1616076612427 0.5328899621963501 721
1616076646626 0.5122935175895691 722
1616076680881 0.5372529029846191 723
1616076715228 0.5451411008834839 724
1616076749478 0.5168504118919373 725
1616076783698 0.5775659084320068 726
1616076817977 0.6085999011993408 727
1616076852350 0.5271514058113098 728
1616076886777 0.5807604789733887 729
1616076923002 0.5926889181137085 730
1616076957491 0.5603035688400269 731
1616076992057 0.5399206876754761 732
1616077026926 0.5651718378067017 733
1616077061463 0.5267084240913391 734
1616077095869 0.5400080680847168 735
1616077130242 0.5480736494064331 736
1616077164605 0.5744652152061462 737
1616077199042 0.5485950112342834 738
1616077233315 0.5633962154388428 739
1616077270303 0.5105878710746765 740
1616077304698 0.5297163724899292 741
1616077339048 0.5664733648300171 742
1616077373343 0.5658206939697266 743
1616077407701 0.5970925092697144 744
1616077441987 0.5251668691635132 745
1616077476234 0.5577877759933472 746
1616077510620 0.5422013998031616 747
1616077545341 0.5287883281707764 748
1616077580341 0.5221954584121704 749
1616077616940 0.5706902146339417 750
1616077651370 0.5110042095184326 751
1616077685755 0.5370731353759766 752
1616077720200 0.5283246040344238 753
1616077754964 0.5427954196929932 754
1616077789434 0.549190104007721 755
1616077823657 0.5601010322570801 756
1616077857869 0.5475837588310242 757
1616077892248 0.5393126606941223 758
1616077926554 0.5792953968048096 759
1616077962495 0.5378690958023071 760
1616077996792 0.5255031585693359 761
1616078031095 0.5260615348815918 762
1616078065505 0.5398916006088257 763
1616078099963 0.5512599349021912 764
1616078134602 0.5317225456237793 765
1616078169074 0.5465818643569946 766
1616078203681 0.5538390874862671 767
1616078238241 0.5314775705337524 768
1616078272663 0.5710247755050659 769
1616078308836 0.5466431379318237 770
1616078343214 0.5137472748756409 771
1616078377591 0.5373365879058838 772
1616078412097 0.5651779174804688 773
1616078446441 0.54891037940979 774
1616078481029 0.512226939201355 775
1616078515478 0.5670512914657593 776
1616078549808 0.5559097528457642 777
1616078583971 0.5393816232681274 778
1616078618241 0.5273458957672119 779
1616078654133 0.5581899881362915 780
1616078688369 0.497780442237854 781
1616078722672 0.5698269605636597 782
1616078756930 0.5826301574707031 783
1616078791326 0.5625858306884766 784
1616078825749 0.5724427700042725 785
1616078860643 0.5305379629135132 786
1616078895124 0.5411051511764526 787
1616078929634 0.5766994953155518 788
1616078964090 0.5359979867935181 789
1616079000184 0.5347553491592407 790
1616079034656 0.5209710597991943 791
1616079069083 0.5647344589233398 792
1616079103426 0.5211082696914673 793
1616079138132 0.5745757222175598 794
1616079172450 0.5530123710632324 795
1616079206790 0.542881965637207 796
1616079241051 0.5604885816574097 797
1616079275398 0.5227702856063843 798
1616079309776 0.5909514427185059 799
1616079345639 0.5337368249893188 800
1616079379987 0.5071898102760315 801
1616079414224 0.5483138561248779 802
1616079448483 0.555888295173645 803
1616079482742 0.5538688898086548 804
1616079517060 0.5322999954223633 805
1616079551493 0.5498966574668884 806
1616079586131 0.5420782566070557 807
1616079620895 0.5365031957626343 808
1616079655938 0.5229920148849487 809
1616079692088 0.5447808504104614 810
1616079726509 0.5144094228744507 811
1616079760919 0.5499377250671387 812
1616079795498 0.580940842628479 813
1616079829905 0.5820201635360718 814
1616079864523 0.5511364936828613 815
1616079898829 0.5253713130950928 816
1616079933214 0.5926895141601562 817
1616079967530 0.5244185924530029 818
1616080001776 0.5313839316368103 819
1616080037613 0.5046385526657104 820
1616080071953 0.5550681352615356 821
1616080106355 0.5387171506881714 822
1616080140621 0.5493847131729126 823
1616080175115 0.5726900100708008 824
1616080210084 0.524631917476654 825
1616080244891 0.5353485345840454 826
1616080279364 0.5352599620819092 827
1616080313783 0.5684391260147095 828
1616080348250 0.5489974617958069 829
1616080384540 0.5535526275634766 830
1616080419074 0.5436181426048279 831
1616080453589 0.5590460300445557 832
1616080487980 0.5796874165534973 833
1616080522398 0.5441409349441528 834
1616080557018 0.535370945930481 835
1616080591284 0.5675747394561768 836
1616080625546 0.4985021948814392 837
1616080659810 0.550035834312439 838
1616080694172 0.5590400099754333 839
1616080730127 0.562287449836731 840
1616080764410 0.5263946056365967 841
1616080801285 0.5687034130096436 842
1616080835866 0.5807052850723267 843
1616080870801 0.563559889793396 844
1616080905565 0.5456184148788452 845
1616080940442 0.5676432847976685 846
1616080975041 0.5696015357971191 847
1616081009546 0.5226081013679504 848
1616081043829 0.5097816586494446 849
1616081079827 0.5390244722366333 850
1616081114798 0.5878424644470215 851
1616081149099 0.6028549671173096 852
1616081183307 0.5219987630844116 853
1616081217682 0.5366957187652588 854
1616081251981 0.5413792133331299 855
1616081286288 0.5577374696731567 856
1616081320516 0.5216257572174072 857
1616081354813 0.5553673505783081 858
1616081389537 0.5645657777786255 859
1616081425499 0.5762742757797241 860
1616081459773 0.515619158744812 861
1616081494259 0.5491175651550293 862
1616081528824 0.5316108465194702 863
1616081563414 0.506931483745575 864
1616081597968 0.5435463786125183 865
1616081632416 0.5275334715843201 866
1616081666905 0.5743144154548645 867
1616081701495 0.5260082483291626 868
1616081735992 0.535286545753479 869
1616081772445 0.5776115655899048 870
1616081806826 0.5442280173301697 871
1616081841161 0.5696436762809753 872
1616081875539 0.5271654725074768 873
1616081909940 0.5620948076248169 874
1616081944350 0.5526313781738281 875
1616081978664 0.5799560546875 876
1616082012973 0.5403633117675781 877
1616082047629 0.4990413188934326 878
1616082082033 0.5809355974197388 879
1616082117947 0.5662865042686462 880
1616082152357 0.540847897529602 881
1616082186703 0.5498622059822083 882
1616082221020 0.5175639390945435 883
1616082255307 0.558895468711853 884
1616082289536 0.5370500087738037 885
1616082324048 0.5135537981987 886
1616082359070 0.5908468961715698 887
1616082393526 0.5500333309173584 888
1616082428082 0.5045056343078613 889
1616082464552 0.5467509031295776 890
1616082499009 0.5918883085250854 891
1616082533498 0.5465034246444702 892
1616082568118 0.5584849119186401 893
1616082602399 0.5567492246627808 894
1616082637265 0.6134395599365234 895
1616082671579 0.5142099261283875 896
1616082705883 0.5198037028312683 897
1616082740161 0.5553961396217346 898
1616082774510 0.49499669671058655 899
1616082810271 0.5896645188331604 900
1616082844638 0.550408124923706 901
1616082878995 0.5668481588363647 902
1616082913382 0.5570460557937622 903
1616082947664 0.560520350933075 904
1616082982530 0.5443925261497498 905
1616083017284 0.5424908399581909 906
1616083052098 0.5275413393974304 907
1616083086838 0.5306503772735596 908
1616083121632 0.5362982749938965 909
1616083158124 0.5661689043045044 910
1616083192547 0.5704014301300049 911
1616083226965 0.5167970657348633 912
1616083261338 0.5494634509086609 913
1616083295792 0.5791096687316895 914
1616083330134 0.4992997646331787 915
1616083365044 0.5736556053161621 916
1616083399369 0.493668794631958 917
1616083433644 0.5545749664306641 918
1616083467988 0.5463244915008545 919
1616083503976 0.5519925355911255 920
1616083538362 0.5408329963684082 921
1616083572780 0.5478119850158691 922
1616083607194 0.5624751448631287 923
1616083641661 0.584296703338623 924
1616083676286 0.5394355058670044 925
1616083711448 0.5841252207756042 926
1616083746267 0.5681616067886353 927
1616083780729 0.5477344393730164 928
1616083815020 0.5575541853904724 929
1616083851538 0.5029162764549255 930
1616083885885 0.5524777770042419 931
1616083920933 0.5589341521263123 932
1616083955191 0.5561918616294861 933
1616083989530 0.5139195919036865 934
1616084023843 0.5351401567459106 935
1616084058189 0.5146721005439758 936
1616084092513 0.508880615234375 937
1616084126732 0.5427390336990356 938
1616084161443 0.5511636137962341 939
1616084197969 0.55550217628479 940
1616084232850 0.5223868489265442 941
1616084267357 0.5366319417953491 942
1616084301760 0.5194841027259827 943
1616084336399 0.5792644619941711 944
1616084371394 0.5617496967315674 945
1616084405801 0.590697169303894 946
1616084440110 0.48446428775787354 947
1616084474467 0.575130820274353 948
1616084508755 0.5861687660217285 949
1616084544801 0.54726243019104 950
1616084579059 0.5485531091690063 951
1616084613362 0.5947416424751282 952
1616084647670 0.5638160705566406 953
1616084681972 0.5684847831726074 954
1616084716300 0.5186079144477844 955
1616084750782 0.5656204223632812 956
1616084785345 0.5474231243133545 957
1616084819901 0.5724621415138245 958
1616084854447 0.556960940361023 959
1616084890966 0.507611870765686 960
1616084925319 0.5482429265975952 961
1616084959860 0.5624628067016602 962
1616084994140 0.5497449040412903 963
1616085028436 0.556411862373352 964
1616085062753 0.5960263609886169 965
1616085097684 0.5251398682594299 966
1616085131990 0.5590016841888428 967
1616085166387 0.5978951454162598 968
1616085200708 0.5495185852050781 969
1616085236691 0.540101170539856 970
1616085270998 0.5786510705947876 971
1616085305249 0.5487743020057678 972
1616085339514 0.5413112640380859 973
1616085373911 0.5485076904296875 974
1616085408210 0.5264055728912354 975
1616085442631 0.5649150609970093 976
1616085477293 0.5670528411865234 977
1616085511866 0.5044436454772949 978
1616085546577 0.5622305274009705 979
1616085582921 0.5002257227897644 980
1616085617386 0.541310727596283 981
1616085651877 0.5384073257446289 982
1616085686393 0.5474463105201721 983
1616085720684 0.6044633388519287 984
1616085755673 0.5727452039718628 985
1616085789919 0.5762159824371338 986
1616085824184 0.547433614730835 987
1616085858504 0.5668017864227295 988
1616085892855 0.566338062286377 989
1616085928901 0.5334858894348145 990
1616085963288 0.5456582903862 991
1616085997634 0.5846389532089233 992
1616086032191 0.5383032560348511 993
1616086066871 0.5896965265274048 994
1616086101349 0.5857205986976624 995
1616086135928 0.571064829826355 996
1616086170421 0.6020651459693909 997
1616086205605 0.5538171529769897 998
1616086240067 0.526373028755188 999
1616086276431 0.5865401029586792 1000
1616086310721 0.5762701034545898 1001
1616086345035 0.5830541253089905 1002
1616086379531 0.5608444213867188 1003
1616086414386 0.5486286282539368 1004
1616086448648 0.5472284555435181 1005
1616086482899 0.5400018692016602 1006
1616086517190 0.5519185066223145 1007
1616086551544 0.5499464273452759 1008
1616086585824 0.522853434085846 1009
1616086621838 0.5183395147323608 1010
1616086656110 0.5787773132324219 1011
1616086690377 0.548774003982544 1012
1616086724720 0.5261601805686951 1013
1616086759114 0.5651312470436096 1014
1616086794020 0.5493559241294861 1015
1616086830435 0.5640223026275635 1016
1616086865333 0.5369076132774353 1017
1616086899871 0.5715488195419312 1018
1616086934249 0.5753412246704102 1019
1616086970260 0.567378044128418 1020
1616087004564 0.5390915274620056 1021
1616087038869 0.5044398307800293 1022
1616087073811 0.5759820938110352 1023
1616087108250 0.5455726981163025 1024
1616087142566 0.5120707154273987 1025
1616087176830 0.5833024978637695 1026
1616087211164 0.5428007245063782 1027
1616087245593 0.5517776608467102 1028
1616087279897 0.5837698578834534 1029
1616087316207 0.5378977656364441 1030
1616087350881 0.5322778224945068 1031
1616087385640 0.5540399551391602 1032
1616087420342 0.5712461471557617 1033
1616087454855 0.5763571262359619 1034
1616087489171 0.5620452165603638 1035
1616087523641 0.5660018920898438 1036
1616087557933 0.5794196128845215 1037
1616087592415 0.5458323955535889 1038
1616087626699 0.5448246002197266 1039
1616087663197 0.5354067087173462 1040
1616087697614 0.5886658430099487 1041
1616087731896 0.5566751956939697 1042
1616087766254 0.5515521764755249 1043
1616087800495 0.5374647378921509 1044
1616087834675 0.5915225148200989 1045
1616087868971 0.5395900011062622 1046
1616087903241 0.5280262231826782 1047
1616087937634 0.5616019368171692 1048
1616087972299 0.5488017797470093 1049
1616088008606 0.5743100643157959 1050
1616088043054 0.5400451421737671 1051
1616088077557 0.5158278942108154 1052
1616088112420 0.5580337047576904 1053
1616088147006 0.5540512800216675 1054
1616088181409 0.5386203527450562 1055
1616088215730 0.5860767364501953 1056
1616088250105 0.5805824995040894 1057
1616088284433 0.5016154050827026 1058
1616088318692 0.49431443214416504 1059
1616088354656 0.5470399856567383 1060
1616088389369 0.5562785863876343 1061
1616088423635 0.5263190269470215 1062
1616088457876 0.5251470804214478 1063
1616088492091 0.5030937790870667 1064
1616088526411 0.5283628702163696 1065
1616088560698 0.5686080455780029 1066
1616088595002 0.5263711214065552 1067
1616088629311 0.5329819917678833 1068
1616088663608 0.5738196969032288 1069
1616088699890 0.5253986120223999 1070
1616088734495 0.5559865832328796 1071
1616088769060 0.5013889670372009 1072
1616088803701 0.5294244289398193 1073
1616088838135 0.5339640974998474 1074
1616088872687 0.5754702091217041 1075
1616088907172 0.5522986650466919 1076
1616088941596 0.5356204509735107 1077
1616088975976 0.5597567558288574 1078
1616089010361 0.555091381072998 1079
1616089046430 0.5330367088317871 1080
1616089080863 0.520037055015564 1081
1616089115244 0.5158388614654541 1082
1616089149607 0.5008265972137451 1083
1616089183896 0.5297027230262756 1084
1616089218236 0.526922345161438 1085
1616089252579 0.5614049434661865 1086
1616089287281 0.5681072473526001 1087
1616089321937 0.5541685819625854 1088
1616089356817 0.5475217700004578 1089
1616089393150 0.5543454885482788 1090
1616089427627 0.5658667087554932 1091
1616089461946 0.5435621738433838 1092
1616089496305 0.5541046857833862 1093
1616089530953 0.5194679498672485 1094
1616089565306 0.5668375492095947 1095
1616089599625 0.5768579244613647 1096
1616089633935 0.5256860256195068 1097
1616089668172 0.5483254194259644 1098
1616089702473 0.5817945003509521 1099
1616089738279 0.5758107900619507 1100
1616089772585 0.5695015788078308 1101
1616089807058 0.5361801385879517 1102
1616089841396 0.5795291066169739 1103
1616089875781 0.5644996166229248 1104
1616089910372 0.5233246088027954 1105
1616089944823 0.5729866027832031 1106
1616089979260 0.5327253341674805 1107
1616090013604 0.5669393539428711 1108
1616090047947 0.5836677551269531 1109
1616090084158 0.6061104536056519 1110
1616090118698 0.5377219915390015 1111
1616090153289 0.5282623767852783 1112
1616090187615 0.5376033186912537 1113
1616090221803 0.5767114162445068 1114
1616090256234 0.5497509241104126 1115
1616090290510 0.5917925238609314 1116
1616090324823 0.5710092782974243 1117
1616090359095 0.5673438310623169 1118
1616090393424 0.5179165005683899 1119
1616090430030 0.5620546340942383 1120
1616090464411 0.5536350011825562 1121
1616090498715 0.5415371656417847 1122
1616090533042 0.5506311655044556 1123
1616090567470 0.5516965389251709 1124
1616090601809 0.5628008842468262 1125
1616090636158 0.5634979605674744 1126
1616090670445 0.5789517164230347 1127
1616090704747 0.5641893744468689 1128
1616090739264 0.5673263072967529 1129
1616090775844 0.5863060355186462 1130
1616090810420 0.5263484716415405 1131
1616090844802 0.593130886554718 1132
1616090879519 0.5675541162490845 1133
1616090914041 0.5498210787773132 1134
1616090948449 0.549912691116333 1135
1616090982777 0.5948875546455383 1136
1616091017296 0.5665127038955688 1137
1616091051666 0.5422894954681396 1138
1616091086478 0.5393529534339905 1139
1616091122536 0.5443537831306458 1140
1616091156873 0.5198910236358643 1141
1616091191116 0.5479778051376343 1142
1616091225496 0.5681847333908081 1143
1616091259788 0.5430291891098022 1144
1616091294204 0.5794391632080078 1145
1616091328553 0.5442687273025513 1146
1616091363067 0.6018626689910889 1147
1616091397575 0.5688450336456299 1148
1616091432286 0.5532504320144653 1149
1616091468795 0.5542811751365662 1150
1616091503247 0.5550380945205688 1151
1616091537694 0.5459549427032471 1152
1616091572075 0.5315226316452026 1153
1616091606365 0.5326106548309326 1154
1616091640707 0.5392920970916748 1155
1616091675243 0.5820380449295044 1156
1616091709671 0.5519500374794006 1157
1616091744329 0.5673357248306274 1158
1616091778677 0.5098859071731567 1159
1616091814570 0.5348720550537109 1160
1616091848891 0.5479569435119629 1161
1616091883326 0.6057706475257874 1162
1616091917538 0.5706173181533813 1163
1616091951811 0.5599938631057739 1164
1616091986143 0.5247628688812256 1165
1616092020607 0.5552219152450562 1166
1616092055304 0.5526017546653748 1167
1616092090017 0.5321860313415527 1168
1616092124790 0.553817868232727 1169
1616092161344 0.5632343292236328 1170
1616092195733 0.5656747817993164 1171
1616092230168 0.5490350723266602 1172
1616092264475 0.5199858546257019 1173
1616092298910 0.5629411339759827 1174
1616092333226 0.5373449325561523 1175
1616092367408 0.5787951946258545 1176
1616092402185 0.5874309539794922 1177
1616092436554 0.5226105451583862 1178
1616092470815 0.5501388311386108 1179
1616092506655 0.5408653616905212 1180
1616092541034 0.5993926525115967 1181
1616092575392 0.5309116840362549 1182
1616092609902 0.549599289894104 1183
1616092644601 0.5533468723297119 1184
1616092679178 0.552695631980896 1185
1616092713748 0.5430883765220642 1186
1616092748373 0.5496523380279541 1187
1616092782788 0.5451431274414062 1188
1616092817214 0.595422625541687 1189
1616092853412 0.559087872505188 1190
1616092888298 0.5574997663497925 1191
1616092922616 0.5910834074020386 1192
1616092956953 0.529158353805542 1193
1616092991272 0.5375621914863586 1194
1616093025557 0.5509834289550781 1195
1616093059834 0.5510013699531555 1196
1616093094213 0.5491566061973572 1197
1616093128480 0.5597646236419678 1198
1616093162909 0.5672647953033447 1199
1616093199286 0.532791256904602 1200
1616093223329 0.5777917504310608 0
1616093223341 0.5777917504310608 0
