1616051708203 0.04158277064561844 1
1616051742499 0.03516824170947075 2
1616051776834 0.032562483102083206 3
1616051811128 0.03095666691660881 4
1616051846087 0.029554877430200577 5
1616051880979 0.029446542263031006 6
1616051915782 0.028714759275317192 7
1616051950307 0.02641705423593521 8
1616051984563 0.026990443468093872 9
1616052020992 0.026593659073114395 10
1616052055431 0.025426402688026428 11
1616052089881 0.025405695661902428 12
1616052124254 0.025842741131782532 13
1616052159175 0.024725861847400665 14
1616052193556 0.02408348210155964 15
1616052227824 0.023639094084501266 16
1616052262082 0.022265031933784485 17
1616052296325 0.02372179925441742 18
1616052330582 0.023803362622857094 19
1616052366452 0.02355874702334404 20
1616052400640 0.02253948524594307 21
1616052434846 0.02475670725107193 22
1616052469132 0.0222478024661541 23
1616052503555 0.020722826942801476 24
1616052539010 0.022471778094768524 25
1616052573579 0.02174307219684124 26
1616052607849 0.0216296948492527 27
1616052642118 0.022211045026779175 28
1616052676537 0.021862786263227463 29
1616052713135 0.02274191379547119 30
1616052748422 0.019715622067451477 31
1616052782754 0.02227122150361538 32
1616052816996 0.020746581256389618 33
1616052851345 0.024706324562430382 34
1616052885573 0.020288769155740738 35
1616052919851 0.02119418978691101 36
1616052954113 0.020172201097011566 37
1616052988460 0.018995601683855057 38
1616053023227 0.020657561719417572 39
1616053059718 0.02047071047127247 40
1616053094333 0.02048414573073387 41
1616053128878 0.02223672717809677 42
1616053163293 0.021637432277202606 43
1616053197600 0.02335602417588234 44
1616053231927 0.021194789558649063 45
1616053266228 0.020806320011615753 46
1616053300547 0.01904531568288803 47
1616053334993 0.01923965848982334 48
1616053369303 0.01959635317325592 49
1616053406098 0.019267285242676735 50
1616053440445 0.019542381167411804 51
1616053474646 0.02233497053384781 52
1616053508885 0.020154505968093872 53
1616053543068 0.0205338466912508 54
1616053577319 0.02387191727757454 55
1616053611400 0.02027646265923977 56
1616053645681 0.019972629845142365 57
1616053679990 0.01935044303536415 58
1616053714202 0.01980476826429367 59
1616053750210 0.01860581338405609 60
1616053785501 0.01992126926779747 61
1616053820377 0.0196162611246109 62
1616053854774 0.02000225894153118 63
1616053889032 0.02054893970489502 64
1616053923354 0.018693476915359497 65
1616053957686 0.01843922585248947 66
1616053991984 0.018601398915052414 67
1616054026302 0.01860469952225685 68
1616054061051 0.0192131195217371 69
1616054097192 0.019599605351686478 70
1616054131491 0.019720660522580147 71
1616054165854 0.02071187272667885 72
1616054200137 0.01885002851486206 73
1616054234414 0.01877540349960327 74
1616054268657 0.018971718847751617 75
1616054303112 0.017927678301930428 76
1616054337730 0.01798206940293312 77
1616054372188 0.01749977096915245 78
1616054406745 0.01857719197869301 79
1616054443411 0.019432105123996735 80
1616054477906 0.018224086612462997 81
1616054512532 0.01784110814332962 82
1616054546891 0.018757011741399765 83
1616054581213 0.016488853842020035 84
1616054615652 0.017536239698529243 85
1616054649863 0.016825618222355843 86
1616054684245 0.016944866627454758 87
1616054718507 0.016572296619415283 88
1616054752859 0.0175212100148201 89
1616054789054 0.019261661916971207 90
1616054824075 0.018792791292071342 91
1616054858952 0.019264349713921547 92
1616054893598 0.017277248203754425 93
1616054928112 0.01644139178097248 94
1616054962660 0.01741887256503105 95
1616054996917 0.020824875682592392 96
1616055031203 0.018538083881139755 97
1616055065737 0.022044308483600616 98
1616055100134 0.019050084054470062 99
1616055136062 0.020078020170331 100
1616055170600 0.01857021450996399 101
1616055205080 0.018812604248523712 102
1616055239395 0.017702806740999222 103
1616055273624 0.01739652454853058 104
1616055307906 0.019002841785550117 105
1616055342143 0.01829003170132637 106
1616055376471 0.018086960539221764 107
1616055410845 0.01755218207836151 108
1616055445181 0.01709245704114437 109
1616055481145 0.018391110002994537 110
1616055515442 0.016522129997611046 111
1616055549860 0.017258573323488235 112
1616055584729 0.01871728152036667 113
1616055619276 0.018023833632469177 114
1616055653843 0.01699940115213394 115
1616055688456 0.019209563732147217 116
1616055722834 0.01848175749182701 117
1616055757470 0.020485874265432358 118
1616055791843 0.0170123353600502 119
1616055828548 0.017876392230391502 120
1616055863073 0.016844723373651505 121
1616055897373 0.016486722975969315 122
1616055932301 0.01942005753517151 123
1616055966572 0.01897476427257061 124
1616056000765 0.016703501343727112 125
1616056035099 0.017073551192879677 126
1616056069372 0.017037369310855865 127
1616056103691 0.016518278047442436 128
1616056137939 0.01753176376223564 129
1616056174001 0.01612049899995327 130
1616056208510 0.018154848366975784 131
1616056242931 0.017256079241633415 132
1616056277403 0.01723289117217064 133
1616056311951 0.017314225435256958 134
1616056346549 0.015734780579805374 135
1616056380891 0.014835493639111519 136
1616056415367 0.017009075731039047 137
1616056449735 0.01823212206363678 138
1616056484138 0.016606774181127548 139
1616056520549 0.01810254156589508 140
1616056554891 0.017995715141296387 141
1616056589205 0.017585810273885727 142
1616056623520 0.01593777723610401 143
1616056658125 0.015886833891272545 144
1616056692440 0.015570756047964096 145
1616056726854 0.016274344176054 146
1616056761180 0.018096262589097023 147
1616056795476 0.01635255664587021 148
1616056829741 0.016122929751873016 149
1616056865709 0.016884934157133102 150
1616056900027 0.015903698280453682 151
1616056934430 0.01606442965567112 152
1616056968913 0.01517712976783514 153
1616057003505 0.013434376567602158 154
1616057038012 0.015688899904489517 155
1616057072470 0.01517099142074585 156
1616057106902 0.014949114061892033 157
1616057141439 0.014872189611196518 158
1616057175974 0.014574549160897732 159
1616057212282 0.015306208282709122 160
1616057246590 0.018826739862561226 161
1616057280902 0.015863236039876938 162
1616057315293 0.015352589078247547 163
1616057349698 0.015388648957014084 164
1616057383992 0.016541244462132454 165
1616057418347 0.01647735945880413 166
1616057452663 0.01495656929910183 167
1616057487480 0.015125549398362637 168
1616057521846 0.014566995203495026 169
1616057557779 0.015281574800610542 170
1616057592033 0.017811831086874008 171
1616057626352 0.01522134430706501 172
1616057660682 0.015601354651153088 173
1616057694883 0.01719801127910614 174
1616057729109 0.015686044469475746 175
1616057763390 0.01682509481906891 176
1616057797766 0.01826600730419159 177
1616057832065 0.015786875039339066 178
1616057866394 0.016122734174132347 179
1616057902504 0.01409926638007164 180
1616057936819 0.01606854796409607 181
1616057971230 0.016088102012872696 182
1616058005652 0.01780182495713234 183
1616058040338 0.014582542702555656 184
1616058075058 0.016161972656846046 185
1616058109598 0.015784915536642075 186
1616058144034 0.016336508095264435 187
1616058178348 0.019486235454678535 188
1616058212776 0.015258856117725372 189
1616058248768 0.01598506234586239 190
1616058283004 0.013361683115363121 191
1616058317336 0.01696847379207611 192
1616058351665 0.020298317074775696 193
1616058385932 0.016775408759713173 194
1616058420288 0.015106230974197388 195
1616058455035 0.01703188382089138 196
1616058489364 0.01579073816537857 197
1616058523718 0.016471071168780327 198
1616058557968 0.01556357555091381 199
1616058593840 0.017202159389853477 200
1616058628073 0.016785135492682457 201
1616058662311 0.016759734600782394 202
1616058696587 0.016739804297685623 203
1616058730947 0.015947118401527405 204
1616058765174 0.014449970796704292 205
1616058799525 0.015256487764418125 206
1616058833865 0.014705667272210121 207
1616058868548 0.015988148748874664 208
1616058903158 0.0146121084690094 209
1616058939336 0.017506282776594162 210
1616058973832 0.014921585097908974 211
1616059008400 0.015386728569865227 212
1616059042725 0.018180042505264282 213
1616059077129 0.015101725235581398 214
1616059111497 0.014445669949054718 215
1616059145889 0.01732032001018524 216
1616059180735 0.015329517424106598 217
1616059214992 0.015782687813043594 218
1616059249365 0.015546905808150768 219
1616059285153 0.015980826690793037 220
1616059319372 0.014930738136172295 221
1616059353757 0.015978263691067696 222
1616059388137 0.01521302666515112 223
1616059422710 0.014977695420384407 224
1616059457587 0.016979031264781952 225
1616059492031 0.015731390565633774 226
1616059526552 0.015512701123952866 227
1616059560859 0.016987886279821396 228
1616059595231 0.01413596048951149 229
1616059631364 0.014204636216163635 230
1616059666292 0.013942976482212543 231
1616059700760 0.014932243153452873 232
1616059735102 0.015924468636512756 233
1616059769373 0.014043559320271015 234
1616059803665 0.015247417613863945 235
1616059838002 0.015377625823020935 236
1616059872355 0.013985703699290752 237
1616059906845 0.014870425686240196 238
1616059941556 0.012777693569660187 239
1616059977950 0.015460696071386337 240
1616060012409 0.014840170741081238 241
1616060047097 0.014912329614162445 242
1616060081505 0.01364506222307682 243
1616060115833 0.013276087120175362 244
1616060150291 0.014816626906394958 245
1616060184660 0.01592894084751606 246
1616060219050 0.015380535274744034 247
1616060253503 0.014103412628173828 248
1616060287933 0.015102816745638847 249
1616060324135 0.01399717852473259 250
1616060358383 0.014475898817181587 251
1616060392743 0.01566077023744583 252
1616060427103 0.017446160316467285 253
1616060461412 0.015643078833818436 254
1616060496077 0.013734592124819756 255
1616060530332 0.015303270891308784 256
1616060564502 0.013049839064478874 257
1616060598778 0.015444263815879822 258
1616060633060 0.015014464035630226 259
1616060668925 0.01460421271622181 260
1616060703190 0.01489389780908823 261
1616060737446 0.014752298593521118 262
1616060771714 0.01617773249745369 263
1616060806084 0.0167815200984478 264
1616060840432 0.014638513326644897 265
1616060875306 0.01573982462286949 266
1616060910076 0.015262100845575333 267
1616060944742 0.015791170299053192 268
1616060979057 0.01389787346124649 269
1616061015281 0.013969158753752708 270
1616061049645 0.013947790488600731 271
1616061083939 0.013750100508332253 272
1616061118354 0.014620084315538406 273
1616061152659 0.014308142475783825 274
1616061187066 0.014983030036091805 275
1616061221680 0.016356779262423515 276
1616061255953 0.013690290972590446 277
1616061290236 0.014711862429976463 278
1616061324485 0.013787396252155304 279
1616061360467 0.015484205447137356 280
1616061394811 0.013697163201868534 281
1616061429082 0.013810419477522373 282
1616061463346 0.014433122240006924 283
1616061497597 0.014543348923325539 284
1616061531923 0.01565677486360073 285
1616061566352 0.016117293387651443 286
1616061600777 0.014302130788564682 287
1616061635357 0.015031900256872177 288
1616061669922 0.015492190606892109 289
1616061706249 0.013920986093580723 290
1616061740836 0.013285139575600624 291
1616061775252 0.013777360320091248 292
1616061809616 0.013085110113024712 293
1616061844065 0.014609739184379578 294
1616061878343 0.015167376026511192 295
1616061912750 0.015830105170607567 296
1616061947071 0.013033047318458557 297
1616061981356 0.015664007514715195 298
1616062015767 0.013430745340883732 299
1616062051930 0.013997548259794712 300
1616062086255 0.015312270261347294 301
1616062120558 0.01521594263613224 302
1616062154759 0.01234651543200016 303
1616062189055 0.013051999732851982 304
1616062223267 0.016257092356681824 305
1616062257480 0.014971545897424221 306
1616062291768 0.013308332301676273 307
1616062326086 0.01076558604836464 308
1616062360379 0.012562135234475136 309
1616062396196 0.017069987952709198 310
1616062430502 0.015414615161716938 311
1616062464902 0.013770557008683681 312
1616062499378 0.014295083470642567 313
1616062533887 0.011820248328149319 314
1616062568387 0.014915350824594498 315
1616062602922 0.013306884095072746 316
1616062637535 0.01423482596874237 317
1616062671937 0.013767109252512455 318
1616062706488 0.013858282938599586 319
1616062743258 0.01482858881354332 320
1616062777631 0.014004098251461983 321
1616062811913 0.01416553370654583 322
1616062846273 0.014746762812137604 323
1616062881036 0.013414275832474232 324
1616062915653 0.014956394210457802 325
1616062950395 0.014147549867630005 326
1616062985065 0.013362044468522072 327
1616063019622 0.013257217593491077 328
1616063053816 0.012265980243682861 329
1616063089871 0.015409579500555992 330
1616063124257 0.015029867179691792 331
1616063158646 0.013887885957956314 332
1616063192952 0.013261932879686356 333
1616063227331 0.014933266676962376 334
1616063262002 0.014340849593281746 335
1616063296288 0.012729060836136341 336
1616063330598 0.013555716723203659 337
1616063364849 0.014147469773888588 338
1616063399090 0.01260329782962799 339
1616063435058 0.012498870491981506 340
1616063469329 0.01337549090385437 341
1616063504067 0.011898281052708626 342
1616063538539 0.014474678784608841 343
1616063573235 0.01370256207883358 344
1616063607936 0.01421690359711647 345
1616063642513 0.015613242983818054 346
1616063677074 0.018151309341192245 347
1616063711427 0.013314669951796532 348
1616063745661 0.012060733512043953 349
1616063782236 0.011407151818275452 350
1616063816601 0.014045673422515392 351
1616063850870 0.012832965701818466 352
1616063885210 0.012930931523442268 353
1616063919504 0.012213834561407566 354
1616063953757 0.013258127495646477 355
1616063988139 0.01485489308834076 356
1616064022485 0.01391739770770073 357
1616064056861 0.011791301891207695 358
1616064092285 0.015139449387788773 359
1616064128543 0.013075880706310272 360
1616064163111 0.011247902177274227 361
1616064197436 0.012780760414898396 362
1616064231843 0.013160277158021927 363
1616064266247 0.013597961515188217 364
1616064300875 0.012650007382035255 365
1616064335315 0.013981666415929794 366
1616064369737 0.014538239687681198 367
1616064403997 0.011609017848968506 368
1616064438337 0.014854777604341507 369
1616064474348 0.013890426605939865 370
1616064508632 0.010813983157277107 371
1616064542894 0.011521884240210056 372
1616064577186 0.013649063184857368 373
1616064611484 0.013879425823688507 374
1616064645774 0.014503518119454384 375
1616064680222 0.014170924201607704 376
1616064714685 0.0157451368868351 377
1616064749226 0.015440789982676506 378
1616064783658 0.013879507780075073 379
1616064819719 0.014571944251656532 380
1616064854533 0.014105777256190777 381
1616064889089 0.012940437532961369 382
1616064923525 0.014523792080581188 383
1616064957874 0.012613730505108833 384
1616064992170 0.012583846226334572 385
1616065026489 0.013004080392420292 386
1616065060996 0.013780571520328522 387
1616065095259 0.01359585765749216 388
1616065129559 0.013112397864460945 389
1616065165504 0.015085697174072266 390
1616065199738 0.015673723071813583 391
1616065234075 0.01314419787377119 392
1616065268400 0.01331352349370718 393
1616065302717 0.014374318532645702 394
1616065337046 0.010711376555263996 395
1616065371400 0.015642590820789337 396
1616065405741 0.011986741796135902 397
1616065440452 0.012370996177196503 398
1616065475251 0.012353375554084778 399
1616065511594 0.011997601017355919 400
1616065546302 0.013600362464785576 401
1616065580628 0.01266196183860302 402
1616065615046 0.014486378990113735 403
1616065649377 0.011578932404518127 404
1616065683706 0.014481890946626663 405
1616065718010 0.012086207047104836 406
1616065752512 0.01567605510354042 407
1616065786783 0.010809719562530518 408
1616065821135 0.013243677094578743 409
1616065857001 0.01278034970164299 410
1616065891277 0.011449179612100124 411
1616065925599 0.012288851663470268 412
1616065959749 0.012609371915459633 413
1616065994063 0.013713128864765167 414
1616066028296 0.015041867271065712 415
1616066062562 0.012963379733264446 416
1616066097007 0.013252140954136848 417
1616066131370 0.012243269011378288 418
1616066165864 0.012893873266875744 419
1616066201890 0.011978508904576302 420
1616066236280 0.01205581333488226 421
1616066270769 0.014146845787763596 422
1616066305188 0.012623360380530357 423
1616066339656 0.012293366715312004 424
1616066374101 0.015469087287783623 425
1616066408432 0.014108417555689812 426
1616066442690 0.012170541100203991 427
1616066477164 0.013711486011743546 428
1616066511348 0.01677653379738331 429
1616066547425 0.01353964302688837 430
1616066581861 0.013419538736343384 431
1616066616395 0.012492066249251366 432
1616066650849 0.01727394573390484 433
1616066685107 0.01214277371764183 434
1616066719417 0.015197566710412502 435
1616066753693 0.01331096701323986 436
1616066787951 0.012985868379473686 437
1616066822338 0.012138848192989826 438
1616066856731 0.014036053791642189 439
1616066893249 0.012073440477252007 440
1616066928006 0.012810934334993362 441
1616066962392 0.012807227671146393 442
1616066997017 0.01265043020248413 443
1616067031593 0.011299753561615944 444
1616067065902 0.01398646179586649 445
1616067100244 0.013867795467376709 446
1616067134564 0.01497475802898407 447
1616067168851 0.013068053871393204 448
1616067203279 0.010990297421813011 449
1616067242071 0.01106693223118782 450
1616067276321 0.012715901248157024 451
1616067310698 0.013733815401792526 452
1616067345278 0.013102348893880844 453
1616067379643 0.012613918632268906 454
1616067413869 0.010674552991986275 455
1616067448201 0.012938533909618855 456
1616067482418 0.014786641113460064 457
1616067516787 0.013875599950551987 458
1616067551025 0.012327327392995358 459
1616067587152 0.010814230889081955 460
1616067621430 0.012669204734265804 461
1616067655824 0.01178329810500145 462
1616067690130 0.013024726882576942 463
1616067724411 0.012441903352737427 464
1616067758881 0.011263441294431686 465
1616067793459 0.015321038663387299 466
1616067828031 0.013068420812487602 467
1616067862622 0.01313093677163124 468
1616067897174 0.012392531149089336 469
1616067933288 0.01395466923713684 470
1616067967659 0.014234615489840508 471
1616068001967 0.013204086571931839 472
1616068036399 0.011434102430939674 473
1616068070778 0.012872224673628807 474
1616068105057 0.012252487242221832 475
1616068139402 0.013431664556264877 476
1616068173826 0.012384416535496712 477
1616068208188 0.011683562770485878 478
1616068242475 0.010881558991968632 479
1616068278480 0.011193454265594482 480
1616068313318 0.012364349327981472 481
1616068347604 0.011931639164686203 482
1616068381838 0.013505131006240845 483
1616068416052 0.011652599088847637 484
1616068450399 0.010812297463417053 485
1616068484717 0.014357328414916992 486
1616068519002 0.013290696777403355 487
1616068553239 0.012629757635295391 488
1616068587500 0.010759151540696621 489
1616068623545 0.011611725203692913 490
1616068658125 0.011660833843052387 491
1616068692769 0.014097342267632484 492
1616068727330 0.010134086012840271 493
1616068761798 0.01593480445444584 494
1616068796521 0.012383004650473595 495
1616068830991 0.013006752356886864 496
1616068865703 0.010781653225421906 497
1616068900024 0.013138949871063232 498
1616068934402 0.011987868696451187 499
1616068970473 0.012064432725310326 500
1616069004908 0.013056512922048569 501
1616069039216 0.012721879407763481 502
1616069073513 0.010747396387159824 503
1616069107801 0.01163468323647976 504
1616069142144 0.012173345312476158 505
1616069176421 0.011621234938502312 506
1616069211109 0.013708824291825294 507
1616069245421 0.013095417991280556 508
1616069279722 0.012281974777579308 509
1616069315747 0.012193538248538971 510
1616069350025 0.010420120321214199 511
1616069384310 0.010377034544944763 512
1616069418529 0.011747918091714382 513
1616069452873 0.010900577530264854 514
1616069487322 0.01224181242287159 515
1616069522065 0.010449652560055256 516
1616069556606 0.011407722719013691 517
1616069591209 0.012559525668621063 518
1616069625665 0.013266876339912415 519
1616069661936 0.012527777813374996 520
1616069696506 0.012993644922971725 521
1616069731137 0.011966373771429062 522
1616069765607 0.012351706624031067 523
1616069799978 0.011121472343802452 524
1616069834379 0.01217661052942276 525
1616069868724 0.010589895769953728 526
1616069902991 0.012017222121357918 527
1616069937696 0.011260267347097397 528
1616069971996 0.012148261070251465 529
1616070007972 0.011490058153867722 530
1616070042215 0.01326459739357233 531
1616070076475 0.012606849893927574 532
1616070110752 0.013396646827459335 533
1616070145011 0.01154631283134222 534
1616070179347 0.012445611879229546 535
1616070213684 0.00979071855545044 536
1616070248135 0.01223680842667818 537
1616070282882 0.011715935543179512 538
1616070317593 0.012469103559851646 539
1616070354190 0.010106289759278297 540
1616070388682 0.011951746419072151 541
1616070423233 0.013950027525424957 542
1616070457694 0.011703257448971272 543
1616070492167 0.010274987667798996 544
1616070526589 0.011153554543852806 545
1616070560911 0.012677241116762161 546
1616070595291 0.010400565341114998 547
1616070630053 0.012572999112308025 548
1616070664396 0.012834243476390839 549
1616070700279 0.011666025035083294 550
1616070734514 0.010752719826996326 551
1616070768814 0.011629430577158928 552
1616070803079 0.010784965008497238 553
1616070837465 0.01468621101230383 554
1616070871805 0.011234158650040627 555
1616070906607 0.01039418950676918 556
1616070941066 0.012245593592524529 557
1616070975553 0.012834591791033745 558
1616071010133 0.01399615965783596 559
1616071046509 0.009986117482185364 560
1616071081026 0.013467425480484962 561
1616071115442 0.014930101111531258 562
1616071150199 0.01291586458683014 563
1616071184544 0.009256509132683277 564
1616071218855 0.014092396944761276 565
1616071253231 0.009569519199430943 566
1616071287542 0.012033184990286827 567
1616071321845 0.010095907375216484 568
1616071356562 0.011625150218605995 569
1616071392482 0.012677149847149849 570
1616071426832 0.012386415153741837 571
1616071461109 0.011720065958797932 572
1616071495491 0.011170271784067154 573
1616071529925 0.010595263913273811 574
1616071564400 0.011548091657459736 575
1616071599072 0.011520035564899445 576
1616071633717 0.010295731015503407 577
1616071668424 0.010973874479532242 578
1616071702886 0.011827735230326653 579
1616071739035 0.011249808594584465 580
1616071773621 0.009355073794722557 581
1616071808066 0.012172969058156013 582
1616071842470 0.01164634246379137 583
1616071877243 0.013458870351314545 584
1616071911510 0.011547192931175232 585
1616071945733 0.012039761058986187 586
1616071980061 0.008921629749238491 587
1616072014388 0.011073238216340542 588
1616072048697 0.011342303827404976 589
1616072084686 0.011589624918997288 590
1616072118968 0.01171193365007639 591
1616072153322 0.011702058836817741 592
1616072187649 0.011973894201219082 593
1616072222128 0.011592047289013863 594
1616072256569 0.011491894721984863 595
1616072291030 0.010078154504299164 596
1616072325603 0.011294318363070488 597
1616072360128 0.011777883395552635 598
1616072394808 0.012931160628795624 599
1616072431004 0.012399486266076565 600
1616072465624 0.00906129740178585 601
1616072500265 0.013068245723843575 602
1616072534555 0.01399919018149376 603
1616072568870 0.012565643526613712 604
1616072603165 0.011384323239326477 605
1616072637510 0.01068282499909401 606
1616072671797 0.012044169008731842 607
1616072706034 0.01055748201906681 608
1616072740301 0.012279382906854153 609
1616072776223 0.010896842926740646 610
1616072810543 0.013845342211425304 611
1616072845008 0.012626074254512787 612
1616072879429 0.01213522907346487 613
1616072913843 0.011837251484394073 614
1616072948486 0.011586874723434448 615
1616072982975 0.01078367605805397 616
1616073017547 0.01294553093612194 617
1616073052071 0.009607702493667603 618
1616073086662 0.012118658050894737 619
1616073122758 0.011143404990434647 620
1616073156984 0.010288628749549389 621
1616073191264 0.013573731295764446 622
1616073225604 0.01290751900523901 623
1616073259996 0.010351520963013172 624
1616073294461 0.009931949898600578 625
1616073329219 0.011261188425123692 626
1616073363547 0.010338881053030491 627
1616073397918 0.011411236599087715 628
1616073432123 0.01129581592977047 629
1616073468046 0.011307292617857456 630
1616073502416 0.010564232245087624 631
1616073536718 0.013358160853385925 632
1616073570941 0.010863207280635834 633
1616073605159 0.011096620000898838 634
1616073639362 0.013372006826102734 635
1616073673647 0.012727278284728527 636
1616073707967 0.00975557416677475 637
1616073742372 0.012038925662636757 638
1616073776675 0.010748951695859432 639
1616073812795 0.011891050264239311 640
1616073847378 0.011711306869983673 641
1616073881898 0.012040338478982449 642
1616073916450 0.009655307047069073 643
1616073950944 0.010091894306242466 644
1616073985414 0.011944510042667389 645
1616074019790 0.009431956335902214 646
1616074054310 0.012600412592291832 647
1616074088739 0.01144380122423172 648
1616074123173 0.010606333613395691 649
1616074159106 0.010492571629583836 650
1616074193461 0.011743495240807533 651
1616074227908 0.010435591451823711 652
1616074262208 0.010572010651230812 653
1616074296591 0.010002795606851578 654
1616074330853 0.009796266444027424 655
1616074365221 0.01000659167766571 656
1616074399889 0.010757889598608017 657
1616074434175 0.013147633522748947 658
1616074468474 0.011215398088097572 659
1616074504434 0.012035279534757137 660
1616074538652 0.00934022106230259 661
1616074572894 0.012969567440450191 662
1616074607157 0.01205386035144329 663
1616074641412 0.011521336622536182 664
1616074675635 0.010278566740453243 665
1616074710021 0.011418960988521576 666
1616074744350 0.010498188436031342 667
1616074778600 0.011489778757095337 668
1616074812937 0.01068614050745964 669
1616074848934 0.01078718900680542 670
1616074883312 0.01222984865307808 671
1616074917822 0.013425000011920929 672
1616074952596 0.01353001594543457 673
1616074987070 0.010461234487593174 674
1616075021490 0.012151574715971947 675
1616075055897 0.01052074320614338 676
1616075090323 0.010426528751850128 677
1616075124760 0.010427240282297134 678
1616075159167 0.010968003422021866 679
1616075195303 0.01036791317164898 680
1616075229600 0.01122264377772808 681
1616075263928 0.009673422202467918 682
1616075298318 0.010418087244033813 683
1616075332732 0.011571954004466534 684
1616075367147 0.010172282345592976 685
1616075401365 0.01008722186088562 686
1616075435958 0.008413039147853851 687
1616075470701 0.012648497708141804 688
1616075504913 0.013592740520834923 689
1616075540737 0.012238966301083565 690
1616075575114 0.010251659899950027 691
1616075609415 0.008793971501290798 692
1616075643613 0.010277495719492435 693
1616075677947 0.010777078568935394 694
1616075712259 0.011084317229688168 695
1616075746634 0.009738272987306118 696
1616075780928 0.009983034804463387 697
1616075815284 0.01096020545810461 698
1616075849559 0.011022016406059265 699
1616075885853 0.009916878305375576 700
1616075920333 0.011294878087937832 701
1616075954879 0.010518623515963554 702
1616075989540 0.009489044547080994 703
1616076023979 0.011176150292158127 704
1616076058567 0.010572904720902443 705
1616076092966 0.01042582280933857 706
1616076127381 0.01184915006160736 707
1616076161760 0.009256906807422638 708
1616076196135 0.010526228696107864 709
1616076232333 0.01082590688019991 710
1616076266605 0.009993398562073708 711
1616076300925 0.009824400767683983 712
1616076335320 0.01037922129034996 713
1616076369670 0.010731769725680351 714
1616076403968 0.010946275666356087 715
1616076438319 0.012400992214679718 716
1616076472671 0.008962256833910942 717
1616076507723 0.009161590598523617 718
1616076542057 0.00990583747625351 719
1616076578057 0.01057456899434328 720
1616076612427 0.01123686321079731 721
1616076646626 0.012655266560614109 722
1616076680881 0.010611800476908684 723
1616076715228 0.009866630658507347 724
1616076749478 0.012169744819402695 725
1616076783698 0.009529294446110725 726
1616076817977 0.007797444239258766 727
1616076852350 0.011166127398610115 728
1616076886777 0.008870651014149189 729
1616076923002 0.008858909830451012 730
1616076957491 0.00959155336022377 731
1616076992057 0.010697053745388985 732
1616077026926 0.009561847895383835 733
1616077061463 0.01201857253909111 734
1616077095869 0.011276129633188248 735
1616077130242 0.010597050189971924 736
1616077164605 0.00886576622724533 737
1616077199042 0.010320769622921944 738
1616077233315 0.009141027927398682 739
1616077270303 0.012142214924097061 740
1616077304698 0.012592524290084839 741
1616077339048 0.009190713055431843 742
1616077373343 0.009211933240294456 743
1616077407701 0.007816344499588013 744
1616077441987 0.011061616241931915 745
1616077476234 0.009335112757980824 746
1616077510620 0.009884485974907875 747
1616077545341 0.010268411599099636 748
1616077580341 0.011523641645908356 749
1616077616940 0.010269958525896072 750
1616077651370 0.012585800141096115 751
1616077685755 0.011732225306332111 752
1616077720200 0.013099154457449913 753
1616077754964 0.010168854147195816 754
1616077789434 0.0104255061596632 755
1616077823657 0.009187677875161171 756
1616077857869 0.012354442849755287 757
1616077892248 0.010724654421210289 758
1616077926554 0.009190361946821213 759
1616077962495 0.010935449972748756 760
1616077996792 0.011550894007086754 761
1616078031095 0.010782118886709213 762
1616078065505 0.010997382923960686 763
1616078099963 0.010613723658025265 764
1616078134602 0.011803772300481796 765
1616078169074 0.009684758260846138 766
1616078203681 0.009819509461522102 767
1616078238241 0.010825803503394127 768
1616078272663 0.009126586839556694 769
1616078308836 0.010688192211091518 770
1616078343214 0.012002906762063503 771
1616078377591 0.011167237535119057 772
1616078412097 0.009008735418319702 773
1616078446441 0.011057092808187008 774
1616078481029 0.01275607943534851 775
1616078515478 0.009159580804407597 776
1616078549808 0.009529303759336472 777
1616078583971 0.01187882199883461 778
1616078618241 0.011544139124453068 779
1616078654133 0.00947235431522131 780
1616078688369 0.013762187212705612 781
1616078722672 0.009127124212682247 782
1616078756930 0.00890070665627718 783
1616078791326 0.01001359336078167 784
1616078825749 0.00898025743663311 785
1616078860643 0.0120470579713583 786
1616078895124 0.011353093199431896 787
1616078929634 0.010480200871825218 788
1616078964090 0.011380990967154503 789
1616079000184 0.010462449863553047 790
1616079034656 0.011053092777729034 791
1616079069083 0.010245533660054207 792
1616079103426 0.011665708385407925 793
1616079138132 0.00945855863392353 794
1616079172450 0.01026935875415802 795
1616079206790 0.010277347639203072 796
1616079241051 0.009565874002873898 797
1616079275398 0.011536115780472755 798
1616079309776 0.008258728310465813 799
1616079345639 0.010584020987153053 800
1616079379987 0.01158985123038292 801
1616079414224 0.011491585522890091 802
1616079448483 0.00947125069797039 803
1616079482742 0.009604733437299728 804
1616079517060 0.012314163148403168 805
1616079551493 0.010387944057583809 806
1616079586131 0.010890284553170204 807
1616079620895 0.011077163740992546 808
1616079655938 0.012422306463122368 809
1616079692088 0.010695970617234707 810
1616079726509 0.012302940711379051 811
1616079760919 0.010264437645673752 812
1616079795498 0.008956173434853554 813
1616079829905 0.009105438366532326 814
1616079864523 0.009987963363528252 815
1616079898829 0.011464391835033894 816
1616079933214 0.007602183148264885 817
1616079967530 0.011462971568107605 818
1616080001776 0.011908497661352158 819
1616080037613 0.01358066126704216 820
1616080071953 0.010162499733269215 821
1616080106355 0.011243386194109917 822
1616080140621 0.010345350950956345 823
1616080175115 0.010166740976274014 824
1616080210084 0.0117534464225173 825
1616080244891 0.009931342676281929 826
1616080279364 0.012030282989144325 827
1616080313783 0.009049233049154282 828
1616080348250 0.009298417717218399 829
1616080384540 0.011115502566099167 830
1616080419074 0.01187068223953247 831
1616080453589 0.009989086538553238 832
1616080487980 0.008528713136911392 833
1616080522398 0.010385975241661072 834
1616080557018 0.011000990867614746 835
1616080591284 0.010171163827180862 836
1616080625546 0.013244088739156723 837
1616080659810 0.010986430570483208 838
1616080694172 0.010870244354009628 839
1616080730127 0.009014977142214775 840
1616080764410 0.011700466275215149 841
1616080801285 0.010736210271716118 842
1616080835866 0.008460279554128647 843
1616080870801 0.009406907483935356 844
1616080905565 0.01071166805922985 845
1616080940442 0.009039191529154778 846
1616080975041 0.009132036939263344 847
1616081009546 0.010934870690107346 848
1616081043829 0.01366649940609932 849
1616081079827 0.010549968108534813 850
1616081114798 0.007889955304563046 851
1616081149099 0.007342278026044369 852
1616081183307 0.01249694637954235 853
1616081217682 0.010924696922302246 854
1616081251981 0.011090236715972424 855
1616081286288 0.011233435943722725 856
1616081320516 0.01124277338385582 857
1616081354813 0.009647738188505173 858
1616081389537 0.008918476291000843 859
1616081425499 0.009310953319072723 860
1616081459773 0.011924338527023792 861
1616081494259 0.010630371049046516 862
1616081528824 0.01259031891822815 863
1616081563414 0.012676279991865158 864
1616081597968 0.009535630233585835 865
1616081632416 0.012363115325570107 866
1616081666905 0.00902646780014038 867
1616081701495 0.013698632828891277 868
1616081735992 0.010617819614708424 869
1616081772445 0.008274641819298267 870
1616081806826 0.009911393746733665 871
1616081841161 0.01076193992048502 872
1616081875539 0.01243063434958458 873
1616081909940 0.011144229210913181 874
1616081944350 0.009488008916378021 875
1616081978664 0.010339861735701561 876
1616082012973 0.010907945223152637 877
1616082047629 0.01240605115890503 878
1616082082033 0.00902952067553997 879
1616082117947 0.00829961709678173 880
1616082152357 0.011166367679834366 881
1616082186703 0.009778987616300583 882
1616082221020 0.011382092721760273 883
1616082255307 0.010362660512328148 884
1616082289536 0.012262202799320221 885
1616082324048 0.012569479644298553 886
1616082359070 0.008024875074625015 887
1616082393526 0.009874792769551277 888
1616082428082 0.011325521394610405 889
1616082464552 0.009667464531958103 890
1616082499009 0.00847159419208765 891
1616082533498 0.01035250909626484 892
1616082568118 0.009187860414385796 893
1616082602399 0.009397448971867561 894
1616082637265 0.007095343433320522 895
1616082671579 0.011468149721622467 896
1616082705883 0.012171376496553421 897
1616082740161 0.00967943761497736 898
1616082774510 0.013175569474697113 899
1616082810271 0.009012071415781975 900
1616082844638 0.009497033432126045 901
1616082878995 0.008857550099492073 902
1616082913382 0.010736623778939247 903
1616082947664 0.009831856936216354 904
1616082982530 0.010712672956287861 905
1616083017284 0.010824844241142273 906
1616083052098 0.010874266736209393 907
1616083086838 0.010898668318986893 908
1616083121632 0.010703899897634983 909
1616083158124 0.00858752429485321 910
1616083192547 0.008837336674332619 911
1616083226965 0.011790490709245205 912
1616083261338 0.010608208365738392 913
1616083295792 0.008664380759000778 914
1616083330134 0.01286538876593113 915
1616083365044 0.009576532989740372 916
1616083399369 0.013495823368430138 917
1616083433644 0.010495062917470932 918
1616083467988 0.010261258110404015 919
1616083503976 0.009957089088857174 920
1616083538362 0.010754972696304321 921
1616083572780 0.009320257231593132 922
1616083607194 0.011332109570503235 923
1616083641661 0.00836043432354927 924
1616083676286 0.010647766292095184 925
1616083711448 0.008733795955777168 926
1616083746267 0.009352222084999084 927
1616083780729 0.010675965808331966 928
1616083815020 0.010049812495708466 929
1616083851538 0.012910142540931702 930
1616083885885 0.009934334084391594 931
1616083920933 0.00986818503588438 932
1616083955191 0.010706388391554356 933
1616083989530 0.012175913900136948 934
1616084023843 0.010030725970864296 935
1616084058189 0.013172293081879616 936
1616084092513 0.012938577681779861 937
1616084126732 0.010751585476100445 938
1616084161443 0.011277309618890285 939
1616084197969 0.0102342264726758 940
1616084232850 0.012097366154193878 941
1616084267357 0.011834521777927876 942
1616084301760 0.011215686798095703 943
1616084336399 0.010095365345478058 944
1616084371394 0.009552826173603535 945
1616084405801 0.008507848717272282 946
1616084440110 0.013913953676819801 947
1616084474467 0.009112933650612831 948
1616084508755 0.008467519655823708 949
1616084544801 0.010413816198706627 950
1616084579059 0.01034774724394083 951
1616084613362 0.008869876153767109 952
1616084647670 0.009290245361626148 953
1616084681972 0.009070593863725662 954
1616084716300 0.011605561710894108 955
1616084750782 0.00843440368771553 956
1616084785345 0.010637795552611351 957
1616084819901 0.008937649428844452 958
1616084854447 0.009926306083798409 959
1616084890966 0.012911483645439148 960
1616084925319 0.010420671664178371 961
1616084959860 0.00957550574094057 962
1616084994140 0.010511687025427818 963
1616085028436 0.009337635710835457 964
1616085062753 0.008709575980901718 965
1616085097684 0.010732966475188732 966
1616085131990 0.009439725428819656 967
1616085166387 0.008375776000320911 968
1616085200708 0.009958485141396523 969
1616085236691 0.012545772828161716 970
1616085270998 0.009029960259795189 971
1616085305249 0.010255012661218643 972
1616085339514 0.010377291589975357 973
1616085373911 0.010336548089981079 974
1616085408210 0.011059440672397614 975
1616085442631 0.008671439252793789 976
1616085477293 0.008873864077031612 977
1616085511866 0.012095863930881023 978
1616085546577 0.009843891486525536 979
1616085582921 0.012881170958280563 980
1616085617386 0.01128985546529293 981
1616085651877 0.010962948203086853 982
1616085686393 0.010630249977111816 983
1616085720684 0.008280988782644272 984
1616085755673 0.009461533278226852 985
1616085789919 0.009618561714887619 986
1616085824184 0.009655334055423737 987
1616085858504 0.00935710035264492 988
1616085892855 0.00900878757238388 989
1616085928901 0.01014993991702795 990
1616085963288 0.01080805342644453 991
1616085997634 0.00922364741563797 992
1616086032191 0.010443376377224922 993
1616086066871 0.00866551510989666 994
1616086101349 0.008130909875035286 995
1616086135928 0.009320003911852837 996
1616086170421 0.007532297167927027 997
1616086205605 0.010309578850865364 998
1616086240067 0.010669946670532227 999
1616086276431 0.009457792155444622 1000
1616086310721 0.008980382233858109 1001
1616086345035 0.009154247120022774 1002
1616086379531 0.010545381344854832 1003
1616086414386 0.011125200428068638 1004
1616086448648 0.01086982898414135 1005
1616086482899 0.011545793153345585 1006
1616086517190 0.009951690211892128 1007
1616086551544 0.010633371770381927 1008
1616086585824 0.013805882073938847 1009
1616086621838 0.010853094048798084 1010
1616086656110 0.008399969898164272 1011
1616086690377 0.009258478879928589 1012
1616086724720 0.011805295944213867 1013
1616086759114 0.009896313771605492 1014
1616086794020 0.010322783142328262 1015
1616086830435 0.011900574900209904 1016
1616086865333 0.010631648823618889 1017
1616086899871 0.00855184718966484 1018
1616086934249 0.009555326774716377 1019
1616086970260 0.009967590682208538 1020
1616087004564 0.011169067583978176 1021
1616087038869 0.013127986341714859 1022
1616087073811 0.009254513308405876 1023
1616087108250 0.009668264538049698 1024
1616087142566 0.011992808431386948 1025
1616087176830 0.008667955175042152 1026
1616087211164 0.01047670841217041 1027
1616087245593 0.010446363128721714 1028
1616087279897 0.009636450558900833 1029
1616087316207 0.01093283947557211 1030
1616087350881 0.010851317085325718 1031
1616087385640 0.011075031012296677 1032
1616087420342 0.010000055655837059 1033
1616087454855 0.008748874068260193 1034
1616087489171 0.009023459628224373 1035
1616087523641 0.009835619479417801 1036
1616087557933 0.0096682608127594 1037
1616087592415 0.010776691138744354 1038
1616087626699 0.0106592308729887 1039
1616087663197 0.011172297410666943 1040
1616087697614 0.008253725245594978 1041
1616087731896 0.010316376574337482 1042
1616087766254 0.009409099817276001 1043
1616087800495 0.011017793789505959 1044
1616087834675 0.009255880489945412 1045
1616087868971 0.010121932253241539 1046
1616087903241 0.011445877142250538 1047
1616087937634 0.010086500085890293 1048
1616087972299 0.01121114008128643 1049
1616088008606 0.010196313261985779 1050
1616088043054 0.011265122331678867 1051
1616088077557 0.011822781525552273 1052
1616088112420 0.009133034385740757 1053
1616088147006 0.010757219046354294 1054
1616088181409 0.01033114455640316 1055
1616088215730 0.008607974275946617 1056
1616088250105 0.00852883979678154 1057
1616088284433 0.01283443532884121 1058
1616088318692 0.012946674600243568 1059
1616088354656 0.010423784144222736 1060
1616088389369 0.009391440078616142 1061
1616088423635 0.010957751423120499 1062
1616088457876 0.01223674975335598 1063
1616088492091 0.012231716886162758 1064
1616088526411 0.010880179703235626 1065
1616088560698 0.01096869446337223 1066
1616088595002 0.011318091303110123 1067
1616088629311 0.010508280247449875 1068
1616088663608 0.00903318915516138 1069
1616088699890 0.011464463546872139 1070
1616088734495 0.010032044723629951 1071
1616088769060 0.012568820267915726 1072
1616088803701 0.010954510420560837 1073
1616088838135 0.010671306401491165 1074
1616088872687 0.008960932493209839 1075
1616088907172 0.009838348254561424 1076
1616088941596 0.011768165044486523 1077
1616088975976 0.01001272164285183 1078
1616089010361 0.010383917018771172 1079
1616089046430 0.01085103489458561 1080
1616089080863 0.011680283583700657 1081
1616089115244 0.013114241883158684 1082
1616089149607 0.011727471835911274 1083
1616089183896 0.011949172243475914 1084
1616089218236 0.011365879327058792 1085
1616089252579 0.009499014355242252 1086
1616089287281 0.009295660071074963 1087
1616089321937 0.009577156975865364 1088
1616089356817 0.010686095803976059 1089
1616089393150 0.009769713506102562 1090
1616089427627 0.009531065821647644 1091
1616089461946 0.010479642078280449 1092
1616089496305 0.009688977152109146 1093
1616089530953 0.011843664571642876 1094
1616089565306 0.00928613729774952 1095
1616089599625 0.00872357003390789 1096
1616089633935 0.011901212856173515 1097
1616089668172 0.01003305520862341 1098
1616089702473 0.008527668192982674 1099
1616089738279 0.0094402264803648 1100
1616089772585 0.008805423974990845 1101
1616089807058 0.010789865627884865 1102
1616089841396 0.009000197052955627 1103
1616089875781 0.010235114023089409 1104
1616089910372 0.011878307908773422 1105
1616089944823 0.008924365043640137 1106
1616089979260 0.010932506062090397 1107
1616090013604 0.009324530139565468 1108
1616090047947 0.009314028546214104 1109
1616090084158 0.007710785139352083 1110
1616090118698 0.010714991949498653 1111
1616090153289 0.012024998664855957 1112
1616090187615 0.010674643330276012 1113
1616090221803 0.009082680568099022 1114
1616090256234 0.010098977014422417 1115
1616090290510 0.008237689733505249 1116
1616090324823 0.010014730505645275 1117
1616090359095 0.009570170193910599 1118
1616090393424 0.011942606419324875 1119
1616090430030 0.010759323835372925 1120
1616090464411 0.010108349844813347 1121
1616090498715 0.009284814819693565 1122
1616090533042 0.009187854826450348 1123
1616090567470 0.009239446371793747 1124
1616090601809 0.009350760839879513 1125
1616090636158 0.00957517884671688 1126
1616090670445 0.008563049137592316 1127
1616090704747 0.009874105453491211 1128
1616090739264 0.009389784187078476 1129
1616090775844 0.00847967155277729 1130
1616090810420 0.011633668094873428 1131
1616090844802 0.008025641553103924 1132
1616090879519 0.010418612509965897 1133
1616090914041 0.009569171816110611 1134
1616090948449 0.010403956286609173 1135
1616090982777 0.00829472579061985 1136
1616091017296 0.00970376841723919 1137
1616091051666 0.009944689460098743 1138
1616091086478 0.010434949770569801 1139
1616091122536 0.01149702351540327 1140
1616091156873 0.01051096711307764 1141
1616091191116 0.011499056592583656 1142
1616091225496 0.010362669825553894 1143
1616091259788 0.01057484745979309 1144
1616091294204 0.009277976118028164 1145
1616091328553 0.011762792244553566 1146
1616091363067 0.007691588252782822 1147
1616091397575 0.010355323553085327 1148
1616091432286 0.010803327895700932 1149
1616091468795 0.010542957112193108 1150
1616091503247 0.010576561093330383 1151
1616091537694 0.010280749760568142 1152
1616091572075 0.010056423023343086 1153
1616091606365 0.01160759013146162 1154
1616091640707 0.01050267368555069 1155
1616091675243 0.00903091486543417 1156
1616091709671 0.010623986832797527 1157
1616091744329 0.010223163291811943 1158
1616091778677 0.012338757514953613 1159
1616091814570 0.010674655437469482 1160
1616091848891 0.010160944424569607 1161
1616091883326 0.007790303789079189 1162
1616091917538 0.008618188090622425 1163
1616091951811 0.01007173117250204 1164
1616091986143 0.012251177802681923 1165
1616092020607 0.009600119665265083 1166
1616092055304 0.010504696518182755 1167
1616092090017 0.011362774297595024 1168
1616092124790 0.009634587913751602 1169
1616092161344 0.009020471014082432 1170
1616092195733 0.009812342002987862 1171
1616092230168 0.010599665343761444 1172
1616092264475 0.011617586016654968 1173
1616092298910 0.011083662509918213 1174
1616092333226 0.01007472351193428 1175
1616092367408 0.008262019604444504 1176
1616092402185 0.007822654210031033 1177
1616092436554 0.010791249573230743 1178
1616092470815 0.009645793586969376 1179
1616092506655 0.010255610570311546 1180
1616092541034 0.008848447352647781 1181
1616092575392 0.011448143050074577 1182
1616092609902 0.010245304554700851 1183
1616092644601 0.008996586315333843 1184
1616092679178 0.010141279548406601 1185
1616092713748 0.01076086238026619 1186
1616092748373 0.01026084553450346 1187
1616092782788 0.010685916990041733 1188
1616092817214 0.007729616481810808 1189
1616092853412 0.009662000462412834 1190
1616092888298 0.008931032381951809 1191
1616092922616 0.007800032384693623 1192
1616092956953 0.010298850014805794 1193
1616092991272 0.01036743726581335 1194
1616093025557 0.011501404456794262 1195
1616093059834 0.009881660342216492 1196
1616093094213 0.010219963267445564 1197
1616093128480 0.010009480640292168 1198
1616093162909 0.009215900674462318 1199
1616093199286 0.011836562305688858 1200
1616093223328 0.00916534848511219 0
1616093223340 0.00916534848511219 0
