1616051708203 0.004225083626806736 1
1616051742499 0.0007952760788612068 2
1616051776834 0.0013669207692146301 3
1616051811128 0.0002940018894150853 4
1616051846087 0.00016320982831530273 5
1616051880979 0.00023987158783711493 6
1616051915782 3.8076377677498385e-05 7
1616051950307 1.6922992926993174e-06 8
1616051984563 3.210524664609693e-05 9
1616052020992 9.720522939460352e-06 10
1616052055431 0.0 11
1616052089881 0.0 12
1616052124254 4.4647247705142945e-05 13
1616052159175 6.553641287609935e-05 14
1616052193556 3.691194478960824e-07 15
1616052227824 0.0 16
1616052262082 0.0 17
1616052296325 0.0 18
1616052330582 0.0 19
1616052366452 8.153764611051884e-06 20
1616052400640 0.0 21
1616052434846 0.0 22
1616052469132 0.0 23
1616052503555 0.0 24
1616052539010 0.0 25
1616052573579 2.095987838401925e-06 26
1616052607849 0.0 27
1616052642118 0.0 28
1616052676537 0.0 29
1616052713135 0.0 30
1616052748422 6.429792733797512e-07 31
1616052782754 1.803322447813116e-05 32
1616052816996 0.0 33
1616052851345 0.0 34
1616052885573 0.0 35
1616052919851 1.7483128544881765e-07 36
1616052954113 0.0 37
1616052988460 8.622027394267207e-07 38
1616053023227 0.0 39
1616053059718 0.0 40
1616053094333 0.0 41
1616053128878 0.0 42
1616053163293 0.0 43
1616053197600 0.0 44
1616053231927 0.0 45
1616053266228 0.0 46
1616053300547 0.0 47
1616053334993 0.0 48
1616053369303 0.0 49
1616053406098 0.0 50
1616053440445 0.0 51
1616053474646 0.0 52
1616053508885 0.0 53
1616053543068 0.0 54
1616053577319 1.056456994774635e-06 55
1616053611400 0.0 56
1616053645681 0.0 57
1616053679990 0.0 58
1616053714202 0.0 59
1616053750210 0.0 60
1616053785501 0.0 61
1616053820377 0.0 62
1616053854774 0.0 63
1616053889032 0.0 64
1616053923354 0.0 65
1616053957686 0.0 66
1616053991984 0.0 67
1616054026302 0.0 68
1616054061051 0.0 69
1616054097192 0.0 70
1616054131491 0.0 71
1616054165854 0.0 72
1616054200137 0.0 73
1616054234414 0.0 74
1616054268657 0.0 75
1616054303112 0.0 76
1616054337730 0.0 77
1616054372188 0.0 78
1616054406745 0.0 79
1616054443411 0.0 80
1616054477906 0.0 81
1616054512532 6.731645407853648e-05 82
1616054546891 0.0 83
1616054581213 0.0 84
1616054615652 0.0 85
1616054649863 1.3747169305133866e-06 86
1616054684245 0.0 87
1616054718507 0.0 88
1616054752859 0.0 89
1616054789054 0.0 90
1616054824075 0.0 91
1616054858952 9.766504081198946e-05 92
1616054893598 0.0015236168401315808 93
1616054928112 0.0 94
1616054962660 0.0 95
1616054996917 0.0004171935433987528 96
1616055031203 2.2658166471956065e-06 97
1616055065737 0.0 98
1616055100134 0.0 99
1616055136062 0.0 100
1616055170600 0.0028999880887567997 101
1616055205080 0.0 102
1616055239395 0.0 103
1616055273624 0.0 104
1616055307906 0.0 105
1616055342143 0.0 106
1616055376471 5.677219178323867e-06 107
1616055410845 0.0 108
1616055445181 0.0 109
1616055481145 0.0 110
1616055515442 0.0 111
1616055549860 0.0 112
1616055584729 0.0 113
1616055619276 0.0 114
1616055653843 0.0 115
1616055688456 0.0 116
1616055722834 0.0 117
1616055757470 0.0 118
1616055791843 0.0 119
1616055828548 8.030212484300137e-05 120
1616055863073 0.0 121
1616055897373 0.0 122
1616055932301 7.885216473368928e-05 123
1616055966572 0.0 124
1616056000765 0.0 125
1616056035099 0.0 126
1616056069372 0.0 127
1616056103691 0.0 128
1616056137939 0.0 129
1616056174001 0.0 130
1616056208510 0.0 131
1616056242931 0.00012827599130105227 132
1616056277403 0.0 133
1616056311951 0.0 134
1616056346549 4.251429345458746e-06 135
1616056380891 1.547833926451858e-05 136
1616056415367 0.0002334866439923644 137
1616056449735 0.0015136696165427566 138
1616056484138 9.474285616306588e-05 139
1616056520549 0.0 140
1616056554891 5.073648935649544e-05 141
1616056589205 6.6348300606478e-05 142
1616056623520 0.0 143
1616056658125 0.0 144
1616056692440 0.0 145
1616056726854 9.066018833436829e-07 146
1616056761180 0.0 147
1616056795476 7.24276396795176e-05 148
1616056829741 6.8805543378402945e-06 149
1616056865709 0.0 150
1616056900027 0.0 151
1616056934430 0.0 152
1616056968913 0.0 153
1616057003505 2.7508045604918152e-05 154
1616057038012 0.0 155
1616057072470 0.0 156
1616057106902 8.51102157639616e-08 157
1616057141439 0.0024984001647681 158
1616057175974 0.0 159
1616057212282 0.0 160
1616057246590 4.9550504627404734e-05 161
1616057280902 9.764432888914598e-07 162
1616057315293 3.0092343877186067e-05 163
1616057349698 0.0 164
1616057383992 3.387847755220719e-05 165
1616057418347 0.0008315968443639576 166
1616057452663 0.0001374512939946726 167
1616057487480 0.0012988803209736943 168
1616057521846 0.0045278980396687984 169
1616057557779 0.00039949879283085465 170
1616057592033 0.0002996997209265828 171
1616057626352 0.0006928874645382166 172
1616057660682 0.0031996991019695997 173
1616057694883 0.00047155178617686033 174
1616057729109 0.0011012128088623285 175
1616057763390 0.0013701379066333175 176
1616057797766 0.0034166716504842043 177
1616057832065 7.031539553281618e-06 178
1616057866394 6.428623692045221e-06 179
1616057902504 0.0007117295754142106 180
1616057936819 0.0 181
1616057971230 5.884317943127826e-05 182
1616058005652 0.0 183
1616058040338 0.0005951068596914411 184
1616058075058 3.833114021745132e-07 185
1616058109598 0.0010656078811734915 186
1616058144034 0.00012623218935914338 187
1616058178348 0.0008099976694211364 188
1616058212776 9.496811230746971e-07 189
1616058248768 0.00022240295947995037 190
1616058283004 0.0026940573006868362 191
1616058317336 0.0002575505059212446 192
1616058351665 0.01498451828956604 193
1616058385932 2.9421717044897377e-06 194
1616058420288 0.0004122610844206065 195
1616058455035 5.019615127821453e-05 196
1616058489364 1.1340706805640366e-05 197
1616058523718 0.0020888049621134996 198
1616058557968 0.009485040791332722 199
1616058593840 9.162937931250781e-05 200
1616058628073 3.5622048017103225e-05 201
1616058662311 0.0 202
1616058696587 3.548026870703325e-05 203
1616058730947 0.0003436724073253572 204
1616058765174 2.663055624907429e-07 205
1616058799525 0.002168323379009962 206
1616058833865 0.004993928596377373 207
1616058868548 0.0001096995547413826 208
1616058903158 0.002669110195711255 209
1616058939336 0.0 210
1616058973832 1.0244276381854434e-05 211
1616059008400 0.0008495479705743492 212
1616059042725 0.00010668136383173987 213
1616059077129 0.0005817755591124296 214
1616059111497 0.004688846413046122 215
1616059145889 0.0022533535957336426 216
1616059180735 0.0007063766825012863 217
1616059214992 6.246060820558341e-06 218
1616059249365 0.014152059331536293 219
1616059285153 0.0003146603121422231 220
1616059319372 0.00169613107573241 221
1616059353757 0.0026065849233418703 222
1616059388137 0.00011385997640900314 223
1616059422710 1.6659321772749536e-05 224
1616059457587 1.7334345102426596e-05 225
1616059492031 3.498143269098364e-05 226
1616059526552 0.0 227
1616059560859 0.0006319432286545634 228
1616059595231 0.00149652105756104 229
1616059631364 2.3395892640110105e-05 230
1616059666292 0.0004988559521734715 231
1616059700760 7.461191125912592e-05 232
1616059735102 0.002738334471359849 233
1616059769373 0.0003332292544655502 234
1616059803665 0.007115553133189678 235
1616059838002 0.00022147408162709326 236
1616059872355 0.0005282292841002345 237
1616059906845 0.009272064082324505 238
1616059941556 0.004092708230018616 239
1616059977950 0.013661413453519344 240
1616060012409 0.006677383091300726 241
1616060047097 0.010087904520332813 242
1616060081505 0.0031185317784547806 243
1616060115833 0.002474305685609579 244
1616060150291 0.019536908715963364 245
1616060184660 0.007701253052800894 246
1616060219050 0.006719536148011684 247
1616060253503 0.01482199877500534 248
1616060287933 0.005176310893148184 249
1616060324135 0.015654703602194786 250
1616060358383 0.011881056241691113 251
1616060392743 0.006063608452677727 252
1616060427103 0.020156612619757652 253
1616060461412 0.01092673372477293 254
1616060496077 0.017551731318235397 255
1616060530332 0.011242891661822796 256
1616060564502 0.005028236657381058 257
1616060598778 0.0030309390276670456 258
1616060633060 0.010037537664175034 259
1616060668925 0.022129634395241737 260
1616060703190 0.014761202037334442 261
1616060737446 0.02896825224161148 262
1616060771714 0.012865839526057243 263
1616060806084 0.013164553791284561 264
1616060840432 0.0019284070003777742 265
1616060875306 0.0020633884705603123 266
1616060910076 0.003970743622630835 267
1616060944742 0.0024994402192533016 268
1616060979057 0.013576094061136246 269
1616061015281 0.034702688455581665 270
1616061049645 0.007781573571264744 271
1616061083939 0.011501690372824669 272
1616061118354 0.03014720231294632 273
1616061152659 0.015063326805830002 274
1616061187066 0.008267104625701904 275
1616061221680 0.012643366120755672 276
1616061255953 0.012777331285178661 277
1616061290236 0.02086443267762661 278
1616061324485 0.019350405782461166 279
1616061360467 0.004174302332103252 280
1616061394811 0.007738400250673294 281
1616061429082 0.0336015522480011 282
1616061463346 0.011065728962421417 283
1616061497597 0.016612958163022995 284
1616061531923 0.022515393793582916 285
1616061566352 0.017718054354190826 286
1616061600777 0.01262736041098833 287
1616061635357 0.00803558062762022 288
1616061669922 0.008861450478434563 289
1616061706249 0.007937422953546047 290
1616061740836 0.014861160889267921 291
1616061775252 0.06255888938903809 292
1616061809616 0.024918049573898315 293
1616061844065 0.011331792920827866 294
1616061878343 0.0235605426132679 295
1616061912750 0.01820138841867447 296
1616061947071 0.036529846489429474 297
1616061981356 0.029508180916309357 298
1616062015767 0.01908554509282112 299
1616062051930 0.03574496507644653 300
1616062086255 0.017379095777869225 301
1616062120558 0.011239223182201385 302
1616062154759 0.028294268995523453 303
1616062189055 0.04850808158516884 304
1616062223267 0.018470974639058113 305
1616062257480 0.017540218308568 306
1616062291768 0.028738901019096375 307
1616062326086 0.03742498904466629 308
1616062360379 0.060401879251003265 309
1616062396196 0.01746532693505287 310
1616062430502 0.0392562672495842 311
1616062464902 0.013884193263947964 312
1616062499378 0.04194802790880203 313
1616062533887 0.04248105734586716 314
1616062568387 0.028158871456980705 315
1616062602922 0.03900042176246643 316
1616062637535 0.03437953442335129 317
1616062671937 0.028046872466802597 318
1616062706488 0.021860171109437943 319
1616062743258 0.02515561506152153 320
1616062777631 0.02135802060365677 321
1616062811913 0.032685570418834686 322
1616062846273 0.020936377346515656 323
1616062881036 0.030972976237535477 324
1616062915653 0.03138851374387741 325
1616062950395 0.06131051480770111 326
1616062985065 0.0370686873793602 327
1616063019622 0.032623451203107834 328
1616063053816 0.05112028121948242 329
1616063089871 0.036891575902700424 330
1616063124257 0.03153213858604431 331
1616063158646 0.03700685128569603 332
1616063192952 0.01367250643670559 333
1616063227331 0.03424566611647606 334
1616063262002 0.0358673632144928 335
1616063296288 0.08899590373039246 336
1616063330598 0.06816192716360092 337
1616063364849 0.06332473456859589 338
1616063399090 0.056273654103279114 339
1616063435058 0.026320207864046097 340
1616063469329 0.06339889019727707 341
1616063504067 0.10480089485645294 342
1616063538539 0.08134768903255463 343
1616063573235 0.040759630501270294 344
1616063607936 0.06213313341140747 345
1616063642513 0.0486481636762619 346
1616063677074 0.0689457431435585 347
1616063711427 0.07678011059761047 348
1616063745661 0.06479012221097946 349
1616063782236 0.06001822650432587 350
1616063816601 0.07824797928333282 351
1616063850870 0.11106494069099426 352
1616063885210 0.04561822488903999 353
1616063919504 0.0756596028804779 354
1616063953757 0.06731509417295456 355
1616063988139 0.057172730565071106 356
1616064022485 0.042428676038980484 357
1616064056861 0.07150217145681381 358
1616064092285 0.06104345619678497 359
1616064128543 0.06741227209568024 360
1616064163111 0.09005522727966309 361
1616064197436 0.034922271966934204 362
1616064231843 0.05009583383798599 363
1616064266247 0.08965310454368591 364
1616064300875 0.050702907145023346 365
1616064335315 0.044685885310173035 366
1616064369737 0.05927848443388939 367
1616064403997 0.0872354656457901 368
1616064438337 0.04600682854652405 369
1616064474348 0.0594182051718235 370
1616064508632 0.05602673441171646 371
1616064542894 0.0777672678232193 372
1616064577186 0.08051222562789917 373
1616064611484 0.04159969091415405 374
1616064645774 0.049057912081480026 375
1616064680222 0.07257190346717834 376
1616064714685 0.04445134103298187 377
1616064749226 0.030230741947889328 378
1616064783658 0.01024501770734787 379
1616064819719 0.03578706085681915 380
1616064854533 0.03266311436891556 381
1616064889089 0.07582052052021027 382
1616064923525 0.04214335232973099 383
1616064957874 0.04582107439637184 384
1616064992170 0.08320464193820953 385
1616065026489 0.07185450196266174 386
1616065060996 0.06266088783740997 387
1616065095259 0.0505760982632637 388
1616065129559 0.057495661079883575 389
1616065165504 0.061520449817180634 390
1616065199738 0.04588592052459717 391
1616065234075 0.043380264192819595 392
1616065268400 0.06047888100147247 393
1616065302717 0.06174091249704361 394
1616065337046 0.06717796623706818 395
1616065371400 0.08711963891983032 396
1616065405741 0.09511440247297287 397
1616065440452 0.05506448820233345 398
1616065475251 0.07456587255001068 399
1616065511594 0.044970497488975525 400
1616065546302 0.0666516125202179 401
1616065580628 0.060103606432676315 402
1616065615046 0.054085761308670044 403
1616065649377 0.07209479063749313 404
1616065683706 0.02974267676472664 405
1616065718010 0.09006738662719727 406
1616065752512 0.07409848272800446 407
1616065786783 0.09253740310668945 408
1616065821135 0.08616684377193451 409
1616065857001 0.09452760964632034 410
1616065891277 0.07614845782518387 411
1616065925599 0.09264019876718521 412
1616065959749 0.06625555455684662 413
1616065994063 0.04683505743741989 414
1616066028296 0.09840990602970123 415
1616066062562 0.0834377110004425 416
1616066097007 0.04408712685108185 417
1616066131370 0.08140906691551208 418
1616066165864 0.09000864624977112 419
1616066201890 0.08546695113182068 420
1616066236280 0.11562548577785492 421
1616066270769 0.051062628626823425 422
1616066305188 0.06326650828123093 423
1616066339656 0.08553970605134964 424
1616066374101 0.046660978347063065 425
1616066408432 0.05740223079919815 426
1616066442690 0.06054665893316269 427
1616066477164 0.061528898775577545 428
1616066511348 0.06237100064754486 429
1616066547425 0.04888397827744484 430
1616066581861 0.03592093288898468 431
1616066616395 0.08186984062194824 432
1616066650849 0.05055157467722893 433
1616066685107 0.07064305245876312 434
1616066719417 0.07520914077758789 435
1616066753693 0.048854704946279526 436
1616066787951 0.09331915527582169 437
1616066822338 0.07722295820713043 438
1616066856731 0.09450595080852509 439
1616066893249 0.08115968108177185 440
1616066928006 0.0703793317079544 441
1616066962392 0.0873754695057869 442
1616066997017 0.075708769261837 443
1616067031593 0.09417043626308441 444
1616067065902 0.08757931739091873 445
1616067100244 0.06239674612879753 446
1616067134564 0.07130292803049088 447
1616067168851 0.06269219517707825 448
1616067203279 0.10050405561923981 449
1616067242071 0.09041471034288406 450
1616067276321 0.06925956904888153 451
1616067310698 0.12323836982250214 452
1616067345278 0.07709692418575287 453
1616067379643 0.0862467959523201 454
1616067413869 0.11971035599708557 455
1616067448201 0.10788031667470932 456
1616067482418 0.08155634999275208 457
1616067516787 0.08789661526679993 458
1616067551025 0.07980591803789139 459
1616067587152 0.10035812854766846 460
1616067621430 0.10052058100700378 461
1616067655824 0.12096245586872101 462
1616067690130 0.07860326021909714 463
1616067724411 0.0941230058670044 464
1616067758881 0.12669749557971954 465
1616067793459 0.09505563974380493 466
1616067828031 0.13117976486682892 467
1616067862622 0.07849185168743134 468
1616067897174 0.09509630501270294 469
1616067933288 0.10131552070379257 470
1616067967659 0.04807617515325546 471
1616068001967 0.0815514326095581 472
1616068036399 0.1280517876148224 473
1616068070778 0.10320162028074265 474
1616068105057 0.07158221304416656 475
1616068139402 0.08900640159845352 476
1616068173826 0.07448579370975494 477
1616068208188 0.09803835302591324 478
1616068242475 0.11750856786966324 479
1616068278480 0.08719098567962646 480
1616068313318 0.10322865843772888 481
1616068347604 0.1106327474117279 482
1616068381838 0.08064761757850647 483
1616068416052 0.11500297486782074 484
1616068450399 0.1178094744682312 485
1616068484717 0.07872074097394943 486
1616068519002 0.07647505402565002 487
1616068553239 0.0650087296962738 488
1616068587500 0.15353700518608093 489
1616068623545 0.11161684989929199 490
1616068658125 0.10636323690414429 491
1616068692769 0.11809729039669037 492
1616068727330 0.12241731584072113 493
1616068761798 0.07596655189990997 494
1616068796521 0.11334112286567688 495
1616068830991 0.11907787621021271 496
1616068865703 0.09994624555110931 497
1616068900024 0.13136029243469238 498
1616068934402 0.07623263448476791 499
1616068970473 0.12948031723499298 500
1616069004908 0.11702396720647812 501
1616069039216 0.08226906508207321 502
1616069073513 0.12022958695888519 503
1616069107801 0.0849185585975647 504
1616069142144 0.10431869328022003 505
1616069176421 0.10022381693124771 506
1616069211109 0.11468455195426941 507
1616069245421 0.061671122908592224 508
1616069279722 0.08637188374996185 509
1616069315747 0.09018141776323318 510
1616069350025 0.06973942369222641 511
1616069384310 0.1509886085987091 512
1616069418529 0.14101454615592957 513
1616069452873 0.07555023580789566 514
1616069487322 0.09568729996681213 515
1616069522065 0.09482543915510178 516
1616069556606 0.0913248211145401 517
1616069591209 0.12542763352394104 518
1616069625665 0.09981073439121246 519
1616069661936 0.12589752674102783 520
1616069696506 0.1270841509103775 521
1616069731137 0.09499270468950272 522
1616069765607 0.09647698700428009 523
1616069799978 0.14994867146015167 524
1616069834379 0.12880432605743408 525
1616069868724 0.08650075644254684 526
1616069902991 0.10147909820079803 527
1616069937696 0.11354847252368927 528
1616069971996 0.12539374828338623 529
1616070007972 0.10298588126897812 530
1616070042215 0.11087801307439804 531
1616070076475 0.10533841699361801 532
1616070110752 0.10777202248573303 533
1616070145011 0.09259642660617828 534
1616070179347 0.14712074398994446 535
1616070213684 0.13619917631149292 536
1616070248135 0.10727018117904663 537
1616070282882 0.12078811228275299 538
1616070317593 0.11934631317853928 539
1616070354190 0.16498805582523346 540
1616070388682 0.14127910137176514 541
1616070423233 0.07160229980945587 542
1616070457694 0.10662557184696198 543
1616070492167 0.12131894379854202 544
1616070526589 0.1356784999370575 545
1616070560911 0.0963614284992218 546
1616070595291 0.0997420996427536 547
1616070630053 0.1119556725025177 548
1616070664396 0.12525299191474915 549
1616070700279 0.09780558198690414 550
1616070734514 0.12173625826835632 551
1616070768814 0.12117161601781845 552
1616070803079 0.13467660546302795 553
1616070837465 0.10929414629936218 554
1616070871805 0.15306633710861206 555
1616070906607 0.13615749776363373 556
1616070941066 0.11511041224002838 557
1616070975553 0.11404632031917572 558
1616071010133 0.09786371886730194 559
1616071046509 0.11983407288789749 560
1616071081026 0.13524815440177917 561
1616071115442 0.05131152644753456 562
1616071150199 0.09025450795888901 563
1616071184544 0.1340797245502472 564
1616071218855 0.08409300446510315 565
1616071253231 0.14202095568180084 566
1616071287542 0.16841882467269897 567
1616071321845 0.10774222016334534 568
1616071356562 0.13778607547283173 569
1616071392482 0.10350213944911957 570
1616071426832 0.10236648470163345 571
1616071461109 0.16450008749961853 572
1616071495491 0.16544273495674133 573
1616071529925 0.132266104221344 574
1616071564400 0.13379539549350739 575
1616071599072 0.12365207076072693 576
1616071633717 0.16595619916915894 577
1616071668424 0.11751027405261993 578
1616071702886 0.11688712239265442 579
1616071739035 0.11875124275684357 580
1616071773621 0.15987955033779144 581
1616071808066 0.16900014877319336 582
1616071842470 0.14826050400733948 583
1616071877243 0.08779013156890869 584
1616071911510 0.1595894992351532 585
1616071945733 0.14215338230133057 586
1616071980061 0.13908424973487854 587
1616072014388 0.17985671758651733 588
1616072048697 0.13008147478103638 589
1616072084686 0.13779526948928833 590
1616072118968 0.12768647074699402 591
1616072153322 0.1344441920518875 592
1616072187649 0.1483592391014099 593
1616072222128 0.14273807406425476 594
1616072256569 0.12126534432172775 595
1616072291030 0.15417727828025818 596
1616072325603 0.1286855936050415 597
1616072360128 0.1561838686466217 598
1616072394808 0.10372824221849442 599
1616072431004 0.13983291387557983 600
1616072465624 0.1717490255832672 601
1616072500265 0.12258019298315048 602
1616072534555 0.09207320958375931 603
1616072568870 0.11575788259506226 604
1616072603165 0.09600825607776642 605
1616072637510 0.17133879661560059 606
1616072671797 0.14100009202957153 607
1616072706034 0.15797631442546844 608
1616072740301 0.1361083686351776 609
1616072776223 0.15496492385864258 610
1616072810543 0.09959189593791962 611
1616072845008 0.12938685715198517 612
1616072879429 0.09758321940898895 613
1616072913843 0.12618595361709595 614
1616072948486 0.1360798478126526 615
1616072982975 0.1330086886882782 616
1616073017547 0.11316338181495667 617
1616073052071 0.1509932577610016 618
1616073086662 0.09199593216180801 619
1616073122758 0.1619645655155182 620
1616073156984 0.13191716372966766 621
1616073191264 0.0869293063879013 622
1616073225604 0.12259787321090698 623
1616073259996 0.1716337651014328 624
1616073294461 0.1259273886680603 625
1616073329219 0.14242872595787048 626
1616073363547 0.1062149703502655 627
1616073397918 0.14660733938217163 628
1616073432123 0.1490599811077118 629
1616073468046 0.15368658304214478 630
1616073502416 0.16363394260406494 631
1616073536718 0.10269704461097717 632
1616073570941 0.12582451105117798 633
1616073605159 0.14587706327438354 634
1616073639362 0.11122502386569977 635
1616073673647 0.10761485993862152 636
1616073707967 0.14243701100349426 637
1616073742372 0.12582048773765564 638
1616073776675 0.19588616490364075 639
1616073812795 0.12174084782600403 640
1616073847378 0.12492120265960693 641
1616073881898 0.14082832634449005 642
1616073916450 0.21382078528404236 643
1616073950944 0.13518297672271729 644
1616073985414 0.1302759349346161 645
1616074019790 0.18910934031009674 646
1616074054310 0.14221590757369995 647
1616074088739 0.14561191201210022 648
1616074123173 0.12362948060035706 649
1616074159106 0.14202521741390228 650
1616074193461 0.14835557341575623 651
1616074227908 0.1456613540649414 652
1616074262208 0.14595212042331696 653
1616074296591 0.15810570120811462 654
1616074330853 0.20623958110809326 655
1616074365221 0.1614559292793274 656
1616074399889 0.15209108591079712 657
1616074434175 0.13331711292266846 658
1616074468474 0.1665007770061493 659
1616074504434 0.15697193145751953 660
1616074538652 0.13801318407058716 661
1616074572894 0.10042236745357513 662
1616074607157 0.13333933055400848 663
1616074641412 0.11339791119098663 664
1616074675635 0.1889318823814392 665
1616074710021 0.1432102620601654 666
1616074744350 0.16508722305297852 667
1616074778600 0.16523239016532898 668
1616074812937 0.20360103249549866 669
1616074848934 0.16877618432044983 670
1616074883312 0.14002245664596558 671
1616074917822 0.14891140162944794 672
1616074952596 0.11009295284748077 673
1616074987070 0.1771266758441925 674
1616075021490 0.13803647458553314 675
1616075055897 0.1846630573272705 676
1616075090323 0.180834099650383 677
1616075124760 0.1540839672088623 678
1616075159167 0.157331183552742 679
1616075195303 0.18593204021453857 680
1616075229600 0.14784283936023712 681
1616075263928 0.1975463628768921 682
1616075298318 0.14194737374782562 683
1616075332732 0.12713561952114105 684
1616075367147 0.18038660287857056 685
1616075401365 0.21036659181118011 686
1616075435958 0.1976834088563919 687
1616075470701 0.12761226296424866 688
1616075504913 0.14631028473377228 689
1616075540737 0.1179250031709671 690
1616075575114 0.1555110216140747 691
1616075609415 0.1786482334136963 692
1616075643613 0.16524145007133484 693
1616075677947 0.16236697137355804 694
1616075712259 0.1979067325592041 695
1616075746634 0.16067448258399963 696
1616075780928 0.14952632784843445 697
1616075815284 0.13167814910411835 698
1616075849559 0.13109828531742096 699
1616075885853 0.15064573287963867 700
1616075920333 0.1837862730026245 701
1616075954879 0.19710764288902283 702
1616075989540 0.1674412488937378 703
1616076023979 0.16491197049617767 704
1616076058567 0.18050067126750946 705
1616076092966 0.1715700626373291 706
1616076127381 0.14202654361724854 707
1616076161760 0.14908240735530853 708
1616076196135 0.1690940260887146 709
1616076232333 0.1416521966457367 710
1616076266605 0.1943865418434143 711
1616076300925 0.15740002691745758 712
1616076335320 0.16237011551856995 713
1616076369670 0.12050612270832062 714
1616076403968 0.16180941462516785 715
1616076438319 0.14488568902015686 716
1616076472671 0.16793188452720642 717
1616076507723 0.2009047120809555 718
1616076542057 0.20401044189929962 719
1616076578057 0.17076674103736877 720
1616076612427 0.18875303864479065 721
1616076646626 0.1653374433517456 722
1616076680881 0.19256144762039185 723
1616076715228 0.1534612774848938 724
1616076749478 0.147490456700325 725
1616076783698 0.17232629656791687 726
1616076817977 0.21101683378219604 727
1616076852350 0.1462373584508896 728
1616076886777 0.17077723145484924 729
1616076923002 0.20999059081077576 730
1616076957491 0.16818618774414062 731
1616076992057 0.12484417855739594 732
1616077026926 0.17133459448814392 733
1616077061463 0.16934725642204285 734
1616077095869 0.13634394109249115 735
1616077130242 0.15444521605968475 736
1616077164605 0.18652227520942688 737
1616077199042 0.16923925280570984 738
1616077233315 0.22042685747146606 739
1616077270303 0.12997542321681976 740
1616077304698 0.18560299277305603 741
1616077339048 0.2128552794456482 742
1616077373343 0.1697942614555359 743
1616077407701 0.19154846668243408 744
1616077441987 0.16765552759170532 745
1616077476234 0.19026786088943481 746
1616077510620 0.19171829521656036 747
1616077545341 0.148806631565094 748
1616077580341 0.12468218058347702 749
1616077616940 0.14315664768218994 750
1616077651370 0.12875071167945862 751
1616077685755 0.1339712291955948 752
1616077720200 0.17418703436851501 753
1616077754964 0.17131638526916504 754
1616077789434 0.17121589183807373 755
1616077823657 0.16250842809677124 756
1616077857869 0.18266353011131287 757
1616077892248 0.2029159963130951 758
1616077926554 0.13926821947097778 759
1616077962495 0.17912496626377106 760
1616077996792 0.15306368470191956 761
1616078031095 0.1605486422777176 762
1616078065505 0.14274726808071136 763
1616078099963 0.15199929475784302 764
1616078134602 0.15209536254405975 765
1616078169074 0.15532374382019043 766
1616078203681 0.16715559363365173 767
1616078238241 0.17040348052978516 768
1616078272663 0.20147117972373962 769
1616078308836 0.17355835437774658 770
1616078343214 0.15140295028686523 771
1616078377591 0.1657092273235321 772
1616078412097 0.18389347195625305 773
1616078446441 0.16716773808002472 774
1616078481029 0.1435524821281433 775
1616078515478 0.20823456346988678 776
1616078549808 0.18479277193546295 777
1616078583971 0.19728180766105652 778
1616078618241 0.16247119009494781 779
1616078654133 0.1772576868534088 780
1616078688369 0.19642379879951477 781
1616078722672 0.17786911129951477 782
1616078756930 0.17693310976028442 783
1616078791326 0.18017128109931946 784
1616078825749 0.20792508125305176 785
1616078860643 0.19085411727428436 786
1616078895124 0.18790897727012634 787
1616078929634 0.19648775458335876 788
1616078964090 0.16657453775405884 789
1616079000184 0.15762962400913239 790
1616079034656 0.13274264335632324 791
1616079069083 0.17592883110046387 792
1616079103426 0.14856404066085815 793
1616079138132 0.1793489158153534 794
1616079172450 0.22688695788383484 795
1616079206790 0.18544569611549377 796
1616079241051 0.18509717285633087 797
1616079275398 0.14223700761795044 798
1616079309776 0.23770619928836823 799
1616079345639 0.18352046608924866 800
1616079379987 0.15496188402175903 801
1616079414224 0.183851957321167 802
1616079448483 0.16745129227638245 803
1616079482742 0.22107742726802826 804
1616079517060 0.15180134773254395 805
1616079551493 0.1792413294315338 806
1616079586131 0.17321616411209106 807
1616079620895 0.17458949983119965 808
1616079655938 0.1637648195028305 809
1616079692088 0.17205597460269928 810
1616079726509 0.13369899988174438 811
1616079760919 0.22606909275054932 812
1616079795498 0.19415098428726196 813
1616079829905 0.19019252061843872 814
1616079864523 0.1861189603805542 815
1616079898829 0.19352664053440094 816
1616079933214 0.19192510843276978 817
1616079967530 0.18017184734344482 818
1616080001776 0.1476748138666153 819
1616080037613 0.18891140818595886 820
1616080071953 0.1533680558204651 821
1616080106355 0.17179444432258606 822
1616080140621 0.19247423112392426 823
1616080175115 0.20494458079338074 824
1616080210084 0.16884122788906097 825
1616080244891 0.21038150787353516 826
1616080279364 0.15745651721954346 827
1616080313783 0.18325167894363403 828
1616080348250 0.15024912357330322 829
1616080384540 0.19288821518421173 830
1616080419074 0.1527569591999054 831
1616080453589 0.188877135515213 832
1616080487980 0.21876463294029236 833
1616080522398 0.17380428314208984 834
1616080557018 0.18594953417778015 835
1616080591284 0.17487862706184387 836
1616080625546 0.1742936372756958 837
1616080659810 0.1497834175825119 838
1616080694172 0.1729516088962555 839
1616080730127 0.20350457727909088 840
1616080764410 0.1457076072692871 841
1616080801285 0.19457820057868958 842
1616080835866 0.1992654800415039 843
1616080870801 0.1747637689113617 844
1616080905565 0.15924480557441711 845
1616080940442 0.2167251706123352 846
1616080975041 0.2171364426612854 847
1616081009546 0.16688470542430878 848
1616081043829 0.14709873497486115 849
1616081079827 0.2036982774734497 850
1616081114798 0.20044678449630737 851
1616081149099 0.1845681071281433 852
1616081183307 0.16077089309692383 853
1616081217682 0.16668164730072021 854
1616081251981 0.1650530993938446 855
1616081286288 0.1976667046546936 856
1616081320516 0.13944104313850403 857
1616081354813 0.16798962652683258 858
1616081389537 0.18858864903450012 859
1616081425499 0.2273288518190384 860
1616081459773 0.17262013256549835 861
1616081494259 0.1736030876636505 862
1616081528824 0.13285817205905914 863
1616081563414 0.15538877248764038 864
1616081597968 0.18968409299850464 865
1616081632416 0.16615673899650574 866
1616081666905 0.1868809461593628 867
1616081701495 0.1743602454662323 868
1616081735992 0.18850824236869812 869
1616081772445 0.1947455108165741 870
1616081806826 0.21457424759864807 871
1616081841161 0.17277081310749054 872
1616081875539 0.1449277698993683 873
1616081909940 0.15230976045131683 874
1616081944350 0.17358186841011047 875
1616081978664 0.20576229691505432 876
1616082012973 0.17367205023765564 877
1616082047629 0.14308768510818481 878
1616082082033 0.20552405714988708 879
1616082117947 0.17858213186264038 880
1616082152357 0.17590221762657166 881
1616082186703 0.1801876276731491 882
1616082221020 0.17587172985076904 883
1616082255307 0.12683680653572083 884
1616082289536 0.14420150220394135 885
1616082324048 0.1923712193965912 886
1616082359070 0.22196832299232483 887
1616082393526 0.1985732913017273 888
1616082428082 0.16809365153312683 889
1616082464552 0.179273784160614 890
1616082499009 0.1971624195575714 891
1616082533498 0.16131630539894104 892
1616082568118 0.1837230771780014 893
1616082602399 0.16658778488636017 894
1616082637265 0.25005388259887695 895
1616082671579 0.16906973719596863 896
1616082705883 0.1195431649684906 897
1616082740161 0.1879262924194336 898
1616082774510 0.13410721719264984 899
1616082810271 0.17911097407341003 900
1616082844638 0.20392675697803497 901
1616082878995 0.18452903628349304 902
1616082913382 0.1820143461227417 903
1616082947664 0.21794599294662476 904
1616082982530 0.16036538779735565 905
1616083017284 0.21356689929962158 906
1616083052098 0.16111600399017334 907
1616083086838 0.17712050676345825 908
1616083121632 0.13503557443618774 909
1616083158124 0.1813073307275772 910
1616083192547 0.17581172287464142 911
1616083226965 0.18032525479793549 912
1616083261338 0.16603103280067444 913
1616083295792 0.18958477675914764 914
1616083330134 0.10665827989578247 915
1616083365044 0.22159269452095032 916
1616083399369 0.1514924019575119 917
1616083433644 0.20196004211902618 918
1616083467988 0.17337682843208313 919
1616083503976 0.1646721065044403 920
1616083538362 0.156612366437912 921
1616083572780 0.1784515678882599 922
1616083607194 0.20173725485801697 923
1616083641661 0.21862086653709412 924
1616083676286 0.1911814957857132 925
1616083711448 0.22189104557037354 926
1616083746267 0.19779399037361145 927
1616083780729 0.18612363934516907 928
1616083815020 0.16489510238170624 929
1616083851538 0.14317955076694489 930
1616083885885 0.17827585339546204 931
1616083920933 0.1937052607536316 932
1616083955191 0.1798674315214157 933
1616083989530 0.151262104511261 934
1616084023843 0.18255744874477386 935
1616084058189 0.1498512178659439 936
1616084092513 0.11686068773269653 937
1616084126732 0.1841641664505005 938
1616084161443 0.17413517832756042 939
1616084197969 0.1680607795715332 940
1616084232850 0.1632201373577118 941
1616084267357 0.1750861406326294 942
1616084301760 0.17779308557510376 943
1616084336399 0.16288098692893982 944
1616084371394 0.18134765326976776 945
1616084405801 0.18458794057369232 946
1616084440110 0.16580644249916077 947
1616084474467 0.19554921984672546 948
1616084508755 0.17726954817771912 949
1616084544801 0.20296671986579895 950
1616084579059 0.2003764808177948 951
1616084613362 0.1811627447605133 952
1616084647670 0.20512348413467407 953
1616084681972 0.22200040519237518 954
1616084716300 0.13226868212223053 955
1616084750782 0.2279798686504364 956
1616084785345 0.1719362884759903 957
1616084819901 0.2170693278312683 958
1616084854447 0.1574745774269104 959
1616084890966 0.10427598655223846 960
1616084925319 0.18888205289840698 961
1616084959860 0.2189093977212906 962
1616084994140 0.2016296088695526 963
1616085028436 0.2088509500026703 964
1616085062753 0.22517652809619904 965
1616085097684 0.1623193919658661 966
1616085131990 0.1665792018175125 967
1616085166387 0.1762440949678421 968
1616085200708 0.16912800073623657 969
1616085236691 0.14830783009529114 970
1616085270998 0.19017308950424194 971
1616085305249 0.20093485713005066 972
1616085339514 0.1743299961090088 973
1616085373911 0.16514500975608826 974
1616085408210 0.22214862704277039 975
1616085442631 0.18685322999954224 976
1616085477293 0.1813456416130066 977
1616085511866 0.1667994260787964 978
1616085546577 0.1938655525445938 979
1616085582921 0.19768890738487244 980
1616085617386 0.16656136512756348 981
1616085651877 0.1709420382976532 982
1616085686393 0.19119513034820557 983
1616085720684 0.2056630700826645 984
1616085755673 0.2126934677362442 985
1616085789919 0.17559877038002014 986
1616085824184 0.17248401045799255 987
1616085858504 0.18536877632141113 988
1616085892855 0.21965855360031128 989
1616085928901 0.16208764910697937 990
1616085963288 0.1802111268043518 991
1616085997634 0.17982524633407593 992
1616086032191 0.2347371131181717 993
1616086066871 0.20877684652805328 994
1616086101349 0.22177903354167938 995
1616086135928 0.16787508130073547 996
1616086170421 0.19086560606956482 997
1616086205605 0.17904523015022278 998
1616086240067 0.1999046504497528 999
1616086276431 0.17260760068893433 1000
1616086310721 0.1751064658164978 1001
1616086345035 0.18738019466400146 1002
1616086379531 0.15329709649085999 1003
1616086414386 0.13519348204135895 1004
1616086448648 0.19413509964942932 1005
1616086482899 0.1710669845342636 1006
1616086517190 0.21326513588428497 1007
1616086551544 0.1627284288406372 1008
1616086585824 0.1930403709411621 1009
1616086621838 0.17182984948158264 1010
1616086656110 0.1813167780637741 1011
1616086690377 0.1908382624387741 1012
1616086724720 0.14783045649528503 1013
1616086759114 0.19008690118789673 1014
1616086794020 0.18424317240715027 1015
1616086830435 0.18982744216918945 1016
1616086865333 0.18488584458827972 1017
1616086899871 0.15715765953063965 1018
1616086934249 0.19266462326049805 1019
1616086970260 0.1930624544620514 1020
1616087004564 0.16711819171905518 1021
1616087038869 0.1261417716741562 1022
1616087073811 0.17664222419261932 1023
1616087108250 0.2139720618724823 1024
1616087142566 0.22768625617027283 1025
1616087176830 0.18964172899723053 1026
1616087211164 0.1968844085931778 1027
1616087245593 0.17111502587795258 1028
1616087279897 0.23554173111915588 1029
1616087316207 0.15300263464450836 1030
1616087350881 0.19211068749427795 1031
1616087385640 0.22811979055404663 1032
1616087420342 0.18847796320915222 1033
1616087454855 0.2244703471660614 1034
1616087489171 0.17804625630378723 1035
1616087523641 0.19075874984264374 1036
1616087557933 0.23516926169395447 1037
1616087592415 0.21138648688793182 1038
1616087626699 0.15442785620689392 1039
1616087663197 0.19168835878372192 1040
1616087697614 0.16550344228744507 1041
1616087731896 0.2134775072336197 1042
1616087766254 0.23503375053405762 1043
1616087800495 0.14870476722717285 1044
1616087834675 0.2045060098171234 1045
1616087868971 0.16612842679023743 1046
1616087903241 0.1763424277305603 1047
1616087937634 0.17489106953144073 1048
1616087972299 0.16733327507972717 1049
1616088008606 0.22196415066719055 1050
1616088043054 0.20543383061885834 1051
1616088077557 0.20371878147125244 1052
1616088112420 0.18827153742313385 1053
1616088147006 0.17768046259880066 1054
1616088181409 0.14506927132606506 1055
1616088215730 0.20940303802490234 1056
1616088250105 0.2015785276889801 1057
1616088284433 0.15561345219612122 1058
1616088318692 0.135020911693573 1059
1616088354656 0.14989663660526276 1060
1616088389369 0.19254246354103088 1061
1616088423635 0.14798250794410706 1062
1616088457876 0.16539838910102844 1063
1616088492091 0.15858837962150574 1064
1616088526411 0.14820826053619385 1065
1616088560698 0.20351767539978027 1066
1616088595002 0.13994930684566498 1067
1616088629311 0.16517777740955353 1068
1616088663608 0.22721633315086365 1069
1616088699890 0.18510934710502625 1070
1616088734495 0.2370217740535736 1071
1616088769060 0.14348654448986053 1072
1616088803701 0.1316721886396408 1073
1616088838135 0.13293492794036865 1074
1616088872687 0.21266144514083862 1075
1616088907172 0.21163687109947205 1076
1616088941596 0.18529817461967468 1077
1616088975976 0.18744874000549316 1078
1616089010361 0.14495150744915009 1079
1616089046430 0.21779832243919373 1080
1616089080863 0.20113250613212585 1081
1616089115244 0.156948059797287 1082
1616089149607 0.14631828665733337 1083
1616089183896 0.15633553266525269 1084
1616089218236 0.17296487092971802 1085
1616089252579 0.18399165570735931 1086
1616089287281 0.21927404403686523 1087
1616089321937 0.18329934775829315 1088
1616089356817 0.15179374814033508 1089
1616089393150 0.17796124517917633 1090
1616089427627 0.19078636169433594 1091
1616089461946 0.16225576400756836 1092
1616089496305 0.1667436957359314 1093
1616089530953 0.17617730796337128 1094
1616089565306 0.18329472839832306 1095
1616089599625 0.21761846542358398 1096
1616089633935 0.15899264812469482 1097
1616089668172 0.2166711986064911 1098
1616089702473 0.17782869935035706 1099
1616089738279 0.17954720556735992 1100
1616089772585 0.19456198811531067 1101
1616089807058 0.1821557879447937 1102
1616089841396 0.18234331905841827 1103
1616089875781 0.2172694206237793 1104
1616089910372 0.1660284698009491 1105
1616089944823 0.20366895198822021 1106
1616089979260 0.16903331875801086 1107
1616090013604 0.18374863266944885 1108
1616090047947 0.21075744926929474 1109
1616090084158 0.2432059943675995 1110
1616090118698 0.15642502903938293 1111
1616090153289 0.15208852291107178 1112
1616090187615 0.14848831295967102 1113
1616090221803 0.18044239282608032 1114
1616090256234 0.16907668113708496 1115
1616090290510 0.24233099818229675 1116
1616090324823 0.21903879940509796 1117
1616090359095 0.18890318274497986 1118
1616090393424 0.14978766441345215 1119
1616090430030 0.19188624620437622 1120
1616090464411 0.165183424949646 1121
1616090498715 0.19223986566066742 1122
1616090533042 0.21228750050067902 1123
1616090567470 0.1937982141971588 1124
1616090601809 0.18926680088043213 1125
1616090636158 0.2187894582748413 1126
1616090670445 0.20417964458465576 1127
1616090704747 0.14973190426826477 1128
1616090739264 0.22164565324783325 1129
1616090775844 0.21824318170547485 1130
1616090810420 0.1554042547941208 1131
1616090844802 0.19502569735050201 1132
1616090879519 0.19865703582763672 1133
1616090914041 0.17790374159812927 1134
1616090948449 0.1647307276725769 1135
1616090982777 0.21403641998767853 1136
1616091017296 0.16074135899543762 1137
1616091051666 0.18419301509857178 1138
1616091086478 0.1902616322040558 1139
1616091122536 0.16167563199996948 1140
1616091156873 0.12667885422706604 1141
1616091191116 0.16001370549201965 1142
1616091225496 0.2007901519536972 1143
1616091259788 0.1611548662185669 1144
1616091294204 0.1911039650440216 1145
1616091328553 0.13721373677253723 1146
1616091363067 0.18400278687477112 1147
1616091397575 0.22455249726772308 1148
1616091432286 0.1951780766248703 1149
1616091468795 0.17135080695152283 1150
1616091503247 0.1950562596321106 1151
1616091537694 0.21475788950920105 1152
1616091572075 0.18192079663276672 1153
1616091606365 0.1663382351398468 1154
1616091640707 0.16794103384017944 1155
1616091675243 0.18216338753700256 1156
1616091709671 0.15881213545799255 1157
1616091744329 0.195068821310997 1158
1616091778677 0.1418631672859192 1159
1616091814570 0.1603875458240509 1160
1616091848891 0.16590145230293274 1161
1616091883326 0.19340652227401733 1162
1616091917538 0.18879084289073944 1163
1616091951811 0.17093661427497864 1164
1616091986143 0.12086442112922668 1165
1616092020607 0.1986624300479889 1166
1616092055304 0.1757049262523651 1167
1616092090017 0.14077313244342804 1168
1616092124790 0.12631826102733612 1169
1616092161344 0.18568220734596252 1170
1616092195733 0.22954429686069489 1171
1616092230168 0.16513049602508545 1172
1616092264475 0.1779617965221405 1173
1616092298910 0.20205223560333252 1174
1616092333226 0.16889014840126038 1175
1616092367408 0.21925559639930725 1176
1616092402185 0.20068559050559998 1177
1616092436554 0.18912941217422485 1178
1616092470815 0.16524985432624817 1179
1616092506655 0.16445744037628174 1180
1616092541034 0.1856246441602707 1181
1616092575392 0.1564716100692749 1182
1616092609902 0.2161427140235901 1183
1616092644601 0.18964862823486328 1184
1616092679178 0.19284455478191376 1185
1616092713748 0.18440791964530945 1186
1616092748373 0.18865910172462463 1187
1616092782788 0.17411452531814575 1188
1616092817214 0.21652984619140625 1189
1616092853412 0.22421762347221375 1190
1616092888298 0.1729302853345871 1191
1616092922616 0.18623340129852295 1192
1616092956953 0.16843979060649872 1193
1616092991272 0.1252298206090927 1194
1616093025557 0.1566300094127655 1195
1616093059834 0.18672341108322144 1196
1616093094213 0.11634812504053116 1197
1616093128480 0.17800630629062653 1198
1616093162909 0.19945374131202698 1199
1616093199286 0.16393542289733887 1200
1616093223331 0.17989429831504822 0
1616093223343 0.17989429831504822 0
