1615370430103 0.13924095034599304 1
1615370463866 0.20607881247997284 2
1615370498006 0.26104310154914856 3
1615370532003 0.27669981122016907 4
1615370565928 0.2905693054199219 5
1615370600241 0.31599703431129456 6
1615370634462 0.29730868339538574 7
1615370668431 0.311698853969574 8
1615370702450 0.317853182554245 9
1615370741130 0.321471631526947 10
1615370775185 0.319170743227005 11
1615370809467 0.33222222328186035 12
1615370843500 0.339105486869812 13
1615370877939 0.32741740345954895 14
1615370912026 0.33102208375930786 15
1615370946549 0.3407037854194641 16
1615370980733 0.33396297693252563 17
1615371014893 0.3265876770019531 18
1615371049085 0.3618452548980713 19
1615371087694 0.34390413761138916 20
1615371122030 0.3410181701183319 21
1615371156000 0.36302971839904785 22
1615371190621 0.3613351583480835 23
1615371224948 0.3598301410675049 24
1615371259423 0.3651289939880371 25
1615371293852 0.3792042136192322 26
1615371328202 0.3730597496032715 27
1615371362605 0.3772568702697754 28
1615371397064 0.3622136116027832 29
1615371435213 0.36870306730270386 30
1615371469757 0.36228111386299133 31
1615371504546 0.39470696449279785 32
1615371539573 0.37857985496520996 33
1615371574282 0.3751802444458008 34
1615371608799 0.38013017177581787 35
1615371643300 0.38032159209251404 36
1615371677837 0.39388197660446167 37
1615371711945 0.3790033161640167 38
1615371746023 0.3833596706390381 39
1615371784672 0.3935139775276184 40
1615371818914 0.38741645216941833 41
1615371853375 0.3904793858528137 42
1615371887727 0.3951018452644348 43
1615371921884 0.38358914852142334 44
1615371956236 0.4020995497703552 45
1615371990207 0.3821650445461273 46
1615372024756 0.388025164604187 47
1615372059285 0.39953047037124634 48
1615372094056 0.40462154150009155 49
1615372132858 0.39764681458473206 50
1615372167768 0.39270156621932983 51
1615372202085 0.387919545173645 52
1615372236638 0.3992038369178772 53
1615372271015 0.39954808354377747 54
1615372305119 0.4342469573020935 55
1615372339844 0.395159512758255 56
1615372374002 0.4078424274921417 57
1615372407923 0.41615915298461914 58
1615372441788 0.4146026372909546 59
1615372480235 0.42153939604759216 60
1615372514315 0.4070938229560852 61
1615372548581 0.4079211950302124 62
1615372582709 0.40980809926986694 63
1615372616887 0.39156121015548706 64
1615372651058 0.3903343081474304 65
1615372685363 0.40679922699928284 66
1615372719585 0.4010719060897827 67
1615372753931 0.40111565589904785 68
1615372787970 0.40792566537857056 69
1615372826532 0.39588987827301025 70
1615372860971 0.41637665033340454 71
1615372895096 0.39278286695480347 72
1615372930515 0.4097231924533844 73
1615372964910 0.407492071390152 74
1615372999042 0.4092184901237488 75
1615373033204 0.41160011291503906 76
1615373067260 0.4200001657009125 77
1615373101647 0.4005745053291321 78
1615373136042 0.4162761867046356 79
1615373174524 0.42873501777648926 80
1615373209046 0.43374672532081604 81
1615373243992 0.4254451394081116 82
1615373279386 0.42186862230300903 83
1615373314132 0.42374157905578613 84
1615373349248 0.4311831593513489 85
1615373383939 0.4235255718231201 86
1615373418199 0.4111284613609314 87
1615373452294 0.42673641443252563 88
1615373486631 0.4200853109359741 89
1615373524587 0.446726530790329 90
1615373558908 0.41775277256965637 91
1615373592869 0.4304044842720032 92
1615373626853 0.4377332627773285 93
1615373660840 0.4467858672142029 94
1615373695178 0.44682759046554565 95
1615373729135 0.43140625953674316 96
1615373763509 0.4292692542076111 97
1615373797712 0.42970988154411316 98
1615373831848 0.4289964437484741 99
1615373869919 0.4226529002189636 100
1615373904142 0.40736889839172363 101
1615373938573 0.41860637068748474 102
1615373973379 0.4472436308860779 103
1615374008298 0.4351906180381775 104
1615374043579 0.41726773977279663 105
1615374078644 0.4295129179954529 106
1615374113332 0.4287678897380829 107
1615374148010 0.42767998576164246 108
1615374182629 0.43046820163726807 109
1615374221275 0.4276309907436371 110
1615374255619 0.4448978304862976 111
1615374290139 0.4521849751472473 112
1615374323988 0.43328729271888733 113
1615374357847 0.4332752823829651 114
1615374392259 0.44907838106155396 115
1615374426392 0.45662733912467957 116
1615374460889 0.4555123448371887 117
1615374495277 0.4332834482192993 118
1615374529835 0.4237697124481201 119
1615374568981 0.44790196418762207 120
1615374603060 0.44010236859321594 121
1615374637369 0.4187229871749878 122
1615374671365 0.42311614751815796 123
1615374705555 0.4319418668746948 124
1615374739843 0.411907434463501 125
1615374774250 0.43946370482444763 126
1615374808209 0.4462045431137085 127
1615374842432 0.456325888633728 128
1615374876438 0.4268643856048584 129
1615374914328 0.4725716710090637 130
1615374948421 0.42744702100753784 131
1615374982771 0.42962172627449036 132
1615375017055 0.4165458083152771 133
1615375051137 0.46555620431900024 134
1615375085203 0.4382936358451843 135
1615375119291 0.43505728244781494 136
1615375153703 0.4577765464782715 137
1615375187928 0.4251059293746948 138
1615375221894 0.4253588914871216 139
1615375260052 0.441076397895813 140
1615375294439 0.4631078541278839 141
1615375328774 0.42759743332862854 142
1615375363177 0.4594878554344177 143
1615375397223 0.451352596282959 144
1615375431230 0.4541088938713074 145
1615375465261 0.450894296169281 146
1615375499313 0.4740837514400482 147
1615375533455 0.460207462310791 148
1615375567723 0.46087220311164856 149
1615375605926 0.4575040936470032 150
1615375639880 0.4588552713394165 151
1615375674191 0.4596306085586548 152
1615375708132 0.4531277120113373 153
1615375742563 0.452290415763855 154
1615375776569 0.44040799140930176 155
1615375810844 0.46793919801712036 156
1615375844788 0.44163739681243896 157
1615375878900 0.4501325488090515 158
1615375913071 0.47375887632369995 159
1615375951614 0.4662219285964966 160
1615375985795 0.4516071379184723 161
1615376020022 0.44216859340667725 162
1615376054122 0.47281789779663086 163
1615376088575 0.46304017305374146 164
1615376122611 0.45980802178382874 165
1615376156626 0.45212626457214355 166
1615376191043 0.4729474186897278 167
1615376225396 0.4677833914756775 168
1615376259506 0.47216352820396423 169
1615376297674 0.46380794048309326 170
1615376331767 0.4388231635093689 171
1615376366119 0.45606309175491333 172
1615376400358 0.4506222605705261 173
1615376434447 0.46047961711883545 174
1615376468814 0.47393351793289185 175
1615376503288 0.4608657956123352 176
1615376537469 0.4832945466041565 177
1615376571781 0.45986247062683105 178
1615376606140 0.45700907707214355 179
1615376643878 0.46642088890075684 180
1615376678216 0.4586116075515747 181
1615376712197 0.44505688548088074 182
1615376746535 0.46713948249816895 183
1615376780874 0.46979475021362305 184
1615376815222 0.45456749200820923 185
1615376849282 0.4819698929786682 186
1615376883259 0.485160231590271 187
1615376917182 0.4796984791755676 188
1615376951339 0.47549256682395935 189
1615376990071 0.5065295696258545 190
1615377024178 0.5023013949394226 191
1615377058594 0.49622848629951477 192
1615377092822 0.4951530694961548 193
1615377126892 0.4893653988838196 194
1615377161037 0.4576109051704407 195
1615377194950 0.45641881227493286 196
1615377229260 0.4629160165786743 197
1615377263625 0.47201234102249146 198
1615377297679 0.49403852224349976 199
1615377335888 0.46028831601142883 200
1615377370109 0.4669986069202423 201
1615377404302 0.47604674100875854 202
1615377438600 0.49085211753845215 203
1615377472898 0.4581405520439148 204
1615377507150 0.46776247024536133 205
1615377541393 0.4956236481666565 206
1615377575374 0.49752992391586304 207
1615377609337 0.49910497665405273 208
1615377643786 0.4758663475513458 209
1615377681802 0.46623873710632324 210
1615377716169 0.43971383571624756 211
1615377750608 0.48350486159324646 212
1615377784826 0.47718295454978943 213
1615377819312 0.49224674701690674 214
1615377853651 0.5019355416297913 215
1615377887923 0.4915851950645447 216
1615377922496 0.4938371777534485 217
1615377956613 0.4965851902961731 218
1615377991029 0.5024417638778687 219
1615378029144 0.48059237003326416 220
1615378063237 0.49497345089912415 221
1615378097189 0.465800404548645 222
1615378131699 0.4576066732406616 223
1615378165681 0.46904832124710083 224
1615378199707 0.47713133692741394 225
1615378233711 0.5426920652389526 226
1615378267989 0.5036810636520386 227
1615378302199 0.47475844621658325 228
1615378336080 0.4946867823600769 229
1615378374239 0.514189600944519 230
1615378408492 0.5222512483596802 231
1615378442489 0.5085102319717407 232
1615378476948 0.4686276316642761 233
1615378511252 0.4775732755661011 234
1615378545640 0.5148877501487732 235
1615378580130 0.4946207106113434 236
1615378614367 0.49659207463264465 237
1615378648334 0.512839674949646 238
1615378683091 0.47899603843688965 239
1615378722375 0.5197560787200928 240
1615378756481 0.4785919785499573 241
1615378791211 0.49367228150367737 242
1615378825798 0.47150111198425293 243
1615378859917 0.48115378618240356 244
1615378893878 0.5016566514968872 245
1615378929626 0.4933631420135498 246
1615378963861 0.49861884117126465 247
1615378998348 0.49650686979293823 248
1615379032440 0.486777663230896 249
1615379070915 0.4999330937862396 250
1615379105071 0.5100982189178467 251
1615379139339 0.47732964158058167 252
1615379173650 0.5025988221168518 253
1615379207936 0.476037859916687 254
1615379242776 0.5057693719863892 255
1615379277608 0.5071335434913635 256
1615379311709 0.4617023468017578 257
1615379346537 0.4846056401729584 258
1615379380596 0.5303641557693481 259
1615379419030 0.48274344205856323 260
1615379453681 0.49769389629364014 261
1615379488028 0.5094599723815918 262
1615379522043 0.49397316575050354 263
1615379556370 0.48881036043167114 264
1615379590523 0.495535671710968 265
1615379624646 0.5102542042732239 266
1615379659131 0.4586789011955261 267
1615379693142 0.48740050196647644 268
1615379727196 0.48477447032928467 269
1615379765663 0.5110576748847961 270
1615379799810 0.49640005826950073 271
1615379833848 0.4863818883895874 272
1615379868366 0.49434953927993774 273
1615379902433 0.4879649877548218 274
1615379936801 0.4872373640537262 275
1615379970977 0.5022064447402954 276
1615380005423 0.4874265193939209 277
1615380039591 0.5171221494674683 278
1615380073737 0.5008884072303772 279
1615380111521 0.5024982690811157 280
1615380145495 0.5223793983459473 281
1615380179779 0.4971809387207031 282
1615380214136 0.48751866817474365 283
1615380248593 0.49161970615386963 284
1615380283024 0.4995010495185852 285
1615380317040 0.4919678568840027 286
1615380351204 0.5016019344329834 287
1615380385436 0.4964523911476135 288
1615380419858 0.493560254573822 289
1615380458336 0.5017797350883484 290
1615380492607 0.5127229690551758 291
1615380527206 0.512436032295227 292
1615380561684 0.49600374698638916 293
1615380595898 0.5297734141349792 294
1615380629909 0.5160465836524963 295
1615380663892 0.5086477994918823 296
1615380698143 0.4916994571685791 297
1615380732517 0.5253125429153442 298
1615380766604 0.5212483406066895 299
1615380804986 0.5167616009712219 300
1615380839081 0.5256882309913635 301
1615380873238 0.5270997285842896 302
1615380907638 0.5258370637893677 303
1615380941973 0.525375247001648 304
1615380976275 0.5023887157440186 305
1615381010634 0.5014804601669312 306
1615381045252 0.5144590735435486 307
1615381079730 0.5183809995651245 308
1615381113977 0.5111817717552185 309
1615381152354 0.48000138998031616 310
1615381186404 0.478862464427948 311
1615381220475 0.5081517696380615 312
1615381254932 0.501872181892395 313
1615381288917 0.5164613723754883 314
1615381322916 0.5180172920227051 315
1615381357118 0.5032507181167603 316
1615381391071 0.4876244068145752 317
1615381425252 0.462027907371521 318
1615381459633 0.5028599500656128 319
1615381497637 0.5265399217605591 320
1615381531822 0.48841148614883423 321
1615381565975 0.4995221495628357 322
1615381600305 0.48611563444137573 323
1615381634669 0.5300797820091248 324
1615381669205 0.5281047821044922 325
1615381703811 0.5483602285385132 326
1615381738225 0.5098569989204407 327
1615381772768 0.5250259637832642 328
1615381807139 0.5043113827705383 329
1615381845845 0.5438820123672485 330
1615381879981 0.5170130729675293 331
1615381914196 0.5068919062614441 332
1615381948436 0.5068671107292175 333
1615381982833 0.504999041557312 334
1615382017059 0.5303529500961304 335
1615382051110 0.5337697863578796 336
1615382084993 0.5066827535629272 337
1615382119051 0.4981454908847809 338
1615382153295 0.4859476089477539 339
1615382191174 0.5266355276107788 340
1615382225153 0.5127581357955933 341
1615382259560 0.520727276802063 342
1615382293960 0.4934508204460144 343
1615382328351 0.5370460748672485 344
1615382362406 0.5271468162536621 345
1615382396692 0.5230069756507874 346
1615382430940 0.5012388229370117 347
1615382465038 0.5457816123962402 348
1615382499228 0.5046268701553345 349
1615382537359 0.5071483254432678 350
1615382571442 0.5401431918144226 351
1615382605724 0.5143072605133057 352
1615382640025 0.5105658769607544 353
1615382674176 0.5056403875350952 354
1615382708545 0.5276719331741333 355
1615382742624 0.5021069645881653 356
1615382776703 0.5377291440963745 357
1615382811074 0.5225890874862671 358
1615382845395 0.5311679840087891 359
1615382884009 0.5397592782974243 360
1615382918246 0.5143093466758728 361
1615382952436 0.5150829553604126 362
1615382986895 0.5161912441253662 363
1615383020822 0.5598994493484497 364
1615383055151 0.5263721942901611 365
1615383089115 0.5094811916351318 366
1615383123158 0.4962981343269348 367
1615383157560 0.5005685091018677 368
1615383191885 0.5351352691650391 369
1615383230386 0.521603524684906 370
1615383264511 0.5325511693954468 371
1615383298517 0.5100984573364258 372
1615383332797 0.5236868262290955 373
1615383367362 0.5416877865791321 374
1615383402038 0.5274438858032227 375
1615383436219 0.5250474810600281 376
1615383470752 0.5274946689605713 377
1615383505168 0.5093575119972229 378
1615383539502 0.5037463307380676 379
1615383577305 0.5141264200210571 380
1615383611458 0.4948004484176636 381
1615383645709 0.518290638923645 382
1615383679660 0.5323152542114258 383
1615383713674 0.4946122169494629 384
1615383748290 0.52262282371521 385
1615383782343 0.49283236265182495 386
1615383816289 0.5200268030166626 387
1615383850709 0.5137648582458496 388
1615383884834 0.5108418464660645 389
1615383923040 0.5471152663230896 390
1615383957181 0.5188671350479126 391
1615383991141 0.5450118184089661 392
1615384025366 0.5061450004577637 393
1615384059654 0.5435869097709656 394
1615384093749 0.5113197565078735 395
1615384127785 0.545047402381897 396
1615384161926 0.5622996687889099 397
1615384195991 0.5431404113769531 398
1615384230446 0.512699544429779 399
1615384268798 0.5343502759933472 400
1615384303495 0.5337376594543457 401
1615384338194 0.5283105373382568 402
1615384372965 0.5252059102058411 403
1615384407564 0.5251059532165527 404
1615384441901 0.5027555227279663 405
1615384476171 0.54362553358078 406
1615384510163 0.5378660559654236 407
1615384544364 0.5194904804229736 408
1615384578538 0.5071868896484375 409
1615384617114 0.5393561720848083 410
1615384651072 0.5525652170181274 411
1615384685508 0.5324389338493347 412
1615384719873 0.5199500918388367 413
1615384753860 0.5002232789993286 414
1615384787937 0.5274227857589722 415
1615384822042 0.5242245197296143 416
1615384856408 0.5347083806991577 417
1615384890878 0.5325695276260376 418
1615384924875 0.5279634594917297 419
1615384962947 0.5225585699081421 420
1615384997385 0.5025908350944519 421
1615385031886 0.5243527293205261 422
1615385066357 0.5346924066543579 423
1615385100897 0.5295986533164978 424
1615385135304 0.5431881546974182 425
1615385169298 0.5047822594642639 426
1615385203448 0.5308021306991577 427
1615385237893 0.5228163003921509 428
1615385272318 0.4997643232345581 429
1615385311017 0.5376772880554199 430
1615385345117 0.5301823616027832 431
1615385379278 0.5149414539337158 432
1615385413695 0.544715404510498 433
1615385448312 0.5357529520988464 434
1615385482417 0.524195671081543 435
1615385516445 0.5245419144630432 436
1615385550686 0.5179324746131897 437
1615385584702 0.5122316479682922 438
1615385619107 0.5723689794540405 439
1615385657217 0.5328941345214844 440
1615385691586 0.5202991962432861 441
1615385725516 0.5452815890312195 442
1615385759602 0.5308982133865356 443
1615385793908 0.5662407875061035 444
1615385828057 0.5233673453330994 445
1615385862009 0.5393620729446411 446
1615385896109 0.538719654083252 447
1615385930599 0.5213475227355957 448
1615385964944 0.5347713232040405 449
1615386003298 0.5338712930679321 450
1615386037356 0.5416277647018433 451
1615386071396 0.5184394121170044 452
1615386105577 0.5563276410102844 453
1615386140122 0.5304942727088928 454
1615386174409 0.55999356508255 455
1615386208566 0.5192726850509644 456
1615386242924 0.5244845151901245 457
1615386277284 0.5101826190948486 458
1615386311385 0.5285508632659912 459
1615386349518 0.5531920194625854 460
1615386383699 0.5530779361724854 461
1615386417856 0.5252068638801575 462
1615386451816 0.5215641856193542 463
1615386485724 0.5661706924438477 464
1615386520071 0.5524958968162537 465
1615386554433 0.5669513940811157 466
1615386588696 0.5474979877471924 467
1615386622818 0.5747634172439575 468
1615386656821 0.5246113538742065 469
1615386695410 0.5533791780471802 470
1615386729522 0.5520983338356018 471
1615386763955 0.5486053228378296 472
1615386798434 0.5239434242248535 473
1615386832931 0.5406570434570312 474
1615386867427 0.5744015574455261 475
1615386901792 0.5319452285766602 476
1615386936357 0.5146437883377075 477
1615386970716 0.5484082698822021 478
1615387004839 0.5554132461547852 479
1615387043092 0.5454041957855225 480
1615387077485 0.5359461307525635 481
1615387111833 0.5539283752441406 482
1615387145871 0.5396357774734497 483
1615387179981 0.539766788482666 484
1615387214255 0.5287250280380249 485
1615387248398 0.5575273633003235 486
1615387282460 0.5585246086120605 487
1615387316492 0.5373181104660034 488
1615387350758 0.5337463021278381 489
1615387389532 0.5377219915390015 490
1615387424156 0.537193775177002 491
1615387458441 0.551607608795166 492
1615387492824 0.5526196956634521 493
1615387527144 0.5552282929420471 494
1615387561393 0.5584588050842285 495
1615387595772 0.5400049686431885 496
1615387629897 0.5747198462486267 497
1615387664027 0.5540605783462524 498
1615387698051 0.5333013534545898 499
1615387736715 0.5234551429748535 500
1615387770803 0.5431438088417053 501
1615387804820 0.5447866916656494 502
1615387838956 0.5428853034973145 503
1615387873258 0.5580897331237793 504
1615387907286 0.5527137517929077 505
1615387941177 0.514103889465332 506
1615387975557 0.5195044875144958 507
1615388010067 0.5393283367156982 508
1615388044987 0.5426713228225708 509
1615388083677 0.547420859336853 510
1615388118162 0.5482696294784546 511
1615388152355 0.5515779256820679 512
1615388186342 0.5338156819343567 513
1615388220735 0.5692522525787354 514
1615388254762 0.5535639524459839 515
1615388288692 0.5497075915336609 516
1615388323371 0.5531803369522095 517
1615388357647 0.5500887632369995 518
1615388391745 0.5525467395782471 519
1615388429778 0.5655827522277832 520
1615388463841 0.5437285304069519 521
1615388498138 0.5417190790176392 522
1615388532437 0.554815411567688 523
1615388566728 0.5335749983787537 524
1615388601052 0.536574125289917 525
1615388635694 0.581105649471283 526
1615388669895 0.5381927490234375 527
1615388704239 0.5512006282806396 528
1615388738696 0.5237100124359131 529
1615388777094 0.5385650992393494 530
1615388811498 0.5533797740936279 531
1615388845548 0.588171124458313 532
1615388879807 0.52254718542099 533
1615388914094 0.5775591731071472 534
1615388948133 0.5438990592956543 535
1615388982487 0.5506828427314758 536
1615389016473 0.5213361978530884 537
1615389050674 0.5676612257957458 538
1615389085018 0.537722110748291 539
1615389122921 0.5611169934272766 540
1615389157325 0.5236387252807617 541
1615389191561 0.5420410633087158 542
1615389225607 0.5742807984352112 543
1615389259647 0.5686072111129761 544
1615389294410 0.5405267477035522 545
1615389328873 0.5588582158088684 546
1615389363094 0.5545133352279663 547
1615389397428 0.5594921112060547 548
1615389431789 0.5498576164245605 549
1615389470419 0.5531963109970093 550
1615389504943 0.5295002460479736 551
1615389539172 0.5203794240951538 552
1615389573374 0.559555172920227 553
1615389607351 0.5316091775894165 554
1615389641622 0.5268978476524353 555
1615389675541 0.5882574319839478 556
1615389709828 0.5436168909072876 557
1615389744018 0.560200572013855 558
1615389778704 0.545150637626648 559
1615389817081 0.5272341370582581 560
1615389851543 0.5441845655441284 561
1615389885757 0.5620611310005188 562
1615389920370 0.5407322645187378 563
1615389954421 0.5499870777130127 564
1615389988443 0.5281717777252197 565
1615390022706 0.543688178062439 566
1615390057050 0.530500054359436 567
1615390091074 0.5263604521751404 568
1615390125464 0.5221586227416992 569
1615390163616 0.5458943247795105 570
1615390197551 0.5277782678604126 571
1615390231936 0.5674797296524048 572
1615390266625 0.5325926542282104 573
1615390301067 0.5310226082801819 574
1615390335716 0.5332012176513672 575
1615390370120 0.5912244915962219 576
1615390404360 0.5522007942199707 577
1615390438312 0.4953215718269348 578
1615390472224 0.5720191597938538 579
1615390510495 0.5389670133590698 580
1615390544519 0.5207085609436035 581
1615390578547 0.5357110500335693 582
1615390612598 0.5495786666870117 583
1615390647061 0.5628495216369629 584
1615390681511 0.5226442813873291 585
1615390715975 0.5550598502159119 586
1615390750295 0.5362232327461243 587
1615390784435 0.5419413447380066 588
1615390818821 0.5307755470275879 589
1615390857404 0.5608333349227905 590
1615390891381 0.5333514213562012 591
1615390925825 0.5546109676361084 592
1615390960217 0.5406239032745361 593
1615390994424 0.553505539894104 594
1615391028327 0.5656098127365112 595
1615391062604 0.5344387292861938 596
1615391097026 0.5522016286849976 597
1615391131391 0.567973256111145 598
1615391165557 0.5320004224777222 599
1615391203655 0.5633517503738403 600
1615391238169 0.5623770952224731 601
1615391272524 0.5341061353683472 602
1615391307007 0.5913556814193726 603
1615391341282 0.5485860109329224 604
1615391375830 0.5284270644187927 605
1615391410195 0.548743486404419 606
1615391444543 0.5375868082046509 607
1615391478791 0.5540114641189575 608
1615391512946 0.5447700619697571 609
1615391551635 0.5981675982475281 610
1615391585668 0.5465725660324097 611
1615391619940 0.5584836006164551 612
1615391654554 0.5548791885375977 613
1615391689027 0.5264464616775513 614
1615391723598 0.5496295094490051 615
1615391758152 0.5559717416763306 616
1615391792239 0.542222261428833 617
1615391826146 0.561537504196167 618
1615391860173 0.5405945777893066 619
1615391897811 0.5244536995887756 620
1615391931723 0.5710800886154175 621
1615391966095 0.542557954788208 622
1615392000527 0.5701024532318115 623
1615392034956 0.570001482963562 624
1615392069708 0.5431812405586243 625
1615392103991 0.5758836269378662 626
1615392138430 0.556027352809906 627
1615392172621 0.5430194139480591 628
1615392206894 0.5610744953155518 629
1615392245125 0.5551973581314087 630
1615392279564 0.5544743537902832 631
1615392313904 0.5657033920288086 632
1615392348168 0.5339499115943909 633
1615392382497 0.5655884742736816 634
1615392416877 0.5800902247428894 635
1615392451250 0.5607277750968933 636
1615392485175 0.5576205253601074 637
1615392519690 0.5386021137237549 638
1615392553865 0.55219566822052 639
1615392591996 0.585955023765564 640
1615392625997 0.5301253199577332 641
1615392660006 0.5189690589904785 642
1615392694127 0.5789210796356201 643
1615392728420 0.554256021976471 644
1615392762955 0.5470288991928101 645
1615392796938 0.5769902467727661 646
1615392831293 0.5431135892868042 647
1615392865499 0.5491448044776917 648
1615392899678 0.574877142906189 649
1615392937891 0.5679231286048889 650
1615392972093 0.5572749376296997 651
1615393006353 0.5685112476348877 652
1615393040487 0.5781917572021484 653
1615393074527 0.6024535894393921 654
1615393108448 0.5519026517868042 655
1615393142691 0.5369390249252319 656
1615393177071 0.5671835541725159 657
1615393211107 0.5477296113967896 658
1615393245219 0.5266357660293579 659
1615393283490 0.548633337020874 660
1615393317878 0.553787350654602 661
1615393352196 0.5710316896438599 662
1615393386579 0.5315409898757935 663
1615393420766 0.542770266532898 664
1615393455040 0.5911990404129028 665
1615393489550 0.5418707728385925 666
1615393523977 0.5328969955444336 667
1615393558018 0.5287613868713379 668
1615393592111 0.571201741695404 669
1615393630372 0.557720959186554 670
1615393664789 0.5300105810165405 671
1615393699201 0.5289182066917419 672
1615393733622 0.5299981832504272 673
1615393767886 0.5529587268829346 674
1615393802198 0.5457524061203003 675
1615393836219 0.5539205074310303 676
1615393870523 0.5515135526657104 677
1615393904864 0.5526877641677856 678
1615393939388 0.5271127820014954 679
1615393977643 0.5546180009841919 680
1615394011872 0.5589966773986816 681
1615394045882 0.5084251761436462 682
1615394080243 0.5499558448791504 683
1615394114491 0.5596761703491211 684
1615394148901 0.5541629195213318 685
1615394183223 0.5620608329772949 686
1615394217209 0.564017653465271 687
1615394251307 0.5757644176483154 688
1615394285762 0.563141942024231 689
1615394324315 0.5464376211166382 690
1615394358516 0.5423333644866943 691
1615394393164 0.5407048463821411 692
1615394427690 0.539688229560852 693
1615394461782 0.5269457697868347 694
1615394495838 0.5708373785018921 695
1615394530392 0.539071798324585 696
1615394564419 0.566429853439331 697
1615394598851 0.534552812576294 698
1615394632886 0.5833180546760559 699
1615394671395 0.5280357599258423 700
1615394705564 0.5690242648124695 701
1615394739867 0.5348901152610779 702
1615394773824 0.567752480506897 703
1615394807807 0.5722466707229614 704
1615394842327 0.5363868474960327 705
1615394876621 0.5596133470535278 706
1615394911075 0.5667603611946106 707
1615394945034 0.5607947707176208 708
1615394978980 0.5608292818069458 709
1615395016962 0.5447579622268677 710
1615395051327 0.5596903562545776 711
1615395085777 0.5723341703414917 712
1615395120110 0.5389967560768127 713
1615395154418 0.5710844993591309 714
1615395188679 0.5478712320327759 715
1615395223070 0.5798207521438599 716
1615395257515 0.5837046504020691 717
1615395291628 0.5709091424942017 718
1615395325635 0.5887649655342102 719
1615395363756 0.573889434337616 720
1615395398239 0.5779803991317749 721
1615395432803 0.5565059781074524 722
1615395467150 0.5692621469497681 723
1615395501270 0.5617743730545044 724
1615395535495 0.5590755343437195 725
1615395569810 0.5141706466674805 726
1615395604160 0.5694333910942078 727
1615395638140 0.5635309219360352 728
1615395672247 0.5488617420196533 729
1615395710099 0.5936380624771118 730
1615395744461 0.5391688346862793 731
1615395778954 0.5497303009033203 732
1615395813371 0.5625954866409302 733
1615395847665 0.5661658048629761 734
1615395882274 0.5577966570854187 735
1615395916729 0.5454630255699158 736
1615395950849 0.5415393114089966 737
1615395985206 0.5658971071243286 738
1615396019174 0.5204716920852661 739
1615396057754 0.5789026618003845 740
1615396092114 0.549849271774292 741
1615396126519 0.5605835914611816 742
1615396160657 0.5653729438781738 743
1615396194830 0.5605049133300781 744
1615396229244 0.556779146194458 745
1615396263794 0.6010375022888184 746
1615396298117 0.5362157821655273 747
1615396332425 0.5585049986839294 748
1615396366410 0.5496771335601807 749
1615396404483 0.5946259498596191 750
1615396438845 0.5339122414588928 751
1615396472940 0.5676190853118896 752
1615396507071 0.561048150062561 753
1615396541693 0.5679201483726501 754
1615396576045 0.5450839400291443 755
1615396610417 0.5317133665084839 756
1615396644376 0.5748721361160278 757
1615396678902 0.5570988059043884 758
1615396713100 0.5750762224197388 759
1615396751796 0.555330753326416 760
1615396786347 0.5466867685317993 761
1615396821051 0.5591272711753845 762
1615396855289 0.5353440046310425 763
1615396889677 0.5604878067970276 764
1615396924099 0.5848757028579712 765
1615396958097 0.5633906722068787 766
1615396992418 0.5622864365577698 767
1615397026440 0.5479350090026855 768
1615397060863 0.5369054675102234 769
1615397099424 0.5534101724624634 770
1615397133562 0.5720652937889099 771
1615397167979 0.5458827018737793 772
1615397202175 0.5394147038459778 773
1615397236554 0.5504790544509888 774
1615397270469 0.5423412919044495 775
1615397304433 0.5407686233520508 776
1615397338726 0.563319981098175 777
1615397373180 0.550594687461853 778
1615397407745 0.5364505052566528 779
1615397446163 0.5405762195587158 780
1615397480191 0.5675455331802368 781
1615397514484 0.5652244091033936 782
1615397548889 0.5526667237281799 783
1615397582676 0.5566028356552124 784
1615397616629 0.5843947529792786 785
1615397651213 0.5534132719039917 786
1615397685284 0.5305298566818237 787
1615397719616 0.5364664793014526 788
1615397753925 0.5971530675888062 789
1615397792353 0.5576415061950684 790
1615397826361 0.5860104560852051 791
1615397860758 0.5667880773544312 792
1615397895021 0.5694241523742676 793
1615397928976 0.584481954574585 794
1615397963090 0.5276461839675903 795
1615397997102 0.5481299161911011 796
1615398031397 0.5547295808792114 797
1615398065628 0.5401405096054077 798
1615398099865 0.5550329685211182 799
1615398138523 0.5766496658325195 800
1615398172858 0.5819636583328247 801
1615398207152 0.5109200477600098 802
1615398241539 0.5385557413101196 803
1615398275660 0.5731667876243591 804
1615398309979 0.531356930732727 805
1615398344285 0.5445977449417114 806
1615398378452 0.5629324316978455 807
1615398412839 0.5603803396224976 808
1615398447018 0.582878053188324 809
1615398485252 0.542340874671936 810
1615398519372 0.5714221000671387 811
1615398553601 0.5718446969985962 812
1615398587547 0.5616604089736938 813
1615398621497 0.550668478012085 814
1615398655898 0.5357226133346558 815
1615398689987 0.5766593813896179 816
1615398724364 0.5551878213882446 817
1615398758504 0.5238727331161499 818
1615398792923 0.5543680191040039 819
1615398830802 0.5687888860702515 820
1615398865058 0.5674854516983032 821
1615398899574 0.5411065816879272 822
1615398934177 0.521114706993103 823
1615398968258 0.5871602296829224 824
1615399002547 0.569329023361206 825
1615399036990 0.5349599719047546 826
1615399071028 0.5551551580429077 827
1615399105967 0.557780385017395 828
1615399140150 0.550632119178772 829
1615399178156 0.5513095855712891 830
1615399212217 0.5598396062850952 831
1615399246654 0.5309151411056519 832
1615399280997 0.5688382387161255 833
1615399315308 0.5507614612579346 834
1615399349617 0.5911514759063721 835
1615399384214 0.5366895198822021 836
1615399418527 0.5328203439712524 837
1615399452909 0.518799901008606 838
1615399487309 0.5623171329498291 839
1615399525506 0.5562183260917664 840
1615399559845 0.5478705167770386 841
1615399593835 0.5448101758956909 842
1615399628406 0.5494908094406128 843
1615399662887 0.5654039978981018 844
1615399697144 0.571007251739502 845
1615399731099 0.5671826601028442 846
1615399765164 0.5397132039070129 847
1615399799398 0.5415542721748352 848
1615399833465 0.5408675670623779 849
1615399871676 0.5936012268066406 850
1615399905716 0.548285722732544 851
1615399940340 0.5659163594245911 852
1615399974605 0.5780614018440247 853
1615400008748 0.5462652444839478 854
1615400042964 0.56247478723526 855
1615400077431 0.5648437142372131 856
1615400111937 0.5342440009117126 857
1615400146238 0.5249146223068237 858
1615400180683 0.556666910648346 859
1615400219066 0.5482254028320312 860
1615400253506 0.569054901599884 861
1615400287856 0.5707278251647949 862
1615400322194 0.5564744472503662 863
1615400356135 0.5662756562232971 864
1615400390208 0.5633964538574219 865
1615400424556 0.5820528268814087 866
1615400458703 0.5340770483016968 867
1615400492963 0.5534988641738892 868
1615400526982 0.5555962324142456 869
1615400565099 0.5549782514572144 870
1615400599357 0.5804330706596375 871
1615400633717 0.5612359046936035 872
1615400667737 0.5596332550048828 873
1615400702004 0.55119788646698 874
1615400736121 0.5667293071746826 875
1615400770216 0.5370675921440125 876
1615400804675 0.580426812171936 877
1615400838797 0.5231393575668335 878
1615400873350 0.5449469089508057 879
1615400911934 0.5331250429153442 880
1615400946408 0.5613090991973877 881
1615400980518 0.5641378164291382 882
1615401014909 0.562347412109375 883
1615401049139 0.5555877685546875 884
1615401083308 0.5368412733078003 885
1615401117418 0.5493360757827759 886
1615401151372 0.5849860906600952 887
1615401185628 0.5796129703521729 888
1615401220017 0.5442825555801392 889
1615401258155 0.5866070985794067 890
1615401292455 0.5623225569725037 891
1615401326541 0.5495997667312622 892
1615401360640 0.5562861561775208 893
1615401394914 0.5464410781860352 894
1615401429085 0.556230902671814 895
1615401463486 0.5484021306037903 896
1615401497558 0.5749307870864868 897
1615401531536 0.532550573348999 898
1615401565981 0.5345114469528198 899
1615401604221 0.568692684173584 900
1615401638452 0.5770494341850281 901
1615401673046 0.5523273944854736 902
1615401707440 0.5499552488327026 903
1615401741762 0.5808637142181396 904
1615401775814 0.5795426368713379 905
1615401810102 0.5428809523582458 906
1615401844476 0.5488755702972412 907
1615401878731 0.5622849464416504 908
1615401913202 0.5588242411613464 909
1615401951709 0.5520520210266113 910
1615401985605 0.56642746925354 911
1615402019633 0.5776089429855347 912
1615402053600 0.556206226348877 913
1615402087660 0.5612448453903198 914
1615402121940 0.5555856823921204 915
1615402156265 0.5538101196289062 916
1615402190278 0.5609188079833984 917
1615402224328 0.5476678609848022 918
1615402258621 0.5182188749313354 919
1615402296877 0.5628767013549805 920
1615402331073 0.5415565371513367 921
1615402365060 0.5517835021018982 922
1615402399058 0.5299297571182251 923
1615402433405 0.5627923011779785 924
1615402467448 0.5309349298477173 925
1615402501698 0.5376076698303223 926
1615402536163 0.5633411407470703 927
1615402570465 0.5457258820533752 928
1615402604774 0.5553275346755981 929
1615402643056 0.5505417585372925 930
1615402677121 0.5645862817764282 931
1615402711835 0.5816798210144043 932
1615402746153 0.5728772878646851 933
1615402780276 0.5579531192779541 934
1615402814304 0.525478720664978 935
1615402848516 0.5378105044364929 936
1615402882820 0.5594135522842407 937
1615402916777 0.562820553779602 938
1615402950709 0.5458884239196777 939
1615402988878 0.5568752884864807 940
1615403022972 0.5378891229629517 941
1615403057427 0.5757893323898315 942
1615403091514 0.5479954481124878 943
1615403125856 0.573828399181366 944
1615403160060 0.5325825214385986 945
1615403194399 0.5694851279258728 946
1615403228501 0.5822043418884277 947
1615403262944 0.5790978074073792 948
1615403297355 0.5670188665390015 949
1615403336192 0.5007409453392029 950
1615403370591 0.526459813117981 951
1615403404894 0.5929343104362488 952
1615403439165 0.5715426206588745 953
1615403473476 0.5496522188186646 954
1615403507762 0.5463597178459167 955
1615403541548 0.5577970743179321 956
1615403575521 0.5575330257415771 957
1615403609666 0.5208200812339783 958
1615403644227 0.5577811002731323 959
1615403683257 0.5637843608856201 960
1615403717308 0.524829626083374 961
1615403751823 0.5721616744995117 962
1615403786322 0.5770715475082397 963
1615403820869 0.5709118843078613 964
1615403855046 0.5401024222373962 965
1615403889404 0.5596122741699219 966
1615403923523 0.5474022626876831 967
1615403957597 0.5575090050697327 968
1615403991642 0.5613512992858887 969
1615404029934 0.5530931949615479 970
1615404064044 0.5622378587722778 971
1615404098009 0.5559447407722473 972
1615404132318 0.5348415374755859 973
1615404166298 0.5481467843055725 974
1615404200499 0.5484040379524231 975
1615404234765 0.5616017580032349 976
1615404268981 0.54766446352005 977
1615404303141 0.5652828216552734 978
1615404337444 0.5414965152740479 979
1615404375513 0.5717806816101074 980
1615404409522 0.5830088257789612 981
1615404444003 0.5621770620346069 982
1615404478512 0.5742783546447754 983
1615404512649 0.561600387096405 984
1615404546873 0.545829176902771 985
1615404581186 0.5260165929794312 986
1615404615508 0.5466963052749634 987
1615404649603 0.5593488216400146 988
1615404683616 0.5432711839675903 989
1615404721861 0.5553883910179138 990
1615404756289 0.5612570643424988 991
1615404790467 0.5642435550689697 992
1615404824702 0.5689664483070374 993
1615404858705 0.5267183780670166 994
1615404892742 0.5472831726074219 995
1615404926734 0.5559519529342651 996
1615404960696 0.5662293434143066 997
1615404994667 0.5320827960968018 998
1615405028622 0.5617056488990784 999
1615405067218 0.5886366367340088 1000
1615405101411 0.5201389789581299 1001
1615405135453 0.5327963829040527 1002
1615405169618 0.54233717918396 1003
1615405203601 0.5671063661575317 1004
1615405237763 0.5455416440963745 1005
1615405271718 0.547824501991272 1006
1615405305889 0.5657109022140503 1007
1615405340172 0.56512850522995 1008
1615405374157 0.5591332316398621 1009
1615405412193 0.5749869346618652 1010
1615405446378 0.5642803907394409 1011
1615405480693 0.5563478469848633 1012
1615405515053 0.5441232323646545 1013
1615405549226 0.5797114968299866 1014
1615405583331 0.5635740756988525 1015
1615405617503 0.5768899321556091 1016
1615405651576 0.5398396849632263 1017
1615405685604 0.5133703947067261 1018
1615405719662 0.5451546907424927 1019
1615405757660 0.5459282994270325 1020
1615405791685 0.5290784239768982 1021
1615405826048 0.5465922951698303 1022
1615405860404 0.5651909112930298 1023
1615405894784 0.5563778877258301 1024
1615405929092 0.5942906141281128 1025
1615405963218 0.5771634578704834 1026
1615405997274 0.5567249059677124 1027
1615406031666 0.536970853805542 1028
1615406066214 0.5830473899841309 1029
1615406104609 0.553250253200531 1030
1615406138791 0.5445559024810791 1031
1615406173153 0.5737908482551575 1032
1615406207293 0.5751253366470337 1033
1615406241912 0.5705113410949707 1034
1615406276176 0.5518888831138611 1035
1615406310216 0.5695710182189941 1036
1615406344619 0.5362542271614075 1037
1615406379031 0.558168888092041 1038
1615406413185 0.5444130897521973 1039
1615406451340 0.5640634298324585 1040
1615406485535 0.5455324649810791 1041
1615406519577 0.5969396233558655 1042
1615406553602 0.5722754001617432 1043
1615406587760 0.5877327919006348 1044
1615406622258 0.560123085975647 1045
1615406656628 0.5226761102676392 1046
1615406691059 0.5555672645568848 1047
1615406725465 0.585711658000946 1048
1615406759676 0.5600032806396484 1049
1615406797965 0.5657820701599121 1050
1615406832427 0.5784947276115417 1051
1615406866658 0.5587807297706604 1052
1615406901289 0.5441066026687622 1053
1615406935707 0.5483222007751465 1054
1615406969898 0.5282021760940552 1055
1615407004398 0.5599375367164612 1056
1615407038865 0.5488108396530151 1057
1615407073206 0.5722300410270691 1058
1615407107911 0.5446738004684448 1059
1615407146027 0.5683553814888 1060
1615407180521 0.5470378994941711 1061
1615407214792 0.5803366303443909 1062
1615407249074 0.5636360049247742 1063
1615407283464 0.5608211755752563 1064
1615407317641 0.5509849190711975 1065
1615407351970 0.5558606386184692 1066
1615407385945 0.5530992746353149 1067
1615407420280 0.5505937337875366 1068
1615407454626 0.5491847991943359 1069
1615407492754 0.5870331525802612 1070
1615407526756 0.5671638250350952 1071
1615407560944 0.5482617616653442 1072
1615407595275 0.5749985575675964 1073
1615407629598 0.534042239189148 1074
1615407663761 0.5294550657272339 1075
1615407698007 0.5535920858383179 1076
1615407732411 0.539355993270874 1077
1615407766558 0.550810694694519 1078
1615407800817 0.5702571868896484 1079
1615407839328 0.5537714958190918 1080
1615407873358 0.5786038637161255 1081
1615407907795 0.5449406504631042 1082
1615407942193 0.5696161389350891 1083
1615407976229 0.5454288125038147 1084
1615408010525 0.5321386456489563 1085
1615408045341 0.5580323338508606 1086
1615408079301 0.5634680986404419 1087
1615408113356 0.5521723628044128 1088
1615408147633 0.5634205341339111 1089
1615408185569 0.57612144947052 1090
1615408219981 0.5541063547134399 1091
1615408254260 0.5489317774772644 1092
1615408288824 0.563636064529419 1093
1615408323060 0.5588527321815491 1094
1615408357284 0.5301182270050049 1095
1615408391788 0.5596383810043335 1096
1615408426098 0.5592565536499023 1097
1615408460530 0.5527048707008362 1098
1615408494858 0.5400328040122986 1099
1615408533171 0.5791118144989014 1100
1615408567250 0.518700122833252 1101
1615408601819 0.5358074903488159 1102
1615408636096 0.5138709545135498 1103
1615408670415 0.5820170640945435 1104
1615408704591 0.5528838634490967 1105
1615408739135 0.5413283109664917 1106
1615408773498 0.5611827969551086 1107
1615408807882 0.5549376606941223 1108
1615408842216 0.5863070487976074 1109
1615408880761 0.5584349632263184 1110
1615408915535 0.5622187852859497 1111
1615408949719 0.5490097999572754 1112
1615408984265 0.5522632598876953 1113
1615409018456 0.5412911772727966 1114
1615409053035 0.5651146173477173 1115
1615409087487 0.5384893417358398 1116
1615409122007 0.5601991415023804 1117
1615409156132 0.5411827564239502 1118
1615409190552 0.5555107593536377 1119
1615409229009 0.5855721235275269 1120
1615409263405 0.5555163025856018 1121
1615409297487 0.5721967220306396 1122
1615409331555 0.5579557418823242 1123
1615409365631 0.557585597038269 1124
1615409400228 0.5614017248153687 1125
1615409434446 0.5582709312438965 1126
1615409468855 0.5471004247665405 1127
1615409503165 0.5411777496337891 1128
1615409537308 0.5132113695144653 1129
1615409575405 0.5650783777236938 1130
1615409609774 0.5337291955947876 1131
1615409644358 0.565220296382904 1132
1615409678847 0.5610536932945251 1133
1615409712926 0.543086051940918 1134
1615409747362 0.5878201127052307 1135
1615409781387 0.550308108329773 1136
1615409815812 0.5534040927886963 1137
1615409850344 0.5493773818016052 1138
1615409884689 0.5708235502243042 1139
1615409923379 0.5534828901290894 1140
1615409957845 0.5576977729797363 1141
1615409992167 0.5518288016319275 1142
1615410026249 0.5658037662506104 1143
1615410060689 0.5381843447685242 1144
1615410094634 0.5586216449737549 1145
1615410128950 0.530987560749054 1146
1615410163144 0.5422191023826599 1147
1615410197540 0.5492475628852844 1148
1615410231844 0.5555520057678223 1149
1615410269905 0.5538817644119263 1150
1615410304273 0.54122394323349 1151
1615410338820 0.5812979936599731 1152
1615410373432 0.5748400688171387 1153
1615410407980 0.5546076893806458 1154
1615410442604 0.5776677131652832 1155
1615410476823 0.5629383325576782 1156
1615410511228 0.5663682222366333 1157
1615410545666 0.5543438792228699 1158
1615410579949 0.5865827798843384 1159
1615410617860 0.5853318572044373 1160
1615410651951 0.5594867467880249 1161
1615410686298 0.5823999643325806 1162
1615410720725 0.5337676405906677 1163
1615410754988 0.5590488314628601 1164
1615410789045 0.5540717244148254 1165
1615410823264 0.5739428997039795 1166
1615410857837 0.5614075064659119 1167
1615410892448 0.5701276063919067 1168
1615410927017 0.5650864243507385 1169
1615410965222 0.5629944205284119 1170
1615410999735 0.5831890106201172 1171
1615411034158 0.5765856504440308 1172
1615411070831 0.5424641966819763 1173
1615411104923 0.5466479659080505 1174
1615411139328 0.5510787963867188 1175
1615411173586 0.5838296413421631 1176
1615411207902 0.5541958212852478 1177
1615411241971 0.5675203204154968 1178
1615411276333 0.5546954870223999 1179
1615411314383 0.560041069984436 1180
1615411348403 0.5594374537467957 1181
1615411382566 0.5394047498703003 1182
1615411416766 0.5743287801742554 1183
1615411451154 0.5824030637741089 1184
1615411485493 0.5741316080093384 1185
1615411519980 0.5416048765182495 1186
1615411554354 0.5233314037322998 1187
1615411588700 0.5380368828773499 1188
1615411623037 0.5579537153244019 1189
1615411661528 0.5740096569061279 1190
1615411695941 0.5514742136001587 1191
1615411730161 0.5361024141311646 1192
1615411764837 0.5581941604614258 1193
1615411799203 0.5071969032287598 1194
1615411833424 0.5857075452804565 1195
1615411867846 0.554051399230957 1196
1615411901873 0.5573215484619141 1197
1615411935870 0.565329909324646 1198
1615411969888 0.5463024377822876 1199
1615412008208 0.5485479831695557 1200
1615412029930 0.6143381595611572 0
1615412029942 0.6143381595611572 0
