1615370430103 0.28823429346084595 1
1615370463866 0.43618789315223694 2
1615370498006 0.5682363510131836 3
1615370532003 0.6148858666419983 4
1615370565928 0.6437265872955322 5
1615370600241 0.6956629753112793 6
1615370634462 0.6577262878417969 7
1615370668431 0.6854424476623535 8
1615370702450 0.6939644813537598 9
1615370741130 0.699559211730957 10
1615370775185 0.6964299082756042 11
1615370809467 0.719520092010498 12
1615370843500 0.7257017493247986 13
1615370877939 0.7140705585479736 14
1615370912026 0.7140978574752808 15
1615370946549 0.7303839921951294 16
1615370980733 0.7247353792190552 17
1615371014893 0.7168675065040588 18
1615371049085 0.7643681168556213 19
1615371087694 0.7360109090805054 20
1615371122030 0.7304821014404297 21
1615371156000 0.769340991973877 22
1615371190621 0.7633435726165771 23
1615371224948 0.7598880529403687 24
1615371259423 0.7640800476074219 25
1615371293852 0.7892172336578369 26
1615371328202 0.7820958495140076 27
1615371362605 0.7853776216506958 28
1615371397064 0.7663006782531738 29
1615371435213 0.7770894765853882 30
1615371469757 0.7605950832366943 31
1615371504546 0.8064783215522766 32
1615371539573 0.7864419221878052 33
1615371574282 0.7881298065185547 34
1615371608799 0.7869309186935425 35
1615371643300 0.7929830551147461 36
1615371677837 0.8130347728729248 37
1615371711945 0.79008948802948 38
1615371746023 0.798970103263855 39
1615371784672 0.8098706007003784 40
1615371818914 0.7979814410209656 41
1615371853375 0.8064777851104736 42
1615371887727 0.8146491050720215 43
1615371921884 0.7957112193107605 44
1615371956236 0.8180801868438721 45
1615371990207 0.7895462512969971 46
1615372024756 0.8015040755271912 47
1615372059285 0.8105180263519287 48
1615372094056 0.8227843642234802 49
1615372132858 0.820258617401123 50
1615372167768 0.8090224266052246 51
1615372202085 0.8011979460716248 52
1615372236638 0.8137876987457275 53
1615372271015 0.815890371799469 54
1615372305119 0.8529379367828369 55
1615372339844 0.8102000951766968 56
1615372374002 0.8249959349632263 57
1615372407923 0.8323253989219666 58
1615372441788 0.8298765420913696 59
1615372480235 0.8388060331344604 60
1615372514315 0.8210204839706421 61
1615372548581 0.8217076659202576 62
1615372582709 0.82697594165802 63
1615372616887 0.8084949254989624 64
1615372651058 0.8031507730484009 65
1615372685363 0.82329261302948 66
1615372719585 0.8144481182098389 67
1615372753931 0.8175501227378845 68
1615372787970 0.8242306709289551 69
1615372826532 0.8065773248672485 70
1615372860971 0.8328464031219482 71
1615372895096 0.8107496500015259 72
1615372930515 0.8258250951766968 73
1615372964910 0.8243734836578369 74
1615372999042 0.8244931101799011 75
1615373033204 0.8248518109321594 76
1615373067260 0.8354871273040771 77
1615373101647 0.8195258378982544 78
1615373136042 0.8350518941879272 79
1615373174524 0.8465492725372314 80
1615373209046 0.8513693809509277 81
1615373243992 0.8446834683418274 82
1615373279386 0.8378650546073914 83
1615373314132 0.8394669890403748 84
1615373349248 0.8505216836929321 85
1615373383939 0.8387486934661865 86
1615373418199 0.8298406600952148 87
1615373452294 0.8404586911201477 88
1615373486631 0.8350363969802856 89
1615373524587 0.8620235919952393 90
1615373558908 0.8336916565895081 91
1615373592869 0.8479130268096924 92
1615373626853 0.8512600660324097 93
1615373660840 0.8639686703681946 94
1615373695178 0.8604490756988525 95
1615373729135 0.8506502509117126 96
1615373763509 0.8416993618011475 97
1615373797712 0.8409457206726074 98
1615373831848 0.8420383930206299 99
1615373869919 0.8398579359054565 100
1615373904142 0.815148115158081 101
1615373938573 0.8334323167800903 102
1615373973379 0.8514399528503418 103
1615374008298 0.8524833917617798 104
1615374043579 0.8300825953483582 105
1615374078644 0.8462343811988831 106
1615374113332 0.8427602052688599 107
1615374148010 0.8421906232833862 108
1615374182629 0.8410494327545166 109
1615374221275 0.8433511257171631 110
1615374255619 0.8539049625396729 111
1615374290139 0.8654788136482239 112
1615374323988 0.8420937061309814 113
1615374357847 0.8463919162750244 114
1615374392259 0.8559660911560059 115
1615374426392 0.8677957057952881 116
1615374460889 0.8652843236923218 117
1615374495277 0.8429934978485107 118
1615374529835 0.8301622867584229 119
1615374568981 0.8641718626022339 120
1615374603060 0.8508254289627075 121
1615374637369 0.8298330307006836 122
1615374671365 0.8263859152793884 123
1615374705555 0.845283031463623 124
1615374739843 0.818268895149231 125
1615374774250 0.851020872592926 126
1615374808209 0.859575092792511 127
1615374842432 0.8566882014274597 128
1615374876438 0.831118106842041 129
1615374914328 0.8732131123542786 130
1615374948421 0.8183566331863403 131
1615374982771 0.8318034410476685 132
1615375017055 0.8247606754302979 133
1615375051137 0.8613145351409912 134
1615375085203 0.8441829085350037 135
1615375119291 0.8433369398117065 136
1615375153703 0.8543300628662109 137
1615375187928 0.830894947052002 138
1615375221894 0.8329735994338989 139
1615375260052 0.845055341720581 140
1615375294439 0.875923216342926 141
1615375328774 0.8361814022064209 142
1615375363177 0.8646645545959473 143
1615375397223 0.8593553304672241 144
1615375431230 0.8585752248764038 145
1615375465261 0.8542877435684204 146
1615375499313 0.8671551942825317 147
1615375533455 0.8642141222953796 148
1615375567723 0.8591362237930298 149
1615375605926 0.8540536165237427 150
1615375639880 0.8515561819076538 151
1615375674191 0.851776123046875 152
1615375708132 0.850507378578186 153
1615375742563 0.846156120300293 154
1615375776569 0.8343566656112671 155
1615375810844 0.8632216453552246 156
1615375844788 0.8406569957733154 157
1615375878900 0.8549727201461792 158
1615375913071 0.8693825602531433 159
1615375951614 0.8618518114089966 160
1615375985795 0.8636965751647949 161
1615376020022 0.8448348045349121 162
1615376054122 0.8658069372177124 163
1615376088575 0.8586267232894897 164
1615376122611 0.8597217798233032 165
1615376156626 0.846832275390625 166
1615376191043 0.8697052001953125 167
1615376225396 0.8725736141204834 168
1615376259506 0.872638463973999 169
1615376297674 0.8553690910339355 170
1615376331767 0.8304570913314819 171
1615376366119 0.8480637073516846 172
1615376400358 0.844571053981781 173
1615376434447 0.8382565975189209 174
1615376468814 0.8573185801506042 175
1615376503288 0.8531230688095093 176
1615376537469 0.8710517287254333 177
1615376571781 0.8481177687644958 178
1615376606140 0.8488165140151978 179
1615376643878 0.8600620031356812 180
1615376678216 0.8667553067207336 181
1615376712197 0.8424684405326843 182
1615376746535 0.8638307452201843 183
1615376780874 0.8608105182647705 184
1615376815222 0.848915696144104 185
1615376849282 0.8785103559494019 186
1615376883259 0.8671907186508179 187
1615376917182 0.859222412109375 188
1615376951339 0.8609395027160645 189
1615376990071 0.8811407089233398 190
1615377024178 0.887980580329895 191
1615377058594 0.8627890348434448 192
1615377092822 0.8776873350143433 193
1615377126892 0.8753247261047363 194
1615377161037 0.8485583066940308 195
1615377194950 0.8461039066314697 196
1615377229260 0.8548908233642578 197
1615377263625 0.856066107749939 198
1615377297679 0.8775023221969604 199
1615377335888 0.8420414924621582 200
1615377370109 0.8557537794113159 201
1615377404302 0.8655192852020264 202
1615377438600 0.87913978099823 203
1615377472898 0.8445677757263184 204
1615377507150 0.8504785895347595 205
1615377541393 0.8824411034584045 206
1615377575374 0.8769195079803467 207
1615377609337 0.8855463266372681 208
1615377643786 0.8713880777359009 209
1615377681802 0.8624435663223267 210
1615377716169 0.8376882076263428 211
1615377750608 0.8691568374633789 212
1615377784826 0.8620618581771851 213
1615377819312 0.8654570579528809 214
1615377853651 0.874741792678833 215
1615377887923 0.8715095520019531 216
1615377922496 0.8721309900283813 217
1615377956613 0.8739192485809326 218
1615377991029 0.8790102005004883 219
1615378029144 0.8533390760421753 220
1615378063237 0.8732210993766785 221
1615378097189 0.8483587503433228 222
1615378131699 0.8495379686355591 223
1615378165681 0.8466686010360718 224
1615378199707 0.8557975888252258 225
1615378233711 0.9019570350646973 226
1615378267989 0.8852493762969971 227
1615378302199 0.8564515113830566 228
1615378336080 0.8754346370697021 229
1615378374239 0.8945189714431763 230
1615378408492 0.895484209060669 231
1615378442489 0.88057541847229 232
1615378476948 0.8463833332061768 233
1615378511252 0.8547236323356628 234
1615378545640 0.8847185373306274 235
1615378580130 0.8741629123687744 236
1615378614367 0.8681920766830444 237
1615378648334 0.8828204870223999 238
1615378683091 0.8595687747001648 239
1615378722375 0.886023759841919 240
1615378756481 0.8580753803253174 241
1615378791211 0.8730143904685974 242
1615378825798 0.8538286685943604 243
1615378859917 0.8677769899368286 244
1615378893878 0.879334568977356 245
1615378929626 0.8812781572341919 246
1615378963861 0.8832079172134399 247
1615378998348 0.8742331266403198 248
1615379032440 0.8660350441932678 249
1615379070915 0.8786678910255432 250
1615379105071 0.8829523324966431 251
1615379139339 0.8542317152023315 252
1615379173650 0.8747886419296265 253
1615379207936 0.8618243336677551 254
1615379242776 0.8762747645378113 255
1615379277608 0.8872122764587402 256
1615379311709 0.8452072739601135 257
1615379346537 0.8524079322814941 258
1615379380596 0.9002511501312256 259
1615379419030 0.8583366870880127 260
1615379453681 0.8809361457824707 261
1615379488028 0.885174036026001 262
1615379522043 0.8661719560623169 263
1615379556370 0.8602396249771118 264
1615379590523 0.8730493783950806 265
1615379624646 0.8821222186088562 266
1615379659131 0.8557418584823608 267
1615379693142 0.8592747449874878 268
1615379727196 0.8751894235610962 269
1615379765663 0.880773663520813 270
1615379799810 0.8798285126686096 271
1615379833848 0.8788725137710571 272
1615379868366 0.878044605255127 273
1615379902433 0.8608001470565796 274
1615379936801 0.8616505861282349 275
1615379970977 0.8728080987930298 276
1615380005423 0.8807169795036316 277
1615380039591 0.8838238716125488 278
1615380073737 0.8673503398895264 279
1615380111521 0.8772164583206177 280
1615380145495 0.8791759014129639 281
1615380179779 0.8807951211929321 282
1615380214136 0.8624460697174072 283
1615380248593 0.8708149194717407 284
1615380283024 0.8701292872428894 285
1615380317040 0.8657365441322327 286
1615380351204 0.877531111240387 287
1615380385436 0.8665227890014648 288
1615380419858 0.8673384785652161 289
1615380458336 0.8728702068328857 290
1615380492607 0.8830548524856567 291
1615380527206 0.8784898519515991 292
1615380561684 0.872582197189331 293
1615380595898 0.8889135122299194 294
1615380629909 0.8797169327735901 295
1615380663892 0.8753877878189087 296
1615380698143 0.8769279718399048 297
1615380732517 0.8840855360031128 298
1615380766604 0.8779861927032471 299
1615380804986 0.8854957818984985 300
1615380839081 0.8948745131492615 301
1615380873238 0.8924221992492676 302
1615380907638 0.8782265186309814 303
1615380941973 0.8863410949707031 304
1615380976275 0.8771935701370239 305
1615381010634 0.8722692728042603 306
1615381045252 0.8743942975997925 307
1615381079730 0.8805433511734009 308
1615381113977 0.8808667659759521 309
1615381152354 0.8608137369155884 310
1615381186404 0.8565418720245361 311
1615381220475 0.8726179599761963 312
1615381254932 0.869613766670227 313
1615381288917 0.8826251029968262 314
1615381322916 0.8773881196975708 315
1615381357118 0.8791874051094055 316
1615381391071 0.8620589971542358 317
1615381425252 0.8472152948379517 318
1615381459633 0.8610696792602539 319
1615381497637 0.8915092349052429 320
1615381531822 0.8666822910308838 321
1615381565975 0.8547188639640808 322
1615381600305 0.8720653057098389 323
1615381634669 0.8882060050964355 324
1615381669205 0.8842484951019287 325
1615381703811 0.8946623802185059 326
1615381738225 0.879564642906189 327
1615381772768 0.8931397199630737 328
1615381807139 0.8720265626907349 329
1615381845845 0.8906161785125732 330
1615381879981 0.8848939538002014 331
1615381914196 0.8754594326019287 332
1615381948436 0.8590916395187378 333
1615381982833 0.8718622922897339 334
1615382017059 0.8952629566192627 335
1615382051110 0.8868651986122131 336
1615382084993 0.8723767399787903 337
1615382119051 0.862553596496582 338
1615382153295 0.862744152545929 339
1615382191174 0.8871980905532837 340
1615382225153 0.8704349994659424 341
1615382259560 0.8834543228149414 342
1615382293960 0.8688445687294006 343
1615382328351 0.8929599523544312 344
1615382362406 0.8940589427947998 345
1615382396692 0.8720453381538391 346
1615382430940 0.8649430274963379 347
1615382465038 0.9001543521881104 348
1615382499228 0.8674963712692261 349
1615382537359 0.8764698505401611 350
1615382571442 0.8857501149177551 351
1615382605724 0.8791953325271606 352
1615382640025 0.8738255500793457 353
1615382674176 0.873954713344574 354
1615382708545 0.8858518600463867 355
1615382742624 0.8733803033828735 356
1615382776703 0.8844331502914429 357
1615382811074 0.8777834177017212 358
1615382845395 0.8895918726921082 359
1615382884009 0.8942873477935791 360
1615382918246 0.8731057643890381 361
1615382952436 0.8794540166854858 362
1615382986895 0.8734788298606873 363
1615383020822 0.899099588394165 364
1615383055151 0.8876224756240845 365
1615383089115 0.8724229335784912 366
1615383123158 0.8602955341339111 367
1615383157560 0.8627139329910278 368
1615383191885 0.8855699896812439 369
1615383230386 0.8763867616653442 370
1615383264511 0.889049232006073 371
1615383298517 0.8715035915374756 372
1615383332797 0.8848475217819214 373
1615383367362 0.8927884697914124 374
1615383402038 0.8841370940208435 375
1615383436219 0.8825456500053406 376
1615383470752 0.8818451762199402 377
1615383505168 0.8711850643157959 378
1615383539502 0.8729736804962158 379
1615383577305 0.8833987712860107 380
1615383611458 0.8608051538467407 381
1615383645709 0.8892390727996826 382
1615383679660 0.8777285814285278 383
1615383713674 0.8628522157669067 384
1615383748290 0.884181022644043 385
1615383782343 0.8715237975120544 386
1615383816289 0.8791938424110413 387
1615383850709 0.8795627355575562 388
1615383884834 0.8695366382598877 389
1615383923040 0.9024487137794495 390
1615383957181 0.882692813873291 391
1615383991141 0.8912786245346069 392
1615384025366 0.8776471614837646 393
1615384059654 0.8996745944023132 394
1615384093749 0.877568244934082 395
1615384127785 0.8973637819290161 396
1615384161926 0.9035354852676392 397
1615384195991 0.8977050185203552 398
1615384230446 0.8776617050170898 399
1615384268798 0.8932221531867981 400
1615384303495 0.8938699960708618 401
1615384338194 0.8902412056922913 402
1615384372965 0.881929874420166 403
1615384407564 0.8904678821563721 404
1615384441901 0.8736134767532349 405
1615384476171 0.8870623111724854 406
1615384510163 0.8951164484024048 407
1615384544364 0.8726239204406738 408
1615384578538 0.8761484622955322 409
1615384617114 0.896655797958374 410
1615384651072 0.8983197808265686 411
1615384685508 0.8876614570617676 412
1615384719873 0.8796466588973999 413
1615384753860 0.8642928600311279 414
1615384787937 0.8837425708770752 415
1615384822042 0.8865280151367188 416
1615384856408 0.8887392282485962 417
1615384890878 0.892827033996582 418
1615384924875 0.8869174718856812 419
1615384962947 0.8885509967803955 420
1615384997385 0.8687379360198975 421
1615385031886 0.8854495286941528 422
1615385066357 0.898036003112793 423
1615385100897 0.8864224553108215 424
1615385135304 0.8967893123626709 425
1615385169298 0.8822574615478516 426
1615385203448 0.8813647031784058 427
1615385237893 0.8782126903533936 428
1615385272318 0.8743791580200195 429
1615385311017 0.8909420371055603 430
1615385345117 0.8883962035179138 431
1615385379278 0.877517819404602 432
1615385413695 0.8964824676513672 433
1615385448312 0.8944434523582458 434
1615385482417 0.8815683722496033 435
1615385516445 0.87299644947052 436
1615385550686 0.876152753829956 437
1615385584702 0.8690671324729919 438
1615385619107 0.9027981758117676 439
1615385657217 0.887946367263794 440
1615385691586 0.8720595240592957 441
1615385725516 0.8857582807540894 442
1615385759602 0.8811070322990417 443
1615385793908 0.8962429761886597 444
1615385828057 0.8869286775588989 445
1615385862009 0.8920518159866333 446
1615385896109 0.8882128596305847 447
1615385930599 0.8789889812469482 448
1615385964944 0.8886529803276062 449
1615386003298 0.8891524076461792 450
1615386037356 0.8845670819282532 451
1615386071396 0.8698215484619141 452
1615386105577 0.8975489735603333 453
1615386140122 0.8789924383163452 454
1615386174409 0.8903951644897461 455
1615386208566 0.8814493417739868 456
1615386242924 0.8771815299987793 457
1615386277284 0.8643229007720947 458
1615386311385 0.8843214511871338 459
1615386349518 0.8885908126831055 460
1615386383699 0.8978601694107056 461
1615386417856 0.8826940059661865 462
1615386451816 0.877737283706665 463
1615386485724 0.9131010174751282 464
1615386520071 0.8991326093673706 465
1615386554433 0.8995940685272217 466
1615386588696 0.8848229646682739 467
1615386622818 0.904049277305603 468
1615386656821 0.8791261315345764 469
1615386695410 0.8909282684326172 470
1615386729522 0.899226188659668 471
1615386763955 0.8932403922080994 472
1615386798434 0.884958028793335 473
1615386832931 0.8969639539718628 474
1615386867427 0.90193772315979 475
1615386901792 0.8876626491546631 476
1615386936357 0.8798069953918457 477
1615386970716 0.8938208818435669 478
1615387004839 0.9009839296340942 479
1615387043092 0.8950254917144775 480
1615387077485 0.8852485418319702 481
1615387111833 0.9019970297813416 482
1615387145871 0.8856134414672852 483
1615387179981 0.8800474405288696 484
1615387214255 0.8786057233810425 485
1615387248398 0.8961732387542725 486
1615387282460 0.8955875635147095 487
1615387316492 0.8936234712600708 488
1615387350758 0.8882032036781311 489
1615387389532 0.8881781101226807 490
1615387424156 0.8885495662689209 491
1615387458441 0.8990689516067505 492
1615387492824 0.8898766040802002 493
1615387527144 0.893344521522522 494
1615387561393 0.8943663835525513 495
1615387595772 0.8928787112236023 496
1615387629897 0.9070979356765747 497
1615387664027 0.886731743812561 498
1615387698051 0.8820300102233887 499
1615387736715 0.8796980381011963 500
1615387770803 0.8911898136138916 501
1615387804820 0.8897771239280701 502
1615387838956 0.8871003985404968 503
1615387873258 0.8920615911483765 504
1615387907286 0.9014694690704346 505
1615387941177 0.864521324634552 506
1615387975557 0.8660962581634521 507
1615388010067 0.892243504524231 508
1615388044987 0.896576464176178 509
1615388083677 0.8963226079940796 510
1615388118162 0.9035263657569885 511
1615388152355 0.9010552763938904 512
1615388186342 0.8852479457855225 513
1615388220735 0.9094344973564148 514
1615388254762 0.8980362415313721 515
1615388288692 0.9063405990600586 516
1615388323371 0.8943130970001221 517
1615388357647 0.8834384679794312 518
1615388391745 0.8948901891708374 519
1615388429778 0.8981877565383911 520
1615388463841 0.8951600790023804 521
1615388498138 0.8880624175071716 522
1615388532437 0.8914415836334229 523
1615388566728 0.8815866708755493 524
1615388601052 0.8802642822265625 525
1615388635694 0.9086082577705383 526
1615388669895 0.8822044134140015 527
1615388704239 0.8944927453994751 528
1615388738696 0.8722836375236511 529
1615388777094 0.8950804471969604 530
1615388811498 0.8863182663917542 531
1615388845548 0.9253712296485901 532
1615388879807 0.8785241842269897 533
1615388914094 0.9121297597885132 534
1615388948133 0.8919766545295715 535
1615388982487 0.8936774730682373 536
1615389016473 0.8861279487609863 537
1615389050674 0.9078215956687927 538
1615389085018 0.8909386396408081 539
1615389122921 0.9030148983001709 540
1615389157325 0.8798775672912598 541
1615389191561 0.8927822113037109 542
1615389225607 0.9167957305908203 543
1615389259647 0.9062454700469971 544
1615389294410 0.8833144903182983 545
1615389328873 0.9015269875526428 546
1615389363094 0.8985239267349243 547
1615389397428 0.8958401679992676 548
1615389431789 0.8927133083343506 549
1615389470419 0.898777961730957 550
1615389504943 0.8792169690132141 551
1615389539172 0.8760236501693726 552
1615389573374 0.8933545351028442 553
1615389607351 0.885175347328186 554
1615389641622 0.8859158754348755 555
1615389675541 0.9127684831619263 556
1615389709828 0.8906927108764648 557
1615389744018 0.8974445462226868 558
1615389778704 0.8987330198287964 559
1615389817081 0.8714594841003418 560
1615389851543 0.8910400867462158 561
1615389885757 0.9022054076194763 562
1615389920370 0.8999885320663452 563
1615389954421 0.8996965885162354 564
1615389988443 0.8757970333099365 565
1615390022706 0.891559362411499 566
1615390057050 0.8941023349761963 567
1615390091074 0.8768263459205627 568
1615390125464 0.8730894923210144 569
1615390163616 0.8995511531829834 570
1615390197551 0.8811288475990295 571
1615390231936 0.8988405466079712 572
1615390266625 0.886641800403595 573
1615390301067 0.8876033425331116 574
1615390335716 0.8925490379333496 575
1615390370120 0.9177970886230469 576
1615390404360 0.8914462327957153 577
1615390438312 0.8494139909744263 578
1615390472224 0.8994746208190918 579
1615390510495 0.8864861726760864 580
1615390544519 0.8833110928535461 581
1615390578547 0.8784060478210449 582
1615390612598 0.8947756290435791 583
1615390647061 0.8906939029693604 584
1615390681511 0.87874835729599 585
1615390715975 0.8865090608596802 586
1615390750295 0.8930373191833496 587
1615390784435 0.884599506855011 588
1615390818821 0.8925052285194397 589
1615390857404 0.8984962105751038 590
1615390891381 0.872143030166626 591
1615390925825 0.8947662115097046 592
1615390960217 0.8939412236213684 593
1615390994424 0.9022275805473328 594
1615391028327 0.905276894569397 595
1615391062604 0.8875709772109985 596
1615391097026 0.8885548114776611 597
1615391131391 0.9158585071563721 598
1615391165557 0.8859940767288208 599
1615391203655 0.8987888097763062 600
1615391238169 0.9017140865325928 601
1615391272524 0.8888874053955078 602
1615391307007 0.915145754814148 603
1615391341282 0.9020037055015564 604
1615391375830 0.8769437074661255 605
1615391410195 0.898942232131958 606
1615391444543 0.8914238810539246 607
1615391478791 0.8974366188049316 608
1615391512946 0.8896346092224121 609
1615391551635 0.9209145307540894 610
1615391585668 0.8968607187271118 611
1615391619940 0.9077498912811279 612
1615391654554 0.8870666027069092 613
1615391689027 0.8839393854141235 614
1615391723598 0.900684118270874 615
1615391758152 0.8959548473358154 616
1615391792239 0.8848127722740173 617
1615391826146 0.9014186859130859 618
1615391860173 0.897559642791748 619
1615391897811 0.8851624727249146 620
1615391931723 0.8975642919540405 621
1615391966095 0.8825688362121582 622
1615392000527 0.9008971452713013 623
1615392034956 0.9016848802566528 624
1615392069708 0.8832190036773682 625
1615392103991 0.9047596454620361 626
1615392138430 0.8988147974014282 627
1615392172621 0.8906995058059692 628
1615392206894 0.9038432240486145 629
1615392245125 0.8976205587387085 630
1615392279564 0.8942967057228088 631
1615392313904 0.904991090297699 632
1615392348168 0.8775631785392761 633
1615392382497 0.9048489332199097 634
1615392416877 0.9080698490142822 635
1615392451250 0.9079916477203369 636
1615392485175 0.9031627178192139 637
1615392519690 0.8895411491394043 638
1615392553865 0.8933222889900208 639
1615392591996 0.9139367341995239 640
1615392625997 0.8722611665725708 641
1615392660006 0.8830966353416443 642
1615392694127 0.906572699546814 643
1615392728420 0.8949284553527832 644
1615392762955 0.8862545490264893 645
1615392796938 0.908275842666626 646
1615392831293 0.8857474327087402 647
1615392865499 0.8880751729011536 648
1615392899678 0.9062900543212891 649
1615392937891 0.8982781767845154 650
1615392972093 0.8971219658851624 651
1615393006353 0.8976559042930603 652
1615393040487 0.9036347270011902 653
1615393074527 0.9256973266601562 654
1615393108448 0.8933508992195129 655
1615393142691 0.8795214891433716 656
1615393177071 0.9014250040054321 657
1615393211107 0.9002538323402405 658
1615393245219 0.877629280090332 659
1615393283490 0.897890567779541 660
1615393317878 0.8948500156402588 661
1615393352196 0.9019199013710022 662
1615393386579 0.8787720799446106 663
1615393420766 0.8933781385421753 664
1615393455040 0.9146236181259155 665
1615393489550 0.8942465782165527 666
1615393523977 0.8747445344924927 667
1615393558018 0.8856779336929321 668
1615393592111 0.9031368494033813 669
1615393630372 0.9084597229957581 670
1615393664789 0.8748360872268677 671
1615393699201 0.8816092014312744 672
1615393733622 0.8787558078765869 673
1615393767886 0.8835785388946533 674
1615393802198 0.89069664478302 675
1615393836219 0.8940991759300232 676
1615393870523 0.8877068758010864 677
1615393904864 0.8899915218353271 678
1615393939388 0.8856033086776733 679
1615393977643 0.8899420499801636 680
1615394011872 0.888007640838623 681
1615394045882 0.8562240600585938 682
1615394080243 0.8939496874809265 683
1615394114491 0.8992425799369812 684
1615394148901 0.8967511653900146 685
1615394183223 0.9055263996124268 686
1615394217209 0.9029194116592407 687
1615394251307 0.9055113792419434 688
1615394285762 0.9028445482254028 689
1615394324315 0.8904610872268677 690
1615394358516 0.8836473226547241 691
1615394393164 0.8897748589515686 692
1615394427690 0.8817299008369446 693
1615394461782 0.8876556158065796 694
1615394495838 0.9060525894165039 695
1615394530392 0.8824337124824524 696
1615394564419 0.9087934494018555 697
1615394598851 0.8745799660682678 698
1615394632886 0.9037355184555054 699
1615394671395 0.8832284212112427 700
1615394705564 0.9158264398574829 701
1615394739867 0.8811805844306946 702
1615394773824 0.9057676792144775 703
1615394807807 0.9029210805892944 704
1615394842327 0.8829020261764526 705
1615394876621 0.901688814163208 706
1615394911075 0.9035682678222656 707
1615394945034 0.8851116895675659 708
1615394978980 0.9009637832641602 709
1615395016962 0.897180438041687 710
1615395051327 0.8937593698501587 711
1615395085777 0.902890682220459 712
1615395120110 0.8841145038604736 713
1615395154418 0.9048555493354797 714
1615395188679 0.8975396156311035 715
1615395223070 0.8957897424697876 716
1615395257515 0.9137648344039917 717
1615395291628 0.904977560043335 718
1615395325635 0.9197868704795837 719
1615395363756 0.9052963256835938 720
1615395398239 0.9104263186454773 721
1615395432803 0.894701361656189 722
1615395467150 0.9016297459602356 723
1615395501270 0.8972294926643372 724
1615395535495 0.8994214534759521 725
1615395569810 0.8679527044296265 726
1615395604160 0.9009531736373901 727
1615395638140 0.9111714363098145 728
1615395672247 0.8873277902603149 729
1615395710099 0.9158626794815063 730
1615395744461 0.892372190952301 731
1615395778954 0.8929948806762695 732
1615395813371 0.9053929448127747 733
1615395847665 0.905329704284668 734
1615395882274 0.8969392776489258 735
1615395916729 0.8922250866889954 736
1615395950849 0.8934829235076904 737
1615395985206 0.901735246181488 738
1615396019174 0.8801232576370239 739
1615396057754 0.9070391654968262 740
1615396092114 0.8977376222610474 741
1615396126519 0.8978896141052246 742
1615396160657 0.911301851272583 743
1615396194830 0.9014973640441895 744
1615396229244 0.8993802070617676 745
1615396263794 0.92476886510849 746
1615396298117 0.8901255130767822 747
1615396332425 0.9102072715759277 748
1615396366410 0.8976234197616577 749
1615396404483 0.920716404914856 750
1615396438845 0.8961046934127808 751
1615396472940 0.9073165059089661 752
1615396507071 0.9031856656074524 753
1615396541693 0.9070465564727783 754
1615396576045 0.8979499340057373 755
1615396610417 0.883395791053772 756
1615396644376 0.91184401512146 757
1615396678902 0.8874356150627136 758
1615396713100 0.9093419313430786 759
1615396751796 0.8995806574821472 760
1615396786347 0.8904018402099609 761
1615396821051 0.8993793725967407 762
1615396855289 0.8835325837135315 763
1615396889677 0.9041422009468079 764
1615396924099 0.9077445268630981 765
1615396958097 0.8864026069641113 766
1615396992418 0.9046244025230408 767
1615397026440 0.8924946784973145 768
1615397060863 0.8826943039894104 769
1615397099424 0.8962968587875366 770
1615397133562 0.901025652885437 771
1615397167979 0.8909375071525574 772
1615397202175 0.8847668170928955 773
1615397236554 0.8974695801734924 774
1615397270469 0.8968569040298462 775
1615397304433 0.8893700242042542 776
1615397338726 0.8911355137825012 777
1615397373180 0.8919724225997925 778
1615397407745 0.8966741561889648 779
1615397446163 0.8921385407447815 780
1615397480191 0.9044642448425293 781
1615397514484 0.8978220224380493 782
1615397548889 0.8856057524681091 783
1615397582676 0.8902362585067749 784
1615397616629 0.9106160402297974 785
1615397651213 0.8994868993759155 786
1615397685284 0.8752129077911377 787
1615397719616 0.8884109854698181 788
1615397753925 0.9186439514160156 789
1615397792353 0.8986095190048218 790
1615397826361 0.9090860486030579 791
1615397860758 0.9003620147705078 792
1615397895021 0.9050995707511902 793
1615397928976 0.9170801639556885 794
1615397963090 0.8788365125656128 795
1615397997102 0.8772964477539062 796
1615398031397 0.8970639705657959 797
1615398065628 0.8838542699813843 798
1615398099865 0.8857277631759644 799
1615398138523 0.9111822247505188 800
1615398172858 0.9116940498352051 801
1615398207152 0.876167893409729 802
1615398241539 0.887955904006958 803
1615398275660 0.905730128288269 804
1615398309979 0.8818893432617188 805
1615398344285 0.8897422552108765 806
1615398378452 0.8957116007804871 807
1615398412839 0.8986867666244507 808
1615398447018 0.9085865020751953 809
1615398485252 0.8892752528190613 810
1615398519372 0.8939661979675293 811
1615398553601 0.9076321721076965 812
1615398587547 0.8989276885986328 813
1615398621497 0.8859404921531677 814
1615398655898 0.8869764804840088 815
1615398689987 0.909616231918335 816
1615398724364 0.89498370885849 817
1615398758504 0.87727952003479 818
1615398792923 0.8946206569671631 819
1615398830802 0.9037778973579407 820
1615398865058 0.8966396450996399 821
1615398899574 0.8882301449775696 822
1615398934177 0.8707871437072754 823
1615398968258 0.909471333026886 824
1615399002547 0.9065171480178833 825
1615399036990 0.8777192831039429 826
1615399071028 0.8914542198181152 827
1615399105967 0.9008821845054626 828
1615399140150 0.8921579122543335 829
1615399178156 0.8958866596221924 830
1615399212217 0.8880207538604736 831
1615399246654 0.8870055675506592 832
1615399280997 0.9005231857299805 833
1615399315308 0.894800066947937 834
1615399349617 0.9151992797851562 835
1615399384214 0.8898007869720459 836
1615399418527 0.8871628046035767 837
1615399452909 0.8812451958656311 838
1615399487309 0.8996759653091431 839
1615399525506 0.8933631181716919 840
1615399559845 0.8942107558250427 841
1615399593835 0.8898482322692871 842
1615399628406 0.9019416570663452 843
1615399662887 0.9052774906158447 844
1615399697144 0.9032900333404541 845
1615399731099 0.8929792642593384 846
1615399765164 0.8837271928787231 847
1615399799398 0.8924711346626282 848
1615399833465 0.880256175994873 849
1615399871676 0.9102174043655396 850
1615399905716 0.8966203927993774 851
1615399940340 0.910810649394989 852
1615399974605 0.9100229144096375 853
1615400008748 0.8921467065811157 854
1615400042964 0.8962443470954895 855
1615400077431 0.9001648426055908 856
1615400111937 0.8915693759918213 857
1615400146238 0.8738659620285034 858
1615400180683 0.8975757360458374 859
1615400219066 0.9042907953262329 860
1615400253506 0.9124956130981445 861
1615400287856 0.9060678482055664 862
1615400322194 0.9020264148712158 863
1615400356135 0.8999760150909424 864
1615400390208 0.8942487835884094 865
1615400424556 0.9140946865081787 866
1615400458703 0.8821035623550415 867
1615400492963 0.8804049491882324 868
1615400526982 0.8970811367034912 869
1615400565099 0.8960725665092468 870
1615400599357 0.9059000611305237 871
1615400633717 0.8869694471359253 872
1615400667737 0.8956893682479858 873
1615400702004 0.8894858360290527 874
1615400736121 0.905036211013794 875
1615400770216 0.8948364853858948 876
1615400804675 0.9113231897354126 877
1615400838797 0.8796473145484924 878
1615400873350 0.8905855417251587 879
1615400911934 0.8840160369873047 880
1615400946408 0.8997460603713989 881
1615400980518 0.9057778120040894 882
1615401014909 0.8971494436264038 883
1615401049139 0.8978980779647827 884
1615401083308 0.8800002336502075 885
1615401117418 0.8981412053108215 886
1615401151372 0.9146609306335449 887
1615401185628 0.9143691062927246 888
1615401220017 0.8917262554168701 889
1615401258155 0.9105600118637085 890
1615401292455 0.8933602571487427 891
1615401326541 0.8997308015823364 892
1615401360640 0.8938920497894287 893
1615401394914 0.8925321102142334 894
1615401429085 0.8911778926849365 895
1615401463486 0.8937749862670898 896
1615401497558 0.900834321975708 897
1615401531536 0.8873536586761475 898
1615401565981 0.8922958374023438 899
1615401604221 0.8988671898841858 900
1615401638452 0.9134283065795898 901
1615401673046 0.8907714486122131 902
1615401707440 0.8982270956039429 903
1615401741762 0.9047439694404602 904
1615401775814 0.9071846008300781 905
1615401810102 0.8910353183746338 906
1615401844476 0.8915187120437622 907
1615401878731 0.8964381217956543 908
1615401913202 0.8930358290672302 909
1615401951709 0.8995848894119263 910
1615401985605 0.8932327628135681 911
1615402019633 0.900714635848999 912
1615402053600 0.893095850944519 913
1615402087660 0.8874179124832153 914
1615402121940 0.8888629674911499 915
1615402156265 0.8942089676856995 916
1615402190278 0.8976830840110779 917
1615402224328 0.8954213857650757 918
1615402258621 0.8666123151779175 919
1615402296877 0.890122652053833 920
1615402331073 0.890939474105835 921
1615402365060 0.8859158754348755 922
1615402399058 0.8841418027877808 923
1615402433405 0.8942798972129822 924
1615402467448 0.8798405528068542 925
1615402501698 0.8794058561325073 926
1615402536163 0.900982141494751 927
1615402570465 0.8952909708023071 928
1615402604774 0.8923799991607666 929
1615402643056 0.8891979455947876 930
1615402677121 0.9003156423568726 931
1615402711835 0.9057989120483398 932
1615402746153 0.9017770290374756 933
1615402780276 0.9015946388244629 934
1615402814304 0.8716642260551453 935
1615402848516 0.8937013149261475 936
1615402882820 0.8939757347106934 937
1615402916777 0.909023642539978 938
1615402950709 0.8916195631027222 939
1615402988878 0.9057375192642212 940
1615403022972 0.8815503120422363 941
1615403057427 0.9095455408096313 942
1615403091514 0.8883578777313232 943
1615403125856 0.9084906578063965 944
1615403160060 0.8821887969970703 945
1615403194399 0.894685685634613 946
1615403228501 0.9182580709457397 947
1615403262944 0.91293865442276 948
1615403297355 0.904670774936676 949
1615403336192 0.873597264289856 950
1615403370591 0.8796606063842773 951
1615403404894 0.924785852432251 952
1615403439165 0.9084112048149109 953
1615403473476 0.8935211896896362 954
1615403507762 0.8873525857925415 955
1615403541548 0.9023802876472473 956
1615403575521 0.8915135264396667 957
1615403609666 0.8748070597648621 958
1615403644227 0.9030188322067261 959
1615403683257 0.8864825963973999 960
1615403717308 0.8853685855865479 961
1615403751823 0.9070001244544983 962
1615403786322 0.9093155860900879 963
1615403820869 0.9072298407554626 964
1615403855046 0.8951119780540466 965
1615403889404 0.8929048776626587 966
1615403923523 0.8986201286315918 967
1615403957597 0.8931457996368408 968
1615403991642 0.8964389562606812 969
1615404029934 0.9063502550125122 970
1615404064044 0.9060542583465576 971
1615404098009 0.8921175003051758 972
1615404132318 0.8862874507904053 973
1615404166298 0.8945836424827576 974
1615404200499 0.8893746733665466 975
1615404234765 0.9067540168762207 976
1615404268981 0.8928507566452026 977
1615404303141 0.8909912109375 978
1615404337444 0.8915557861328125 979
1615404375513 0.9026665687561035 980
1615404409522 0.9174080491065979 981
1615404444003 0.8978236317634583 982
1615404478512 0.909382700920105 983
1615404512649 0.896944522857666 984
1615404546873 0.8925551772117615 985
1615404581186 0.8765435218811035 986
1615404615508 0.8852213025093079 987
1615404649603 0.8910646438598633 988
1615404683616 0.8822582960128784 989
1615404721861 0.8952202796936035 990
1615404756289 0.8993146419525146 991
1615404790467 0.9026612639427185 992
1615404824702 0.9022705554962158 993
1615404858705 0.8709994554519653 994
1615404892742 0.8879373073577881 995
1615404926734 0.8926519751548767 996
1615404960696 0.9003776907920837 997
1615404994667 0.887747049331665 998
1615405028622 0.9017685055732727 999
1615405067218 0.9120298027992249 1000
1615405101411 0.8831264972686768 1001
1615405135453 0.8792592883110046 1002
1615405169618 0.8964066505432129 1003
1615405203601 0.899044394493103 1004
1615405237763 0.8940882086753845 1005
1615405271718 0.8980790376663208 1006
1615405305889 0.9056491255760193 1007
1615405340172 0.9048737287521362 1008
1615405374157 0.8991191387176514 1009
1615405412193 0.9087047576904297 1010
1615405446378 0.9049135446548462 1011
1615405480693 0.8988263607025146 1012
1615405515053 0.8906316757202148 1013
1615405549226 0.9013182520866394 1014
1615405583331 0.9119873046875 1015
1615405617503 0.9051207304000854 1016
1615405651576 0.8865541219711304 1017
1615405685604 0.8827187418937683 1018
1615405719662 0.8871631622314453 1019
1615405757660 0.8873105049133301 1020
1615405791685 0.8778759837150574 1021
1615405826048 0.893622875213623 1022
1615405860404 0.8940461874008179 1023
1615405894784 0.8895490169525146 1024
1615405929092 0.914625346660614 1025
1615405963218 0.9116573333740234 1026
1615405997274 0.9026731252670288 1027
1615406031666 0.88458251953125 1028
1615406066214 0.9025263786315918 1029
1615406104609 0.8892443180084229 1030
1615406138791 0.8933875560760498 1031
1615406173153 0.8993740677833557 1032
1615406207293 0.9002029895782471 1033
1615406241912 0.8976026773452759 1034
1615406276176 0.8958323001861572 1035
1615406310216 0.9065464735031128 1036
1615406344619 0.8815513849258423 1037
1615406379031 0.9025236368179321 1038
1615406413185 0.8900595307350159 1039
1615406451340 0.9046200513839722 1040
1615406485535 0.9008922576904297 1041
1615406519577 0.9068636298179626 1042
1615406553602 0.9086692929267883 1043
1615406587760 0.9023936986923218 1044
1615406622258 0.9010776877403259 1045
1615406656628 0.8834156394004822 1046
1615406691059 0.8855817317962646 1047
1615406725465 0.9084460139274597 1048
1615406759676 0.9004607200622559 1049
1615406797965 0.9101265668869019 1050
1615406832427 0.904702365398407 1051
1615406866658 0.8944041728973389 1052
1615406901289 0.8974413871765137 1053
1615406935707 0.8838128447532654 1054
1615406969898 0.8858609199523926 1055
1615407004398 0.8967133164405823 1056
1615407038865 0.8888803720474243 1057
1615407073206 0.9103556871414185 1058
1615407107911 0.8818870782852173 1059
1615407146027 0.9047321677207947 1060
1615407180521 0.8906207084655762 1061
1615407214792 0.9174512028694153 1062
1615407249074 0.9055845737457275 1063
1615407283464 0.905825674533844 1064
1615407317641 0.9062623381614685 1065
1615407351970 0.905766487121582 1066
1615407385945 0.89361971616745 1067
1615407420280 0.893254280090332 1068
1615407454626 0.8948315382003784 1069
1615407492754 0.9172292947769165 1070
1615407526756 0.9055892825126648 1071
1615407560944 0.8878865838050842 1072
1615407595275 0.9095954895019531 1073
1615407629598 0.8818055987358093 1074
1615407663761 0.8832346200942993 1075
1615407698007 0.8811095952987671 1076
1615407732411 0.8784701824188232 1077
1615407766558 0.894784688949585 1078
1615407800817 0.9061883687973022 1079
1615407839328 0.9019392728805542 1080
1615407873358 0.9092552661895752 1081
1615407907795 0.8874218463897705 1082
1615407942193 0.9026986360549927 1083
1615407976229 0.8857434988021851 1084
1615408010525 0.884485125541687 1085
1615408045341 0.8906828761100769 1086
1615408079301 0.9027990102767944 1087
1615408113356 0.8963300585746765 1088
1615408147633 0.8921914100646973 1089
1615408185569 0.8974350690841675 1090
1615408219981 0.8981578350067139 1091
1615408254260 0.8939694166183472 1092
1615408288824 0.9137140512466431 1093
1615408323060 0.8890061974525452 1094
1615408357284 0.880756139755249 1095
1615408391788 0.8977251648902893 1096
1615408426098 0.8912020325660706 1097
1615408460530 0.8918710947036743 1098
1615408494858 0.8871501684188843 1099
1615408533171 0.9078474044799805 1100
1615408567250 0.879289984703064 1101
1615408601819 0.8883627653121948 1102
1615408636096 0.8815315365791321 1103
1615408670415 0.9089714288711548 1104
1615408704591 0.8952244520187378 1105
1615408739135 0.892177402973175 1106
1615408773498 0.8958152532577515 1107
1615408807882 0.9040720462799072 1108
1615408842216 0.9051618576049805 1109
1615408880761 0.8973416686058044 1110
1615408915535 0.9026601314544678 1111
1615408949719 0.8928980827331543 1112
1615408984265 0.8960428833961487 1113
1615409018456 0.8848124742507935 1114
1615409053035 0.9129026532173157 1115
1615409087487 0.8846464157104492 1116
1615409122007 0.8970488905906677 1117
1615409156132 0.8857705593109131 1118
1615409190552 0.9057955145835876 1119
1615409229009 0.9082823395729065 1120
1615409263405 0.8893318176269531 1121
1615409297487 0.913873553276062 1122
1615409331555 0.8954866528511047 1123
1615409365631 0.894665002822876 1124
1615409400228 0.9040399789810181 1125
1615409434446 0.8957063555717468 1126
1615409468855 0.8943495750427246 1127
1615409503165 0.8891110420227051 1128
1615409537308 0.876491367816925 1129
1615409575405 0.8966745138168335 1130
1615409609774 0.8846954703330994 1131
1615409644358 0.8975839614868164 1132
1615409678847 0.9043859839439392 1133
1615409712926 0.8981997966766357 1134
1615409747362 0.9011850357055664 1135
1615409781387 0.8910115361213684 1136
1615409815812 0.8932954668998718 1137
1615409850344 0.8940848708152771 1138
1615409884689 0.901511549949646 1139
1615409923379 0.8834714889526367 1140
1615409957845 0.8930152058601379 1141
1615409992167 0.8969122171401978 1142
1615410026249 0.903172492980957 1143
1615410060689 0.8847355842590332 1144
1615410094634 0.8975335359573364 1145
1615410128950 0.8787076473236084 1146
1615410163144 0.8898574113845825 1147
1615410197540 0.8907471895217896 1148
1615410231844 0.8887472748756409 1149
1615410269905 0.9023021459579468 1150
1615410304273 0.8871700763702393 1151
1615410338820 0.9087737798690796 1152
1615410373432 0.9045030474662781 1153
1615410407980 0.8862069845199585 1154
1615410442604 0.9067553281784058 1155
1615410476823 0.8996860980987549 1156
1615410511228 0.9059858322143555 1157
1615410545666 0.8971482515335083 1158
1615410579949 0.9139606356620789 1159
1615410617860 0.9156384468078613 1160
1615410651951 0.8985143899917603 1161
1615410686298 0.9125669002532959 1162
1615410720725 0.8877056837081909 1163
1615410754988 0.8982252478599548 1164
1615410789045 0.9039391875267029 1165
1615410823264 0.8991034030914307 1166
1615410857837 0.8951341509819031 1167
1615410892448 0.9126858711242676 1168
1615410927017 0.902005136013031 1169
1615410965222 0.9025812745094299 1170
1615410999735 0.920966625213623 1171
1615411034158 0.9041945934295654 1172
1615411070831 0.8875900506973267 1173
1615411104923 0.881280779838562 1174
1615411139328 0.8878175020217896 1175
1615411173586 0.9080613851547241 1176
1615411207902 0.898442268371582 1177
1615411241971 0.8992090821266174 1178
1615411276333 0.893352746963501 1179
1615411314383 0.8992877006530762 1180
1615411348403 0.8999807238578796 1181
1615411382566 0.8810065984725952 1182
1615411416766 0.9032437801361084 1183
1615411451154 0.9146521687507629 1184
1615411485493 0.9102592468261719 1185
1615411519980 0.8907807469367981 1186
1615411554354 0.8802725076675415 1187
1615411588700 0.8770103454589844 1188
1615411623037 0.9105446338653564 1189
1615411661528 0.8963895440101624 1190
1615411695941 0.8817694187164307 1191
1615411730161 0.8807421326637268 1192
1615411764837 0.8917899131774902 1193
1615411799203 0.8614948987960815 1194
1615411833424 0.9057923555374146 1195
1615411867846 0.9064434766769409 1196
1615411901873 0.9053139090538025 1197
1615411935870 0.9069161415100098 1198
1615411969888 0.8869780898094177 1199
1615412008208 0.8933616876602173 1200
1615412029929 0.9269916415214539 0
1615412029941 0.9269916415214539 0
