1615370430103 0.17351269721984863 1
1615370463866 0.2526373267173767 2
1615370498006 0.26155370473861694 3
1615370532003 0.2594853341579437 4
1615370565928 0.2743646502494812 5
1615370600241 0.2881138324737549 6
1615370634462 0.27813711762428284 7
1615370668431 0.28848475217819214 8
1615370702450 0.2967336177825928 9
1615370741130 0.30229341983795166 10
1615370775185 0.3000500500202179 11
1615370809467 0.31079113483428955 12
1615370843500 0.3258087635040283 13
1615370877939 0.3023453950881958 14
1615370912026 0.31551268696784973 15
1615370946549 0.32418107986450195 16
1615370980733 0.3082370162010193 17
1615371014893 0.2959378659725189 18
1615371049085 0.3482505679130554 19
1615371087694 0.3290938138961792 20
1615371122030 0.3254327178001404 21
1615371156000 0.34550362825393677 22
1615371190621 0.3492909073829651 23
1615371224948 0.34852278232574463 24
1615371259423 0.35853660106658936 25
1615371293852 0.3707646131515503 26
1615371328202 0.36011961102485657 27
1615371362605 0.3712135851383209 28
1615371397064 0.3467586040496826 29
1615371435213 0.35245025157928467 30
1615371469757 0.35503238439559937 31
1615371504546 0.3987346887588501 32
1615371539573 0.3722972273826599 33
1615371574282 0.3590950071811676 34
1615371608799 0.37773948907852173 35
1615371643300 0.37022414803504944 36
1615371677837 0.3862985372543335 37
1615371711945 0.369823694229126 38
1615371746023 0.3719310164451599 39
1615371784672 0.38966768980026245 40
1615371818914 0.38673245906829834 41
1615371853375 0.38553839921951294 42
1615371887727 0.38980966806411743 43
1615371921884 0.37659752368927 44
1615371956236 0.40663522481918335 45
1615371990207 0.38037946820259094 46
1615372024756 0.38281115889549255 47
1615372059285 0.4080035090446472 48
1615372094056 0.40852195024490356 49
1615372132858 0.3878413438796997 50
1615372167768 0.38934311270713806 51
1615372202085 0.3850647211074829 52
1615372236638 0.4041779041290283 53
1615372271015 0.40255436301231384 54
1615372305119 0.4654403328895569 55
1615372339844 0.3952206075191498 56
1615372374002 0.41509777307510376 57
1615372407923 0.4343758523464203 58
1615372441788 0.43092724680900574 59
1615372480235 0.4407840073108673 60
1615372514315 0.41991597414016724 61
1615372548581 0.42060405015945435 62
1615372582709 0.42078161239624023 63
1615372616887 0.38572001457214355 64
1615372651058 0.38645291328430176 65
1615372685363 0.41593509912490845 66
1615372719585 0.4078584313392639 67
1615372753931 0.40346163511276245 68
1615372787970 0.41758251190185547 69
1615372826532 0.4016155004501343 70
1615372860971 0.4327866733074188 71
1615372895096 0.3870474696159363 72
1615372930515 0.4207601249217987 73
1615372964910 0.415523886680603 74
1615372999042 0.42118769884109497 75
1615373033204 0.4270816445350647 76
1615373067260 0.44101208448410034 77
1615373101647 0.4005696773529053 78
1615373136042 0.43073588609695435 79
1615373174524 0.45543795824050903 80
1615373209046 0.4636414647102356 81
1615373243992 0.44622868299484253 82
1615373279386 0.4444085955619812 83
1615373314132 0.44767725467681885 84
1615373349248 0.4570382535457611 85
1615373383939 0.4485301375389099 86
1615373418199 0.4202590882778168 87
1615373452294 0.4503147602081299 88
1615373486631 0.44041961431503296 89
1615373524587 0.4901771545410156 90
1615373558908 0.4372923970222473 91
1615373592869 0.45708417892456055 92
1615373626853 0.4767630696296692 93
1615373660840 0.48954904079437256 94
1615373695178 0.487237811088562 95
1615373729135 0.45718544721603394 96
1615373763509 0.4589316248893738 97
1615373797712 0.449451208114624 98
1615373831848 0.458526074886322 99
1615373869919 0.44075027108192444 100
1615373904142 0.42118921875953674 101
1615373938573 0.43219712376594543 102
1615373973379 0.48014354705810547 103
1615374008298 0.45860469341278076 104
1615374043579 0.43407177925109863 105
1615374078644 0.4553632140159607 106
1615374113332 0.45656388998031616 107
1615374148010 0.4499284327030182 108
1615374182629 0.46059536933898926 109
1615374221275 0.4536086916923523 110
1615374255619 0.47937101125717163 111
1615374290139 0.492491215467453 112
1615374323988 0.4693697690963745 113
1615374357847 0.45577818155288696 114
1615374392259 0.4868970811367035 115
1615374426392 0.500514805316925 116
1615374460889 0.5040696859359741 117
1615374495277 0.4584338068962097 118
1615374529835 0.4297436475753784 119
1615374568981 0.48378628492355347 120
1615374603060 0.47258108854293823 121
1615374637369 0.4293404817581177 122
1615374671365 0.43098533153533936 123
1615374705555 0.46088534593582153 124
1615374739843 0.43003755807876587 125
1615374774250 0.46866899728775024 126
1615374808209 0.47586095333099365 127
1615374842432 0.4837838113307953 128
1615374876438 0.44096338748931885 129
1615374914328 0.5143600106239319 130
1615374948421 0.4299340844154358 131
1615374982771 0.44046032428741455 132
1615375017055 0.42181283235549927 133
1615375051137 0.4872742295265198 134
1615375085203 0.46898743510246277 135
1615375119291 0.46189409494400024 136
1615375153703 0.47458916902542114 137
1615375187928 0.43961596488952637 138
1615375221894 0.44510525465011597 139
1615375260052 0.46330809593200684 140
1615375294439 0.504022479057312 141
1615375328774 0.44888466596603394 142
1615375363177 0.4989926815032959 143
1615375397223 0.4888792634010315 144
1615375431230 0.49409276247024536 145
1615375465261 0.48844391107559204 146
1615375499313 0.5070511102676392 147
1615375533455 0.4966135025024414 148
1615375567723 0.5016763806343079 149
1615375605926 0.48035120964050293 150
1615375639880 0.4772346615791321 151
1615375674191 0.48196256160736084 152
1615375708132 0.4617026448249817 153
1615375742563 0.47409647703170776 154
1615375776569 0.443412721157074 155
1615375810844 0.5127321481704712 156
1615375844788 0.45138755440711975 157
1615375878900 0.4790729284286499 158
1615375913071 0.5060371160507202 159
1615375951614 0.4898442029953003 160
1615375985795 0.4814812242984772 161
1615376020022 0.45640432834625244 162
1615376054122 0.5194564461708069 163
1615376088575 0.48679739236831665 164
1615376122611 0.4816949963569641 165
1615376156626 0.47265881299972534 166
1615376191043 0.5188672542572021 167
1615376225396 0.5230863094329834 168
1615376259506 0.5055509805679321 169
1615376297674 0.49179989099502563 170
1615376331767 0.44365394115448 171
1615376366119 0.4766807556152344 172
1615376400358 0.4662535786628723 173
1615376434447 0.46966809034347534 174
1615376468814 0.49860715866088867 175
1615376503288 0.4883715808391571 176
1615376537469 0.5158405900001526 177
1615376571781 0.4779689311981201 178
1615376606140 0.4788637161254883 179
1615376643878 0.4909903109073639 180
1615376678216 0.49901556968688965 181
1615376712197 0.4808620512485504 182
1615376746535 0.49725401401519775 183
1615376780874 0.5074165463447571 184
1615376815222 0.48027104139328003 185
1615376849282 0.525607168674469 186
1615376883259 0.5088465213775635 187
1615376917182 0.4961756467819214 188
1615376951339 0.512208878993988 189
1615376990071 0.5414045453071594 190
1615377024178 0.5581839680671692 191
1615377058594 0.5085952877998352 192
1615377092822 0.5282912850379944 193
1615377126892 0.5365128517150879 194
1615377161037 0.4793207049369812 195
1615377194950 0.47578269243240356 196
1615377229260 0.4933778643608093 197
1615377263625 0.49355125427246094 198
1615377297679 0.5312597751617432 199
1615377335888 0.45838892459869385 200
1615377370109 0.5004886984825134 201
1615377404302 0.5058292746543884 202
1615377438600 0.5315449833869934 203
1615377472898 0.46780773997306824 204
1615377507150 0.48623165488243103 205
1615377541393 0.554252028465271 206
1615377575374 0.5343049764633179 207
1615377609337 0.5543622374534607 208
1615377643786 0.5242000818252563 209
1615377681802 0.49546539783477783 210
1615377716169 0.4526902437210083 211
1615377750608 0.5242241024971008 212
1615377784826 0.5036365985870361 213
1615377819312 0.5191553831100464 214
1615377853651 0.5394148826599121 215
1615377887923 0.5328257083892822 216
1615377922496 0.5202413201332092 217
1615377956613 0.5305869579315186 218
1615377991029 0.5469393134117126 219
1615378029144 0.5105993747711182 220
1615378063237 0.5351232886314392 221
1615378097189 0.4733065068721771 222
1615378131699 0.492597371339798 223
1615378165681 0.48212379217147827 224
1615378199707 0.49734747409820557 225
1615378233711 0.6133043766021729 226
1615378267989 0.5514758825302124 227
1615378302199 0.49352389574050903 228
1615378336080 0.5239928960800171 229
1615378374239 0.5846842527389526 230
1615378408492 0.582783579826355 231
1615378442489 0.5534638166427612 232
1615378476948 0.466713547706604 233
1615378511252 0.5053952932357788 234
1615378545640 0.5686025023460388 235
1615378580130 0.5175620317459106 236
1615378614367 0.5383211374282837 237
1615378648334 0.5670639276504517 238
1615378683091 0.5111820101737976 239
1615378722375 0.5587499141693115 240
1615378756481 0.4886227250099182 241
1615378791211 0.5502575635910034 242
1615378825798 0.49340754747390747 243
1615378859917 0.5171161890029907 244
1615378893878 0.5364169478416443 245
1615378929626 0.549904465675354 246
1615378963861 0.5544677972793579 247
1615378998348 0.5357469320297241 248
1615379032440 0.5214942693710327 249
1615379070915 0.5421068668365479 250
1615379105071 0.5515913963317871 251
1615379139339 0.502955436706543 252
1615379173650 0.5448502898216248 253
1615379207936 0.5112587809562683 254
1615379242776 0.5340045690536499 255
1615379277608 0.5644207000732422 256
1615379311709 0.47892946004867554 257
1615379346537 0.4888753294944763 258
1615379380596 0.5929478406906128 259
1615379419030 0.49800413846969604 260
1615379453681 0.5547381639480591 261
1615379488028 0.5558736324310303 262
1615379522043 0.5216730237007141 263
1615379556370 0.5016440153121948 264
1615379590523 0.5335510969161987 265
1615379624646 0.5460512042045593 266
1615379659131 0.48470866680145264 267
1615379693142 0.5061638355255127 268
1615379727196 0.5238816142082214 269
1615379765663 0.5371687412261963 270
1615379799810 0.5494403839111328 271
1615379833848 0.5287189483642578 272
1615379868366 0.550322413444519 273
1615379902433 0.5231001377105713 274
1615379936801 0.5278550386428833 275
1615379970977 0.5367107391357422 276
1615380005423 0.5428965091705322 277
1615380039591 0.5583541393280029 278
1615380073737 0.5303938388824463 279
1615380111521 0.5426086783409119 280
1615380145495 0.5514743328094482 281
1615380179779 0.5386484861373901 282
1615380214136 0.5181096196174622 283
1615380248593 0.518773078918457 284
1615380283024 0.5480526089668274 285
1615380317040 0.510733962059021 286
1615380351204 0.5371488928794861 287
1615380385436 0.5145298838615417 288
1615380419858 0.5245403051376343 289
1615380458336 0.5421968102455139 290
1615380492607 0.5601575970649719 291
1615380527206 0.5326734185218811 292
1615380561684 0.5371809601783752 293
1615380595898 0.5627411007881165 294
1615380629909 0.5695282220840454 295
1615380663892 0.5356253385543823 296
1615380698143 0.5340344905853271 297
1615380732517 0.5666244029998779 298
1615380766604 0.5432459115982056 299
1615380804986 0.578420877456665 300
1615380839081 0.5743087530136108 301
1615380873238 0.5735899209976196 302
1615380907638 0.5599411725997925 303
1615380941973 0.5678175687789917 304
1615380976275 0.54918372631073 305
1615381010634 0.5304664373397827 306
1615381045252 0.533100962638855 307
1615381079730 0.5577439665794373 308
1615381113977 0.5451387166976929 309
1615381152354 0.5025987029075623 310
1615381186404 0.47765055298805237 311
1615381220475 0.5438157320022583 312
1615381254932 0.5278323292732239 313
1615381288917 0.5566596984863281 314
1615381322916 0.5338583588600159 315
1615381357118 0.5453904867172241 316
1615381391071 0.5201517343521118 317
1615381425252 0.4829426407814026 318
1615381459633 0.5037227272987366 319
1615381497637 0.5664317011833191 320
1615381531822 0.5308551788330078 321
1615381565975 0.5032658576965332 322
1615381600305 0.5330750346183777 323
1615381634669 0.5792121291160583 324
1615381669205 0.5528614521026611 325
1615381703811 0.5841124653816223 326
1615381738225 0.552143931388855 327
1615381772768 0.5655937194824219 328
1615381807139 0.5526734590530396 329
1615381845845 0.5775421857833862 330
1615381879981 0.5542188882827759 331
1615381914196 0.5479158759117126 332
1615381948436 0.5135176777839661 333
1615381982833 0.5442729592323303 334
1615382017059 0.591152548789978 335
1615382051110 0.5762706995010376 336
1615382084993 0.5429196357727051 337
1615382119051 0.5157642960548401 338
1615382153295 0.506721019744873 339
1615382191174 0.5825649499893188 340
1615382225153 0.5327513217926025 341
1615382259560 0.5605547428131104 342
1615382293960 0.5285224914550781 343
1615382328351 0.5787923336029053 344
1615382362406 0.5752110481262207 345
1615382396692 0.5386414527893066 346
1615382430940 0.5050418972969055 347
1615382465038 0.6043142080307007 348
1615382499228 0.5407066941261292 349
1615382537359 0.5363305807113647 350
1615382571442 0.5571808218955994 351
1615382605724 0.54571533203125 352
1615382640025 0.5463178157806396 353
1615382674176 0.5333908200263977 354
1615382708545 0.5557409524917603 355
1615382742624 0.5455669164657593 356
1615382776703 0.557869553565979 357
1615382811074 0.5569298267364502 358
1615382845395 0.5580532550811768 359
1615382884009 0.5868738889694214 360
1615382918246 0.5452403426170349 361
1615382952436 0.5411560535430908 362
1615382986895 0.550264835357666 363
1615383020822 0.5952777862548828 364
1615383055151 0.5622717142105103 365
1615383089115 0.5425058603286743 366
1615383123158 0.50580233335495 367
1615383157560 0.4968723654747009 368
1615383191885 0.5763099193572998 369
1615383230386 0.5424169301986694 370
1615383264511 0.5725992918014526 371
1615383298517 0.5320104360580444 372
1615383332797 0.5573028326034546 373
1615383367362 0.5861292481422424 374
1615383402038 0.5507013201713562 375
1615383436219 0.5594934225082397 376
1615383470752 0.5559051036834717 377
1615383505168 0.5508755445480347 378
1615383539502 0.519812285900116 379
1615383577305 0.5686596632003784 380
1615383611458 0.4923124611377716 381
1615383645709 0.5593117475509644 382
1615383679660 0.5465295314788818 383
1615383713674 0.5248442888259888 384
1615383748290 0.5584546327590942 385
1615383782343 0.5196704864501953 386
1615383816289 0.559745728969574 387
1615383850709 0.5479086637496948 388
1615383884834 0.5284292697906494 389
1615383923040 0.5914362072944641 390
1615383957181 0.558915376663208 391
1615383991141 0.56534343957901 392
1615384025366 0.5555621385574341 393
1615384059654 0.6010226011276245 394
1615384093749 0.5361525416374207 395
1615384127785 0.5946947932243347 396
1615384161926 0.6129450798034668 397
1615384195991 0.5933691263198853 398
1615384230446 0.5430902242660522 399
1615384268798 0.5869705677032471 400
1615384303495 0.5790895223617554 401
1615384338194 0.56666100025177 402
1615384372965 0.5622063875198364 403
1615384407564 0.5715651512145996 404
1615384441901 0.529771625995636 405
1615384476171 0.5779429078102112 406
1615384510163 0.5984762907028198 407
1615384544364 0.5352804660797119 408
1615384578538 0.537015438079834 409
1615384617114 0.5870310068130493 410
1615384651072 0.5952877998352051 411
1615384685508 0.5721418857574463 412
1615384719873 0.5425822734832764 413
1615384753860 0.5259663462638855 414
1615384787937 0.5563090443611145 415
1615384822042 0.5467476844787598 416
1615384856408 0.5904251337051392 417
1615384890878 0.5954603552818298 418
1615384924875 0.5611736178398132 419
1615384962947 0.565416693687439 420
1615384997385 0.5234872102737427 421
1615385031886 0.5536041855812073 422
1615385066357 0.583206295967102 423
1615385100897 0.5685916543006897 424
1615385135304 0.5867854356765747 425
1615385169298 0.554511547088623 426
1615385203448 0.5509570240974426 427
1615385237893 0.5429164171218872 428
1615385272318 0.5407488346099854 429
1615385311017 0.566656231880188 430
1615385345117 0.5653259754180908 431
1615385379278 0.5644068121910095 432
1615385413695 0.583075761795044 433
1615385448312 0.5820349454879761 434
1615385482417 0.5558927059173584 435
1615385516445 0.5433238744735718 436
1615385550686 0.5606368780136108 437
1615385584702 0.5473283529281616 438
1615385619107 0.6040159463882446 439
1615385657217 0.5920085906982422 440
1615385691586 0.5414139032363892 441
1615385725516 0.5778921842575073 442
1615385759602 0.5642975568771362 443
1615385793908 0.5813803672790527 444
1615385828057 0.5628288984298706 445
1615385862009 0.5781136155128479 446
1615385896109 0.5639474391937256 447
1615385930599 0.5434045195579529 448
1615385964944 0.5650806427001953 449
1615386003298 0.5854446887969971 450
1615386037356 0.5692054629325867 451
1615386071396 0.5085310935974121 452
1615386105577 0.6129685640335083 453
1615386140122 0.5521913170814514 454
1615386174409 0.5771254897117615 455
1615386208566 0.5472800731658936 456
1615386242924 0.555964469909668 457
1615386277284 0.530997097492218 458
1615386311385 0.5603437423706055 459
1615386349518 0.5739641189575195 460
1615386383699 0.6062760353088379 461
1615386417856 0.5588574409484863 462
1615386451816 0.547160267829895 463
1615386485724 0.6299059391021729 464
1615386520071 0.6083589196205139 465
1615386554433 0.5955454111099243 466
1615386588696 0.5751264691352844 467
1615386622818 0.6182015538215637 468
1615386656821 0.5406930446624756 469
1615386695410 0.5947924256324768 470
1615386729522 0.6176174879074097 471
1615386763955 0.5881056785583496 472
1615386798434 0.5708814859390259 473
1615386832931 0.5930489897727966 474
1615386867427 0.6168793439865112 475
1615386901792 0.5789957046508789 476
1615386936357 0.5560876727104187 477
1615386970716 0.5833921432495117 478
1615387004839 0.5997363924980164 479
1615387043092 0.5876802206039429 480
1615387077485 0.5644741654396057 481
1615387111833 0.6059622764587402 482
1615387145871 0.5677869319915771 483
1615387179981 0.5589585304260254 484
1615387214255 0.5616609454154968 485
1615387248398 0.5930162668228149 486
1615387282460 0.6005418300628662 487
1615387316492 0.5760542154312134 488
1615387350758 0.5680042505264282 489
1615387389532 0.580085039138794 490
1615387424156 0.580777108669281 491
1615387458441 0.5857850313186646 492
1615387492824 0.5740185976028442 493
1615387527144 0.57608962059021 494
1615387561393 0.5927557945251465 495
1615387595772 0.5737771391868591 496
1615387629897 0.6249885559082031 497
1615387664027 0.572377622127533 498
1615387698051 0.5588666200637817 499
1615387736715 0.5564459562301636 500
1615387770803 0.5843105316162109 501
1615387804820 0.5818080902099609 502
1615387838956 0.5639467835426331 503
1615387873258 0.5759308338165283 504
1615387907286 0.5885868668556213 505
1615387941177 0.5124899744987488 506
1615387975557 0.5201708078384399 507
1615388010067 0.5745062828063965 508
1615388044987 0.5871557593345642 509
1615388083677 0.5988380312919617 510
1615388118162 0.6153992414474487 511
1615388152355 0.5921494960784912 512
1615388186342 0.5604112148284912 513
1615388220735 0.6236962080001831 514
1615388254762 0.6124039888381958 515
1615388288692 0.6113640069961548 516
1615388323371 0.6043803691864014 517
1615388357647 0.5552228689193726 518
1615388391745 0.5851230621337891 519
1615388429778 0.6016865968704224 520
1615388463841 0.5726256370544434 521
1615388498138 0.5827957391738892 522
1615388532437 0.575476348400116 523
1615388566728 0.5501782894134521 524
1615388601052 0.5462594628334045 525
1615388635694 0.6279172897338867 526
1615388669895 0.5676238536834717 527
1615388704239 0.5906234383583069 528
1615388738696 0.5357491970062256 529
1615388777094 0.5860980749130249 530
1615388811498 0.5773882269859314 531
1615388845548 0.6699876189231873 532
1615388879807 0.5564326047897339 533
1615388914094 0.6327135562896729 534
1615388948133 0.5643666982650757 535
1615388982487 0.5846401453018188 536
1615389016473 0.5627519488334656 537
1615389050674 0.6258285641670227 538
1615389085018 0.5867853760719299 539
1615389122921 0.613472044467926 540
1615389157325 0.5493446588516235 541
1615389191561 0.5847347378730774 542
1615389225607 0.6444454193115234 543
1615389259647 0.628286600112915 544
1615389294410 0.56944340467453 545
1615389328873 0.594103217124939 546
1615389363094 0.6026811599731445 547
1615389397428 0.5939184427261353 548
1615389431789 0.5702869296073914 549
1615389470419 0.6030770540237427 550
1615389504943 0.5504560470581055 551
1615389539172 0.537073016166687 552
1615389573374 0.585652232170105 553
1615389607351 0.5632798671722412 554
1615389641622 0.5754823684692383 555
1615389675541 0.6476103067398071 556
1615389709828 0.5691405534744263 557
1615389744018 0.5919960737228394 558
1615389778704 0.5882617235183716 559
1615389817081 0.5455843210220337 560
1615389851543 0.5890449285507202 561
1615389885757 0.6052599549293518 562
1615389920370 0.6238456964492798 563
1615389954421 0.6010684967041016 564
1615389988443 0.5406502485275269 565
1615390022706 0.5800038576126099 566
1615390057050 0.5720829367637634 567
1615390091074 0.5408738851547241 568
1615390125464 0.5478641986846924 569
1615390163616 0.5958781242370605 570
1615390197551 0.5659030675888062 571
1615390231936 0.5952634811401367 572
1615390266625 0.548393726348877 573
1615390301067 0.5714218616485596 574
1615390335716 0.5753655433654785 575
1615390370120 0.6536811590194702 576
1615390404360 0.5749830007553101 577
1615390438312 0.4867050349712372 578
1615390472224 0.6103094816207886 579
1615390510495 0.5563080310821533 580
1615390544519 0.5551325082778931 581
1615390578547 0.5519890785217285 582
1615390612598 0.5966820120811462 583
1615390647061 0.5816236734390259 584
1615390681511 0.5305098295211792 585
1615390715975 0.5658878087997437 586
1615390750295 0.5713874101638794 587
1615390784435 0.5604170560836792 588
1615390818821 0.5862327218055725 589
1615390857404 0.5934603214263916 590
1615390891381 0.5349701642990112 591
1615390925825 0.5838195085525513 592
1615390960217 0.5844801664352417 593
1615390994424 0.6135069131851196 594
1615391028327 0.5976157188415527 595
1615391062604 0.5600746870040894 596
1615391097026 0.5774467587471008 597
1615391131391 0.6311068534851074 598
1615391165557 0.5669457316398621 599
1615391203655 0.5951985120773315 600
1615391238169 0.6038973331451416 601
1615391272524 0.5638489723205566 602
1615391307007 0.6304640769958496 603
1615391341282 0.5953467488288879 604
1615391375830 0.5414928197860718 605
1615391410195 0.5961979627609253 606
1615391444543 0.5813983678817749 607
1615391478791 0.594796895980835 608
1615391512946 0.5773394107818604 609
1615391551635 0.6724156141281128 610
1615391585668 0.5809293985366821 611
1615391619940 0.6069342494010925 612
1615391654554 0.5858089923858643 613
1615391689027 0.5522136688232422 614
1615391723598 0.5857118368148804 615
1615391758152 0.6015486121177673 616
1615391792239 0.5789852142333984 617
1615391826146 0.6161406636238098 618
1615391860173 0.5939474105834961 619
1615391897811 0.5491917729377747 620
1615391931723 0.5868553519248962 621
1615391966095 0.5628570318222046 622
1615392000527 0.6143562197685242 623
1615392034956 0.6028122901916504 624
1615392069708 0.5699907541275024 625
1615392103991 0.6125600934028625 626
1615392138430 0.6040516495704651 627
1615392172621 0.5837060809135437 628
1615392206894 0.6074115633964539 629
1615392245125 0.6026797294616699 630
1615392279564 0.5732876062393188 631
1615392313904 0.6034872531890869 632
1615392348168 0.5548408031463623 633
1615392382497 0.6145932674407959 634
1615392416877 0.6301954984664917 635
1615392451250 0.6138918995857239 636
1615392485175 0.6038246154785156 637
1615392519690 0.5764259696006775 638
1615392553865 0.5907533764839172 639
1615392591996 0.6236124038696289 640
1615392625997 0.5202767848968506 641
1615392660006 0.5585333108901978 642
1615392694127 0.6333709955215454 643
1615392728420 0.5792765021324158 644
1615392762955 0.5621814727783203 645
1615392796938 0.6235405206680298 646
1615392831293 0.5805529356002808 647
1615392865499 0.5712170600891113 648
1615392899678 0.6196916699409485 649
1615392937891 0.6034005880355835 650
1615392972093 0.5836399793624878 651
1615393006353 0.6086111068725586 652
1615393040487 0.6062206029891968 653
1615393074527 0.661141037940979 654
1615393108448 0.5873221158981323 655
1615393142691 0.5380532741546631 656
1615393177071 0.598981499671936 657
1615393211107 0.6006989479064941 658
1615393245219 0.5508731007575989 659
1615393283490 0.5882583856582642 660
1615393317878 0.5987735390663147 661
1615393352196 0.5983734130859375 662
1615393386579 0.5394298434257507 663
1615393420766 0.5712892413139343 664
1615393455040 0.632439136505127 665
1615393489550 0.5662336349487305 666
1615393523977 0.5145859122276306 667
1615393558018 0.564561128616333 668
1615393592111 0.6167421340942383 669
1615393630372 0.6124993562698364 670
1615393664789 0.5390193462371826 671
1615393699201 0.5425869226455688 672
1615393733622 0.5568403005599976 673
1615393767886 0.5717127919197083 674
1615393802198 0.582857608795166 675
1615393836219 0.577063262462616 676
1615393870523 0.5708906650543213 677
1615393904864 0.5685962438583374 678
1615393939388 0.5585713386535645 679
1615393977643 0.5886704921722412 680
1615394011872 0.5673952102661133 681
1615394045882 0.5149135589599609 682
1615394080243 0.5890480279922485 683
1615394114491 0.6036436557769775 684
1615394148901 0.5901118516921997 685
1615394183223 0.6131581664085388 686
1615394217209 0.6085004806518555 687
1615394251307 0.607797384262085 688
1615394285762 0.6076329350471497 689
1615394324315 0.5831443667411804 690
1615394358516 0.5638006925582886 691
1615394393164 0.5628722906112671 692
1615394427690 0.5542855262756348 693
1615394461782 0.568068265914917 694
1615394495838 0.593690037727356 695
1615394530392 0.5737989544868469 696
1615394564419 0.6230080127716064 697
1615394598851 0.5614302158355713 698
1615394632886 0.6238981485366821 699
1615394671395 0.5505637526512146 700
1615394705564 0.6416504383087158 701
1615394739867 0.5615612268447876 702
1615394773824 0.6241220235824585 703
1615394807807 0.6085906028747559 704
1615394842327 0.5614104270935059 705
1615394876621 0.6162393689155579 706
1615394911075 0.6295619010925293 707
1615394945034 0.566310703754425 708
1615394978980 0.5966339111328125 709
1615395016962 0.5886719226837158 710
1615395051327 0.578545093536377 711
1615395085777 0.5952552556991577 712
1615395120110 0.5642653703689575 713
1615395154418 0.6175339221954346 714
1615395188679 0.5942215919494629 715
1615395223070 0.5865110158920288 716
1615395257515 0.6589087247848511 717
1615395291628 0.6098959445953369 718
1615395325635 0.6462405920028687 719
1615395363756 0.6296237707138062 720
1615395398239 0.6348833441734314 721
1615395432803 0.565304160118103 722
1615395467150 0.6102970838546753 723
1615395501270 0.5879987478256226 724
1615395535495 0.5993660092353821 725
1615395569810 0.5220096111297607 726
1615395604160 0.5908454060554504 727
1615395638140 0.6282728314399719 728
1615395672247 0.5628159046173096 729
1615395710099 0.651883602142334 730
1615395744461 0.58518385887146 731
1615395778954 0.5755050182342529 732
1615395813371 0.6082995533943176 733
1615395847665 0.600029706954956 734
1615395882274 0.6073740720748901 735
1615395916729 0.5997235774993896 736
1615395950849 0.579647958278656 737
1615395985206 0.610485315322876 738
1615396019174 0.5548715591430664 739
1615396057754 0.6170501708984375 740
1615396092114 0.5944305658340454 741
1615396126519 0.5993109941482544 742
1615396160657 0.6157336235046387 743
1615396194830 0.6001343131065369 744
1615396229244 0.5915765762329102 745
1615396263794 0.6658645272254944 746
1615396298117 0.5761017799377441 747
1615396332425 0.6217900514602661 748
1615396366410 0.5669212937355042 749
1615396404483 0.6621541976928711 750
1615396438845 0.5761328935623169 751
1615396472940 0.6242843866348267 752
1615396507071 0.5936477780342102 753
1615396541693 0.6188293099403381 754
1615396576045 0.6041982769966125 755
1615396610417 0.5624139308929443 756
1615396644376 0.6252104043960571 757
1615396678902 0.5813322067260742 758
1615396713100 0.6326832175254822 759
1615396751796 0.5919939279556274 760
1615396786347 0.5825841426849365 761
1615396821051 0.6014364957809448 762
1615396855289 0.5646551847457886 763
1615396889677 0.5925146341323853 764
1615396924099 0.6178097724914551 765
1615396958097 0.5690062046051025 766
1615396992418 0.6148852705955505 767
1615397026440 0.5765795707702637 768
1615397060863 0.5551655292510986 769
1615397099424 0.5739407539367676 770
1615397133562 0.6067706346511841 771
1615397167979 0.563650369644165 772
1615397202175 0.5474344491958618 773
1615397236554 0.5933685302734375 774
1615397270469 0.5933284163475037 775
1615397304433 0.5616084337234497 776
1615397338726 0.5762789249420166 777
1615397373180 0.5678901672363281 778
1615397407745 0.5796467065811157 779
1615397446163 0.5787358283996582 780
1615397480191 0.6193827390670776 781
1615397514484 0.5943663120269775 782
1615397548889 0.5681653022766113 783
1615397582676 0.5870492458343506 784
1615397616629 0.6208200454711914 785
1615397651213 0.5942635536193848 786
1615397685284 0.5341367721557617 787
1615397719616 0.5566602349281311 788
1615397753925 0.6504163146018982 789
1615397792353 0.6081603765487671 790
1615397826361 0.6267026662826538 791
1615397860758 0.598179280757904 792
1615397895021 0.6323394179344177 793
1615397928976 0.6468623876571655 794
1615397963090 0.5523819327354431 795
1615397997102 0.5427706837654114 796
1615398031397 0.5905557870864868 797
1615398065628 0.5626739263534546 798
1615398099865 0.5802034139633179 799
1615398138523 0.6282490491867065 800
1615398172858 0.6350757479667664 801
1615398207152 0.5388225317001343 802
1615398241539 0.5538932085037231 803
1615398275660 0.6173052787780762 804
1615398309979 0.5397127866744995 805
1615398344285 0.5748003721237183 806
1615398378452 0.5834372043609619 807
1615398412839 0.6095629334449768 808
1615398447018 0.6289360523223877 809
1615398485252 0.5794106721878052 810
1615398519372 0.5943859815597534 811
1615398553601 0.620535135269165 812
1615398587547 0.5962832570075989 813
1615398621497 0.5762840509414673 814
1615398655898 0.5746155381202698 815
1615398689987 0.6274231672286987 816
1615398724364 0.5826967358589172 817
1615398758504 0.5445973873138428 818
1615398792923 0.5797684192657471 819
1615398830802 0.6106730699539185 820
1615398865058 0.5922138690948486 821
1615398899574 0.5601867437362671 822
1615398934177 0.5291367769241333 823
1615398968258 0.6322543621063232 824
1615399002547 0.6009944677352905 825
1615399036990 0.5595928430557251 826
1615399071028 0.5729215145111084 827
1615399105967 0.5844465494155884 828
1615399140150 0.5736345052719116 829
1615399178156 0.5832764506340027 830
1615399212217 0.5696942210197449 831
1615399246654 0.5541224479675293 832
1615399280997 0.5930588841438293 833
1615399315308 0.5915162563323975 834
1615399349617 0.632096529006958 835
1615399384214 0.5676670074462891 836
1615399418527 0.5620293617248535 837
1615399452909 0.5597777366638184 838
1615399487309 0.6099332571029663 839
1615399525506 0.588675320148468 840
1615399559845 0.5835768580436707 841
1615399593835 0.5601755380630493 842
1615399628406 0.5902351140975952 843
1615399662887 0.6083558797836304 844
1615399697144 0.6167134642601013 845
1615399731099 0.5820721387863159 846
1615399765164 0.5530807971954346 847
1615399799398 0.5653883218765259 848
1615399833465 0.5358325242996216 849
1615399871676 0.6431354284286499 850
1615399905716 0.5982154607772827 851
1615399940340 0.6286953687667847 852
1615399974605 0.6300395131111145 853
1615400008748 0.5631868839263916 854
1615400042964 0.5896196365356445 855
1615400077431 0.5942084789276123 856
1615400111937 0.5691770911216736 857
1615400146238 0.5144912600517273 858
1615400180683 0.6008430123329163 859
1615400219066 0.6173425316810608 860
1615400253506 0.6305378675460815 861
1615400287856 0.6152302026748657 862
1615400322194 0.6041355729103088 863
1615400356135 0.6027765274047852 864
1615400390208 0.584763765335083 865
1615400424556 0.6348249912261963 866
1615400458703 0.5660914182662964 867
1615400492963 0.5477400422096252 868
1615400526982 0.5993006229400635 869
1615400565099 0.5826573371887207 870
1615400599357 0.5988608598709106 871
1615400633717 0.5666952133178711 872
1615400667737 0.5934112071990967 873
1615400702004 0.5777062177658081 874
1615400736121 0.6150043606758118 875
1615400770216 0.5854148864746094 876
1615400804675 0.6324332356452942 877
1615400838797 0.5584758520126343 878
1615400873350 0.5672588348388672 879
1615400911934 0.5585547685623169 880
1615400946408 0.6019232273101807 881
1615400980518 0.6083564162254333 882
1615401014909 0.5828511714935303 883
1615401049139 0.5724869966506958 884
1615401083308 0.5736775994300842 885
1615401117418 0.5804238319396973 886
1615401151372 0.6360360383987427 887
1615401185628 0.6419961452484131 888
1615401220017 0.5657168626785278 889
1615401258155 0.6204662322998047 890
1615401292455 0.5806412100791931 891
1615401326541 0.6007688641548157 892
1615401360640 0.5732078552246094 893
1615401394914 0.5951647758483887 894
1615401429085 0.5807293653488159 895
1615401463486 0.5886437296867371 896
1615401497558 0.6217185854911804 897
1615401531536 0.5529218316078186 898
1615401565981 0.5795608162879944 899
1615401604221 0.5835810899734497 900
1615401638452 0.6255258321762085 901
1615401673046 0.5879382491111755 902
1615401707440 0.5921407341957092 903
1615401741762 0.6143879890441895 904
1615401775814 0.6108934879302979 905
1615401810102 0.5948405265808105 906
1615401844476 0.581119179725647 907
1615401878731 0.5755541920661926 908
1615401913202 0.5811029672622681 909
1615401951709 0.5839782357215881 910
1615401985605 0.5995117425918579 911
1615402019633 0.6066368818283081 912
1615402053600 0.5864850282669067 913
1615402087660 0.5531948208808899 914
1615402121940 0.5734436511993408 915
1615402156265 0.5786588191986084 916
1615402190278 0.5881921648979187 917
1615402224328 0.5844109058380127 918
1615402258621 0.5438692569732666 919
1615402296877 0.6036542057991028 920
1615402331073 0.5888544321060181 921
1615402365060 0.5569032430648804 922
1615402399058 0.5659774541854858 923
1615402433405 0.5714676380157471 924
1615402467448 0.5419669151306152 925
1615402501698 0.5504292845726013 926
1615402536163 0.615829348564148 927
1615402570465 0.5675710439682007 928
1615402604774 0.5930010676383972 929
1615402643056 0.578833818435669 930
1615402677121 0.6007574200630188 931
1615402711835 0.6171083450317383 932
1615402746153 0.602486252784729 933
1615402780276 0.6164364814758301 934
1615402814304 0.5323041677474976 935
1615402848516 0.5773175954818726 936
1615402882820 0.5801896452903748 937
1615402916777 0.615455150604248 938
1615402950709 0.5794438719749451 939
1615402988878 0.6135006546974182 940
1615403022972 0.5415027141571045 941
1615403057427 0.6346945762634277 942
1615403091514 0.5677394866943359 943
1615403125856 0.6215713620185852 944
1615403160060 0.5603845715522766 945
1615403194399 0.5947929620742798 946
1615403228501 0.6453152894973755 947
1615403262944 0.6263683438301086 948
1615403297355 0.606143593788147 949
1615403336192 0.5251423716545105 950
1615403370591 0.5539818406105042 951
1615403404894 0.6648033261299133 952
1615403439165 0.6300774812698364 953
1615403473476 0.583268404006958 954
1615403507762 0.5822296142578125 955
1615403541548 0.6042970418930054 956
1615403575521 0.5861055850982666 957
1615403609666 0.5296965837478638 958
1615403644227 0.5941599607467651 959
1615403683257 0.5575027465820312 960
1615403717308 0.5581833124160767 961
1615403751823 0.6205102801322937 962
1615403786322 0.6294774413108826 963
1615403820869 0.6149289011955261 964
1615403855046 0.5853290557861328 965
1615403889404 0.5777492523193359 966
1615403923523 0.5923467874526978 967
1615403957597 0.5896779894828796 968
1615403991642 0.5811578035354614 969
1615404029934 0.6110382080078125 970
1615404064044 0.6152231097221375 971
1615404098009 0.5846304297447205 972
1615404132318 0.5603412985801697 973
1615404166298 0.5894278883934021 974
1615404200499 0.5791449546813965 975
1615404234765 0.6129761934280396 976
1615404268981 0.5825457572937012 977
1615404303141 0.5897364616394043 978
1615404337444 0.5783440470695496 979
1615404375513 0.6188139915466309 980
1615404409522 0.6544032096862793 981
1615404444003 0.6008126735687256 982
1615404478512 0.621094822883606 983
1615404512649 0.597209632396698 984
1615404546873 0.5855976343154907 985
1615404581186 0.5399833917617798 986
1615404615508 0.5576372742652893 987
1615404649603 0.5722051858901978 988
1615404683616 0.5478297472000122 989
1615404721861 0.5972505807876587 990
1615404756289 0.5963729023933411 991
1615404790467 0.6051735877990723 992
1615404824702 0.5951759219169617 993
1615404858705 0.5399073362350464 994
1615404892742 0.5659012198448181 995
1615404926734 0.5732806921005249 996
1615404960696 0.6061906814575195 997
1615404994667 0.5561547875404358 998
1615405028622 0.6056567430496216 999
1615405067218 0.6380206346511841 1000
1615405101411 0.5670801401138306 1001
1615405135453 0.5420150756835938 1002
1615405169618 0.5679144859313965 1003
1615405203601 0.5934634208679199 1004
1615405237763 0.5817826390266418 1005
1615405271718 0.5937778949737549 1006
1615405305889 0.6183918714523315 1007
1615405340172 0.634833574295044 1008
1615405374157 0.6017055511474609 1009
1615405412193 0.6276735067367554 1010
1615405446378 0.6146275997161865 1011
1615405480693 0.5998208522796631 1012
1615405515053 0.569890558719635 1013
1615405549226 0.6145362854003906 1014
1615405583331 0.62696373462677 1015
1615405617503 0.6122740507125854 1016
1615405651576 0.5673419237136841 1017
1615405685604 0.533156156539917 1018
1615405719662 0.5659398436546326 1019
1615405757660 0.5671918392181396 1020
1615405791685 0.5508307814598083 1021
1615405826048 0.5951439142227173 1022
1615405860404 0.5859128832817078 1023
1615405894784 0.5714004039764404 1024
1615405929092 0.6484673023223877 1025
1615405963218 0.6301478743553162 1026
1615405997274 0.6200997233390808 1027
1615406031666 0.544147789478302 1028
1615406066214 0.6081576347351074 1029
1615406104609 0.5799410343170166 1030
1615406138791 0.5870115756988525 1031
1615406173153 0.6021641492843628 1032
1615406207293 0.5974423289299011 1033
1615406241912 0.6063892841339111 1034
1615406276176 0.5805810689926147 1035
1615406310216 0.6096025705337524 1036
1615406344619 0.5593923330307007 1037
1615406379031 0.621961236000061 1038
1615406413185 0.5795890688896179 1039
1615406451340 0.61784827709198 1040
1615406485535 0.6002048254013062 1041
1615406519577 0.6153779029846191 1042
1615406553602 0.6115044355392456 1043
1615406587760 0.612147331237793 1044
1615406622258 0.5987739562988281 1045
1615406656628 0.5654556751251221 1046
1615406691059 0.5714535713195801 1047
1615406725465 0.617988646030426 1048
1615406759676 0.6005897521972656 1049
1615406797965 0.6358083486557007 1050
1615406832427 0.5962546467781067 1051
1615406866658 0.5816256999969482 1052
1615406901289 0.5988427400588989 1053
1615406935707 0.5605181455612183 1054
1615406969898 0.560401439666748 1055
1615407004398 0.5868699550628662 1056
1615407038865 0.5728242993354797 1057
1615407073206 0.6139310598373413 1058
1615407107911 0.5605120658874512 1059
1615407146027 0.6108438968658447 1060
1615407180521 0.5666676759719849 1061
1615407214792 0.6509925127029419 1062
1615407249074 0.6249886751174927 1063
1615407283464 0.6169525980949402 1064
1615407317641 0.6235634088516235 1065
1615407351970 0.6132620573043823 1066
1615407385945 0.5810868740081787 1067
1615407420280 0.575793981552124 1068
1615407454626 0.5761942863464355 1069
1615407492754 0.6429115533828735 1070
1615407526756 0.6170684695243835 1071
1615407560944 0.5628100633621216 1072
1615407595275 0.6141644716262817 1073
1615407629598 0.5530672073364258 1074
1615407663761 0.5505345463752747 1075
1615407698007 0.5491011142730713 1076
1615407732411 0.5396124720573425 1077
1615407766558 0.5727511644363403 1078
1615407800817 0.6079938411712646 1079
1615407839328 0.6086125373840332 1080
1615407873358 0.6205925345420837 1081
1615407907795 0.5825834274291992 1082
1615407942193 0.613296389579773 1083
1615407976229 0.551711916923523 1084
1615408010525 0.5468946695327759 1085
1615408045341 0.5737037062644958 1086
1615408079301 0.6271432042121887 1087
1615408113356 0.5914865136146545 1088
1615408147633 0.57001793384552 1089
1615408185569 0.595914363861084 1090
1615408219981 0.5923997759819031 1091
1615408254260 0.5909324884414673 1092
1615408288824 0.6265006065368652 1093
1615408323060 0.5739730000495911 1094
1615408357284 0.5488617420196533 1095
1615408391788 0.6041683554649353 1096
1615408426098 0.5823442935943604 1097
1615408460530 0.5782953500747681 1098
1615408494858 0.5857601165771484 1099
1615408533171 0.6179033517837524 1100
1615408567250 0.5441946983337402 1101
1615408601819 0.5732119679450989 1102
1615408636096 0.5698926448822021 1103
1615408670415 0.6234996914863586 1104
1615408704591 0.5911193490028381 1105
1615408739135 0.5784491300582886 1106
1615408773498 0.5953985452651978 1107
1615408807882 0.6036118865013123 1108
1615408842216 0.618419885635376 1109
1615408880761 0.5961629152297974 1110
1615408915535 0.6131563186645508 1111
1615408949719 0.5829430818557739 1112
1615408984265 0.583962082862854 1113
1615409018456 0.5612151026725769 1114
1615409053035 0.6286492347717285 1115
1615409087487 0.5852830410003662 1116
1615409122007 0.5919458866119385 1117
1615409156132 0.5611943006515503 1118
1615409190552 0.6108484268188477 1119
1615409229009 0.6320560574531555 1120
1615409263405 0.5821985006332397 1121
1615409297487 0.6285412311553955 1122
1615409331555 0.591652512550354 1123
1615409365631 0.5781471133232117 1124
1615409400228 0.6101392507553101 1125
1615409434446 0.5755138397216797 1126
1615409468855 0.5765953063964844 1127
1615409503165 0.5832998752593994 1128
1615409537308 0.5324240326881409 1129
1615409575405 0.5872197151184082 1130
1615409609774 0.5704823732376099 1131
1615409644358 0.5959679484367371 1132
1615409678847 0.6084460020065308 1133
1615409712926 0.579559326171875 1134
1615409747362 0.5996130704879761 1135
1615409781387 0.5758839845657349 1136
1615409815812 0.5889244079589844 1137
1615409850344 0.5804871320724487 1138
1615409884689 0.6045677661895752 1139
1615409923379 0.5590777397155762 1140
1615409957845 0.582653284072876 1141
1615409992167 0.5959264039993286 1142
1615410026249 0.6038075685501099 1143
1615410060689 0.5651688575744629 1144
1615410094634 0.5795252323150635 1145
1615410128950 0.5525819063186646 1146
1615410163144 0.5788182616233826 1147
1615410197540 0.5674764513969421 1148
1615410231844 0.590744137763977 1149
1615410269905 0.6193194389343262 1150
1615410304273 0.5697463750839233 1151
1615410338820 0.6104638576507568 1152
1615410373432 0.6141939759254456 1153
1615410407980 0.5596274137496948 1154
1615410442604 0.6115065813064575 1155
1615410476823 0.5964137315750122 1156
1615410511228 0.6209515333175659 1157
1615410545666 0.5874360203742981 1158
1615410579949 0.6533560156822205 1159
1615410617860 0.6483122110366821 1160
1615410651951 0.5910717248916626 1161
1615410686298 0.6398473978042603 1162
1615410720725 0.5564173460006714 1163
1615410754988 0.5967645645141602 1164
1615410789045 0.6204475164413452 1165
1615410823264 0.6004758477210999 1166
1615410857837 0.5807271599769592 1167
1615410892448 0.6324161291122437 1168
1615410927017 0.5928200483322144 1169
1615410965222 0.6106269359588623 1170
1615410999735 0.6613012552261353 1171
1615411034158 0.5980865955352783 1172
1615411070831 0.5880413055419922 1173
1615411104923 0.5570909380912781 1174
1615411139328 0.5525344014167786 1175
1615411173586 0.6266874074935913 1176
1615411207902 0.584831178188324 1177
1615411241971 0.6093360185623169 1178
1615411276333 0.5894397497177124 1179
1615411314383 0.6068079471588135 1180
1615411348403 0.5973227024078369 1181
1615411382566 0.5591552257537842 1182
1615411416766 0.6175448894500732 1183
1615411451154 0.634379506111145 1184
1615411485493 0.6297714114189148 1185
1615411519980 0.5916489958763123 1186
1615411554354 0.5512995719909668 1187
1615411588700 0.5444959402084351 1188
1615411623037 0.6227637529373169 1189
1615411661528 0.5980229377746582 1190
1615411695941 0.544827938079834 1191
1615411730161 0.5389447212219238 1192
1615411764837 0.5712225437164307 1193
1615411799203 0.5184756517410278 1194
1615411833424 0.6222662925720215 1195
1615411867846 0.6181998252868652 1196
1615411901873 0.6101218461990356 1197
1615411935870 0.6225873827934265 1198
1615411969888 0.5629270076751709 1199
1615412008208 0.5836659669876099 1200
1615412029931 0.6834715604782104 0
1615412029943 0.6834715604782104 0
