1615370430103 0.23851096630096436 1
1615370463866 0.36418068408966064 2
1615370498006 0.5195520520210266 3
1615370532003 0.569828450679779 4
1615370565928 0.5972721576690674 5
1615370600241 0.6598178148269653 6
1615370634462 0.6134548187255859 7
1615370668431 0.646604061126709 8
1615370702450 0.6568233966827393 9
1615370741130 0.6621214151382446 10
1615370775185 0.6574296355247498 11
1615370809467 0.6858755350112915 12
1615370843500 0.6915072202682495 13
1615370877939 0.6799068450927734 14
1615370912026 0.677553653717041 15
1615370946549 0.6979302763938904 16
1615370980733 0.6936516165733337 17
1615371014893 0.6838250160217285 18
1615371049085 0.7372848987579346 19
1615371087694 0.7026185989379883 20
1615371122030 0.6976218223571777 21
1615371156000 0.7435855865478516 22
1615371190621 0.7347145080566406 23
1615371224948 0.7309677600860596 24
1615371259423 0.736850380897522 25
1615371293852 0.7668480277061462 26
1615371328202 0.7590596675872803 27
1615371362605 0.7605569362640381 28
1615371397064 0.7398821711540222 29
1615371435213 0.7536588907241821 30
1615371469757 0.7318109273910522 31
1615371504546 0.7853862047195435 32
1615371539573 0.76344233751297 33
1615371574282 0.7664457559585571 34
1615371608799 0.7626510262489319 35
1615371643300 0.7707405686378479 36
1615371677837 0.7953474521636963 37
1615371711945 0.7671862244606018 38
1615371746023 0.7781479358673096 39
1615371784672 0.790874183177948 40
1615371818914 0.7755168676376343 41
1615371853375 0.7858997583389282 42
1615371887727 0.7954957485198975 43
1615371921884 0.7741700410842896 44
1615371956236 0.7996634244918823 45
1615371990207 0.766115665435791 46
1615372024756 0.7808635830879211 47
1615372059285 0.7905646562576294 48
1615372094056 0.8053425550460815 49
1615372132858 0.8050991296768188 50
1615372167768 0.7887616157531738 51
1615372202085 0.7786937952041626 52
1615372236638 0.7934336066246033 53
1615372271015 0.7960898876190186 54
1615372305119 0.8373005390167236 55
1615372339844 0.7902579307556152 56
1615372374002 0.8084295392036438 57
1615372407923 0.8140628337860107 58
1615372441788 0.8128602504730225 59
1615372480235 0.8238340616226196 60
1615372514315 0.8010005950927734 61
1615372548581 0.8031580448150635 62
1615372582709 0.8086426258087158 63
1615372616887 0.7889636754989624 64
1615372651058 0.7833771705627441 65
1615372685363 0.8044626116752625 66
1615372719585 0.795357346534729 67
1615372753931 0.7998834848403931 68
1615372787970 0.8061944842338562 69
1615372826532 0.7860541343688965 70
1615372860971 0.8163430690765381 71
1615372895096 0.7912998199462891 72
1615372930515 0.8079167604446411 73
1615372964910 0.8065295219421387 74
1615372999042 0.8064542412757874 75
1615373033204 0.8077187538146973 76
1615373067260 0.8189883232116699 77
1615373101647 0.8011538982391357 78
1615373136042 0.8180927038192749 79
1615373174524 0.8304026126861572 80
1615373209046 0.8375987410545349 81
1615373243992 0.8301068544387817 82
1615373279386 0.8211721777915955 83
1615373314132 0.8233591914176941 84
1615373349248 0.8365112543106079 85
1615373383939 0.8220466375350952 86
1615373418199 0.8125832676887512 87
1615373452294 0.8246973156929016 88
1615373486631 0.8188039660453796 89
1615373524587 0.8500024080276489 90
1615373558908 0.8159346580505371 91
1615373592869 0.8333399295806885 92
1615373626853 0.8363507986068726 93
1615373660840 0.8507941365242004 94
1615373695178 0.8469063639640808 95
1615373729135 0.8359101414680481 96
1615373763509 0.8258606195449829 97
1615373797712 0.8267712593078613 98
1615373831848 0.8254230618476868 99
1615373869919 0.8223285675048828 100
1615373904142 0.7958831787109375 101
1615373938573 0.817292332649231 102
1615373973379 0.8365199565887451 103
1615374008298 0.838090181350708 104
1615374043579 0.8124649524688721 105
1615374078644 0.830915093421936 106
1615374113332 0.8257732391357422 107
1615374148010 0.8256052732467651 108
1615374182629 0.8241176605224609 109
1615374221275 0.8276718854904175 110
1615374255619 0.8403873443603516 111
1615374290139 0.8527951240539551 112
1615374323988 0.8250355124473572 113
1615374357847 0.8316974639892578 114
1615374392259 0.8419879674911499 115
1615374426392 0.8556257486343384 116
1615374460889 0.8521726131439209 117
1615374495277 0.8282269835472107 118
1615374529835 0.8126184940338135 119
1615374568981 0.8507499694824219 120
1615374603060 0.8360533118247986 121
1615374637369 0.812437891960144 122
1615374671365 0.8086589574813843 123
1615374705555 0.8298273086547852 124
1615374739843 0.7991008758544922 125
1615374774250 0.835455060005188 126
1615374808209 0.8464537262916565 127
1615374842432 0.8431171178817749 128
1615374876438 0.8135472536087036 129
1615374914328 0.8598877787590027 130
1615374948421 0.7995390892028809 131
1615374982771 0.8142050504684448 132
1615375017055 0.8068124055862427 133
1615375051137 0.8481758832931519 134
1615375085203 0.8291490077972412 135
1615375119291 0.8269292712211609 136
1615375153703 0.839972198009491 137
1615375187928 0.8150110840797424 138
1615375221894 0.8147846460342407 139
1615375260052 0.8293946981430054 140
1615375294439 0.8652348518371582 141
1615375328774 0.8186279535293579 142
1615375363177 0.8514882326126099 143
1615375397223 0.8452961444854736 144
1615375431230 0.844136118888855 145
1615375465261 0.840011715888977 146
1615375499313 0.8545751571655273 147
1615375533455 0.8520581722259521 148
1615375567723 0.8461213111877441 149
1615375605926 0.8389698266983032 150
1615375639880 0.8380201458930969 151
1615375674191 0.8381733894348145 152
1615375708132 0.836601734161377 153
1615375742563 0.8298407793045044 154
1615375776569 0.8181276917457581 155
1615375810844 0.849352240562439 156
1615375844788 0.8245603442192078 157
1615375878900 0.8417180776596069 158
1615375913071 0.8581070899963379 159
1615375951614 0.8492254018783569 160
1615375985795 0.8498222827911377 161
1615376020022 0.8286110162734985 162
1615376054122 0.8520324230194092 163
1615376088575 0.8453443050384521 164
1615376122611 0.8476290702819824 165
1615376156626 0.8317170143127441 166
1615376191043 0.8596707582473755 167
1615376225396 0.8611794114112854 168
1615376259506 0.8613573908805847 169
1615376297674 0.8407695293426514 170
1615376331767 0.8123674988746643 171
1615376366119 0.8331601023674011 172
1615376400358 0.8283080458641052 173
1615376434447 0.819501519203186 174
1615376468814 0.8440165519714355 175
1615376503288 0.8392022848129272 176
1615376537469 0.8586839437484741 177
1615376571781 0.831601619720459 178
1615376606140 0.8337968587875366 179
1615376643878 0.8484112024307251 180
1615376678216 0.8545253276824951 181
1615376712197 0.8270519375801086 182
1615376746535 0.8499270677566528 183
1615376780874 0.8468509316444397 184
1615376815222 0.8337037563323975 185
1615376849282 0.8670289516448975 186
1615376883259 0.8542089462280273 187
1615376917182 0.8455342054367065 188
1615376951339 0.8470686674118042 189
1615376990071 0.8709644675254822 190
1615377024178 0.8775055408477783 191
1615377058594 0.8481960296630859 192
1615377092822 0.8695665597915649 193
1615377126892 0.8640450239181519 194
1615377161037 0.8331760168075562 195
1615377194950 0.8299761414527893 196
1615377229260 0.8407684564590454 197
1615377263625 0.8412058353424072 198
1615377297679 0.866360068321228 199
1615377335888 0.8254184722900391 200
1615377370109 0.8420207500457764 201
1615377404302 0.8535757064819336 202
1615377438600 0.8690308928489685 203
1615377472898 0.8285162448883057 204
1615377507150 0.8348445892333984 205
1615377541393 0.8735097646713257 206
1615377575374 0.8667471408843994 207
1615377609337 0.8752615451812744 208
1615377643786 0.8588669300079346 209
1615377681802 0.8483210206031799 210
1615377716169 0.821058988571167 211
1615377750608 0.8573553562164307 212
1615377784826 0.8489044904708862 213
1615377819312 0.8523877859115601 214
1615377853651 0.8638895750045776 215
1615377887923 0.8594169616699219 216
1615377922496 0.8595930337905884 217
1615377956613 0.8622608780860901 218
1615377991029 0.8672703504562378 219
1615378029144 0.8389448523521423 220
1615378063237 0.8622695207595825 221
1615378097189 0.8340590000152588 222
1615378131699 0.8343294858932495 223
1615378165681 0.8308517336845398 224
1615378199707 0.8413602113723755 225
1615378233711 0.8939950466156006 226
1615378267989 0.8743783235549927 227
1615378302199 0.8406980037689209 228
1615378336080 0.863349437713623 229
1615378374239 0.8853930234909058 230
1615378408492 0.8860915899276733 231
1615378442489 0.86876380443573 232
1615378476948 0.8317689895629883 233
1615378511252 0.8406335115432739 234
1615378545640 0.8737480044364929 235
1615378580130 0.8615713715553284 236
1615378614367 0.854855477809906 237
1615378648334 0.8721463084220886 238
1615378683091 0.8455801010131836 239
1615378722375 0.8758788108825684 240
1615378756481 0.8440461158752441 241
1615378791211 0.8598906397819519 242
1615378825798 0.8385809659957886 243
1615378859917 0.8553745746612549 244
1615378893878 0.8679940700531006 245
1615378929626 0.8706269264221191 246
1615378963861 0.8726726770401001 247
1615378998348 0.8625459671020508 248
1615379032440 0.8529551029205322 249
1615379070915 0.8682793378829956 250
1615379105071 0.8725796937942505 251
1615379139339 0.8394337892532349 252
1615379173650 0.8627779483795166 253
1615379207936 0.8483829498291016 254
1615379242776 0.8654311895370483 255
1615379277608 0.8765267729759216 256
1615379311709 0.8289972543716431 257
1615379346537 0.8380746841430664 258
1615379380596 0.8919887542724609 259
1615379419030 0.8442538976669312 260
1615379453681 0.8712508678436279 261
1615379488028 0.8728373050689697 262
1615379522043 0.8517533540725708 263
1615379556370 0.8461369276046753 264
1615379590523 0.860724925994873 265
1615379624646 0.871248722076416 266
1615379659131 0.8409461975097656 267
1615379693142 0.8442256450653076 268
1615379727196 0.8636064529418945 269
1615379765663 0.8713135719299316 270
1615379799810 0.8669356107711792 271
1615379833848 0.8684124946594238 272
1615379868366 0.8637468814849854 273
1615379902433 0.8461423516273499 274
1615379936801 0.8469986915588379 275
1615379970977 0.8602339625358582 276
1615380005423 0.8680344223976135 277
1615380039591 0.8717688322067261 278
1615380073737 0.8535460829734802 279
1615380111521 0.8658705949783325 280
1615380145495 0.8663608431816101 281
1615380179779 0.8700791597366333 282
1615380214136 0.847547173500061 283
1615380248593 0.8584172129631042 284
1615380283024 0.8582260608673096 285
1615380317040 0.8520067930221558 286
1615380351204 0.8664191961288452 287
1615380385436 0.8537781238555908 288
1615380419858 0.8520846366882324 289
1615380458336 0.8598556518554688 290
1615380492607 0.8724935054779053 291
1615380527206 0.866633415222168 292
1615380561684 0.8603702783584595 293
1615380595898 0.8788802623748779 294
1615380629909 0.8683905601501465 295
1615380663892 0.863079309463501 296
1615380698143 0.8660856485366821 297
1615380732517 0.8721209764480591 298
1615380766604 0.8670623302459717 299
1615380804986 0.8753907680511475 300
1615380839081 0.8869020938873291 301
1615380873238 0.8825461864471436 302
1615380907638 0.8663086295127869 303
1615380941973 0.8743196129798889 304
1615380976275 0.8652219772338867 305
1615381010634 0.860081672668457 306
1615381045252 0.8610492944717407 307
1615381079730 0.8686606884002686 308
1615381113977 0.8704755306243896 309
1615381152354 0.8470402359962463 310
1615381186404 0.8410642743110657 311
1615381220475 0.858954131603241 312
1615381254932 0.8552504181861877 313
1615381288917 0.8711268901824951 314
1615381322916 0.8660207986831665 315
1615381357118 0.8670988082885742 316
1615381391071 0.8494096994400024 317
1615381425252 0.8323546648025513 318
1615381459633 0.8446131348609924 319
1615381497637 0.8818576335906982 320
1615381531822 0.8535709381103516 321
1615381565975 0.8385704159736633 322
1615381600305 0.8594756126403809 323
1615381634669 0.8773627281188965 324
1615381669205 0.8722251653671265 325
1615381703811 0.884394645690918 326
1615381738225 0.8706619739532471 327
1615381772768 0.8827224969863892 328
1615381807139 0.8569391965866089 329
1615381845845 0.8800115585327148 330
1615381879981 0.8740478754043579 331
1615381914196 0.8620085716247559 332
1615381948436 0.8445104956626892 333
1615381982833 0.8595227003097534 334
1615382017059 0.8866550922393799 335
1615382051110 0.8760042786598206 336
1615382084993 0.8608299493789673 337
1615382119051 0.8489183187484741 338
1615382153295 0.8489714860916138 339
1615382191174 0.8768244981765747 340
1615382225153 0.8574762940406799 341
1615382259560 0.8711389303207397 342
1615382293960 0.8551667928695679 343
1615382328351 0.8835256695747375 344
1615382362406 0.8840379118919373 345
1615382396692 0.8575987815856934 346
1615382430940 0.852698802947998 347
1615382465038 0.8908267617225647 348
1615382499228 0.8546949625015259 349
1615382537359 0.8636156320571899 350
1615382571442 0.8737109303474426 351
1615382605724 0.8686739206314087 352
1615382640025 0.8609716892242432 353
1615382674176 0.8628383874893188 354
1615382708545 0.8739211559295654 355
1615382742624 0.8616548776626587 356
1615382776703 0.8726160526275635 357
1615382811074 0.8649582266807556 358
1615382845395 0.8805325031280518 359
1615382884009 0.8838461637496948 360
1615382918246 0.8606641292572021 361
1615382952436 0.8668539524078369 362
1615382986895 0.8611565828323364 363
1615383020822 0.889570415019989 364
1615383055151 0.8780118823051453 365
1615383089115 0.8586827516555786 366
1615383123158 0.8468267321586609 367
1615383157560 0.8491026163101196 368
1615383191885 0.8738577365875244 369
1615383230386 0.8650455474853516 370
1615383264511 0.8785511255264282 371
1615383298517 0.8599742650985718 372
1615383332797 0.8736028671264648 373
1615383367362 0.8821459412574768 374
1615383402038 0.8726763129234314 375
1615383436219 0.8715218305587769 376
1615383470752 0.8713310956954956 377
1615383505168 0.8589098453521729 378
1615383539502 0.8598569631576538 379
1615383577305 0.8710054159164429 380
1615383611458 0.8473225235939026 381
1615383645709 0.8788230419158936 382
1615383679660 0.8641536235809326 383
1615383713674 0.8486378192901611 384
1615383748290 0.8735564947128296 385
1615383782343 0.8584537506103516 386
1615383816289 0.8678127527236938 387
1615383850709 0.8682714104652405 388
1615383884834 0.8564529418945312 389
1615383923040 0.8948884606361389 390
1615383957181 0.8709545135498047 391
1615383991141 0.8820551037788391 392
1615384025366 0.8656949996948242 393
1615384059654 0.8902862668037415 394
1615384093749 0.8665211796760559 395
1615384127785 0.8875274658203125 396
1615384161926 0.8939749598503113 397
1615384195991 0.8894662857055664 398
1615384230446 0.8648345470428467 399
1615384268798 0.8818975687026978 400
1615384303495 0.884385347366333 401
1615384338194 0.8793938159942627 402
1615384372965 0.8695501089096069 403
1615384407564 0.8799921274185181 404
1615384441901 0.8618056178092957 405
1615384476171 0.8754643201828003 406
1615384510163 0.8863303065299988 407
1615384544364 0.8596544861793518 408
1615384578538 0.8643088936805725 409
1615384617114 0.8870238661766052 410
1615384651072 0.8882385492324829 411
1615384685508 0.8769310116767883 412
1615384719873 0.8666791915893555 413
1615384753860 0.8521199226379395 414
1615384787937 0.8722821474075317 415
1615384822042 0.8776483535766602 416
1615384856408 0.8786031007766724 417
1615384890878 0.8829421997070312 418
1615384924875 0.8769443035125732 419
1615384962947 0.877027690410614 420
1615384997385 0.856895923614502 421
1615385031886 0.8735877871513367 422
1615385066357 0.8891727924346924 423
1615385100897 0.8742976784706116 424
1615385135304 0.8876689672470093 425
1615385169298 0.8712292909622192 426
1615385203448 0.8684675693511963 427
1615385237893 0.8673609495162964 428
1615385272318 0.8623729348182678 429
1615385311017 0.8798037767410278 430
1615385345117 0.8762283325195312 431
1615385379278 0.8666441440582275 432
1615385413695 0.8866890668869019 433
1615385448312 0.8840041160583496 434
1615385482417 0.8690485954284668 435
1615385516445 0.8603593111038208 436
1615385550686 0.8627657294273376 437
1615385584702 0.8538248538970947 438
1615385619107 0.8925694823265076 439
1615385657217 0.8791936039924622 440
1615385691586 0.8596220016479492 441
1615385725516 0.87364661693573 442
1615385759602 0.8699868321418762 443
1615385793908 0.8856033086776733 444
1615385828057 0.8768218755722046 445
1615385862009 0.8831014633178711 446
1615385896109 0.8761260509490967 447
1615385930599 0.8666366338729858 448
1615385964944 0.8771886825561523 449
1615386003298 0.8775148391723633 450
1615386037356 0.8725712299346924 451
1615386071396 0.8560792803764343 452
1615386105577 0.8887428045272827 453
1615386140122 0.8657126426696777 454
1615386174409 0.8795168399810791 455
1615386208566 0.8707598447799683 456
1615386242924 0.8640860319137573 457
1615386277284 0.8515901565551758 458
1615386311385 0.8734815120697021 459
1615386349518 0.8762924075126648 460
1615386383699 0.8893546462059021 461
1615386417856 0.8725777268409729 462
1615386451816 0.8650368452072144 463
1615386485724 0.9060671329498291 464
1615386520071 0.8890952467918396 465
1615386554433 0.8904547691345215 466
1615386588696 0.872010350227356 467
1615386622818 0.8949663639068604 468
1615386656821 0.8663299083709717 469
1615386695410 0.8793274760246277 470
1615386729522 0.8903701305389404 471
1615386763955 0.8839398622512817 472
1615386798434 0.874910831451416 473
1615386832931 0.8888775706291199 474
1615386867427 0.8918110728263855 475
1615386901792 0.8768504858016968 476
1615386936357 0.8688388466835022 477
1615386970716 0.8841845989227295 478
1615387004839 0.8905170559883118 479
1615387043092 0.8846330642700195 480
1615387077485 0.8729486465454102 481
1615387111833 0.8925838470458984 482
1615387145871 0.8737859129905701 483
1615387179981 0.8671454191207886 484
1615387214255 0.8652913570404053 485
1615387248398 0.8874842524528503 486
1615387282460 0.8849899172782898 487
1615387316492 0.8832803964614868 488
1615387350758 0.8781677484512329 489
1615387389532 0.8768125772476196 490
1615387424156 0.8778767585754395 491
1615387458441 0.8890022039413452 492
1615387492824 0.8782994151115417 493
1615387527144 0.8820912837982178 494
1615387561393 0.8854762315750122 495
1615387595772 0.8827242851257324 496
1615387629897 0.8983509540557861 497
1615387664027 0.875085175037384 498
1615387698051 0.86982262134552 499
1615387736715 0.8677381873130798 500
1615387770803 0.8805192708969116 501
1615387804820 0.879639744758606 502
1615387838956 0.875617265701294 503
1615387873258 0.8813134431838989 504
1615387907286 0.8923642039299011 505
1615387941177 0.8508890271186829 506
1615387975557 0.8517599105834961 507
1615388010067 0.8822987675666809 508
1615388044987 0.8868005275726318 509
1615388083677 0.8858799934387207 510
1615388118162 0.8961864113807678 511
1615388152355 0.8927121758460999 512
1615388186342 0.8744948506355286 513
1615388220735 0.9013432264328003 514
1615388254762 0.8875864744186401 515
1615388288692 0.898200511932373 516
1615388323371 0.8839571475982666 517
1615388357647 0.8716620802879333 518
1615388391745 0.8829684257507324 519
1615388429778 0.8890613913536072 520
1615388463841 0.8848212957382202 521
1615388498138 0.8778461217880249 522
1615388532437 0.8806084394454956 523
1615388566728 0.8694778084754944 524
1615388601052 0.8671395778656006 525
1615388635694 0.8997517824172974 526
1615388669895 0.8702764511108398 527
1615388704239 0.8836513757705688 528
1615388738696 0.8599179983139038 529
1615388777094 0.8852320909500122 530
1615388811498 0.8743493556976318 531
1615388845548 0.9201064109802246 532
1615388879807 0.8647851943969727 533
1615388914094 0.9046361446380615 534
1615388948133 0.8809723854064941 535
1615388982487 0.882792592048645 536
1615389016473 0.8760287761688232 537
1615389050674 0.8988224864006042 538
1615389085018 0.882017195224762 539
1615389122921 0.8946467041969299 540
1615389157325 0.8675037622451782 541
1615389191561 0.8827017545700073 542
1615389225607 0.9101425409317017 543
1615389259647 0.897044837474823 544
1615389294410 0.8739296793937683 545
1615389328873 0.8924310207366943 546
1615389363094 0.8891794085502625 547
1615389397428 0.8855876326560974 548
1615389431789 0.8822145462036133 549
1615389470419 0.888228178024292 550
1615389504943 0.867188036441803 551
1615389539172 0.8622903823852539 552
1615389573374 0.8825587034225464 553
1615389607351 0.874975323677063 554
1615389641622 0.8758643865585327 555
1615389675541 0.9045434594154358 556
1615389709828 0.8790937066078186 557
1615389744018 0.887041449546814 558
1615389778704 0.8901737928390503 559
1615389817081 0.857258677482605 560
1615389851543 0.8809002637863159 561
1615389885757 0.8918348550796509 562
1615389920370 0.8904483318328857 563
1615389954421 0.889430046081543 564
1615389988443 0.8633439540863037 565
1615390022706 0.8805079460144043 566
1615390057050 0.8842065334320068 567
1615390091074 0.8627250790596008 568
1615390125464 0.8602567315101624 569
1615390163616 0.8907396793365479 570
1615390197551 0.8686533570289612 571
1615390231936 0.8893052339553833 572
1615390266625 0.8748327493667603 573
1615390301067 0.8760089874267578 574
1615390335716 0.8840053081512451 575
1615390370120 0.9114583730697632 576
1615390404360 0.8800191879272461 577
1615390438312 0.8324475288391113 578
1615390472224 0.8904070854187012 579
1615390510495 0.8753440380096436 580
1615390544519 0.8723524212837219 581
1615390578547 0.865172266960144 582
1615390612598 0.8864288330078125 583
1615390647061 0.8797212243080139 584
1615390681511 0.8660112619400024 585
1615390715975 0.8753546476364136 586
1615390750295 0.8823412656784058 587
1615390784435 0.8735948801040649 588
1615390818821 0.8816834688186646 589
1615390857404 0.8883081674575806 590
1615390891381 0.8578411340713501 591
1615390925825 0.8844561576843262 592
1615390960217 0.8831334114074707 593
1615390994424 0.8936452865600586 594
1615391028327 0.8956658840179443 595
1615391062604 0.8757392764091492 596
1615391097026 0.876105546951294 597
1615391131391 0.9084230065345764 598
1615391165557 0.8745852708816528 599
1615391203655 0.8889590501785278 600
1615391238169 0.8922392129898071 601
1615391272524 0.8784217834472656 602
1615391307007 0.9078121185302734 603
1615391341282 0.8924645185470581 604
1615391375830 0.863048791885376 605
1615391410195 0.8887892961502075 606
1615391444543 0.8805932998657227 607
1615391478791 0.8881785869598389 608
1615391512946 0.87933748960495 609
1615391551635 0.9137116074562073 610
1615391585668 0.8862597942352295 611
1615391619940 0.8992350697517395 612
1615391654554 0.8746675252914429 613
1615391689027 0.8720982074737549 614
1615391723598 0.8903132677078247 615
1615391758152 0.8863228559494019 616
1615391792239 0.8728969097137451 617
1615391826146 0.8937849402427673 618
1615391860173 0.8878660202026367 619
1615391897811 0.8735548257827759 620
1615391931723 0.8881357908248901 621
1615391966095 0.8714082837104797 622
1615392000527 0.8911932706832886 623
1615392034956 0.8921793699264526 624
1615392069708 0.87037193775177 625
1615392103991 0.8969127535820007 626
1615392138430 0.8886454701423645 627
1615392172621 0.8802294731140137 628
1615392206894 0.8955873847007751 629
1615392245125 0.8884481191635132 630
1615392279564 0.8839463591575623 631
1615392313904 0.8965829610824585 632
1615392348168 0.8639293909072876 633
1615392382497 0.8959840536117554 634
1615392416877 0.9000614881515503 635
1615392451250 0.9000296592712402 636
1615392485175 0.8937349319458008 637
1615392519690 0.8781958222389221 638
1615392553865 0.8832971453666687 639
1615392591996 0.906287431716919 640
1615392625997 0.8591201305389404 641
1615392660006 0.8722912073135376 642
1615392694127 0.8974136114120483 643
1615392728420 0.8842458724975586 644
1615392762955 0.8751175999641418 645
1615392796938 0.8999459743499756 646
1615392831293 0.8733103275299072 647
1615392865499 0.876232385635376 648
1615392899678 0.8970003724098206 649
1615392937891 0.8882724046707153 650
1615392972093 0.8867545127868652 651
1615393006353 0.8873206973075867 652
1615393040487 0.893104076385498 653
1615393074527 0.9200824499130249 654
1615393108448 0.8830715417861938 655
1615393142691 0.8663743138313293 656
1615393177071 0.8909854888916016 657
1615393211107 0.8922556042671204 658
1615393245219 0.8666943311691284 659
1615393283490 0.8881217241287231 660
1615393317878 0.8861852884292603 661
1615393352196 0.8934206962585449 662
1615393386579 0.865884006023407 663
1615393420766 0.88326096534729 664
1615393455040 0.9061212539672852 665
1615393489550 0.8834607601165771 666
1615393523977 0.8612212538719177 667
1615393558018 0.873281717300415 668
1615393592111 0.8941613435745239 669
1615393630372 0.9005626440048218 670
1615393664789 0.8616622090339661 671
1615393699201 0.8698355555534363 672
1615393733622 0.8672671318054199 673
1615393767886 0.8711446523666382 674
1615393802198 0.8806643486022949 675
1615393836219 0.882675290107727 676
1615393870523 0.8758115768432617 677
1615393904864 0.8794406652450562 678
1615393939388 0.8743207454681396 679
1615393977643 0.8793610334396362 680
1615394011872 0.8784922361373901 681
1615394045882 0.8415534496307373 682
1615394080243 0.8827353715896606 683
1615394114491 0.889946699142456 684
1615394148901 0.8864401578903198 685
1615394183223 0.8970640897750854 686
1615394217209 0.8941195011138916 687
1615394251307 0.8980287313461304 688
1615394285762 0.893818736076355 689
1615394324315 0.8806657791137695 690
1615394358516 0.8703939318656921 691
1615394393164 0.8775804042816162 692
1615394427690 0.8687903881072998 693
1615394461782 0.8762023448944092 694
1615394495838 0.897847056388855 695
1615394530392 0.8713626861572266 696
1615394564419 0.9000884294509888 697
1615394598851 0.8615586757659912 698
1615394632886 0.8953493237495422 699
1615394671395 0.8727614879608154 700
1615394705564 0.9093589782714844 701
1615394739867 0.8692178726196289 702
1615394773824 0.8969475030899048 703
1615394807807 0.8930826187133789 704
1615394842327 0.8708916306495667 705
1615394876621 0.8938268423080444 706
1615394911075 0.8943214416503906 707
1615394945034 0.8740972280502319 708
1615394978980 0.8908952474594116 709
1615395016962 0.8875882029533386 710
1615395051327 0.8831368088722229 711
1615395085777 0.8932777643203735 712
1615395120110 0.8726398944854736 713
1615395154418 0.8945732116699219 714
1615395188679 0.8872276544570923 715
1615395223070 0.8844642639160156 716
1615395257515 0.9061641693115234 717
1615395291628 0.897119402885437 718
1615395325635 0.9131271243095398 719
1615395363756 0.8966871500015259 720
1615395398239 0.9014849066734314 721
1615395432803 0.884781002998352 722
1615395467150 0.8926864862442017 723
1615395501270 0.8880048990249634 724
1615395535495 0.889938473701477 725
1615395569810 0.8548282384872437 726
1615395604160 0.8913439512252808 727
1615395638140 0.9031087160110474 728
1615395672247 0.874661922454834 729
1615395710099 0.9081927537918091 730
1615395744461 0.8822922706604004 731
1615395778954 0.882446825504303 732
1615395813371 0.8971056342124939 733
1615395847665 0.8961297273635864 734
1615395882274 0.887276291847229 735
1615395916729 0.8825975656509399 736
1615395950849 0.8829447031021118 737
1615395985206 0.8926348090171814 738
1615396019174 0.8689826726913452 739
1615396057754 0.898433268070221 740
1615396092114 0.8877403736114502 741
1615396126519 0.8872453570365906 742
1615396160657 0.9043282270431519 743
1615396194830 0.891797661781311 744
1615396229244 0.8900113105773926 745
1615396263794 0.9181963205337524 746
1615396298117 0.8799294233322144 747
1615396332425 0.9024351239204407 748
1615396366410 0.8886391520500183 749
1615396404483 0.9131671190261841 750
1615396438845 0.8863030672073364 751
1615396472940 0.8990786075592041 752
1615396507071 0.8940009474754333 753
1615396541693 0.8981029391288757 754
1615396576045 0.8893069624900818 755
1615396610417 0.8720345497131348 756
1615396644376 0.9036082029342651 757
1615396678902 0.8757292032241821 758
1615396713100 0.9013024568557739 759
1615396751796 0.8896777629852295 760
1615396786347 0.8796764612197876 761
1615396821051 0.8901481628417969 762
1615396855289 0.871864378452301 763
1615396889677 0.8956338167190552 764
1615396924099 0.8985028266906738 765
1615396958097 0.87455153465271 766
1615396992418 0.8968827724456787 767
1615397026440 0.8813028335571289 768
1615397060863 0.8712149858474731 769
1615397099424 0.8865475654602051 770
1615397133562 0.8906770944595337 771
1615397167979 0.8803028464317322 772
1615397202175 0.8739780187606812 773
1615397236554 0.8862821459770203 774
1615397270469 0.8862923979759216 775
1615397304433 0.8780474066734314 776
1615397338726 0.878783106803894 777
1615397373180 0.8811637163162231 778
1615397407745 0.8870024681091309 779
1615397446163 0.8830662965774536 780
1615397480191 0.8954625129699707 781
1615397514484 0.8882810473442078 782
1615397548889 0.8742170929908752 783
1615397582676 0.8786457180976868 784
1615397616629 0.9018532037734985 785
1615397651213 0.8891079425811768 786
1615397685284 0.8618111610412598 787
1615397719616 0.8766714334487915 788
1615397753925 0.9111340641975403 789
1615397792353 0.8891459107398987 790
1615397826361 0.9006023406982422 791
1615397860758 0.890224814414978 792
1615397895021 0.896530270576477 793
1615397928976 0.908711314201355 794
1615397963090 0.86733078956604 795
1615397997102 0.8643141388893127 796
1615398031397 0.8864893913269043 797
1615398065628 0.8717809915542603 798
1615398099865 0.875401496887207 799
1615398138523 0.9047082662582397 800
1615398172858 0.9033428430557251 801
1615398207152 0.8647128343582153 802
1615398241539 0.8763779401779175 803
1615398275660 0.8957518339157104 804
1615398309979 0.8698430061340332 805
1615398344285 0.8778766393661499 806
1615398378452 0.8862861394882202 807
1615398412839 0.8885204792022705 808
1615398447018 0.8990073204040527 809
1615398485252 0.8794546127319336 810
1615398519372 0.8833297491073608 811
1615398553601 0.8990662693977356 812
1615398587547 0.8887813091278076 813
1615398621497 0.8753776550292969 814
1615398655898 0.8761026859283447 815
1615398689987 0.9016048908233643 816
1615398724364 0.8845726251602173 817
1615398758504 0.8654989004135132 818
1615398792923 0.8841695785522461 819
1615398830802 0.8957158327102661 820
1615398865058 0.886715292930603 821
1615398899574 0.8760927319526672 822
1615398934177 0.8564847707748413 823
1615398968258 0.901045560836792 824
1615399002547 0.8972615003585815 825
1615399036990 0.8648170232772827 826
1615399071028 0.879812479019165 827
1615399105967 0.8909928798675537 828
1615399140150 0.8813366889953613 829
1615399178156 0.8861294984817505 830
1615399212217 0.8756927251815796 831
1615399246654 0.876793384552002 832
1615399280997 0.8905917406082153 833
1615399315308 0.8846778273582458 834
1615399349617 0.9078666567802429 835
1615399384214 0.8791042566299438 836
1615399418527 0.87721848487854 837
1615399452909 0.8693534731864929 838
1615399487309 0.8897444009780884 839
1615399525506 0.8818211555480957 840
1615399559845 0.8828356266021729 841
1615399593835 0.8778826594352722 842
1615399628406 0.8934328556060791 843
1615399662887 0.89704430103302 844
1615399697144 0.894072413444519 845
1615399731099 0.8828927278518677 846
1615399765164 0.8721868991851807 847
1615399799398 0.8813129663467407 848
1615399833465 0.867200493812561 849
1615399871676 0.9027097821235657 850
1615399905716 0.8864905834197998 851
1615399940340 0.9027249217033386 852
1615399974605 0.9009155035018921 853
1615400008748 0.8803859949111938 854
1615400042964 0.8854105472564697 855
1615400077431 0.8896554112434387 856
1615400111937 0.8821110129356384 857
1615400146238 0.8609302639961243 858
1615400180683 0.8874481916427612 859
1615400219066 0.8959252834320068 860
1615400253506 0.9057499170303345 861
1615400287856 0.8969951868057251 862
1615400322194 0.8930928111076355 863
1615400356135 0.8895137310028076 864
1615400390208 0.8837903141975403 865
1615400424556 0.9060821533203125 866
1615400458703 0.8703246116638184 867
1615400492963 0.8669700622558594 868
1615400526982 0.887702465057373 869
1615400565099 0.8863184452056885 870
1615400599357 0.8978395462036133 871
1615400633717 0.8750782608985901 872
1615400667737 0.885576605796814 873
1615400702004 0.8775051832199097 874
1615400736121 0.89601731300354 875
1615400770216 0.8847553730010986 876
1615400804675 0.9042174816131592 877
1615400838797 0.8675891757011414 878
1615400873350 0.8792316913604736 879
1615400911934 0.8716288805007935 880
1615400946408 0.8898352384567261 881
1615400980518 0.8970908522605896 882
1615401014909 0.8868675231933594 883
1615401049139 0.8877854347229004 884
1615401083308 0.8672164678573608 885
1615401117418 0.8885051012039185 886
1615401151372 0.9067878127098083 887
1615401185628 0.9065751433372498 888
1615401220017 0.8804337978363037 889
1615401258155 0.902129054069519 890
1615401292455 0.8826744556427002 891
1615401326541 0.8888348937034607 892
1615401360640 0.8830664157867432 893
1615401394914 0.8817710876464844 894
1615401429085 0.8796887397766113 895
1615401463486 0.8835062384605408 896
1615401497558 0.8914011716842651 897
1615401531536 0.8767527341842651 898
1615401565981 0.8828591704368591 899
1615401604221 0.8890223503112793 900
1615401638452 0.9051850438117981 901
1615401673046 0.8806730508804321 902
1615401707440 0.8875454664230347 903
1615401741762 0.8972365856170654 904
1615401775814 0.8967602252960205 905
1615401810102 0.8808047771453857 906
1615401844476 0.881029486656189 907
1615401878731 0.8872033357620239 908
1615401913202 0.8817298412322998 909
1615401951709 0.8890731930732727 910
1615401985605 0.8842709064483643 911
1615402019633 0.8906729221343994 912
1615402053600 0.8821126222610474 913
1615402087660 0.8750519752502441 914
1615402121940 0.8765900135040283 915
1615402156265 0.8836922645568848 916
1615402190278 0.8870580196380615 917
1615402224328 0.8853086233139038 918
1615402258621 0.8527559041976929 919
1615402296877 0.8806459307670593 920
1615402331073 0.8803255558013916 921
1615402365060 0.8734703063964844 922
1615402399058 0.8727279901504517 923
1615402433405 0.8835512399673462 924
1615402467448 0.8688778877258301 925
1615402501698 0.8664084076881409 926
1615402536163 0.8927537202835083 927
1615402570465 0.8850463628768921 928
1615402604774 0.8807342648506165 929
1615402643056 0.8788564205169678 930
1615402677121 0.8901661038398743 931
1615402711835 0.8967548608779907 932
1615402746153 0.8917974233627319 933
1615402780276 0.8920094966888428 934
1615402814304 0.8585058450698853 935
1615402848516 0.8836011290550232 936
1615402882820 0.8825426697731018 937
1615402916777 0.9013495445251465 938
1615402950709 0.8802865743637085 939
1615402988878 0.896769642829895 940
1615403022972 0.8702133297920227 941
1615403057427 0.9009244441986084 942
1615403091514 0.8762311339378357 943
1615403125856 0.8998708724975586 944
1615403160060 0.8697773814201355 945
1615403194399 0.8851932287216187 946
1615403228501 0.9112145304679871 947
1615403262944 0.904994010925293 948
1615403297355 0.8961855173110962 949
1615403336192 0.8592822551727295 950
1615403370591 0.866844892501831 951
1615403404894 0.9185873866081238 952
1615403439165 0.8995457887649536 953
1615403473476 0.8826721906661987 954
1615403507762 0.8764005899429321 955
1615403541548 0.8930953145027161 956
1615403575521 0.8797350525856018 957
1615403609666 0.8612146973609924 958
1615403644227 0.8951535224914551 959
1615403683257 0.8753340840339661 960
1615403717308 0.8749779462814331 961
1615403751823 0.8994226455688477 962
1615403786322 0.900920033454895 963
1615403820869 0.898401141166687 964
1615403855046 0.8857059478759766 965
1615403889404 0.8819082975387573 966
1615403923523 0.8893769979476929 967
1615403957597 0.8834569454193115 968
1615403991642 0.8854798078536987 969
1615404029934 0.8990346193313599 970
1615404064044 0.896973729133606 971
1615404098009 0.8812752962112427 972
1615404132318 0.8733137845993042 973
1615404166298 0.8847999572753906 974
1615404200499 0.8784860372543335 975
1615404234765 0.8979262113571167 976
1615404268981 0.8825857639312744 977
1615404303141 0.8798383474349976 978
1615404337444 0.8810896873474121 979
1615404375513 0.8929791450500488 980
1615404409522 0.9107599258422852 981
1615404444003 0.8885940313339233 982
1615404478512 0.9015945792198181 983
1615404512649 0.8878774642944336 984
1615404546873 0.8812689185142517 985
1615404581186 0.8646718263626099 986
1615404615508 0.8734475374221802 987
1615404649603 0.8788790702819824 988
1615404683616 0.8696308135986328 989
1615404721861 0.8852781057357788 990
1615404756289 0.8887534737586975 991
1615404790467 0.8930368423461914 992
1615404824702 0.8924856185913086 993
1615404858705 0.8570230007171631 994
1615404892742 0.8766475319862366 995
1615404926734 0.8818121552467346 996
1615404960696 0.8903401494026184 997
1615404994667 0.8768578767776489 998
1615405028622 0.8936172723770142 999
1615405067218 0.9032692909240723 1000
1615405101411 0.8734794855117798 1001
1615405135453 0.8663109540939331 1002
1615405169618 0.8874037861824036 1003
1615405203601 0.888968288898468 1004
1615405237763 0.8833099603652954 1005
1615405271718 0.8885087966918945 1006
1615405305889 0.8971512317657471 1007
1615405340172 0.8956140279769897 1008
1615405374157 0.8902270793914795 1009
1615405412193 0.9002556800842285 1010
1615405446378 0.8958282470703125 1011
1615405480693 0.8882440328598022 1012
1615405515053 0.878922164440155 1013
1615405549226 0.8915555477142334 1014
1615405583331 0.9058552980422974 1015
1615405617503 0.8944962024688721 1016
1615405651576 0.8748326301574707 1017
1615405685604 0.8709794282913208 1018
1615405719662 0.8755359649658203 1019
1615405757660 0.8762810230255127 1020
1615405791685 0.8666679859161377 1021
1615405826048 0.8845117092132568 1022
1615405860404 0.8825712203979492 1023
1615405894784 0.8792715072631836 1024
1615405929092 0.9062905311584473 1025
1615405963218 0.9037488698959351 1026
1615405997274 0.8941690921783447 1027
1615406031666 0.872506856918335 1028
1615406066214 0.8934193849563599 1029
1615406104609 0.8791264295578003 1030
1615406138791 0.8845968246459961 1031
1615406173153 0.8895038366317749 1032
1615406207293 0.8905251026153564 1033
1615406241912 0.887728214263916 1034
1615406276176 0.8867868185043335 1035
1615406310216 0.8977437019348145 1036
1615406344619 0.8706270456314087 1037
1615406379031 0.8939131498336792 1038
1615406413185 0.8789489269256592 1039
1615406451340 0.8968220949172974 1040
1615406485535 0.892120361328125 1041
1615406519577 0.8975279331207275 1042
1615406553602 0.9002695083618164 1043
1615406587760 0.8918293714523315 1044
1615406622258 0.8908647298812866 1045
1615406656628 0.8712794780731201 1046
1615406691059 0.8739728927612305 1047
1615406725465 0.8987434506416321 1048
1615406759676 0.8913326263427734 1049
1615406797965 0.9015967845916748 1050
1615406832427 0.896593451499939 1051
1615406866658 0.8846175074577332 1052
1615406901289 0.887809693813324 1053
1615406935707 0.8715720176696777 1054
1615406969898 0.8759320974349976 1055
1615407004398 0.8853825330734253 1056
1615407038865 0.8777041435241699 1057
1615407073206 0.9018539190292358 1058
1615407107911 0.8686116337776184 1059
1615407146027 0.8955022096633911 1060
1615407180521 0.878890872001648 1061
1615407214792 0.9092000722885132 1062
1615407249074 0.8960103392601013 1063
1615407283464 0.8971283435821533 1064
1615407317641 0.8978675603866577 1065
1615407351970 0.8975525498390198 1066
1615407385945 0.883224368095398 1067
1615407420280 0.8832904696464539 1068
1615407454626 0.8858065605163574 1069
1615407492754 0.9099911451339722 1070
1615407526756 0.8973968029022217 1071
1615407560944 0.8753861784934998 1072
1615407595275 0.9018065929412842 1073
1615407629598 0.869411289691925 1074
1615407663761 0.8718079328536987 1075
1615407698007 0.8689072132110596 1076
1615407732411 0.865569531917572 1077
1615407766558 0.8853347301483154 1078
1615407800817 0.8979832530021667 1079
1615407839328 0.8933711051940918 1080
1615407873358 0.9004418849945068 1081
1615407907795 0.8759233951568604 1082
1615407942193 0.8936536312103271 1083
1615407976229 0.872760534286499 1084
1615408010525 0.8723021745681763 1085
1615408045341 0.8786044120788574 1086
1615408079301 0.8941476345062256 1087
1615408113356 0.8858428597450256 1088
1615408147633 0.8806242942810059 1089
1615408185569 0.8870810270309448 1090
1615408219981 0.8883992433547974 1091
1615408254260 0.8838562965393066 1092
1615408288824 0.9062103033065796 1093
1615408323060 0.8788567781448364 1094
1615408357284 0.8696887493133545 1095
1615408391788 0.8870053887367249 1096
1615408426098 0.8799881935119629 1097
1615408460530 0.8803005218505859 1098
1615408494858 0.8759532570838928 1099
1615408533171 0.8984198570251465 1100
1615408567250 0.868035078048706 1101
1615408601819 0.876990556716919 1102
1615408636096 0.8707567453384399 1103
1615408670415 0.899816632270813 1104
1615408704591 0.8848443031311035 1105
1615408739135 0.8810684680938721 1106
1615408773498 0.8858810663223267 1107
1615408807882 0.895069420337677 1108
1615408842216 0.8963737487792969 1109
1615408880761 0.887774646282196 1110
1615408915535 0.8943840265274048 1111
1615408949719 0.8829541206359863 1112
1615408984265 0.8849950432777405 1113
1615409018456 0.8731769323348999 1114
1615409053035 0.9043310880661011 1115
1615409087487 0.8738933205604553 1116
1615409122007 0.8862545490264893 1117
1615409156132 0.8742051124572754 1118
1615409190552 0.8972208499908447 1119
1615409229009 0.8988185524940491 1120
1615409263405 0.876952052116394 1121
1615409297487 0.9049251079559326 1122
1615409331555 0.8849286437034607 1123
1615409365631 0.8833575248718262 1124
1615409400228 0.8954894542694092 1125
1615409434446 0.885718584060669 1126
1615409468855 0.8848181366920471 1127
1615409503165 0.8782843351364136 1128
1615409537308 0.8634253740310669 1129
1615409575405 0.8872717618942261 1130
1615409609774 0.8742656111717224 1131
1615409644358 0.8885549306869507 1132
1615409678847 0.8960462808609009 1133
1615409712926 0.8882362246513367 1134
1615409747362 0.8908801078796387 1135
1615409781387 0.8807275891304016 1136
1615409815812 0.8831616640090942 1137
1615409850344 0.8846855163574219 1138
1615409884689 0.8914706707000732 1139
1615409923379 0.8722952604293823 1140
1615409957845 0.8819287419319153 1141
1615409992167 0.8867161273956299 1142
1615410026249 0.8940325975418091 1143
1615410060689 0.8744720220565796 1144
1615410094634 0.8876214623451233 1145
1615410128950 0.8671646118164062 1146
1615410163144 0.8774635195732117 1147
1615410197540 0.8803572654724121 1148
1615410231844 0.8775882720947266 1149
1615410269905 0.8924990892410278 1150
1615410304273 0.8767358064651489 1151
1615410338820 0.9005473852157593 1152
1615410373432 0.8955783843994141 1153
1615410407980 0.8738791942596436 1154
1615410442604 0.89777672290802 1155
1615410476823 0.8903093934059143 1156
1615410511228 0.8978344202041626 1157
1615410545666 0.887367844581604 1158
1615410579949 0.9067225456237793 1159
1615410617860 0.9092807769775391 1160
1615410651951 0.8878824710845947 1161
1615410686298 0.9034144878387451 1162
1615410720725 0.8754440546035767 1163
1615410754988 0.888434112071991 1164
1615410789045 0.893903374671936 1165
1615410823264 0.8888450860977173 1166
1615410857837 0.883892297744751 1167
1615410892448 0.906126081943512 1168
1615410927017 0.8910753726959229 1169
1615410965222 0.8938131928443909 1170
1615410999735 0.9129050970077515 1171
1615411034158 0.8947849273681641 1172
1615411070831 0.8767621517181396 1173
1615411104923 0.8689615726470947 1174
1615411139328 0.8758269548416138 1175
1615411173586 0.898970365524292 1176
1615411207902 0.8894317150115967 1177
1615411241971 0.8888089656829834 1178
1615411276333 0.8826719522476196 1179
1615411314383 0.889798641204834 1180
1615411348403 0.8917567729949951 1181
1615411382566 0.8682023882865906 1182
1615411416766 0.894324541091919 1183
1615411451154 0.9064007997512817 1184
1615411485493 0.9023138880729675 1185
1615411519980 0.8799731731414795 1186
1615411554354 0.8693200349807739 1187
1615411588700 0.864529013633728 1188
1615411623037 0.9038639664649963 1189
1615411661528 0.8853448033332825 1190
1615411695941 0.868220329284668 1191
1615411730161 0.8681325912475586 1192
1615411764837 0.8798655271530151 1193
1615411799203 0.846821665763855 1194
1615411833424 0.8957738876342773 1195
1615411867846 0.8977272510528564 1196
1615411901873 0.8974416255950928 1197
1615411935870 0.8993939757347107 1198
1615411969888 0.8756970167160034 1199
1615412008208 0.8832834959030151 1200
1615412029930 0.9209194183349609 0
1615412029942 0.9209194183349609 0
