1615370490883 0.3059372901916504 1
1615370525506 0.40472301840782166 2
1615370559810 0.5476105213165283 3
1615370594093 0.6380399465560913 4
1615370628361 0.6533671617507935 5
1615370662731 0.6701226234436035 6
1615370697003 0.672713577747345 7
1615370731538 0.6860443353652954 8
1615370765659 0.7105896472930908 9
1615370801630 0.6885329484939575 10
1615370835878 0.7440075874328613 11
1615370870080 0.7212646007537842 12
1615370904249 0.6889500617980957 13
1615370938714 0.7046505808830261 14
1615370973028 0.7123459577560425 15
1615371007304 0.7232423424720764 16
1615371041466 0.7436392307281494 17
1615371075991 0.7614924907684326 18
1615371110321 0.7311869859695435 19
1615371146452 0.7551676034927368 20
1615371180819 0.7482807636260986 21
1615371215170 0.765730619430542 22
1615371249583 0.7789790630340576 23
1615371283839 0.7761962413787842 24
1615371318143 0.7531418800354004 25
1615371352391 0.793129026889801 26
1615371386852 0.7701036930084229 27
1615371421379 0.7834624648094177 28
1615371455696 0.7558778524398804 29
1615371491500 0.7610731720924377 30
1615371525772 0.7869091033935547 31
1615371560091 0.7674411535263062 32
1615371594293 0.7887281775474548 33
1615371628501 0.7724670171737671 34
1615371663080 0.7941382527351379 35
1615371697668 0.7924525737762451 36
1615371732382 0.8152022361755371 37
1615371766948 0.8111315965652466 38
1615371801503 0.7998526692390442 39
1615371837822 0.7949118614196777 40
1615371872449 0.797060489654541 41
1615371906757 0.7690451145172119 42
1615371941050 0.7874768972396851 43
1615371975293 0.8023302555084229 44
1615372009748 0.7936161756515503 45
1615372044113 0.770111083984375 46
1615372078531 0.7997193336486816 47
1615372112844 0.84501713514328 48
1615372147102 0.8168753385543823 49
1615372183054 0.8081514835357666 50
1615372217233 0.810210108757019 51
1615372251379 0.7476891875267029 52
1615372285591 0.7755065560340881 53
1615372319841 0.7937933206558228 54
1615372354450 0.7816770076751709 55
1615372389550 0.7971780300140381 56
1615372424199 0.7777032256126404 57
1615372458731 0.7894909381866455 58
1615372493320 0.809434175491333 59
1615372529533 0.8079715967178345 60
1615372563777 0.7964053750038147 61
1615372597997 0.7932194471359253 62
1615372632219 0.7891896963119507 63
1615372666514 0.7633030414581299 64
1615372700812 0.8017396926879883 65
1615372734995 0.8236315250396729 66
1615372769250 0.8204931020736694 67
1615372803402 0.825189471244812 68
1615372837794 0.7943050861358643 69
1615372874026 0.7984719276428223 70
1615372908475 0.7932407855987549 71
1615372943022 0.7743169069290161 72
1615372977696 0.7836689949035645 73
1615373012128 0.7973969578742981 74
1615373046376 0.8124645352363586 75
1615373080716 0.8246904611587524 76
1615373114975 0.8358257412910461 77
1615373149292 0.8379172086715698 78
1615373183636 0.8150267601013184 79
1615373220477 0.7939867973327637 80
1615373255250 0.8048590421676636 81
1615373289492 0.8402540683746338 82
1615373323776 0.8190841674804688 83
1615373357981 0.8417340517044067 84
1615373392216 0.8299314975738525 85
1615373426464 0.8285285830497742 86
1615373460642 0.8433014154434204 87
1615373494777 0.84495609998703 88
1615373529227 0.83016437292099 89
1615373565654 0.8218346238136292 90
1615373600344 0.8304609060287476 91
1615373635057 0.8126181960105896 92
1615373669576 0.8291890025138855 93
1615373703859 0.8471255898475647 94
1615373738150 0.8519273996353149 95
1615373772457 0.8157086372375488 96
1615373806753 0.8095890879631042 97
1615373841473 0.7930712699890137 98
1615373875675 0.8217239379882812 99
1615373911557 0.8249070644378662 100
1615373945770 0.8384589552879333 101
1615373980039 0.814915657043457 102
1615374014285 0.8393114805221558 103
1615374048468 0.8524977564811707 104
1615374082802 0.8159791231155396 105
1615374117478 0.7818232774734497 106
1615374151786 0.8258839845657349 107
1615374186343 0.8177956342697144 108
1615374220685 0.8355173468589783 109
1615374256724 0.8190577030181885 110
1615374290914 0.8399772644042969 111
1615374325182 0.8359090089797974 112
1615374359566 0.8219540119171143 113
1615374393860 0.8037177324295044 114
1615374428127 0.8273364305496216 115
1615374462713 0.8114712834358215 116
1615374496945 0.835691511631012 117
1615374531228 0.7754080891609192 118
1615374565504 0.8392213582992554 119
1615374601509 0.8266204595565796 120
1615374635780 0.8419663310050964 121
1615374670004 0.8239189386367798 122
1615374704195 0.802527904510498 123
1615374738484 0.8113480806350708 124
1615374772767 0.8216166496276855 125
1615374807009 0.8408448696136475 126
1615374841480 0.8476124405860901 127
1615374876308 0.8448766469955444 128
1615374910722 0.8340073823928833 129
1615374947491 0.8492308259010315 130
1615374982156 0.8320159316062927 131
1615375016444 0.8372671604156494 132
1615375050805 0.8534428477287292 133
1615375085304 0.8263980150222778 134
1615375119605 0.8735265731811523 135
1615375153861 0.8718148469924927 136
1615375188154 0.8393120169639587 137
1615375222651 0.8144471645355225 138
1615375256999 0.8183659911155701 139
1615375292969 0.824170708656311 140
1615375327218 0.8232049942016602 141
1615375361520 0.8417847156524658 142
1615375395713 0.8613070249557495 143
1615375430032 0.836357831954956 144
1615375464508 0.869164228439331 145
1615375499860 0.8454010486602783 146
1615375534575 0.8328815698623657 147
1615375569071 0.831406831741333 148
1615375603388 0.847360372543335 149
1615375639576 0.8396520018577576 150
1615375674025 0.8489886522293091 151
1615375708357 0.8460997343063354 152
1615375742953 0.8541848063468933 153
1615375777215 0.8959155082702637 154
1615375811437 0.8620175123214722 155
1615375845618 0.8713202476501465 156
1615375879818 0.8701285123825073 157
1615375914065 0.8535448312759399 158
1615375948289 0.8836721181869507 159
1615375984113 0.8682092428207397 160
1615376018400 0.8145343661308289 161
1615376052658 0.8338153958320618 162
1615376086984 0.845621645450592 163
1615376121375 0.8670303821563721 164
1615376155788 0.8417797088623047 165
1615376190227 0.8221453428268433 166
1615376224694 0.8583943247795105 167
1615376259240 0.8644270896911621 168
1615376293714 0.886972188949585 169
1615376329968 0.8557767868041992 170
1615376364290 0.8405739068984985 171
1615376398499 0.8677718639373779 172
1615376432703 0.8540953397750854 173
1615376467209 0.8478574156761169 174
1615376501782 0.850120484828949 175
1615376536139 0.8471570611000061 176
1615376570422 0.8234133720397949 177
1615376604593 0.8439793586730957 178
1615376638891 0.834802508354187 179
1615376674831 0.8879212141036987 180
1615376709065 0.8554009199142456 181
1615376743346 0.8401395678520203 182
1615376778095 0.8137632012367249 183
1615376812533 0.862288236618042 184
1615376846939 0.8554618954658508 185
1615376881228 0.8496208190917969 186
1615376915550 0.8295086622238159 187
1615376949773 0.8368740081787109 188
1615376984068 0.8434709310531616 189
1615377020141 0.8503484725952148 190
1615377054310 0.8862433433532715 191
1615377088628 0.8456021547317505 192
1615377122898 0.8254475593566895 193
1615377157197 0.8349738121032715 194
1615377191404 0.8644700050354004 195
1615377225989 0.8205587863922119 196
1615377260246 0.8575359582901001 197
1615377294459 0.8553440570831299 198
1615377328636 0.8538840413093567 199
1615377364304 0.8345028162002563 200
1615377398454 0.8294243812561035 201
1615377432718 0.8208624124526978 202
1615377467170 0.8426744341850281 203
1615377501829 0.8520570993423462 204
1615377536534 0.8603115081787109 205
1615377571088 0.871168315410614 206
1615377605606 0.8780168890953064 207
1615377640096 0.8734318017959595 208
1615377674567 0.8811122179031372 209
1615377710677 0.8261815905570984 210
1615377745006 0.8610718250274658 211
1615377779559 0.8614981770515442 212
1615377813835 0.8172992467880249 213
1615377848116 0.8380987644195557 214
1615377882395 0.8699929714202881 215
1615377916682 0.8375656604766846 216
1615377950888 0.8534327745437622 217
1615377985129 0.855046272277832 218
1615378019272 0.8506486415863037 219
1615378054981 0.851628303527832 220
1615378089207 0.8461079597473145 221
1615378123476 0.8395720720291138 222
1615378157989 0.8678573966026306 223
1615378192493 0.8627530336380005 224
1615378226959 0.8398281335830688 225
1615378261657 0.8508179187774658 226
1615378296407 0.8414767980575562 227
1615378330820 0.862241268157959 228
1615378365095 0.882868766784668 229
1615378401043 0.865371584892273 230
1615378435464 0.8854273557662964 231
1615378469837 0.8676194548606873 232
1615378504378 0.8430192470550537 233
1615378538643 0.860834002494812 234
1615378572878 0.85500168800354 235
1615378607107 0.859705924987793 236
1615378641392 0.8633926510810852 237
1615378675733 0.8582848310470581 238
1615378709970 0.8859297633171082 239
1615378745760 0.85335373878479 240
1615378780055 0.8440837860107422 241
1615378814633 0.861060619354248 242
1615378849228 0.8670650720596313 243
1615378883693 0.8762631416320801 244
1615378918094 0.8598775267601013 245
1615378952511 0.8611915111541748 246
1615378986853 0.833864688873291 247
1615379021237 0.8579428791999817 248
1615379055717 0.8536059856414795 249
1615379091746 0.8619105815887451 250
1615379126034 0.8827418088912964 251
1615379160409 0.8517156839370728 252
1615379195211 0.8258020877838135 253
1615379229566 0.8463653922080994 254
1615379263779 0.8660880327224731 255
1615379298092 0.8644190430641174 256
1615379332238 0.8972745537757874 257
1615379366556 0.8687865138053894 258
1615379400813 0.8584968447685242 259
1615379436731 0.8421427011489868 260
1615379470999 0.8707389831542969 261
1615379505426 0.8782427310943604 262
1615379539887 0.8598425388336182 263
1615379574425 0.8343237042427063 264
1615379609206 0.8603152632713318 265
1615379643659 0.8521366119384766 266
1615379678230 0.8659607172012329 267
1615379712716 0.8472152948379517 268
1615379747011 0.8655961751937866 269
1615379783032 0.8626309037208557 270
1615379817429 0.8791533708572388 271
1615379851782 0.8673465847969055 272
1615379886429 0.8581428527832031 273
1615379920670 0.8616625070571899 274
1615379954923 0.8524388670921326 275
1615379989188 0.8225210905075073 276
1615380023342 0.8963651061058044 277
1615380057568 0.851129412651062 278
1615380091828 0.8851725459098816 279
1615380127707 0.879976749420166 280
1615380162270 0.8695769309997559 281
1615380196656 0.8810205459594727 282
1615380231195 0.8583922386169434 283
1615380265564 0.8729023933410645 284
1615380300068 0.8307780027389526 285
1615380334451 0.8724103569984436 286
1615380368954 0.8569621443748474 287
1615380403202 0.8478626012802124 288
1615380437520 0.8704979419708252 289
1615380473730 0.8579872846603394 290
1615380507946 0.876948893070221 291
1615380542276 0.8679286241531372 292
1615380576577 0.8753119111061096 293
1615380610915 0.8654509782791138 294
1615380645107 0.8579322695732117 295
1615380679377 0.8521156311035156 296
1615380713840 0.8783146142959595 297
1615380748227 0.8699177503585815 298
1615380782521 0.8846131563186646 299
1615380818400 0.8794788122177124 300
1615380852721 0.8315611481666565 301
1615380887036 0.8710552453994751 302
1615380921397 0.8914824724197388 303
1615380955772 0.8855369091033936 304
1615380990096 0.8557627201080322 305
1615381024448 0.8505614995956421 306
1615381058806 0.8680828809738159 307
1615381093085 0.9158101081848145 308
1615381127465 0.8998640775680542 309
1615381163431 0.8409424424171448 310
1615381197744 0.8407478928565979 311
1615381232120 0.862101674079895 312
1615381266509 0.8527798056602478 313
1615381300917 0.8927723169326782 314
1615381335147 0.8627648949623108 315
1615381369346 0.8757066130638123 316
1615381403746 0.8846869468688965 317
1615381437983 0.8610621690750122 318
1615381472186 0.8643460869789124 319
1615381508103 0.8735306262969971 320
1615381542369 0.8664904832839966 321
1615381576613 0.8620356917381287 322
1615381610854 0.8401734828948975 323
1615381645214 0.8836294412612915 324
1615381679800 0.8480519652366638 325
1615381714627 0.8666553497314453 326
1615381749214 0.8704878091812134 327
1615381783773 0.880572497844696 328
1615381818135 0.890188455581665 329
1615381854472 0.8397424221038818 330
1615381888809 0.848330020904541 331
1615381923019 0.8623268604278564 332
1615381957664 0.8964760899543762 333
1615381991992 0.8556540012359619 334
1615382026197 0.8734023571014404 335
1615382060542 0.8567594289779663 336
1615382094680 0.8824822902679443 337
1615382128906 0.8482193946838379 338
1615382163178 0.8939052224159241 339
1615382199139 0.886509120464325 340
1615382233572 0.8675104379653931 341
1615382268970 0.8851598501205444 342
1615382303685 0.8557892441749573 343
1615382338153 0.8700128793716431 344
1615382372384 0.8581695556640625 345
1615382406687 0.8387856483459473 346
1615382441130 0.8241283297538757 347
1615382475561 0.8579598069190979 348
1615382510038 0.883520245552063 349
1615382546072 0.8951184749603271 350
1615382580440 0.8802160024642944 351
1615382614703 0.8761870265007019 352
1615382648915 0.8837358951568604 353
1615382683135 0.892991304397583 354
1615382717469 0.8836619257926941 355
1615382751820 0.8660718202590942 356
1615382786159 0.8820626735687256 357
1615382820595 0.9032373428344727 358
1615382855062 0.8519575595855713 359
1615382891155 0.8654503226280212 360
1615382925662 0.8924040794372559 361
1615382960093 0.8935309648513794 362
1615382994425 0.8769092559814453 363
1615383028810 0.8578618168830872 364
1615383063024 0.877021312713623 365
1615383097360 0.8596882820129395 366
1615383131725 0.8777339458465576 367
1615383166060 0.8890988826751709 368
1615383200472 0.8580787181854248 369
1615383236696 0.8696627020835876 370
1615383270976 0.9052325487136841 371
1615383305239 0.892392635345459 372
1615383339448 0.8707051277160645 373
1615383373676 0.8724983334541321 374
1615383407883 0.874312162399292 375
1615383442104 0.8654599189758301 376
1615383476485 0.8285669088363647 377
1615383511476 0.8396439552307129 378
1615383546358 0.8536255359649658 379
1615383582632 0.8532712459564209 380
1615383617068 0.8751593828201294 381
1615383651474 0.8768614530563354 382
1615383685797 0.8616191148757935 383
1615383720110 0.8792656660079956 384
1615383754406 0.8867976069450378 385
1615383788672 0.8773735761642456 386
1615383823089 0.8596970438957214 387
1615383857546 0.8724017143249512 388
1615383891910 0.8724002242088318 389
1615383927744 0.8555262088775635 390
1615383961902 0.859078049659729 391
1615383996131 0.8612512350082397 392
1615384030386 0.8760659098625183 393
1615384064768 0.8529331088066101 394
1615384099891 0.9115406274795532 395
1615384134417 0.8652628660202026 396
1615384168738 0.8893290758132935 397
1615384203101 0.8934075832366943 398
1615384237445 0.8750897645950317 399
1615384273468 0.884601354598999 400
1615384307836 0.8746328353881836 401
1615384343157 0.8764944076538086 402
1615384377394 0.8446540832519531 403
1615384411670 0.8916488289833069 404
1615384445916 0.8749840259552002 405
1615384480100 0.876849889755249 406
1615384514347 0.8366104364395142 407
1615384548515 0.8806254267692566 408
1615384582776 0.8628697991371155 409
1615384618602 0.8711351156234741 410
1615384652843 0.8720322847366333 411
1615384687203 0.8871773481369019 412
1615384721658 0.8904702663421631 413
1615384756427 0.8657108545303345 414
1615384791007 0.8552027940750122 415
1615384825523 0.8778125047683716 416
1615384859983 0.8693981170654297 417
1615384894344 0.8807275295257568 418
1615384928726 0.8749498128890991 419
1615384964519 0.8881708979606628 420
1615384998847 0.8784170150756836 421
1615385033292 0.8734925985336304 422
1615385067664 0.8554551601409912 423
1615385101878 0.8655472993850708 424
1615385136165 0.8907365798950195 425
1615385170905 0.8707840442657471 426
1615385205107 0.8908851146697998 427
1615385239322 0.8668545484542847 428
1615385273506 0.8375928401947021 429
1615385309351 0.8533830642700195 430
1615385343633 0.8812718987464905 431
1615385377825 0.8708310127258301 432
1615385412049 0.8628389835357666 433
1615385446280 0.879656195640564 434
1615385480622 0.815684974193573 435
1615385515219 0.879636287689209 436
1615385549688 0.8753874897956848 437
1615385584357 0.877204954624176 438
1615385618943 0.8501043319702148 439
1615385656503 0.9031744003295898 440
1615385690843 0.8870017528533936 441
1615385725203 0.8548949360847473 442
1615385759504 0.87689208984375 443
1615385793741 0.89533531665802 444
1615385828114 0.8756502866744995 445
1615385862519 0.8632352948188782 446
1615385896729 0.8537147045135498 447
1615385931121 0.8788462281227112 448
1615385965461 0.8883188962936401 449
1615386001438 0.8974471092224121 450
1615386035698 0.8890923261642456 451
1615386069973 0.8766745924949646 452
1615386104340 0.8701997995376587 453
1615386138730 0.8648808598518372 454
1615386173187 0.8969036340713501 455
1615386207620 0.8631939888000488 456
1615386242088 0.8486990928649902 457
1615386276646 0.8469250202178955 458
1615386311056 0.8809182047843933 459
1615386347153 0.8875094652175903 460
1615386381528 0.8881688117980957 461
1615386415925 0.8903576135635376 462
1615386450312 0.8703286647796631 463
1615386484526 0.8753082752227783 464
1615386518888 0.8846707344055176 465
1615386553242 0.8670073747634888 466
1615386587495 0.8597499132156372 467
1615386621747 0.8691550493240356 468
1615386655990 0.8810846209526062 469
1615386691756 0.857399582862854 470
1615386725914 0.8552019596099854 471
1615386760128 0.8660262227058411 472
1615386794454 0.8717743158340454 473
1615386828704 0.8672212362289429 474
1615386863051 0.889755129814148 475
1615386897489 0.8686115741729736 476
1615386931957 0.8712876439094543 477
1615386966696 0.8795571327209473 478
1615387001604 0.9087574481964111 479
1615387038162 0.8984599113464355 480
1615387072659 0.8791121244430542 481
1615387107118 0.8892772793769836 482
1615387141463 0.8730525970458984 483
1615387175920 0.8758353590965271 484
1615387210767 0.8731527328491211 485
1615387245051 0.866668164730072 486
1615387279311 0.8637926578521729 487
1615387313563 0.8805967569351196 488
1615387347793 0.8916743993759155 489
1615387383686 0.9043740034103394 490
1615387417904 0.8796238899230957 491
1615387452243 0.8514009118080139 492
1615387486471 0.9149713516235352 493
1615387520692 0.8395730257034302 494
1615387555118 0.8800536394119263 495
1615387589449 0.8683822154998779 496
1615387624021 0.8988837003707886 497
1615387658518 0.8720223903656006 498
1615387693090 0.8927011489868164 499
1615387729602 0.870524525642395 500
1615387764074 0.8506399393081665 501
1615387798518 0.8876696825027466 502
1615387832847 0.8955477476119995 503
1615387867207 0.8995014429092407 504
1615387901532 0.877117931842804 505
1615387936176 0.8926922082901001 506
1615387970523 0.857591986656189 507
1615388004797 0.8723757266998291 508
1615388039043 0.8863639235496521 509
1615388074941 0.8801491260528564 510
1615388109210 0.9174190759658813 511
1615388143584 0.8874537348747253 512
1615388178027 0.8928846120834351 513
1615388212571 0.8959835767745972 514
1615388247048 0.874651312828064 515
1615388281653 0.8930644989013672 516
1615388316171 0.9020441770553589 517
1615388350441 0.8771478533744812 518
1615388384719 0.8652700185775757 519
1615388420871 0.8597265481948853 520
1615388455396 0.8514965772628784 521
1615388489666 0.8761045932769775 522
1615388523912 0.8898898363113403 523
1615388558139 0.888371467590332 524
1615388592360 0.8742996454238892 525
1615388626659 0.9134130477905273 526
1615388660778 0.8834527134895325 527
1615388695120 0.8768084645271301 528
1615388729783 0.9074603319168091 529
1615388765937 0.8797106742858887 530
1615388800492 0.8652184009552002 531
1615388835224 0.8729457855224609 532
1615388869748 0.8749299049377441 533
1615388904094 0.8833775520324707 534
1615388938451 0.8741339445114136 535
1615388972917 0.9135609865188599 536
1615389007254 0.8715828061103821 537
1615389041690 0.8867406845092773 538
1615389075933 0.8790178298950195 539
1615389112382 0.908649206161499 540
1615389146604 0.8721421957015991 541
1615389180833 0.8592705726623535 542
1615389215024 0.8860275745391846 543
1615389249271 0.8939255475997925 544
1615389283462 0.8825657367706299 545
1615389317736 0.8923355340957642 546
1615389352273 0.9118714332580566 547
1615389386829 0.8690862059593201 548
1615389421473 0.8648194670677185 549
1615389457720 0.8967887163162231 550
1615389492296 0.8877407312393188 551
1615389526821 0.8891849517822266 552
1615389561304 0.9039499163627625 553
1615389595558 0.8507698774337769 554
1615389629975 0.8788546919822693 555
1615389664534 0.9007643461227417 556
1615389698861 0.8799786567687988 557
1615389733188 0.8788080215454102 558
1615389767604 0.8616794347763062 559
1615389803817 0.9011446237564087 560
1615389838031 0.8758683204650879 561
1615389872747 0.8693796396255493 562
1615389906987 0.8813617825508118 563
1615389941214 0.9241288900375366 564
1615389975422 0.8628890514373779 565
1615390009630 0.8952175974845886 566
1615390043869 0.8854355812072754 567
1615390078164 0.9065629839897156 568
1615390112516 0.8853647708892822 569
1615390148588 0.8855880498886108 570
1615390183170 0.8598310947418213 571
1615390217587 0.8762921094894409 572
1615390252283 0.8753663301467896 573
1615390286810 0.8940178155899048 574
1615390321464 0.8772472739219666 575
1615390355826 0.8839777708053589 576
1615390390126 0.9053564071655273 577
1615390424359 0.9056686162948608 578
1615390458696 0.8903976082801819 579
1615390495045 0.9000368118286133 580
1615390529283 0.9122850894927979 581
1615390563548 0.8580574989318848 582
1615390598016 0.8786967396736145 583
1615390632394 0.887937068939209 584
1615390666627 0.8771653175354004 585
1615390700850 0.8864229321479797 586
1615390735077 0.9129025936126709 587
1615390769354 0.8818659782409668 588
1615390803678 0.8740496635437012 589
1615390839510 0.8975508213043213 590
1615390873763 0.8875796794891357 591
1615390907978 0.8824855089187622 592
1615390942232 0.8736181259155273 593
1615390976474 0.8816008567810059 594
1615391010842 0.8950754404067993 595
1615391045106 0.8895690441131592 596
1615391079463 0.8975472450256348 597
1615391113855 0.880147397518158 598
1615391148734 0.8805422782897949 599
1615391184749 0.8677570223808289 600
1615391219175 0.9119505882263184 601
1615391253496 0.8879084587097168 602
1615391287808 0.8555355072021484 603
1615391322039 0.8756799101829529 604
1615391356372 0.8874586820602417 605
1615391390872 0.8854279518127441 606
1615391425085 0.8878744840621948 607
1615391459288 0.9007890224456787 608
1615391493886 0.8885303735733032 609
1615391529744 0.8882427215576172 610
1615391563948 0.8533810377120972 611
1615391598234 0.885245680809021 612
1615391632517 0.8812706470489502 613
1615391666776 0.8903107643127441 614
1615391701043 0.8722708821296692 615
1615391735462 0.8894280195236206 616
1615391769913 0.8720855712890625 617
1615391804631 0.9057812690734863 618
1615391839145 0.8825269937515259 619
1615391875341 0.8758633136749268 620
1615391909783 0.8971844911575317 621
1615391944359 0.8622883558273315 622
1615391978698 0.8691234588623047 623
1615392013037 0.8909358978271484 624
1615392047426 0.9096077680587769 625
1615392081808 0.899429440498352 626
1615392116095 0.8975000977516174 627
1615392150363 0.885633111000061 628
1615392184878 0.8664510250091553 629
1615392220771 0.883590579032898 630
1615392254984 0.9139431715011597 631
1615392292009 0.869026243686676 632
1615392326459 0.907660961151123 633
1615392360953 0.8950597047805786 634
1615392395449 0.8574477434158325 635
1615392429992 0.8736624717712402 636
1615392464598 0.90221107006073 637
1615392499099 0.8865649700164795 638
1615392533565 0.8903262615203857 639
1615392570114 0.8862138986587524 640
1615392604328 0.8875397443771362 641
1615392638695 0.8772299885749817 642
1615392673269 0.8898664712905884 643
1615392707577 0.8961521983146667 644
1615392741777 0.8937956094741821 645
1615392775983 0.8953313827514648 646
1615392810236 0.8975735902786255 647
1615392844488 0.8744686245918274 648
1615392878729 0.8964583873748779 649
1615392914711 0.9169971346855164 650
1615392949344 0.8822684288024902 651
1615392983767 0.8949546813964844 652
1615393018774 0.8862297534942627 653
1615393053637 0.9054785966873169 654
1615393088082 0.8938684463500977 655
1615393122439 0.8958213329315186 656
1615393156777 0.8882337808609009 657
1615393191212 0.8706095218658447 658
1615393225496 0.8729590177536011 659
1615393261751 0.8839893341064453 660
1615393296002 0.9054566621780396 661
1615393330235 0.8819711208343506 662
1615393364411 0.874585747718811 663
1615393398657 0.8825942277908325 664
1615393432887 0.9020712375640869 665
1615393467163 0.8890601396560669 666
1615393501530 0.894162654876709 667
1615393535877 0.886726975440979 668
1615393570073 0.8775207996368408 669
1615393606203 0.891307532787323 670
1615393640873 0.887701153755188 671
1615393675452 0.854567289352417 672
1615393709978 0.8597419261932373 673
1615393744324 0.880132794380188 674
1615393778669 0.8590327501296997 675
1615393812841 0.8909655809402466 676
1615393847267 0.8799607753753662 677
1615393881731 0.8933418393135071 678
1615393916104 0.8810832500457764 679
1615393952317 0.8919758796691895 680
1615393986486 0.886318564414978 681
1615394020758 0.9071274995803833 682
1615394055115 0.9077759981155396 683
1615394089287 0.884788990020752 684
1615394123444 0.8869162797927856 685
1615394157649 0.8874140977859497 686
1615394191882 0.9237145185470581 687
1615394226234 0.8780378103256226 688
1615394260742 0.8506882190704346 689
1615394296972 0.8899612426757812 690
1615394331336 0.8948732614517212 691
1615394365834 0.9176902770996094 692
1615394400173 0.9032222032546997 693
1615394434564 0.8909389972686768 694
1615394468841 0.8798454403877258 695
1615394503079 0.8964974880218506 696
1615394537471 0.9031872749328613 697
1615394571845 0.8932786583900452 698
1615394606139 0.9072825908660889 699
1615394642423 0.9036949872970581 700
1615394676658 0.8821686506271362 701
1615394710992 0.8881974816322327 702
1615394745312 0.9127405881881714 703
1615394779683 0.8912606239318848 704
1615394814512 0.8701695799827576 705
1615394849489 0.8874144554138184 706
1615394884018 0.8922756910324097 707
1615394918502 0.9041630625724792 708
1615394952869 0.8776017427444458 709
1615394988786 0.9034203290939331 710
1615395023231 0.9009222984313965 711
1615395057482 0.8908400535583496 712
1615395091746 0.901646077632904 713
1615395126294 0.9088598489761353 714
1615395160663 0.8924347162246704 715
1615395194924 0.8733907341957092 716
1615395229145 0.9137892723083496 717
1615395263465 0.9180576205253601 718
1615395297717 0.8900389671325684 719
1615395333586 0.9006141424179077 720
1615395368119 0.884161114692688 721
1615395403408 0.869065523147583 722
1615395437867 0.8834223747253418 723
1615395472393 0.8982372879981995 724
1615395506690 0.8779592514038086 725
1615395541625 0.915278971195221 726
1615395575858 0.92958664894104 727
1615395610178 0.8855542540550232 728
1615395644429 0.9231199026107788 729
1615395680348 0.9189396500587463 730
1615395714592 0.9043532609939575 731
1615395748918 0.9016355276107788 732
1615395783228 0.9089720249176025 733
1615395817808 0.876962423324585 734
1615395852266 0.8899538516998291 735
1615395886682 0.9017529487609863 736
1615395920964 0.9126496315002441 737
1615395955479 0.8929197788238525 738
1615395989902 0.8981775045394897 739
1615396025933 0.8779515027999878 740
1615396060177 0.8699719905853271 741
1615396094471 0.9024717807769775 742
1615396128872 0.9122616052627563 743
1615396163338 0.929039478302002 744
1615396198152 0.8791434168815613 745
1615396232494 0.8959250450134277 746
1615396266754 0.8827100992202759 747
1615396300965 0.8849918842315674 748
1615396335210 0.8850939273834229 749
1615396371133 0.9205450415611267 750
1615396406042 0.8752641081809998 751
1615396440730 0.8891336917877197 752
1615396475184 0.8794125318527222 753
1615396509641 0.8904732465744019 754
1615396544307 0.8937340974807739 755
1615396578728 0.9072787761688232 756
1615396612984 0.8883761167526245 757
1615396647394 0.8782268762588501 758
1615396681659 0.9266032576560974 759
1615396717627 0.8859978914260864 760
1615396751972 0.8728009462356567 761
1615396786298 0.8798648118972778 762
1615396820695 0.8950798511505127 763
1615396854973 0.9044939279556274 764
1615396889290 0.8831522464752197 765
1615396923527 0.8978185653686523 766
1615396957850 0.8984912633895874 767
1615396992094 0.882111668586731 768
1615397026273 0.9020369052886963 769
1615397062186 0.8902953863143921 770
1615397096489 0.8700189590454102 771
1615397130997 0.891294002532959 772
1615397165485 0.9029678106307983 773
1615397199959 0.8964177370071411 774
1615397234353 0.8704357147216797 775
1615397268742 0.9041186571121216 776
1615397303228 0.8948235511779785 777
1615397337524 0.8810127377510071 778
1615397371826 0.8719638586044312 779
1615397407717 0.9058994054794312 780
1615397441999 0.8435109853744507 781
1615397476417 0.9050366878509521 782
1615397510762 0.9182313680648804 783
1615397544933 0.9046926498413086 784
1615397579450 0.9016476273536682 785
1615397613717 0.8724684715270996 786
1615397648064 0.8879731297492981 787
1615397682405 0.9109711647033691 788
1615397718863 0.8881703019142151 789
1615397755081 0.8913826942443848 790
1615397789269 0.8829057216644287 791
1615397823486 0.9096885919570923 792
1615397857959 0.8793368935585022 793
1615397892892 0.9127770066261292 794
1615397927516 0.878265380859375 795
1615397962074 0.8819341659545898 796
1615397996740 0.9001570343971252 797
1615398031040 0.8776519298553467 798
1615398065438 0.914668619632721 799
1615398101440 0.8797349333763123 800
1615398135800 0.8699871301651001 801
1615398170583 0.8867835402488708 802
1615398204860 0.900181770324707 803
1615398239056 0.8831439018249512 804
1615398273369 0.8870506286621094 805
1615398307553 0.8840920329093933 806
1615398341855 0.8923861980438232 807
1615398376099 0.8907194137573242 808
1615398410353 0.8774656057357788 809
1615398446150 0.8976086378097534 810
1615398480477 0.8728623986244202 811
1615398514862 0.8839303255081177 812
1615398549187 0.9159224033355713 813
1615398584455 0.9161365032196045 814
1615398619204 0.8916659355163574 815
1615398653990 0.8726825714111328 816
1615398688459 0.9217789173126221 817
1615398722787 0.8762224912643433 818
1615398756994 0.8830333948135376 819
1615398793280 0.8517569303512573 820
1615398827730 0.9051670432090759 821
1615398862394 0.88190758228302 822
1615398896647 0.8911134004592896 823
1615398930869 0.9013821482658386 824
1615398965224 0.8758506774902344 825
1615398999451 0.8753271698951721 826
1615399033910 0.8833081722259521 827
1615399068748 0.9087148904800415 828
1615399103308 0.900388240814209 829
1615399139634 0.8874058127403259 830
1615399174194 0.8936707973480225 831
1615399208686 0.9005415439605713 832
1615399242892 0.9098082780838013 833
1615399277158 0.8926210403442383 834
1615399311406 0.876814067363739 835
1615399345623 0.9075682163238525 836
1615399379952 0.853861927986145 837
1615399414329 0.9009861946105957 838
1615399448875 0.9048097133636475 839
1615399484773 0.8993656635284424 840
1615399519097 0.8792692422866821 841
1615399553387 0.9068452715873718 842
1615399587672 0.9147585034370422 843
1615399621911 0.907454252243042 844
1615399656101 0.8921371698379517 845
1615399690385 0.8945109844207764 846
1615399724736 0.8988499045372009 847
1615399759221 0.874535322189331 848
1615399794234 0.8682539463043213 849
1615399831010 0.8824489712715149 850
1615399865683 0.9192572832107544 851
1615399900133 0.9314974546432495 852
1615399934504 0.8744488954544067 853
1615399968778 0.8836385011672974 854
1615400003006 0.887541651725769 855
1615400037390 0.8963462710380554 856
1615400071752 0.8822823762893677 857
1615400106317 0.9017376899719238 858
1615400140603 0.9008752107620239 859
1615400176502 0.9006633758544922 860
1615400210680 0.8697366714477539 861
1615400244897 0.8958772420883179 862
1615400279105 0.8886321783065796 863
1615400313317 0.8679417371749878 864
1615400347531 0.8881654739379883 865
1615400381743 0.8740634918212891 866
1615400416014 0.9055672883987427 867
1615400450236 0.8730120658874512 868
1615400484548 0.8790287375450134 869
1615400520509 0.9147382974624634 870
1615400554861 0.8836100101470947 871
1615400589488 0.9084594249725342 872
1615400624002 0.8900302648544312 873
1615400658537 0.9096856117248535 874
1615400692941 0.8962825536727905 875
1615400727344 0.9068719744682312 876
1615400761733 0.8897454738616943 877
1615400796091 0.8629758358001709 878
1615400830510 0.9105122089385986 879
1615400866904 0.9077227115631104 880
1615400901228 0.8852208852767944 881
1615400935428 0.8944305181503296 882
1615400969759 0.8719413876533508 883
1615401004672 0.9106824398040771 884
1615401039299 0.8812222480773926 885
1615401074020 0.8604137897491455 886
1615401108587 0.9167230129241943 887
1615401142918 0.8908871412277222 888
1615401177532 0.8581740856170654 889
1615401213897 0.8901751041412354 890
1615401248231 0.9179267883300781 891
1615401282530 0.8935655951499939 892
1615401316964 0.8952500224113464 893
1615401351378 0.9035866260528564 894
1615401385977 0.9253087043762207 895
1615401420364 0.8630542755126953 896
1615401454538 0.882444441318512 897
1615401488734 0.8973631858825684 898
1615401523034 0.8557005524635315 899
1615401559163 0.9237750768661499 900
1615401593873 0.891231894493103 901
1615401628589 0.9076551198959351 902
1615401663073 0.8960776329040527 903
1615401697589 0.8969807624816895 904
1615401731999 0.8960214257240295 905
1615401766346 0.8812930583953857 906
1615401800662 0.878239095211029 907
1615401835092 0.8766446113586426 908
1615401869499 0.8962646126747131 909
1615401905506 0.9095922708511353 910
1615401939990 0.9100663065910339 911
1615401974245 0.8640317320823669 912
1615402008570 0.89689040184021 913
1615402042878 0.9119068384170532 914
1615402077265 0.8732346296310425 915
1615402111525 0.904747486114502 916
1615402145815 0.8531851768493652 917
1615402180167 0.8909755945205688 918
1615402214592 0.8945682644844055 919
1615402251053 0.8965983986854553 920
1615402285410 0.8939284682273865 921
1615402319916 0.8937061429023743 922
1615402354224 0.8932924270629883 923
1615402388622 0.9150394201278687 924
1615402422985 0.8869550228118896 925
1615402457476 0.9113553762435913 926
1615402491709 0.9063315391540527 927
1615402526234 0.8939448595046997 928
1615402560524 0.9042980074882507 929
1615402596405 0.8654320240020752 930
1615402630653 0.8936572074890137 931
1615402664894 0.9001699090003967 932
1615402699151 0.8976191878318787 933
1615402733433 0.8690828680992126 934
1615402767642 0.8814620971679688 935
1615402801926 0.867459237575531 936
1615402836363 0.8792734146118164 937
1615402870773 0.884196400642395 938
1615402905403 0.9023882746696472 939
1615402941949 0.9033570289611816 940
1615402976602 0.8754067420959473 941
1615403011185 0.8772518634796143 942
1615403045592 0.8705253601074219 943
1615403079965 0.9177500009536743 944
1615403114353 0.901456892490387 945
1615403148775 0.9193164110183716 946
1615403183051 0.8396189212799072 947
1615403217314 0.9064601063728333 948
1615403251716 0.918168306350708 949
1615403287909 0.8842548131942749 950
1615403322138 0.8885590434074402 951
1615403356366 0.9281278252601624 952
1615403390649 0.9009801745414734 953
1615403424927 0.8978608846664429 954
1615403459199 0.8852871656417847 955
1615403493524 0.8966720104217529 956
1615403527729 0.8937651515007019 957
1615403561922 0.8965942859649658 958
1615403596267 0.9055811166763306 959
1615403632298 0.8840421438217163 960
1615403666802 0.88306725025177 961
1615403701403 0.8920384645462036 962
1615403735931 0.8892807960510254 963
1615403770425 0.8935743570327759 964
1615403804846 0.916826605796814 965
1615403839187 0.8802536725997925 966
1615403873542 0.9035455584526062 967
1615403908103 0.9309892654418945 968
1615403942721 0.8890911340713501 969
1615403978757 0.8941934108734131 970
1615404012997 0.9111169576644897 971
1615404047296 0.8854259252548218 972
1615404081572 0.8884674310684204 973
1615404115762 0.9009511470794678 974
1615404149980 0.863775908946991 975
1615404184314 0.9052193760871887 976
1615404218575 0.9056087732315063 977
1615404252950 0.8648718595504761 978
1615404287668 0.9018598794937134 979
1615404323915 0.8473734855651855 980
1615404358255 0.893047034740448 981
1615404392609 0.8845958709716797 982
1615404427207 0.8887406587600708 983
1615404461495 0.9275388121604919 984
1615404495782 0.9048033952713013 985
1615404529973 0.915652871131897 986
1615404564197 0.8913134336471558 987
1615404598498 0.9051564335823059 988
1615404632933 0.8990556001663208 989
1615404669058 0.887438952922821 990
1615404703393 0.8947569727897644 991
1615404737958 0.916054368019104 992
1615404772152 0.8690654635429382 993
1615404806564 0.9185599088668823 994
1615404840833 0.9131175875663757 995
1615404875068 0.9116856455802917 996
1615404909215 0.9299250841140747 997
1615404943400 0.9009652137756348 998
1615404977786 0.8708750605583191 999
1615405013616 0.9234026670455933 1000
1615405047880 0.9162298440933228 1001
1615405082206 0.9196234941482544 1002
1615405116536 0.9108651280403137 1003
1615405151207 0.9010526537895203 1004
1615405185627 0.890584409236908 1005
1615405220360 0.8838286995887756 1006
1615405254857 0.8879514932632446 1007
1615405289317 0.9016624689102173 1008
1615405323763 0.863327145576477 1009
1615405359756 0.8714534044265747 1010
1615405394162 0.9203979969024658 1011
1615405428659 0.8975526690483093 1012
1615405462947 0.8793270587921143 1013
1615405497220 0.8979766368865967 1014
1615405531495 0.8961269855499268 1015
1615405566009 0.8999740481376648 1016
1615405600276 0.8783148527145386 1017
1615405634495 0.9197361469268799 1018
1615405668793 0.9116296768188477 1019
1615405704606 0.9052444696426392 1020
1615405738937 0.8849389553070068 1021
1615405773201 0.863702654838562 1022
1615405807780 0.9132694005966187 1023
1615405841979 0.884240448474884 1024
1615405876218 0.8444820642471313 1025
1615405910470 0.914915919303894 1026
1615405945081 0.8784918785095215 1027
1615405979794 0.8989002704620361 1028
1615406014892 0.9053981900215149 1029
1615406050969 0.8830877542495728 1030
1615406085419 0.8780415058135986 1031
1615406119666 0.8825118541717529 1032
1615406153977 0.9106547236442566 1033
1615406188370 0.9037400484085083 1034
1615406222656 0.9041755795478821 1035
1615406257223 0.9024111032485962 1036
1615406291493 0.901086151599884 1037
1615406325712 0.8814951777458191 1038
1615406360017 0.8976396322250366 1039
1615406395896 0.8755514621734619 1040
1615406430203 0.925910472869873 1041
1615406464453 0.8956512212753296 1042
1615406498906 0.8820313215255737 1043
1615406533519 0.8891018629074097 1044
1615406568070 0.916259765625 1045
1615406602575 0.8814494609832764 1046
1615406637117 0.8753734827041626 1047
1615406671507 0.9051281213760376 1048
1615406705922 0.8964931964874268 1049
1615406742145 0.9045636653900146 1050
1615406776565 0.8779062032699585 1051
1615406810866 0.8576671481132507 1052
1615406845140 0.9020181894302368 1053
1615406879626 0.8949779272079468 1054
1615406913924 0.896373987197876 1055
1615406948223 0.915357232093811 1056
1615406982645 0.9120270013809204 1057
1615407016835 0.8655409812927246 1058
1615407051127 0.8592761754989624 1059
1615407087003 0.8959372639656067 1060
1615407121215 0.8920357823371887 1061
1615407155411 0.8859601616859436 1062
1615407189766 0.8767651319503784 1063
1615407224033 0.864783763885498 1064
1615407258267 0.8829407691955566 1065
1615407292573 0.9036076068878174 1066
1615407327305 0.8821830749511719 1067
1615407361926 0.8879116773605347 1068
1615407396571 0.9048312902450562 1069
1615407432774 0.8763534426689148 1070
1615407467279 0.8857275247573853 1071
1615407501789 0.8677147626876831 1072
1615407536165 0.8942620754241943 1073
1615407570529 0.8921328783035278 1074
1615407604873 0.9081013202667236 1075
1615407639337 0.8906195163726807 1076
1615407673665 0.8803505897521973 1077
1615407708009 0.9012327790260315 1078
1615407742422 0.9041988253593445 1079
1615407778467 0.8704832792282104 1080
1615407812756 0.8664557933807373 1081
1615407847022 0.8714250326156616 1082
1615407881180 0.863213300704956 1083
1615407915356 0.8851466178894043 1084
1615407949562 0.8775995969772339 1085
1615407983841 0.9025102853775024 1086
1615408018142 0.8970686197280884 1087
1615408052434 0.895738959312439 1088
1615408086706 0.903002142906189 1089
1615408122571 0.8947607278823853 1090
1615408157037 0.904082179069519 1091
1615408191536 0.8940092921257019 1092
1615408225956 0.9007135033607483 1093
1615408260291 0.8712697625160217 1094
1615408294919 0.9024264812469482 1095
1615408329241 0.9102887511253357 1096
1615408363624 0.8785256147384644 1097
1615408398144 0.8803942799568176 1098
1615408432358 0.9170812368392944 1099
1615408468435 0.9124153852462769 1100
1615408502667 0.9079923033714294 1101
1615408538762 0.8822208642959595 1102
1615408573050 0.9170225858688354 1103
1615408607422 0.8980963230133057 1104
1615408641811 0.8775860071182251 1105
1615408676475 0.9022805690765381 1106
1615408710707 0.8858201503753662 1107
1615408745056 0.9096391201019287 1108
1615408779384 0.9095756411552429 1109
1615408815294 0.9223572611808777 1110
1615408849557 0.8908657431602478 1111
1615408883854 0.8879369497299194 1112
1615408918209 0.8933902382850647 1113
1615408952686 0.9144027829170227 1114
1615408987438 0.8949214816093445 1115
1615409022126 0.9141818284988403 1116
1615409056644 0.9028258323669434 1117
1615409091122 0.9077744483947754 1118
1615409125636 0.8735779523849487 1119
1615409161980 0.901898980140686 1120
1615409196261 0.8984606266021729 1121
1615409230580 0.8835344314575195 1122
1615409264924 0.8864487409591675 1123
1615409299164 0.8915339112281799 1124
1615409333559 0.8980097770690918 1125
1615409367951 0.8947707414627075 1126
1615409402270 0.9113690257072449 1127
1615409436791 0.905310332775116 1128
1615409471016 0.899267852306366 1129
1615409506996 0.9114978313446045 1130
1615409541322 0.8806396722793579 1131
1615409575546 0.9237896203994751 1132
1615409609772 0.8994150757789612 1133
1615409643967 0.8939497470855713 1134
1615409678320 0.8927299976348877 1135
1615409712546 0.9216209650039673 1136
1615409746729 0.9109271764755249 1137
1615409780923 0.8905150294303894 1138
1615409815231 0.8803595304489136 1139
1615409851400 0.8960601091384888 1140
1615409886014 0.8836674690246582 1141
1615409920651 0.8907128572463989 1142
1615409955489 0.9055600166320801 1143
1615409990162 0.8897124528884888 1144
1615410024563 0.9128131866455078 1145
1615410059129 0.8989608883857727 1146
1615410093557 0.9331621527671814 1147
1615410127912 0.8945738077163696 1148
1615410162485 0.8909285068511963 1149
1615410198603 0.8921201825141907 1150
1615410232917 0.8920024633407593 1151
1615410267154 0.8877475261688232 1152
1615410301578 0.876213550567627 1153
1615410336032 0.8757733702659607 1154
1615410370405 0.8866462111473083 1155
1615410404743 0.9126991033554077 1156
1615410438938 0.9023023843765259 1157
1615410473222 0.8977034091949463 1158
1615410507441 0.8697900176048279 1159
1615410543215 0.8850609064102173 1160
1615410577523 0.8923839330673218 1161
1615410611926 0.9329437017440796 1162
1615410646246 0.9117390513420105 1163
1615410680787 0.9014114141464233 1164
1615410715293 0.8837991952896118 1165
1615410749632 0.8937285542488098 1166
1615410784054 0.887829065322876 1167
1615410818519 0.8895537853240967 1168
1615410852988 0.9101623892784119 1169
1615410889287 0.9006472826004028 1170
1615410923658 0.8983550071716309 1171
1615410957930 0.8956763744354248 1172
1615410992324 0.8716146945953369 1173
1615411026721 0.8948755264282227 1174
1615411061416 0.8775017261505127 1175
1615411095658 0.9125321507453918 1176
1615411129879 0.9205830097198486 1177
1615411164128 0.8657155632972717 1178
1615411198368 0.8979393243789673 1179
1615411234215 0.884537935256958 1180
1615411268481 0.9316183924674988 1181
1615411302905 0.8848981261253357 1182
1615411337613 0.8856269121170044 1183
1615411372336 0.8925161361694336 1184
1615411406870 0.8934349417686462 1185
1615411441548 0.8873915076255798 1186
1615411475897 0.8921210765838623 1187
1615411510264 0.8869369029998779 1188
1615411544654 0.9203565120697021 1189
1615411580777 0.8869101405143738 1190
1615411615137 0.9049414396286011 1191
1615411649633 0.920824408531189 1192
1615411683921 0.8757244348526001 1193
1615411718268 0.8975642919540405 1194
1615411752433 0.8995680809020996 1195
1615411786682 0.8954683542251587 1196
1615411820973 0.9083395600318909 1197
1615411855142 0.9027879238128662 1198
1615411889363 0.905187726020813 1199
1615411925229 0.8787246346473694 1200
1615411946916 0.91352379322052 0
1615411946928 0.91352379322052 0
