1615370490883 0.17967131733894348 1
1615370525506 0.2310566008090973 2
1615370559810 0.2619112432003021 3
1615370594093 0.281427800655365 4
1615370628361 0.27718329429626465 5
1615370662731 0.28332069516181946 6
1615370697003 0.2837924361228943 7
1615370731538 0.3066467046737671 8
1615370765659 0.30218738317489624 9
1615370801630 0.296195387840271 10
1615370835878 0.3365316390991211 11
1615370870080 0.30110248923301697 12
1615370904249 0.29184576869010925 13
1615370938714 0.3069327473640442 14
1615370973028 0.3057888150215149 15
1615371007304 0.3107995390892029 16
1615371041466 0.3461039662361145 17
1615371075991 0.34412142634391785 18
1615371110321 0.31573787331581116 19
1615371146452 0.3253788352012634 20
1615371180819 0.3326026201248169 21
1615371215170 0.3282839357852936 22
1615371249583 0.370473176240921 23
1615371283839 0.36974161863327026 24
1615371318143 0.34084606170654297 25
1615371352391 0.384204626083374 26
1615371386852 0.3540515899658203 27
1615371421379 0.36327311396598816 28
1615371455696 0.3384908437728882 29
1615371491500 0.33749857544898987 30
1615371525772 0.3833048939704895 31
1615371560091 0.34219545125961304 32
1615371594293 0.3797200918197632 33
1615371628501 0.3210727870464325 34
1615371663080 0.3802579641342163 35
1615371697668 0.3841966390609741 36
1615371732382 0.39329978823661804 37
1615371766948 0.40243327617645264 38
1615371801503 0.37685662508010864 39
1615371837822 0.3850712776184082 40
1615371872449 0.37245193123817444 41
1615371906757 0.3425633907318115 42
1615371941050 0.3604227900505066 43
1615371975293 0.3610544800758362 44
1615372009748 0.3606182932853699 45
1615372044113 0.34493571519851685 46
1615372078531 0.3925865888595581 47
1615372112844 0.4267871081829071 48
1615372147102 0.4066869020462036 49
1615372183054 0.40253758430480957 50
1615372217233 0.3972715735435486 51
1615372251379 0.33242863416671753 52
1615372285591 0.35378730297088623 53
1615372319841 0.3576727509498596 54
1615372354450 0.3371022343635559 55
1615372389550 0.36373576521873474 56
1615372424199 0.3606260418891907 57
1615372458731 0.3716197907924652 58
1615372493320 0.39321017265319824 59
1615372529533 0.399764746427536 60
1615372563777 0.3775809705257416 61
1615372597997 0.3737199604511261 62
1615372632219 0.37745821475982666 63
1615372666514 0.3325200378894806 64
1615372700812 0.3743322491645813 65
1615372734995 0.4204738140106201 66
1615372769250 0.4089261591434479 67
1615372803402 0.4147491157054901 68
1615372837794 0.3806923031806946 69
1615372874026 0.39052343368530273 70
1615372908475 0.38053596019744873 71
1615372943022 0.33824795484542847 72
1615372977696 0.3867231011390686 73
1615373012128 0.3980844020843506 74
1615373046376 0.397916316986084 75
1615373080716 0.41673338413238525 76
1615373114975 0.43881309032440186 77
1615373149292 0.4425719380378723 78
1615373183636 0.3985034227371216 79
1615373220477 0.37626615166664124 80
1615373255250 0.3973044157028198 81
1615373289492 0.4313591718673706 82
1615373323776 0.4030047655105591 83
1615373357981 0.4496680796146393 84
1615373392216 0.4293813109397888 85
1615373426464 0.4337341785430908 86
1615373460642 0.44494450092315674 87
1615373494777 0.46306276321411133 88
1615373529227 0.43020695447921753 89
1615373565654 0.4116806983947754 90
1615373600344 0.4446508586406708 91
1615373635057 0.3902047276496887 92
1615373669576 0.4381936192512512 93
1615373703859 0.4624507427215576 94
1615373738150 0.45292001962661743 95
1615373772457 0.39665687084198 96
1615373806753 0.4080278277397156 97
1615373841473 0.3620460033416748 98
1615373875675 0.4057200253009796 99
1615373911557 0.40532752871513367 100
1615373945770 0.4261280298233032 101
1615373980039 0.40581536293029785 102
1615374014285 0.43770331144332886 103
1615374048468 0.45943570137023926 104
1615374082802 0.3948853015899658 105
1615374117478 0.37425243854522705 106
1615374151786 0.41780588030815125 107
1615374186343 0.4173915982246399 108
1615374220685 0.4371207356452942 109
1615374256724 0.41029706597328186 110
1615374290914 0.4519904851913452 111
1615374325182 0.4373680353164673 112
1615374359566 0.4122519791126251 113
1615374393860 0.4057670533657074 114
1615374428127 0.42365068197250366 115
1615374462713 0.3977399468421936 116
1615374496945 0.41632580757141113 117
1615374531228 0.34610819816589355 118
1615374565504 0.44241756200790405 119
1615374601509 0.4198276996612549 120
1615374635780 0.44668906927108765 121
1615374670004 0.4349345564842224 122
1615374704195 0.3913520872592926 123
1615374738484 0.4008181393146515 124
1615374772767 0.43305647373199463 125
1615374807009 0.4497677683830261 126
1615374841480 0.4492621421813965 127
1615374876308 0.4646936357021332 128
1615374910722 0.44276684522628784 129
1615374947491 0.47135260701179504 130
1615374982156 0.43806004524230957 131
1615375016444 0.4413928687572479 132
1615375050805 0.4514467716217041 133
1615375085304 0.4169585704803467 134
1615375119605 0.5035297274589539 135
1615375153861 0.4987921714782715 136
1615375188154 0.4562605619430542 137
1615375222651 0.4003191590309143 138
1615375256999 0.42963820695877075 139
1615375292969 0.41599124670028687 140
1615375327218 0.4086863398551941 141
1615375361520 0.44744908809661865 142
1615375395713 0.48199766874313354 143
1615375430032 0.44923943281173706 144
1615375464508 0.4930500090122223 145
1615375499860 0.46496596932411194 146
1615375534575 0.41822096705436707 147
1615375569071 0.4341742992401123 148
1615375603388 0.4552523195743561 149
1615375639576 0.4558708071708679 150
1615375674025 0.4694117605686188 151
1615375708357 0.46279799938201904 152
1615375742953 0.486141562461853 153
1615375777215 0.5583845376968384 154
1615375811437 0.4800204336643219 155
1615375845618 0.48905283212661743 156
1615375879818 0.49920159578323364 157
1615375914065 0.47747790813446045 158
1615375948289 0.5204748511314392 159
1615375984113 0.5033199787139893 160
1615376018400 0.40635520219802856 161
1615376052658 0.45174622535705566 162
1615376086984 0.47446101903915405 163
1615376121375 0.504159688949585 164
1615376155788 0.45090028643608093 165
1615376190227 0.4295966625213623 166
1615376224694 0.4848061203956604 167
1615376259240 0.48319900035858154 168
1615376293714 0.5286242961883545 169
1615376329968 0.4771212041378021 170
1615376364290 0.4388843774795532 171
1615376398499 0.5059784650802612 172
1615376432703 0.47244948148727417 173
1615376467209 0.445577472448349 174
1615376501782 0.4675179719924927 175
1615376536139 0.45150476694107056 176
1615376570422 0.40980762243270874 177
1615376604593 0.4596881568431854 178
1615376638891 0.43941110372543335 179
1615376674831 0.5340515375137329 180
1615376709065 0.4801519215106964 181
1615376743346 0.4545176029205322 182
1615376778095 0.4181008040904999 183
1615376812533 0.49455690383911133 184
1615376846939 0.47441941499710083 185
1615376881228 0.4766024351119995 186
1615376915550 0.43734729290008545 187
1615376949773 0.43211549520492554 188
1615376984068 0.4637787938117981 189
1615377020141 0.45155617594718933 190
1615377054310 0.5483159422874451 191
1615377088628 0.4464661478996277 192
1615377122898 0.4126502275466919 193
1615377157197 0.42050617933273315 194
1615377191404 0.4914014935493469 195
1615377225989 0.42344534397125244 196
1615377260246 0.4692091643810272 197
1615377294459 0.49573493003845215 198
1615377328636 0.4778733253479004 199
1615377364304 0.439411461353302 200
1615377398454 0.4348137676715851 201
1615377432718 0.4251638650894165 202
1615377467170 0.45383626222610474 203
1615377501829 0.4769076406955719 204
1615377536534 0.5009168386459351 205
1615377571088 0.5040623545646667 206
1615377605606 0.5253533124923706 207
1615377640096 0.5093820095062256 208
1615377674567 0.5243439674377441 209
1615377710677 0.4234773516654968 210
1615377745006 0.495577871799469 211
1615377779559 0.48326441645622253 212
1615377813835 0.40962928533554077 213
1615377848116 0.44036149978637695 214
1615377882395 0.49660724401474 215
1615377916682 0.44728922843933105 216
1615377950888 0.4853570759296417 217
1615377985129 0.47273093461990356 218
1615378019272 0.4706994891166687 219
1615378054981 0.4593234658241272 220
1615378089207 0.4600897431373596 221
1615378123476 0.45532000064849854 222
1615378157989 0.4983254075050354 223
1615378192493 0.5057086944580078 224
1615378226959 0.4524080753326416 225
1615378261657 0.4735768437385559 226
1615378296407 0.45357489585876465 227
1615378330820 0.4923514127731323 228
1615378365095 0.536801815032959 229
1615378401043 0.5037752389907837 230
1615378435464 0.5420252084732056 231
1615378469837 0.5035295486450195 232
1615378504378 0.4590405821800232 233
1615378538643 0.4886353015899658 234
1615378572878 0.47740280628204346 235
1615378607107 0.48679715394973755 236
1615378641392 0.5052886605262756 237
1615378675733 0.4726656675338745 238
1615378709970 0.5508345365524292 239
1615378745760 0.47948646545410156 240
1615378780055 0.45375630259513855 241
1615378814633 0.4867469072341919 242
1615378849228 0.5056041479110718 243
1615378883693 0.5232131481170654 244
1615378918094 0.49851658940315247 245
1615378952511 0.5017603635787964 246
1615378986853 0.43998003005981445 247
1615379021237 0.479442834854126 248
1615379055717 0.4683057963848114 249
1615379091746 0.4959135353565216 250
1615379126034 0.5390065312385559 251
1615379160409 0.4821038544178009 252
1615379195211 0.4246886968612671 253
1615379229566 0.48534727096557617 254
1615379263779 0.5072623491287231 255
1615379298092 0.4804924726486206 256
1615379332238 0.5684105157852173 257
1615379366556 0.5132864117622375 258
1615379400813 0.4697744846343994 259
1615379436731 0.46346548199653625 260
1615379470999 0.5286515355110168 261
1615379505426 0.529565691947937 262
1615379539887 0.4953416585922241 263
1615379574425 0.4481663703918457 264
1615379609206 0.5017927885055542 265
1615379643659 0.4737666845321655 266
1615379678230 0.5023476481437683 267
1615379712716 0.4706791639328003 268
1615379747011 0.5122185349464417 269
1615379783032 0.5036885142326355 270
1615379817429 0.5364665389060974 271
1615379851782 0.4923800230026245 272
1615379886429 0.48924022912979126 273
1615379920670 0.4876343607902527 274
1615379954923 0.49688535928726196 275
1615379989188 0.4254637658596039 276
1615380023342 0.5583707094192505 277
1615380057568 0.4775274395942688 278
1615380091828 0.5514910221099854 279
1615380127707 0.548675537109375 280
1615380162270 0.5072086453437805 281
1615380196656 0.5231835842132568 282
1615380231195 0.4909426271915436 283
1615380265564 0.506965160369873 284
1615380300068 0.43109700083732605 285
1615380334451 0.5233080387115479 286
1615380368954 0.48757344484329224 287
1615380403202 0.4658644199371338 288
1615380437520 0.5095516443252563 289
1615380473730 0.48182976245880127 290
1615380507946 0.512637734413147 291
1615380542276 0.5035737752914429 292
1615380576577 0.5291696786880493 293
1615380610915 0.49221333861351013 294
1615380645107 0.49486660957336426 295
1615380679377 0.4856629967689514 296
1615380713840 0.523649275302887 297
1615380748227 0.5016223788261414 298
1615380782521 0.5360127687454224 299
1615380818400 0.5243855714797974 300
1615380852721 0.44628047943115234 301
1615380887036 0.49957966804504395 302
1615380921397 0.5628937482833862 303
1615380955772 0.5553967952728271 304
1615380990096 0.478209912776947 305
1615381024448 0.46852606534957886 306
1615381058806 0.5119792222976685 307
1615381093085 0.6312885284423828 308
1615381127465 0.5767147541046143 309
1615381163431 0.43958839774131775 310
1615381197744 0.4735681712627411 311
1615381232120 0.5034393668174744 312
1615381266509 0.4895687401294708 313
1615381300917 0.5667545795440674 314
1615381335147 0.48236650228500366 315
1615381369346 0.5239797830581665 316
1615381403746 0.5226593017578125 317
1615381437983 0.4979100823402405 318
1615381472186 0.5109875798225403 319
1615381508103 0.5216424465179443 320
1615381542369 0.5195978879928589 321
1615381576613 0.5098342299461365 322
1615381610854 0.4496091306209564 323
1615381645214 0.5481440424919128 324
1615381679800 0.48185840249061584 325
1615381714627 0.4970829486846924 326
1615381749214 0.5150285363197327 327
1615381783773 0.5513486862182617 328
1615381818135 0.5541269779205322 329
1615381854472 0.46948614716529846 330
1615381888809 0.4702678620815277 331
1615381923019 0.49857985973358154 332
1615381957664 0.5713187456130981 333
1615381991992 0.505874752998352 334
1615382026197 0.5093633532524109 335
1615382060542 0.4780193567276001 336
1615382094680 0.5419435501098633 337
1615382128906 0.4589291214942932 338
1615382163178 0.5557799339294434 339
1615382199139 0.5476515293121338 340
1615382233572 0.5099537372589111 341
1615382268970 0.5417113900184631 342
1615382303685 0.48500633239746094 343
1615382338153 0.5175915360450745 344
1615382372384 0.48401883244514465 345
1615382406687 0.4553995132446289 346
1615382441130 0.425718754529953 347
1615382475561 0.5042107105255127 348
1615382510038 0.5575693845748901 349
1615382546072 0.5852999091148376 350
1615382580440 0.5481350421905518 351
1615382614703 0.5402774810791016 352
1615382648915 0.5471055507659912 353
1615382683135 0.5756867527961731 354
1615382717469 0.5472118854522705 355
1615382751820 0.5100310444831848 356
1615382786159 0.5493035316467285 357
1615382820595 0.5896314382553101 358
1615382855062 0.44973915815353394 359
1615382891155 0.5173543691635132 360
1615382925662 0.5688334703445435 361
1615382960093 0.5923678278923035 362
1615382994425 0.5396125912666321 363
1615383028810 0.4993862211704254 364
1615383063024 0.5227712988853455 365
1615383097360 0.5119673013687134 366
1615383131725 0.5317498445510864 367
1615383166060 0.5584128499031067 368
1615383200472 0.5025831460952759 369
1615383236696 0.5071451663970947 370
1615383270976 0.5990492105484009 371
1615383305239 0.5790305137634277 372
1615383339448 0.526011049747467 373
1615383373676 0.5419442653656006 374
1615383407883 0.5372660756111145 375
1615383442104 0.4911900758743286 376
1615383476485 0.43883973360061646 377
1615383511476 0.4704166650772095 378
1615383546358 0.4983302056789398 379
1615383582632 0.4772118628025055 380
1615383617068 0.5149384140968323 381
1615383651474 0.5295498371124268 382
1615383685797 0.48706644773483276 383
1615383720110 0.5494110584259033 384
1615383754406 0.5424878001213074 385
1615383788672 0.5491567850112915 386
1615383823089 0.502892017364502 387
1615383857546 0.5207871198654175 388
1615383891910 0.5200753211975098 389
1615383927744 0.5041245222091675 390
1615383961902 0.486900269985199 391
1615383996131 0.5030810832977295 392
1615384030386 0.5494029521942139 393
1615384064768 0.4909461736679077 394
1615384099891 0.6268827319145203 395
1615384134417 0.5117636919021606 396
1615384168738 0.5562523603439331 397
1615384203101 0.5649012923240662 398
1615384237445 0.5158799886703491 399
1615384273468 0.5462009906768799 400
1615384307836 0.5115193128585815 401
1615384343157 0.5381759405136108 402
1615384377394 0.4714958667755127 403
1615384411670 0.5710593461990356 404
1615384445916 0.5390400886535645 405
1615384480100 0.5511521697044373 406
1615384514347 0.46194595098495483 407
1615384548515 0.5588192939758301 408
1615384582776 0.49407488107681274 409
1615384618602 0.5213154554367065 410
1615384652843 0.529495358467102 411
1615384687203 0.568993330001831 412
1615384721658 0.5698984861373901 413
1615384756427 0.5028578042984009 414
1615384791007 0.47216254472732544 415
1615384825523 0.5428166389465332 416
1615384859983 0.5158511400222778 417
1615384894344 0.5544741749763489 418
1615384928726 0.5459761619567871 419
1615384964519 0.5664938688278198 420
1615384998847 0.5457756519317627 421
1615385033292 0.527826189994812 422
1615385067664 0.4955866038799286 423
1615385101878 0.5268650650978088 424
1615385136165 0.5835592746734619 425
1615385170905 0.5134509205818176 426
1615385205107 0.565920352935791 427
1615385239322 0.5229250192642212 428
1615385273506 0.4491817355155945 429
1615385309351 0.5003602504730225 430
1615385343633 0.5550526976585388 431
1615385377825 0.5192225575447083 432
1615385412049 0.4993090033531189 433
1615385446280 0.5466824769973755 434
1615385480622 0.4392467141151428 435
1615385515219 0.5318553447723389 436
1615385549688 0.5222457051277161 437
1615385584357 0.5345996618270874 438
1615385618943 0.4832945466041565 439
1615385656503 0.6089121103286743 440
1615385690843 0.5551446676254272 441
1615385725203 0.48069071769714355 442
1615385759504 0.551720380783081 443
1615385793741 0.5927407741546631 444
1615385828114 0.5239694118499756 445
1615385862519 0.5178620219230652 446
1615385896729 0.4893805980682373 447
1615385931121 0.539564847946167 448
1615385965461 0.5538110136985779 449
1615386001438 0.5945862531661987 450
1615386035698 0.559512197971344 451
1615386069973 0.5223236083984375 452
1615386104340 0.5289232134819031 453
1615386138730 0.5143009424209595 454
1615386173187 0.5955915451049805 455
1615386207620 0.498963862657547 456
1615386242088 0.4858331084251404 457
1615386276646 0.46145111322402954 458
1615386311056 0.5473345518112183 459
1615386347153 0.5669127702713013 460
1615386381528 0.5588830709457397 461
1615386415925 0.561306893825531 462
1615386450312 0.5273350477218628 463
1615386484526 0.5454895496368408 464
1615386518888 0.5459785461425781 465
1615386553242 0.5112781524658203 466
1615386587495 0.49170804023742676 467
1615386621747 0.5200545191764832 468
1615386655990 0.5364909172058105 469
1615386691756 0.4997844696044922 470
1615386725914 0.4933587312698364 471
1615386760128 0.5372240543365479 472
1615386794454 0.5320018529891968 473
1615386828704 0.5146849751472473 474
1615386863051 0.5665626525878906 475
1615386897489 0.5143156051635742 476
1615386931957 0.5270520448684692 477
1615386966696 0.5355435609817505 478
1615387001604 0.624290943145752 479
1615387038162 0.583908200263977 480
1615387072659 0.5368680953979492 481
1615387107118 0.5756570100784302 482
1615387141463 0.5462902784347534 483
1615387175920 0.5412797927856445 484
1615387210767 0.5164597034454346 485
1615387245051 0.5077770948410034 486
1615387279311 0.5188913941383362 487
1615387313563 0.541852593421936 488
1615387347793 0.5819948315620422 489
1615387383686 0.6031640768051147 490
1615387417904 0.5329420566558838 491
1615387452243 0.5157170295715332 492
1615387486471 0.6382948160171509 493
1615387520692 0.48301202058792114 494
1615387555118 0.5246108770370483 495
1615387589449 0.5199304819107056 496
1615387624021 0.5920370221138 497
1615387658518 0.5416887998580933 498
1615387693090 0.5911903381347656 499
1615387729602 0.52608323097229 500
1615387764074 0.4942035973072052 501
1615387798518 0.584558367729187 502
1615387832847 0.5845770239830017 503
1615387867207 0.597374677658081 504
1615387901532 0.5384234189987183 505
1615387936176 0.5663924813270569 506
1615387970523 0.49116671085357666 507
1615388004797 0.518976092338562 508
1615388039043 0.5713900327682495 509
1615388074941 0.5415641069412231 510
1615388109210 0.6371219158172607 511
1615388143584 0.5490074157714844 512
1615388178027 0.5842304229736328 513
1615388212571 0.5935704708099365 514
1615388247048 0.5323749780654907 515
1615388281653 0.5943518280982971 516
1615388316171 0.6040128469467163 517
1615388350441 0.5245165228843689 518
1615388384719 0.5099577307701111 519
1615388420871 0.5041677951812744 520
1615388455396 0.49179595708847046 521
1615388489666 0.5394792556762695 522
1615388523912 0.5703697800636292 523
1615388558139 0.5740830898284912 524
1615388592360 0.5291759967803955 525
1615388626659 0.6228345632553101 526
1615388660778 0.5440324544906616 527
1615388695120 0.5438779592514038 528
1615388729783 0.630441427230835 529
1615388765937 0.5450702905654907 530
1615388800492 0.5048139691352844 531
1615388835224 0.5266895294189453 532
1615388869748 0.5569075345993042 533
1615388904094 0.5612561702728271 534
1615388938451 0.5302138328552246 535
1615388972917 0.6352839469909668 536
1615389007254 0.54042649269104 537
1615389041690 0.5633652210235596 538
1615389075933 0.5560424327850342 539
1615389112382 0.6386671662330627 540
1615389146604 0.5173435211181641 541
1615389180833 0.5201238393783569 542
1615389215024 0.5510167479515076 543
1615389249271 0.5858153104782104 544
1615389283462 0.5514906644821167 545
1615389317736 0.5748058557510376 546
1615389352273 0.6194531321525574 547
1615389386829 0.5191080570220947 548
1615389421473 0.5257719159126282 549
1615389457720 0.5708889365196228 550
1615389492296 0.5699574947357178 551
1615389526821 0.5710055828094482 552
1615389561304 0.615512490272522 553
1615389595558 0.48354464769363403 554
1615389629975 0.5456784963607788 555
1615389664534 0.5924128293991089 556
1615389698861 0.5468525886535645 557
1615389733188 0.5264227390289307 558
1615389767604 0.5029321312904358 559
1615389803817 0.6129459142684937 560
1615389838031 0.5433543920516968 561
1615389872747 0.5250149965286255 562
1615389906987 0.5433635115623474 563
1615389941214 0.657368540763855 564
1615389975422 0.5078017711639404 565
1615390009630 0.5835628509521484 566
1615390043869 0.5535674095153809 567
1615390078164 0.6047979593276978 568
1615390112516 0.5743246078491211 569
1615390148588 0.5640820264816284 570
1615390183170 0.5125911831855774 571
1615390217587 0.5513537526130676 572
1615390252283 0.5419834852218628 573
1615390286810 0.5886108875274658 574
1615390321464 0.5381931662559509 575
1615390355826 0.549117922782898 576
1615390390126 0.6237429976463318 577
1615390424359 0.6153742074966431 578
1615390458696 0.5685459971427917 579
1615390495045 0.579626202583313 580
1615390529283 0.6323639154434204 581
1615390563548 0.513629674911499 582
1615390598016 0.5508127212524414 583
1615390632394 0.5720357894897461 584
1615390666627 0.5327317714691162 585
1615390700850 0.5711190700531006 586
1615390735077 0.634452223777771 587
1615390769354 0.5718597173690796 588
1615390803678 0.5604857802391052 589
1615390839510 0.590441107749939 590
1615390873763 0.595162034034729 591
1615390907978 0.5704717040061951 592
1615390942232 0.5305840969085693 593
1615390976474 0.5574589967727661 594
1615391010842 0.581379771232605 595
1615391045106 0.576533317565918 596
1615391079463 0.6127630472183228 597
1615391113855 0.5495080351829529 598
1615391148734 0.5582014918327332 599
1615391184749 0.522942304611206 600
1615391219175 0.6332074403762817 601
1615391253496 0.5618044137954712 602
1615391287808 0.4998593330383301 603
1615391322039 0.552756667137146 604
1615391356372 0.5533236265182495 605
1615391390872 0.5783469676971436 606
1615391425085 0.5612059831619263 607
1615391459288 0.5926223993301392 608
1615391493886 0.5675261616706848 609
1615391529744 0.5705710649490356 610
1615391563948 0.5047092437744141 611
1615391598234 0.5682488679885864 612
1615391632517 0.5676940679550171 613
1615391666776 0.5865032076835632 614
1615391701043 0.5531729459762573 615
1615391735462 0.5636508464813232 616
1615391769913 0.52962327003479 617
1615391804631 0.6109570860862732 618
1615391839145 0.546412467956543 619
1615391875341 0.5287920236587524 620
1615391909783 0.6000991463661194 621
1615391944359 0.5045234560966492 622
1615391978698 0.5452272891998291 623
1615392013037 0.5607343912124634 624
1615392047426 0.6261043548583984 625
1615392081808 0.6275409460067749 626
1615392116095 0.6044955849647522 627
1615392150363 0.5641063451766968 628
1615392184878 0.5295602083206177 629
1615392220771 0.5501667261123657 630
1615392254984 0.6385341882705688 631
1615392292009 0.5317995548248291 632
1615392326459 0.6304309368133545 633
1615392360953 0.5677193403244019 634
1615392395449 0.5055209398269653 635
1615392429992 0.5287262201309204 636
1615392464598 0.6097346544265747 637
1615392499099 0.5796865224838257 638
1615392533565 0.5738042593002319 639
1615392570114 0.571743369102478 640
1615392604328 0.5695573091506958 641
1615392638695 0.549152135848999 642
1615392673269 0.5626900792121887 643
1615392707577 0.5833797454833984 644
1615392741777 0.5864603519439697 645
1615392775983 0.5890130996704102 646
1615392810236 0.5842933654785156 647
1615392844488 0.5395787954330444 648
1615392878729 0.595497727394104 649
1615392914711 0.6399272680282593 650
1615392949344 0.5512537956237793 651
1615392983767 0.5883036255836487 652
1615393018774 0.5760530233383179 653
1615393053637 0.6144089698791504 654
1615393088082 0.5707709789276123 655
1615393122439 0.5846191644668579 656
1615393156777 0.5890020728111267 657
1615393191212 0.5095187425613403 658
1615393225496 0.5380146503448486 659
1615393261751 0.5519765615463257 660
1615393296002 0.6173356771469116 661
1615393330235 0.5448057651519775 662
1615393364411 0.5500665307044983 663
1615393398657 0.6021143198013306 664
1615393432887 0.6029471158981323 665
1615393467163 0.5708909034729004 666
1615393501530 0.5926604866981506 667
1615393535877 0.5477942228317261 668
1615393570073 0.5505653023719788 669
1615393606203 0.5824775695800781 670
1615393640873 0.5575193166732788 671
1615393675452 0.4882994294166565 672
1615393709978 0.4977860450744629 673
1615393744324 0.54709792137146 674
1615393778669 0.5071070194244385 675
1615393812841 0.5566956996917725 676
1615393847267 0.5525671243667603 677
1615393881731 0.5638195276260376 678
1615393916104 0.5670915246009827 679
1615393952317 0.5955237150192261 680
1615393986486 0.5657715201377869 681
1615394020758 0.6039251089096069 682
1615394055115 0.6135660409927368 683
1615394089287 0.5463083982467651 684
1615394123444 0.579688310623169 685
1615394157649 0.5930635929107666 686
1615394191882 0.6573033332824707 687
1615394226234 0.5419946312904358 688
1615394260742 0.48637089133262634 689
1615394296972 0.5830937027931213 690
1615394331336 0.6019047498703003 691
1615394365834 0.6678793430328369 692
1615394400173 0.6098480820655823 693
1615394434564 0.5727485418319702 694
1615394468841 0.5627608299255371 695
1615394503079 0.5875815153121948 696
1615394537471 0.6289461255073547 697
1615394571845 0.5999943017959595 698
1615394606139 0.6312563419342041 699
1615394642423 0.6048760414123535 700
1615394676658 0.5475503206253052 701
1615394710992 0.5833243131637573 702
1615394745312 0.6227640509605408 703
1615394779683 0.576248288154602 704
1615394814512 0.5485793352127075 705
1615394849489 0.55179363489151 706
1615394884018 0.591201663017273 707
1615394918502 0.6092692613601685 708
1615394952869 0.5666569471359253 709
1615394988786 0.5969289541244507 710
1615395023231 0.5902233123779297 711
1615395057482 0.5672682523727417 712
1615395091746 0.5921730399131775 713
1615395126294 0.6191291213035583 714
1615395160663 0.6017370223999023 715
1615395194924 0.5281343460083008 716
1615395229145 0.6432887315750122 717
1615395263465 0.6368645429611206 718
1615395297717 0.5740886330604553 719
1615395333586 0.6023386716842651 720
1615395368119 0.5374544858932495 721
1615395403408 0.5171351432800293 722
1615395437867 0.5458940267562866 723
1615395472393 0.5927078127861023 724
1615395506690 0.5362969040870667 725
1615395541625 0.6522712707519531 726
1615395575858 0.6894469261169434 727
1615395610178 0.5605087280273438 728
1615395644429 0.6534136533737183 729
1615395680348 0.6560437679290771 730
1615395714592 0.6158325672149658 731
1615395748918 0.6018673181533813 732
1615395783228 0.6227575540542603 733
1615395817808 0.5450191497802734 734
1615395852266 0.6038656234741211 735
1615395886682 0.5973940491676331 736
1615395920964 0.6315828561782837 737
1615395955479 0.5938041806221008 738
1615395989902 0.5806227326393127 739
1615396025933 0.5354135036468506 740
1615396060177 0.5454142093658447 741
1615396094471 0.5935322046279907 742
1615396128872 0.6224840879440308 743
1615396163338 0.6755132079124451 744
1615396198152 0.5412702560424805 745
1615396232494 0.5967194437980652 746
1615396266754 0.5632988214492798 747
1615396300965 0.5635490417480469 748
1615396335210 0.5667792558670044 749
1615396371133 0.6532691717147827 750
1615396406042 0.5418654084205627 751
1615396440730 0.5994505882263184 752
1615396475184 0.542132556438446 753
1615396509641 0.5763155221939087 754
1615396544307 0.5926370620727539 755
1615396578728 0.6188284158706665 756
1615396612984 0.5814203023910522 757
1615396647394 0.5477332472801208 758
1615396681659 0.675870418548584 759
1615396717627 0.5595885515213013 760
1615396751972 0.56361985206604 761
1615396786298 0.5502817630767822 762
1615396820695 0.591289758682251 763
1615396854973 0.6057978868484497 764
1615396889290 0.5696433782577515 765
1615396923527 0.5966798663139343 766
1615396957850 0.6049331426620483 767
1615396992094 0.5556095838546753 768
1615397026273 0.6182451844215393 769
1615397062186 0.5882183313369751 770
1615397096489 0.532660722732544 771
1615397130997 0.5656041502952576 772
1615397165485 0.6168696284294128 773
1615397199959 0.5927767753601074 774
1615397234353 0.5362327098846436 775
1615397268742 0.597477376461029 776
1615397303228 0.5986204147338867 777
1615397337524 0.551101803779602 778
1615397371826 0.5610833168029785 779
1615397407717 0.598545253276825 780
1615397441999 0.47005990147590637 781
1615397476417 0.6336278319358826 782
1615397510762 0.659019947052002 783
1615397544933 0.611238956451416 784
1615397579450 0.6163396239280701 785
1615397613717 0.5414347648620605 786
1615397648064 0.557801365852356 787
1615397682405 0.6304736733436584 788
1615397718863 0.5650334358215332 789
1615397755081 0.5660510063171387 790
1615397789269 0.5581343173980713 791
1615397823486 0.6167256832122803 792
1615397857959 0.5480434894561768 793
1615397892892 0.6383363008499146 794
1615397927516 0.5685150623321533 795
1615397962074 0.5725533962249756 796
1615397996740 0.6046271324157715 797
1615398031040 0.560602068901062 798
1615398065438 0.6261293888092041 799
1615398101440 0.5496703386306763 800
1615398135800 0.5097154974937439 801
1615398170583 0.5841377973556519 802
1615398204860 0.6086541414260864 803
1615398239056 0.5690855979919434 804
1615398273369 0.5690033435821533 805
1615398307553 0.5969555377960205 806
1615398341855 0.5706324577331543 807
1615398376099 0.5544478893280029 808
1615398410353 0.5403634905815125 809
1615398446150 0.5735946893692017 810
1615398480477 0.5495253205299377 811
1615398514862 0.5518766045570374 812
1615398549187 0.6399522423744202 813
1615398584455 0.6467778086662292 814
1615398619204 0.5855976343154907 815
1615398653990 0.5236152410507202 816
1615398688459 0.6709762811660767 817
1615398722787 0.5305464863777161 818
1615398756994 0.5742484927177429 819
1615398793280 0.4891468286514282 820
1615398827730 0.6152341365814209 821
1615398862394 0.5748728513717651 822
1615398896647 0.5754916667938232 823
1615398930869 0.6210782527923584 824
1615398965224 0.5401228666305542 825
1615398999451 0.5332663655281067 826
1615399033910 0.5766081809997559 827
1615399068748 0.6217900514602661 828
1615399103308 0.6061198711395264 829
1615399139634 0.5906162261962891 830
1615399174194 0.5935220718383789 831
1615399208686 0.5973823070526123 832
1615399242892 0.6194933652877808 833
1615399277158 0.5750938057899475 834
1615399311406 0.5560752749443054 835
1615399345623 0.6286531686782837 836
1615399379952 0.48353374004364014 837
1615399414329 0.607999324798584 838
1615399448875 0.6084409952163696 839
1615399484773 0.5941765904426575 840
1615399519097 0.5658721327781677 841
1615399553387 0.6113137006759644 842
1615399587672 0.6350947022438049 843
1615399621911 0.6172323226928711 844
1615399656101 0.5963889360427856 845
1615399690385 0.6037797331809998 846
1615399724736 0.602666974067688 847
1615399759221 0.5385304689407349 848
1615399794234 0.5249887108802795 849
1615399831010 0.5437021255493164 850
1615399865683 0.6512787342071533 851
1615399900133 0.6977598667144775 852
1615399934504 0.5449306964874268 853
1615399968778 0.5713993310928345 854
1615400003006 0.5825485587120056 855
1615400037390 0.5895262956619263 856
1615400071752 0.5541951656341553 857
1615400106317 0.6043596267700195 858
1615400140603 0.614465594291687 859
1615400176502 0.6109990477561951 860
1615400210680 0.5185943245887756 861
1615400244897 0.5886678695678711 862
1615400279105 0.5845863819122314 863
1615400313317 0.5107998251914978 864
1615400347531 0.5630678534507751 865
1615400381743 0.5547134876251221 866
1615400416014 0.6379246711730957 867
1615400450236 0.5440510511398315 868
1615400484548 0.5507545471191406 869
1615400520509 0.6293946504592896 870
1615400554861 0.5463402271270752 871
1615400589488 0.6348968744277954 872
1615400624002 0.5572468638420105 873
1615400658537 0.6319195032119751 874
1615400692941 0.5966043472290039 875
1615400727344 0.6357883214950562 876
1615400761733 0.568938672542572 877
1615400796091 0.5052585601806641 878
1615400830510 0.6352176666259766 879
1615400866904 0.6207940578460693 880
1615400901228 0.571847140789032 881
1615400935428 0.5849331021308899 882
1615400969759 0.5179484486579895 883
1615401004672 0.6478784084320068 884
1615401039299 0.5956966876983643 885
1615401074020 0.5030413269996643 886
1615401108587 0.6414569020271301 887
1615401142918 0.5721448659896851 888
1615401177532 0.5028282403945923 889
1615401213897 0.5826733708381653 890
1615401248231 0.6668581962585449 891
1615401282530 0.5955162048339844 892
1615401316964 0.6066352725028992 893
1615401351378 0.6090574264526367 894
1615401385977 0.670945405960083 895
1615401420364 0.5246599912643433 896
1615401454538 0.5699648261070251 897
1615401488734 0.5907571315765381 898
1615401523034 0.5101516246795654 899
1615401559163 0.6717469692230225 900
1615401593873 0.567352294921875 901
1615401628589 0.6161760687828064 902
1615401663073 0.6012746691703796 903
1615401697589 0.5768899917602539 904
1615401731999 0.5871419906616211 905
1615401766346 0.545502781867981 906
1615401800662 0.5554567575454712 907
1615401835092 0.5498034954071045 908
1615401869499 0.5871901512145996 909
1615401905506 0.6145923733711243 910
1615401939990 0.6320160627365112 911
1615401974245 0.5216293334960938 912
1615402008570 0.5950307846069336 913
1615402042878 0.6431846618652344 914
1615402077265 0.5302956104278564 915
1615402111525 0.604435920715332 916
1615402145815 0.49101412296295166 917
1615402180167 0.5822932124137878 918
1615402214592 0.5796284675598145 919
1615402251053 0.6040588617324829 920
1615402285410 0.581926703453064 921
1615402319916 0.5814176797866821 922
1615402354224 0.60212242603302 923
1615402388622 0.6263877153396606 924
1615402422985 0.5514548420906067 925
1615402457476 0.6280639171600342 926
1615402491709 0.6091679930686951 927
1615402526234 0.5739147067070007 928
1615402560524 0.6113158464431763 929
1615402596405 0.5137768387794495 930
1615402630653 0.5951603651046753 931
1615402664894 0.5912868976593018 932
1615402699151 0.599268913269043 933
1615402733433 0.5344036817550659 934
1615402767642 0.5540629029273987 935
1615402801926 0.5405443906784058 936
1615402836363 0.5418415665626526 937
1615402870773 0.5705342292785645 938
1615402905403 0.5856783986091614 939
1615402941949 0.6026401519775391 940
1615402976602 0.5410305261611938 941
1615403011185 0.5691615343093872 942
1615403045592 0.5226386189460754 943
1615403079965 0.6634021401405334 944
1615403114353 0.6108481884002686 945
1615403148775 0.6748979091644287 946
1615403183051 0.46616291999816895 947
1615403217314 0.6311388611793518 948
1615403251716 0.6701306700706482 949
1615403287909 0.5653953552246094 950
1615403322138 0.56815105676651 951
1615403356366 0.6804516315460205 952
1615403390649 0.5943371057510376 953
1615403424927 0.5942546129226685 954
1615403459199 0.5491795539855957 955
1615403493524 0.5833110213279724 956
1615403527729 0.5863892436027527 957
1615403561922 0.6136379837989807 958
1615403596267 0.6163992881774902 959
1615403632298 0.5450557470321655 960
1615403666802 0.5847483277320862 961
1615403701403 0.5866148471832275 962
1615403735931 0.5696329474449158 963
1615403770425 0.5773804783821106 964
1615403804846 0.6535934209823608 965
1615403839187 0.545282781124115 966
1615403873542 0.6150962710380554 967
1615403908103 0.6908069849014282 968
1615403942721 0.5997856259346008 969
1615403978757 0.5865355134010315 970
1615404012997 0.6415743827819824 971
1615404047296 0.5717597007751465 972
1615404081572 0.5715465545654297 973
1615404115762 0.5888251066207886 974
1615404149980 0.5090243220329285 975
1615404184314 0.6116523742675781 976
1615404218575 0.6230288147926331 977
1615404252950 0.4967266321182251 978
1615404287668 0.600334644317627 979
1615404323915 0.47291672229766846 980
1615404358255 0.5748534202575684 981
1615404392609 0.570575475692749 982
1615404427207 0.5750076770782471 983
1615404461495 0.6848689913749695 984
1615404495782 0.6098951101303101 985
1615404529973 0.6440531015396118 986
1615404564197 0.5896714329719543 987
1615404598498 0.619111955165863 988
1615404632933 0.589824914932251 989
1615404669058 0.5613652467727661 990
1615404703393 0.5727416276931763 991
1615404737958 0.6657558679580688 992
1615404772152 0.5259830951690674 993
1615404806564 0.6493567228317261 994
1615404840833 0.6303046345710754 995
1615404875068 0.6404463052749634 996
1615404909215 0.6900604963302612 997
1615404943400 0.5912232398986816 998
1615404977786 0.5210815668106079 999
1615405013616 0.6683667898178101 1000
1615405047880 0.6448596119880676 1001
1615405082206 0.6475074291229248 1002
1615405116536 0.626163125038147 1003
1615405151207 0.6188586950302124 1004
1615405185627 0.5678907632827759 1005
1615405220360 0.5749651193618774 1006
1615405254857 0.565420925617218 1007
1615405289317 0.5941208600997925 1008
1615405323763 0.5270854234695435 1009
1615405359756 0.5249460935592651 1010
1615405394162 0.6401515007019043 1011
1615405428659 0.568396270275116 1012
1615405462947 0.5620580911636353 1013
1615405497220 0.617861270904541 1014
1615405531495 0.5778464078903198 1015
1615405566009 0.6110663414001465 1016
1615405600276 0.5606264472007751 1017
1615405634495 0.6432600021362305 1018
1615405668793 0.629509449005127 1019
1615405704606 0.6115078926086426 1020
1615405738937 0.5762029886245728 1021
1615405773201 0.5380104184150696 1022
1615405807780 0.6464518904685974 1023
1615405841979 0.5507330894470215 1024
1615405876218 0.48053085803985596 1025
1615405910470 0.6517311334609985 1026
1615405945081 0.5643541812896729 1027
1615405979794 0.5947228670120239 1028
1615406014892 0.6176972389221191 1029
1615406050969 0.5891569256782532 1030
1615406085419 0.538385272026062 1031
1615406119666 0.5635482668876648 1032
1615406153977 0.6214048862457275 1033
1615406188370 0.6093125343322754 1034
1615406222656 0.6134962439537048 1035
1615406257223 0.6123008728027344 1036
1615406291493 0.611261785030365 1037
1615406325712 0.5582222938537598 1038
1615406360017 0.5919851064682007 1039
1615406395896 0.5512191653251648 1040
1615406430203 0.6793090105056763 1041
1615406464453 0.5701497793197632 1042
1615406498906 0.5493611097335815 1043
1615406533519 0.5851168036460876 1044
1615406568070 0.6616952419281006 1045
1615406602575 0.5830157995223999 1046
1615406637117 0.5456651449203491 1047
1615406671507 0.6134160757064819 1048
1615406705922 0.5921525955200195 1049
1615406742145 0.6054573655128479 1050
1615406776565 0.5476891994476318 1051
1615406810866 0.5019665956497192 1052
1615406845140 0.5933090448379517 1053
1615406879626 0.6003909111022949 1054
1615406913924 0.5832228660583496 1055
1615406948223 0.6410681009292603 1056
1615406982645 0.635402262210846 1057
1615407016835 0.4975011944770813 1058
1615407051127 0.50148606300354 1059
1615407087003 0.6045025587081909 1060
1615407121215 0.5931662321090698 1061
1615407155411 0.5551988482475281 1062
1615407189766 0.5434461832046509 1063
1615407224033 0.5003466606140137 1064
1615407258267 0.5655626058578491 1065
1615407292573 0.6071795225143433 1066
1615407327305 0.5687748193740845 1067
1615407361926 0.5563876628875732 1068
1615407396571 0.5988370180130005 1069
1615407432774 0.5270904302597046 1070
1615407467279 0.5587307214736938 1071
1615407501789 0.506206750869751 1072
1615407536165 0.57243812084198 1073
1615407570529 0.5874243974685669 1074
1615407604873 0.6140336990356445 1075
1615407639337 0.5658084154129028 1076
1615407673665 0.5525550842285156 1077
1615407708009 0.6006896495819092 1078
1615407742422 0.6254127025604248 1079
1615407778467 0.526164174079895 1080
1615407812756 0.5061195492744446 1081
1615407847022 0.5323551893234253 1082
1615407881180 0.5072253942489624 1083
1615407915356 0.5584529638290405 1084
1615407949562 0.5423194169998169 1085
1615407983841 0.6065661907196045 1086
1615408018142 0.5986989736557007 1087
1615408052434 0.5932169556617737 1088
1615408086706 0.5963447093963623 1089
1615408122571 0.5996364951133728 1090
1615408157037 0.6115546822547913 1091
1615408191536 0.5836478471755981 1092
1615408225956 0.6036942005157471 1093
1615408260291 0.5233076810836792 1094
1615408294919 0.6235141158103943 1095
1615408329241 0.6122195720672607 1096
1615408363624 0.5515411496162415 1097
1615408398144 0.5605713725090027 1098
1615408432358 0.6567683815956116 1099
1615408468435 0.6432216167449951 1100
1615408502667 0.6143578290939331 1101
1615408538762 0.5561040043830872 1102
1615408573050 0.6445664167404175 1103
1615408607422 0.5883557796478271 1104
1615408641811 0.5382860898971558 1105
1615408676475 0.6223870515823364 1106
1615408710707 0.5542325973510742 1107
1615408745056 0.6160269975662231 1108
1615408779384 0.6391881704330444 1109
1615408815294 0.6597273349761963 1110
1615408849557 0.5756304264068604 1111
1615408883854 0.5546125769615173 1112
1615408918209 0.5801215171813965 1113
1615408952686 0.6403857469558716 1114
1615408987438 0.5958748459815979 1115
1615409022126 0.627109169960022 1116
1615409056644 0.599714994430542 1117
1615409091122 0.6127098798751831 1118
1615409125636 0.5430521965026855 1119
1615409161980 0.6017752885818481 1120
1615409196261 0.6060541272163391 1121
1615409230580 0.5616608262062073 1122
1615409264924 0.5649404525756836 1123
1615409299164 0.5804445743560791 1124
1615409333559 0.6092837452888489 1125
1615409367951 0.5875140428543091 1126
1615409402270 0.6288742423057556 1127
1615409436791 0.6451253294944763 1128
1615409471016 0.5908905267715454 1129
1615409506996 0.6363905072212219 1130
1615409541322 0.5548752546310425 1131
1615409575546 0.6677922010421753 1132
1615409609772 0.6123411059379578 1133
1615409643967 0.5876765847206116 1134
1615409678320 0.6022480726242065 1135
1615409712546 0.6546828746795654 1136
1615409746729 0.6363736391067505 1137
1615409780923 0.5631285905838013 1138
1615409815231 0.5596828460693359 1139
1615409851400 0.5853254795074463 1140
1615409886014 0.5593774318695068 1141
1615409920651 0.6025211811065674 1142
1615409955489 0.6081887483596802 1143
1615409990162 0.5887943506240845 1144
1615410024563 0.640640139579773 1145
1615410059129 0.6054989695549011 1146
1615410093557 0.6927855014801025 1147
1615410127912 0.5972501039505005 1148
1615410162485 0.5841206312179565 1149
1615410198603 0.6088694334030151 1150
1615410232917 0.5882467031478882 1151
1615410267154 0.5464513897895813 1152
1615410301578 0.548638105392456 1153
1615410336032 0.5674288272857666 1154
1615410370405 0.5747610330581665 1155
1615410404743 0.658136248588562 1156
1615410438938 0.6029561758041382 1157
1615410473222 0.6195024251937866 1158
1615410507441 0.5298337936401367 1159
1615410543215 0.5706639289855957 1160
1615410577523 0.5956175327301025 1161
1615410611926 0.6960513591766357 1162
1615410646246 0.6201196312904358 1163
1615410680787 0.61683189868927 1164
1615410715293 0.5821713209152222 1165
1615410749632 0.5832889080047607 1166
1615410784054 0.6052940487861633 1167
1615410818519 0.577223539352417 1168
1615410852988 0.6331687569618225 1169
1615410889287 0.6118547916412354 1170
1615410923658 0.578025221824646 1171
1615410957930 0.594101071357727 1172
1615410992324 0.5236034393310547 1173
1615411026721 0.6017635464668274 1174
1615411061416 0.577755331993103 1175
1615411095658 0.6126485466957092 1176
1615411129879 0.64771968126297 1177
1615411164128 0.527466356754303 1178
1615411198368 0.5968523621559143 1179
1615411234215 0.5847398042678833 1180
1615411268481 0.6849480271339417 1181
1615411302905 0.5637891292572021 1182
1615411337613 0.5590651035308838 1183
1615411372336 0.5873632431030273 1184
1615411406870 0.5832229852676392 1185
1615411441548 0.5679572820663452 1186
1615411475897 0.578169584274292 1187
1615411510264 0.5854858160018921 1188
1615411544654 0.6555517315864563 1189
1615411580777 0.57783043384552 1190
1615411615137 0.6043635606765747 1191
1615411649633 0.6725443005561829 1192
1615411683921 0.5569791197776794 1193
1615411718268 0.5988266468048096 1194
1615411752433 0.6051148176193237 1195
1615411786682 0.5811853408813477 1196
1615411820973 0.6293788552284241 1197
1615411855142 0.6071995496749878 1198
1615411889363 0.6049182415008545 1199
1615411925229 0.5678293704986572 1200
1615411946918 0.6475403904914856 0
1615411946930 0.6475403904914856 0
