1615370490883 0.04158277064561844 1
1615370525506 0.03516824170947075 2
1615370559810 0.032562483102083206 3
1615370594093 0.03095666691660881 4
1615370628361 0.029554877430200577 5
1615370662731 0.029446542263031006 6
1615370697003 0.028714759275317192 7
1615370731538 0.02641705423593521 8
1615370765659 0.026990443468093872 9
1615370801630 0.026593659073114395 10
1615370835878 0.025426402688026428 11
1615370870080 0.025405695661902428 12
1615370904249 0.025842741131782532 13
1615370938714 0.024725861847400665 14
1615370973028 0.02408348210155964 15
1615371007304 0.023639094084501266 16
1615371041466 0.022265031933784485 17
1615371075991 0.02372179925441742 18
1615371110321 0.023803362622857094 19
1615371146452 0.02355874702334404 20
1615371180819 0.02253948524594307 21
1615371215170 0.02475670725107193 22
1615371249583 0.0222478024661541 23
1615371283839 0.020722826942801476 24
1615371318143 0.022471778094768524 25
1615371352391 0.02174307219684124 26
1615371386852 0.0216296948492527 27
1615371421379 0.022211045026779175 28
1615371455696 0.021862786263227463 29
1615371491500 0.02274191379547119 30
1615371525772 0.019715622067451477 31
1615371560091 0.02227122150361538 32
1615371594293 0.020746581256389618 33
1615371628501 0.024706324562430382 34
1615371663080 0.020288769155740738 35
1615371697668 0.02119418978691101 36
1615371732382 0.020172201097011566 37
1615371766948 0.018995601683855057 38
1615371801503 0.020657561719417572 39
1615371837822 0.02047071047127247 40
1615371872449 0.02048414573073387 41
1615371906757 0.02223672717809677 42
1615371941050 0.021637432277202606 43
1615371975293 0.02335602417588234 44
1615372009748 0.021194789558649063 45
1615372044113 0.020806320011615753 46
1615372078531 0.01904531568288803 47
1615372112844 0.01923965848982334 48
1615372147102 0.01959635317325592 49
1615372183054 0.019267285242676735 50
1615372217233 0.019542381167411804 51
1615372251379 0.02233497053384781 52
1615372285591 0.020154505968093872 53
1615372319841 0.0205338466912508 54
1615372354450 0.02387191727757454 55
1615372389550 0.02027646265923977 56
1615372424199 0.019972629845142365 57
1615372458731 0.01935044303536415 58
1615372493320 0.01980476826429367 59
1615372529533 0.01860581338405609 60
1615372563777 0.01992126926779747 61
1615372597997 0.0196162611246109 62
1615372632219 0.02000225894153118 63
1615372666514 0.02054893970489502 64
1615372700812 0.018693476915359497 65
1615372734995 0.01843922585248947 66
1615372769250 0.018601398915052414 67
1615372803402 0.01860469952225685 68
1615372837794 0.0192131195217371 69
1615372874026 0.019599605351686478 70
1615372908475 0.019720660522580147 71
1615372943022 0.02071187272667885 72
1615372977696 0.01885002851486206 73
1615373012128 0.01877540349960327 74
1615373046376 0.018971718847751617 75
1615373080716 0.017927678301930428 76
1615373114975 0.01798206940293312 77
1615373149292 0.01749977096915245 78
1615373183636 0.01857719197869301 79
1615373220477 0.019432105123996735 80
1615373255250 0.018224086612462997 81
1615373289492 0.01784110814332962 82
1615373323776 0.018757011741399765 83
1615373357981 0.016488853842020035 84
1615373392216 0.017536239698529243 85
1615373426464 0.016825618222355843 86
1615373460642 0.016944866627454758 87
1615373494777 0.016572296619415283 88
1615373529227 0.0175212100148201 89
1615373565654 0.019261661916971207 90
1615373600344 0.018792791292071342 91
1615373635057 0.019264349713921547 92
1615373669576 0.017277248203754425 93
1615373703859 0.01644139178097248 94
1615373738150 0.01741887256503105 95
1615373772457 0.020824875682592392 96
1615373806753 0.018538083881139755 97
1615373841473 0.022044308483600616 98
1615373875675 0.019050084054470062 99
1615373911557 0.020078020170331 100
1615373945770 0.01857021450996399 101
1615373980039 0.018812604248523712 102
1615374014285 0.017702806740999222 103
1615374048468 0.01739652454853058 104
1615374082802 0.019002841785550117 105
1615374117478 0.01829003170132637 106
1615374151786 0.018086960539221764 107
1615374186343 0.01755218207836151 108
1615374220685 0.01709245704114437 109
1615374256724 0.018391110002994537 110
1615374290914 0.016522129997611046 111
1615374325182 0.017258573323488235 112
1615374359566 0.01871728152036667 113
1615374393860 0.018023833632469177 114
1615374428127 0.01699940115213394 115
1615374462713 0.019209563732147217 116
1615374496945 0.01848175749182701 117
1615374531228 0.020485874265432358 118
1615374565504 0.0170123353600502 119
1615374601509 0.017876392230391502 120
1615374635780 0.016844723373651505 121
1615374670004 0.016486722975969315 122
1615374704195 0.01942005753517151 123
1615374738484 0.01897476427257061 124
1615374772767 0.016703501343727112 125
1615374807009 0.017073551192879677 126
1615374841480 0.017037369310855865 127
1615374876308 0.016518278047442436 128
1615374910722 0.01753176376223564 129
1615374947491 0.01612049899995327 130
1615374982156 0.018154848366975784 131
1615375016444 0.017256079241633415 132
1615375050805 0.01723289117217064 133
1615375085304 0.017314225435256958 134
1615375119605 0.015734780579805374 135
1615375153861 0.014835493639111519 136
1615375188154 0.017009075731039047 137
1615375222651 0.01823212206363678 138
1615375256999 0.016606774181127548 139
1615375292969 0.01810254156589508 140
1615375327218 0.017995715141296387 141
1615375361520 0.017585810273885727 142
1615375395713 0.01593777723610401 143
1615375430032 0.015886833891272545 144
1615375464508 0.015570756047964096 145
1615375499860 0.016274344176054 146
1615375534575 0.018096262589097023 147
1615375569071 0.01635255664587021 148
1615375603388 0.016122929751873016 149
1615375639576 0.016884934157133102 150
1615375674025 0.015903698280453682 151
1615375708357 0.01606442965567112 152
1615375742953 0.01517712976783514 153
1615375777215 0.013434376567602158 154
1615375811437 0.015688899904489517 155
1615375845618 0.01517099142074585 156
1615375879818 0.014949114061892033 157
1615375914065 0.014872189611196518 158
1615375948289 0.014574549160897732 159
1615375984113 0.015306208282709122 160
1615376018400 0.018826739862561226 161
1615376052658 0.015863236039876938 162
1615376086984 0.015352589078247547 163
1615376121375 0.015388648957014084 164
1615376155788 0.016541244462132454 165
1615376190227 0.01647735945880413 166
1615376224694 0.01495656929910183 167
1615376259240 0.015125549398362637 168
1615376293714 0.014566995203495026 169
1615376329968 0.015281574800610542 170
1615376364290 0.017811831086874008 171
1615376398499 0.01522134430706501 172
1615376432703 0.015601354651153088 173
1615376467209 0.01719801127910614 174
1615376501782 0.015686044469475746 175
1615376536139 0.01682509481906891 176
1615376570422 0.01826600730419159 177
1615376604593 0.015786875039339066 178
1615376638891 0.016122734174132347 179
1615376674831 0.01409926638007164 180
1615376709065 0.01606854796409607 181
1615376743346 0.016088102012872696 182
1615376778095 0.01780182495713234 183
1615376812533 0.014582542702555656 184
1615376846939 0.016161972656846046 185
1615376881228 0.015784915536642075 186
1615376915550 0.016336508095264435 187
1615376949773 0.019486235454678535 188
1615376984068 0.015258856117725372 189
1615377020141 0.01598506234586239 190
1615377054310 0.013361683115363121 191
1615377088628 0.01696847379207611 192
1615377122898 0.020298317074775696 193
1615377157197 0.016775408759713173 194
1615377191404 0.015106230974197388 195
1615377225989 0.01703188382089138 196
1615377260246 0.01579073816537857 197
1615377294459 0.016471071168780327 198
1615377328636 0.01556357555091381 199
1615377364304 0.017202159389853477 200
1615377398454 0.016785135492682457 201
1615377432718 0.016759734600782394 202
1615377467170 0.016739804297685623 203
1615377501829 0.015947118401527405 204
1615377536534 0.014449970796704292 205
1615377571088 0.015256487764418125 206
1615377605606 0.014705667272210121 207
1615377640096 0.015988148748874664 208
1615377674567 0.0146121084690094 209
1615377710677 0.017506282776594162 210
1615377745006 0.014921585097908974 211
1615377779559 0.015386728569865227 212
1615377813835 0.018180042505264282 213
1615377848116 0.015101725235581398 214
1615377882395 0.014445669949054718 215
1615377916682 0.01732032001018524 216
1615377950888 0.015329517424106598 217
1615377985129 0.015782687813043594 218
1615378019272 0.015546905808150768 219
1615378054981 0.015980826690793037 220
1615378089207 0.014930738136172295 221
1615378123476 0.015978263691067696 222
1615378157989 0.01521302666515112 223
1615378192493 0.014977695420384407 224
1615378226959 0.016979031264781952 225
1615378261657 0.015731390565633774 226
1615378296407 0.015512701123952866 227
1615378330820 0.016987886279821396 228
1615378365095 0.01413596048951149 229
1615378401043 0.014204636216163635 230
1615378435464 0.013942976482212543 231
1615378469837 0.014932243153452873 232
1615378504378 0.015924468636512756 233
1615378538643 0.014043559320271015 234
1615378572878 0.015247417613863945 235
1615378607107 0.015377625823020935 236
1615378641392 0.013985703699290752 237
1615378675733 0.014870425686240196 238
1615378709970 0.012777693569660187 239
1615378745760 0.015460696071386337 240
1615378780055 0.014840170741081238 241
1615378814633 0.014912329614162445 242
1615378849228 0.01364506222307682 243
1615378883693 0.013276087120175362 244
1615378918094 0.014816626906394958 245
1615378952511 0.01592894084751606 246
1615378986853 0.015380535274744034 247
1615379021237 0.014103412628173828 248
1615379055717 0.015102816745638847 249
1615379091746 0.01399717852473259 250
1615379126034 0.014475898817181587 251
1615379160409 0.01566077023744583 252
1615379195211 0.017446160316467285 253
1615379229566 0.015643078833818436 254
1615379263779 0.013734592124819756 255
1615379298092 0.015303270891308784 256
1615379332238 0.013049839064478874 257
1615379366556 0.015444263815879822 258
1615379400813 0.015014464035630226 259
1615379436731 0.01460421271622181 260
1615379470999 0.01489389780908823 261
1615379505426 0.014752298593521118 262
1615379539887 0.01617773249745369 263
1615379574425 0.0167815200984478 264
1615379609206 0.014638513326644897 265
1615379643659 0.01573982462286949 266
1615379678230 0.015262100845575333 267
1615379712716 0.015791170299053192 268
1615379747011 0.01389787346124649 269
1615379783032 0.013969158753752708 270
1615379817429 0.013947790488600731 271
1615379851782 0.013750100508332253 272
1615379886429 0.014620084315538406 273
1615379920670 0.014308142475783825 274
1615379954923 0.014983030036091805 275
1615379989188 0.016356779262423515 276
1615380023342 0.013690290972590446 277
1615380057568 0.014711862429976463 278
1615380091828 0.013787396252155304 279
1615380127707 0.015484205447137356 280
1615380162270 0.013697163201868534 281
1615380196656 0.013810419477522373 282
1615380231195 0.014433122240006924 283
1615380265564 0.014543348923325539 284
1615380300068 0.01565677486360073 285
1615380334451 0.016117293387651443 286
1615380368954 0.014302130788564682 287
1615380403202 0.015031900256872177 288
1615380437520 0.015492190606892109 289
1615380473730 0.013920986093580723 290
1615380507946 0.013285139575600624 291
1615380542276 0.013777360320091248 292
1615380576577 0.013085110113024712 293
1615380610915 0.014609739184379578 294
1615380645107 0.015167376026511192 295
1615380679377 0.015830105170607567 296
1615380713840 0.013033047318458557 297
1615380748227 0.015664007514715195 298
1615380782521 0.013430745340883732 299
1615380818400 0.013997548259794712 300
1615380852721 0.015312270261347294 301
1615380887036 0.01521594263613224 302
1615380921397 0.01234651543200016 303
1615380955772 0.013051999732851982 304
1615380990096 0.016257092356681824 305
1615381024448 0.014971545897424221 306
1615381058806 0.013308332301676273 307
1615381093085 0.01076558604836464 308
1615381127465 0.012562135234475136 309
1615381163431 0.017069987952709198 310
1615381197744 0.015414615161716938 311
1615381232120 0.013770557008683681 312
1615381266509 0.014295083470642567 313
1615381300917 0.011820248328149319 314
1615381335147 0.014915350824594498 315
1615381369346 0.013306884095072746 316
1615381403746 0.01423482596874237 317
1615381437983 0.013767109252512455 318
1615381472186 0.013858282938599586 319
1615381508103 0.01482858881354332 320
1615381542369 0.014004098251461983 321
1615381576613 0.01416553370654583 322
1615381610854 0.014746762812137604 323
1615381645214 0.013414275832474232 324
1615381679800 0.014956394210457802 325
1615381714627 0.014147549867630005 326
1615381749214 0.013362044468522072 327
1615381783773 0.013257217593491077 328
1615381818135 0.012265980243682861 329
1615381854472 0.015409579500555992 330
1615381888809 0.015029867179691792 331
1615381923019 0.013887885957956314 332
1615381957664 0.013261932879686356 333
1615381991992 0.014933266676962376 334
1615382026197 0.014340849593281746 335
1615382060542 0.012729060836136341 336
1615382094680 0.013555716723203659 337
1615382128906 0.014147469773888588 338
1615382163178 0.01260329782962799 339
1615382199139 0.012498870491981506 340
1615382233572 0.01337549090385437 341
1615382268970 0.011898281052708626 342
1615382303685 0.014474678784608841 343
1615382338153 0.01370256207883358 344
1615382372384 0.01421690359711647 345
1615382406687 0.015613242983818054 346
1615382441130 0.018151309341192245 347
1615382475561 0.013314669951796532 348
1615382510038 0.012060733512043953 349
1615382546072 0.011407151818275452 350
1615382580440 0.014045673422515392 351
1615382614703 0.012832965701818466 352
1615382648915 0.012930931523442268 353
1615382683135 0.012213834561407566 354
1615382717469 0.013258127495646477 355
1615382751820 0.01485489308834076 356
1615382786159 0.01391739770770073 357
1615382820595 0.011791301891207695 358
1615382855062 0.015139449387788773 359
1615382891155 0.013075880706310272 360
1615382925662 0.011247902177274227 361
1615382960093 0.012780760414898396 362
1615382994425 0.013160277158021927 363
1615383028810 0.013597961515188217 364
1615383063024 0.012650007382035255 365
1615383097360 0.013981666415929794 366
1615383131725 0.014538239687681198 367
1615383166060 0.011609017848968506 368
1615383200472 0.014854777604341507 369
1615383236696 0.013890426605939865 370
1615383270976 0.010813983157277107 371
1615383305239 0.011521884240210056 372
1615383339448 0.013649063184857368 373
1615383373676 0.013879425823688507 374
1615383407883 0.014503518119454384 375
1615383442104 0.014170924201607704 376
1615383476485 0.0157451368868351 377
1615383511476 0.015440789982676506 378
1615383546358 0.013879507780075073 379
1615383582632 0.014571944251656532 380
1615383617068 0.014105777256190777 381
1615383651474 0.012940437532961369 382
1615383685797 0.014523792080581188 383
1615383720110 0.012613730505108833 384
1615383754406 0.012583846226334572 385
1615383788672 0.013004080392420292 386
1615383823089 0.013780571520328522 387
1615383857546 0.01359585765749216 388
1615383891910 0.013112397864460945 389
1615383927744 0.015085697174072266 390
1615383961902 0.015673723071813583 391
1615383996131 0.01314419787377119 392
1615384030386 0.01331352349370718 393
1615384064768 0.014374318532645702 394
1615384099891 0.010711376555263996 395
1615384134417 0.015642590820789337 396
1615384168738 0.011986741796135902 397
1615384203101 0.012370996177196503 398
1615384237445 0.012353375554084778 399
1615384273468 0.011997601017355919 400
1615384307836 0.013600362464785576 401
1615384343157 0.01266196183860302 402
1615384377394 0.014486378990113735 403
1615384411670 0.011578932404518127 404
1615384445916 0.014481890946626663 405
1615384480100 0.012086207047104836 406
1615384514347 0.01567605510354042 407
1615384548515 0.010809719562530518 408
1615384582776 0.013243677094578743 409
1615384618602 0.01278034970164299 410
1615384652843 0.011449179612100124 411
1615384687203 0.012288851663470268 412
1615384721658 0.012609371915459633 413
1615384756427 0.013713128864765167 414
1615384791007 0.015041867271065712 415
1615384825523 0.012963379733264446 416
1615384859983 0.013252140954136848 417
1615384894344 0.012243269011378288 418
1615384928726 0.012893873266875744 419
1615384964519 0.011978508904576302 420
1615384998847 0.01205581333488226 421
1615385033292 0.014146845787763596 422
1615385067664 0.012623360380530357 423
1615385101878 0.012293366715312004 424
1615385136165 0.015469087287783623 425
1615385170905 0.014108417555689812 426
1615385205107 0.012170541100203991 427
1615385239322 0.013711486011743546 428
1615385273506 0.01677653379738331 429
1615385309351 0.01353964302688837 430
1615385343633 0.013419538736343384 431
1615385377825 0.012492066249251366 432
1615385412049 0.01727394573390484 433
1615385446280 0.01214277371764183 434
1615385480622 0.015197566710412502 435
1615385515219 0.01331096701323986 436
1615385549688 0.012985868379473686 437
1615385584357 0.012138848192989826 438
1615385618943 0.014036053791642189 439
1615385656503 0.012073440477252007 440
1615385690843 0.012810934334993362 441
1615385725203 0.012807227671146393 442
1615385759504 0.01265043020248413 443
1615385793741 0.011299753561615944 444
1615385828114 0.01398646179586649 445
1615385862519 0.013867795467376709 446
1615385896729 0.01497475802898407 447
1615385931121 0.013068053871393204 448
1615385965461 0.010990297421813011 449
1615386001438 0.01106693223118782 450
1615386035698 0.012715901248157024 451
1615386069973 0.013733815401792526 452
1615386104340 0.013102348893880844 453
1615386138730 0.012613918632268906 454
1615386173187 0.010674552991986275 455
1615386207620 0.012938533909618855 456
1615386242088 0.014786641113460064 457
1615386276646 0.013875599950551987 458
1615386311056 0.012327327392995358 459
1615386347153 0.010814230889081955 460
1615386381528 0.012669204734265804 461
1615386415925 0.01178329810500145 462
1615386450312 0.013024726882576942 463
1615386484526 0.012441903352737427 464
1615386518888 0.011263441294431686 465
1615386553242 0.015321038663387299 466
1615386587495 0.013068420812487602 467
1615386621747 0.01313093677163124 468
1615386655990 0.012392531149089336 469
1615386691756 0.01395466923713684 470
1615386725914 0.014234615489840508 471
1615386760128 0.013204086571931839 472
1615386794454 0.011434102430939674 473
1615386828704 0.012872224673628807 474
1615386863051 0.012252487242221832 475
1615386897489 0.013431664556264877 476
1615386931957 0.012384416535496712 477
1615386966696 0.011683562770485878 478
1615387001604 0.010881558991968632 479
1615387038162 0.011193454265594482 480
1615387072659 0.012364349327981472 481
1615387107118 0.011931639164686203 482
1615387141463 0.013505131006240845 483
1615387175920 0.011652599088847637 484
1615387210767 0.010812297463417053 485
1615387245051 0.014357328414916992 486
1615387279311 0.013290696777403355 487
1615387313563 0.012629757635295391 488
1615387347793 0.010759151540696621 489
1615387383686 0.011611725203692913 490
1615387417904 0.011660833843052387 491
1615387452243 0.014097342267632484 492
1615387486471 0.010134086012840271 493
1615387520692 0.01593480445444584 494
1615387555118 0.012383004650473595 495
1615387589449 0.013006752356886864 496
1615387624021 0.010781653225421906 497
1615387658518 0.013138949871063232 498
1615387693090 0.011987868696451187 499
1615387729602 0.012064432725310326 500
1615387764074 0.013056512922048569 501
1615387798518 0.012721879407763481 502
1615387832847 0.010747396387159824 503
1615387867207 0.01163468323647976 504
1615387901532 0.012173345312476158 505
1615387936176 0.011621234938502312 506
1615387970523 0.013708824291825294 507
1615388004797 0.013095417991280556 508
1615388039043 0.012281974777579308 509
1615388074941 0.012193538248538971 510
1615388109210 0.010420120321214199 511
1615388143584 0.010377034544944763 512
1615388178027 0.011747918091714382 513
1615388212571 0.010900577530264854 514
1615388247048 0.01224181242287159 515
1615388281653 0.010449652560055256 516
1615388316171 0.011407722719013691 517
1615388350441 0.012559525668621063 518
1615388384719 0.013266876339912415 519
1615388420871 0.012527777813374996 520
1615388455396 0.012993644922971725 521
1615388489666 0.011966373771429062 522
1615388523912 0.012351706624031067 523
1615388558139 0.011121472343802452 524
1615388592360 0.01217661052942276 525
1615388626659 0.010589895769953728 526
1615388660778 0.012017222121357918 527
1615388695120 0.011260267347097397 528
1615388729783 0.012148261070251465 529
1615388765937 0.011490058153867722 530
1615388800492 0.01326459739357233 531
1615388835224 0.012606849893927574 532
1615388869748 0.013396646827459335 533
1615388904094 0.01154631283134222 534
1615388938451 0.012445611879229546 535
1615388972917 0.00979071855545044 536
1615389007254 0.01223680842667818 537
1615389041690 0.011715935543179512 538
1615389075933 0.012469103559851646 539
1615389112382 0.010106289759278297 540
1615389146604 0.011951746419072151 541
1615389180833 0.013950027525424957 542
1615389215024 0.011703257448971272 543
1615389249271 0.010274987667798996 544
1615389283462 0.011153554543852806 545
1615389317736 0.012677241116762161 546
1615389352273 0.010400565341114998 547
1615389386829 0.012572999112308025 548
1615389421473 0.012834243476390839 549
1615389457720 0.011666025035083294 550
1615389492296 0.010752719826996326 551
1615389526821 0.011629430577158928 552
1615389561304 0.010784965008497238 553
1615389595558 0.01468621101230383 554
1615389629975 0.011234158650040627 555
1615389664534 0.01039418950676918 556
1615389698861 0.012245593592524529 557
1615389733188 0.012834591791033745 558
1615389767604 0.01399615965783596 559
1615389803817 0.009986117482185364 560
1615389838031 0.013467425480484962 561
1615389872747 0.014930101111531258 562
1615389906987 0.01291586458683014 563
1615389941214 0.009256509132683277 564
1615389975422 0.014092396944761276 565
1615390009630 0.009569519199430943 566
1615390043869 0.012033184990286827 567
1615390078164 0.010095907375216484 568
1615390112516 0.011625150218605995 569
1615390148588 0.012677149847149849 570
1615390183170 0.012386415153741837 571
1615390217587 0.011720065958797932 572
1615390252283 0.011170271784067154 573
1615390286810 0.010595263913273811 574
1615390321464 0.011548091657459736 575
1615390355826 0.011520035564899445 576
1615390390126 0.010295731015503407 577
1615390424359 0.010973874479532242 578
1615390458696 0.011827735230326653 579
1615390495045 0.011249808594584465 580
1615390529283 0.009355073794722557 581
1615390563548 0.012172969058156013 582
1615390598016 0.01164634246379137 583
1615390632394 0.013458870351314545 584
1615390666627 0.011547192931175232 585
1615390700850 0.012039761058986187 586
1615390735077 0.008921629749238491 587
1615390769354 0.011073238216340542 588
1615390803678 0.011342303827404976 589
1615390839510 0.011589624918997288 590
1615390873763 0.01171193365007639 591
1615390907978 0.011702058836817741 592
1615390942232 0.011973894201219082 593
1615390976474 0.011592047289013863 594
1615391010842 0.011491894721984863 595
1615391045106 0.010078154504299164 596
1615391079463 0.011294318363070488 597
1615391113855 0.011777883395552635 598
1615391148734 0.012931160628795624 599
1615391184749 0.012399486266076565 600
1615391219175 0.00906129740178585 601
1615391253496 0.013068245723843575 602
1615391287808 0.01399919018149376 603
1615391322039 0.012565643526613712 604
1615391356372 0.011384323239326477 605
1615391390872 0.01068282499909401 606
1615391425085 0.012044169008731842 607
1615391459288 0.01055748201906681 608
1615391493886 0.012279382906854153 609
1615391529744 0.010896842926740646 610
1615391563948 0.013845342211425304 611
1615391598234 0.012626074254512787 612
1615391632517 0.01213522907346487 613
1615391666776 0.011837251484394073 614
1615391701043 0.011586874723434448 615
1615391735462 0.01078367605805397 616
1615391769913 0.01294553093612194 617
1615391804631 0.009607702493667603 618
1615391839145 0.012118658050894737 619
1615391875341 0.011143404990434647 620
1615391909783 0.010288628749549389 621
1615391944359 0.013573731295764446 622
1615391978698 0.01290751900523901 623
1615392013037 0.010351520963013172 624
1615392047426 0.009931949898600578 625
1615392081808 0.011261188425123692 626
1615392116095 0.010338881053030491 627
1615392150363 0.011411236599087715 628
1615392184878 0.01129581592977047 629
1615392220771 0.011307292617857456 630
1615392254984 0.010564232245087624 631
1615392292009 0.013358160853385925 632
1615392326459 0.010863207280635834 633
1615392360953 0.011096620000898838 634
1615392395449 0.013372006826102734 635
1615392429992 0.012727278284728527 636
1615392464598 0.00975557416677475 637
1615392499099 0.012038925662636757 638
1615392533565 0.010748951695859432 639
1615392570114 0.011891050264239311 640
1615392604328 0.011711306869983673 641
1615392638695 0.012040338478982449 642
1615392673269 0.009655307047069073 643
1615392707577 0.010091894306242466 644
1615392741777 0.011944510042667389 645
1615392775983 0.009431956335902214 646
1615392810236 0.012600412592291832 647
1615392844488 0.01144380122423172 648
1615392878729 0.010606333613395691 649
1615392914711 0.010492571629583836 650
1615392949344 0.011743495240807533 651
1615392983767 0.010435591451823711 652
1615393018774 0.010572010651230812 653
1615393053637 0.010002795606851578 654
1615393088082 0.009796266444027424 655
1615393122439 0.01000659167766571 656
1615393156777 0.010757889598608017 657
1615393191212 0.013147633522748947 658
1615393225496 0.011215398088097572 659
1615393261751 0.012035279534757137 660
1615393296002 0.00934022106230259 661
1615393330235 0.012969567440450191 662
1615393364411 0.01205386035144329 663
1615393398657 0.011521336622536182 664
1615393432887 0.010278566740453243 665
1615393467163 0.011418960988521576 666
1615393501530 0.010498188436031342 667
1615393535877 0.011489778757095337 668
1615393570073 0.01068614050745964 669
1615393606203 0.01078718900680542 670
1615393640873 0.01222984865307808 671
1615393675452 0.013425000011920929 672
1615393709978 0.01353001594543457 673
1615393744324 0.010461234487593174 674
1615393778669 0.012151574715971947 675
1615393812841 0.01052074320614338 676
1615393847267 0.010426528751850128 677
1615393881731 0.010427240282297134 678
1615393916104 0.010968003422021866 679
1615393952317 0.01036791317164898 680
1615393986486 0.01122264377772808 681
1615394020758 0.009673422202467918 682
1615394055115 0.010418087244033813 683
1615394089287 0.011571954004466534 684
1615394123444 0.010172282345592976 685
1615394157649 0.01008722186088562 686
1615394191882 0.008413039147853851 687
1615394226234 0.012648497708141804 688
1615394260742 0.013592740520834923 689
1615394296972 0.012238966301083565 690
1615394331336 0.010251659899950027 691
1615394365834 0.008793971501290798 692
1615394400173 0.010277495719492435 693
1615394434564 0.010777078568935394 694
1615394468841 0.011084317229688168 695
1615394503079 0.009738272987306118 696
1615394537471 0.009983034804463387 697
1615394571845 0.01096020545810461 698
1615394606139 0.011022016406059265 699
1615394642423 0.009916878305375576 700
1615394676658 0.011294878087937832 701
1615394710992 0.010518623515963554 702
1615394745312 0.009489044547080994 703
1615394779683 0.011176150292158127 704
1615394814512 0.010572904720902443 705
1615394849489 0.01042582280933857 706
1615394884018 0.01184915006160736 707
1615394918502 0.009256906807422638 708
1615394952869 0.010526228696107864 709
1615394988786 0.01082590688019991 710
1615395023231 0.009993398562073708 711
1615395057482 0.009824400767683983 712
1615395091746 0.01037922129034996 713
1615395126294 0.010731769725680351 714
1615395160663 0.010946275666356087 715
1615395194924 0.012400992214679718 716
1615395229145 0.008962256833910942 717
1615395263465 0.009161590598523617 718
1615395297717 0.00990583747625351 719
1615395333586 0.01057456899434328 720
1615395368119 0.01123686321079731 721
1615395403408 0.012655266560614109 722
1615395437867 0.010611800476908684 723
1615395472393 0.009866630658507347 724
1615395506690 0.012169744819402695 725
1615395541625 0.009529294446110725 726
1615395575858 0.007797444239258766 727
1615395610178 0.011166127398610115 728
1615395644429 0.008870651014149189 729
1615395680348 0.008858909830451012 730
1615395714592 0.00959155336022377 731
1615395748918 0.010697053745388985 732
1615395783228 0.009561847895383835 733
1615395817808 0.01201857253909111 734
1615395852266 0.011276129633188248 735
1615395886682 0.010597050189971924 736
1615395920964 0.00886576622724533 737
1615395955479 0.010320769622921944 738
1615395989902 0.009141027927398682 739
1615396025933 0.012142214924097061 740
1615396060177 0.012592524290084839 741
1615396094471 0.009190713055431843 742
1615396128872 0.009211933240294456 743
1615396163338 0.007816344499588013 744
1615396198152 0.011061616241931915 745
1615396232494 0.009335112757980824 746
1615396266754 0.009884485974907875 747
1615396300965 0.010268411599099636 748
1615396335210 0.011523641645908356 749
1615396371133 0.010269958525896072 750
1615396406042 0.012585800141096115 751
1615396440730 0.011732225306332111 752
1615396475184 0.013099154457449913 753
1615396509641 0.010168854147195816 754
1615396544307 0.0104255061596632 755
1615396578728 0.009187677875161171 756
1615396612984 0.012354442849755287 757
1615396647394 0.010724654421210289 758
1615396681659 0.009190361946821213 759
1615396717627 0.010935449972748756 760
1615396751972 0.011550894007086754 761
1615396786298 0.010782118886709213 762
1615396820695 0.010997382923960686 763
1615396854973 0.010613723658025265 764
1615396889290 0.011803772300481796 765
1615396923527 0.009684758260846138 766
1615396957850 0.009819509461522102 767
1615396992094 0.010825803503394127 768
1615397026273 0.009126586839556694 769
1615397062186 0.010688192211091518 770
1615397096489 0.012002906762063503 771
1615397130997 0.011167237535119057 772
1615397165485 0.009008735418319702 773
1615397199959 0.011057092808187008 774
1615397234353 0.01275607943534851 775
1615397268742 0.009159580804407597 776
1615397303228 0.009529303759336472 777
1615397337524 0.01187882199883461 778
1615397371826 0.011544139124453068 779
1615397407717 0.00947235431522131 780
1615397441999 0.013762187212705612 781
1615397476417 0.009127124212682247 782
1615397510762 0.00890070665627718 783
1615397544933 0.01001359336078167 784
1615397579450 0.00898025743663311 785
1615397613717 0.0120470579713583 786
1615397648064 0.011353093199431896 787
1615397682405 0.010480200871825218 788
1615397718863 0.011380990967154503 789
1615397755081 0.010462449863553047 790
1615397789269 0.011053092777729034 791
1615397823486 0.010245533660054207 792
1615397857959 0.011665708385407925 793
1615397892892 0.00945855863392353 794
1615397927516 0.01026935875415802 795
1615397962074 0.010277347639203072 796
1615397996740 0.009565874002873898 797
1615398031040 0.011536115780472755 798
1615398065438 0.008258728310465813 799
1615398101440 0.010584020987153053 800
1615398135800 0.01158985123038292 801
1615398170583 0.011491585522890091 802
1615398204860 0.00947125069797039 803
1615398239056 0.009604733437299728 804
1615398273369 0.012314163148403168 805
1615398307553 0.010387944057583809 806
1615398341855 0.010890284553170204 807
1615398376099 0.011077163740992546 808
1615398410353 0.012422306463122368 809
1615398446150 0.010695970617234707 810
1615398480477 0.012302940711379051 811
1615398514862 0.010264437645673752 812
1615398549187 0.008956173434853554 813
1615398584455 0.009105438366532326 814
1615398619204 0.009987963363528252 815
1615398653990 0.011464391835033894 816
1615398688459 0.007602183148264885 817
1615398722787 0.011462971568107605 818
1615398756994 0.011908497661352158 819
1615398793280 0.01358066126704216 820
1615398827730 0.010162499733269215 821
1615398862394 0.011243386194109917 822
1615398896647 0.010345350950956345 823
1615398930869 0.010166740976274014 824
1615398965224 0.0117534464225173 825
1615398999451 0.009931342676281929 826
1615399033910 0.012030282989144325 827
1615399068748 0.009049233049154282 828
1615399103308 0.009298417717218399 829
1615399139634 0.011115502566099167 830
1615399174194 0.01187068223953247 831
1615399208686 0.009989086538553238 832
1615399242892 0.008528713136911392 833
1615399277158 0.010385975241661072 834
1615399311406 0.011000990867614746 835
1615399345623 0.010171163827180862 836
1615399379952 0.013244088739156723 837
1615399414329 0.010986430570483208 838
1615399448875 0.010870244354009628 839
1615399484773 0.009014977142214775 840
1615399519097 0.011700466275215149 841
1615399553387 0.010736210271716118 842
1615399587672 0.008460279554128647 843
1615399621911 0.009406907483935356 844
1615399656101 0.01071166805922985 845
1615399690385 0.009039191529154778 846
1615399724736 0.009132036939263344 847
1615399759221 0.010934870690107346 848
1615399794234 0.01366649940609932 849
1615399831010 0.010549968108534813 850
1615399865683 0.007889955304563046 851
1615399900133 0.007342278026044369 852
1615399934504 0.01249694637954235 853
1615399968778 0.010924696922302246 854
1615400003006 0.011090236715972424 855
1615400037390 0.011233435943722725 856
1615400071752 0.01124277338385582 857
1615400106317 0.009647738188505173 858
1615400140603 0.008918476291000843 859
1615400176502 0.009310953319072723 860
1615400210680 0.011924338527023792 861
1615400244897 0.010630371049046516 862
1615400279105 0.01259031891822815 863
1615400313317 0.012676279991865158 864
1615400347531 0.009535630233585835 865
1615400381743 0.012363115325570107 866
1615400416014 0.00902646780014038 867
1615400450236 0.013698632828891277 868
1615400484548 0.010617819614708424 869
1615400520509 0.008274641819298267 870
1615400554861 0.009911393746733665 871
1615400589488 0.01076193992048502 872
1615400624002 0.01243063434958458 873
1615400658537 0.011144229210913181 874
1615400692941 0.009488008916378021 875
1615400727344 0.010339861735701561 876
1615400761733 0.010907945223152637 877
1615400796091 0.01240605115890503 878
1615400830510 0.00902952067553997 879
1615400866904 0.00829961709678173 880
1615400901228 0.011166367679834366 881
1615400935428 0.009778987616300583 882
1615400969759 0.011382092721760273 883
1615401004672 0.010362660512328148 884
1615401039299 0.012262202799320221 885
1615401074020 0.012569479644298553 886
1615401108587 0.008024875074625015 887
1615401142918 0.009874792769551277 888
1615401177532 0.011325521394610405 889
1615401213897 0.009667464531958103 890
1615401248231 0.00847159419208765 891
1615401282530 0.01035250909626484 892
1615401316964 0.009187860414385796 893
1615401351378 0.009397448971867561 894
1615401385977 0.007095343433320522 895
1615401420364 0.011468149721622467 896
1615401454538 0.012171376496553421 897
1615401488734 0.00967943761497736 898
1615401523034 0.013175569474697113 899
1615401559163 0.009012071415781975 900
1615401593873 0.009497033432126045 901
1615401628589 0.008857550099492073 902
1615401663073 0.010736623778939247 903
1615401697589 0.009831856936216354 904
1615401731999 0.010712672956287861 905
1615401766346 0.010824844241142273 906
1615401800662 0.010874266736209393 907
1615401835092 0.010898668318986893 908
1615401869499 0.010703899897634983 909
1615401905506 0.00858752429485321 910
1615401939990 0.008837336674332619 911
1615401974245 0.011790490709245205 912
1615402008570 0.010608208365738392 913
1615402042878 0.008664380759000778 914
1615402077265 0.01286538876593113 915
1615402111525 0.009576532989740372 916
1615402145815 0.013495823368430138 917
1615402180167 0.010495062917470932 918
1615402214592 0.010261258110404015 919
1615402251053 0.009957089088857174 920
1615402285410 0.010754972696304321 921
1615402319916 0.009320257231593132 922
1615402354224 0.011332109570503235 923
1615402388622 0.00836043432354927 924
1615402422985 0.010647766292095184 925
1615402457476 0.008733795955777168 926
1615402491709 0.009352222084999084 927
1615402526234 0.010675965808331966 928
1615402560524 0.010049812495708466 929
1615402596405 0.012910142540931702 930
1615402630653 0.009934334084391594 931
1615402664894 0.00986818503588438 932
1615402699151 0.010706388391554356 933
1615402733433 0.012175913900136948 934
1615402767642 0.010030725970864296 935
1615402801926 0.013172293081879616 936
1615402836363 0.012938577681779861 937
1615402870773 0.010751585476100445 938
1615402905403 0.011277309618890285 939
1615402941949 0.0102342264726758 940
1615402976602 0.012097366154193878 941
1615403011185 0.011834521777927876 942
1615403045592 0.011215686798095703 943
1615403079965 0.010095365345478058 944
1615403114353 0.009552826173603535 945
1615403148775 0.008507848717272282 946
1615403183051 0.013913953676819801 947
1615403217314 0.009112933650612831 948
1615403251716 0.008467519655823708 949
1615403287909 0.010413816198706627 950
1615403322138 0.01034774724394083 951
1615403356366 0.008869876153767109 952
1615403390649 0.009290245361626148 953
1615403424927 0.009070593863725662 954
1615403459199 0.011605561710894108 955
1615403493524 0.00843440368771553 956
1615403527729 0.010637795552611351 957
1615403561922 0.008937649428844452 958
1615403596267 0.009926306083798409 959
1615403632298 0.012911483645439148 960
1615403666802 0.010420671664178371 961
1615403701403 0.00957550574094057 962
1615403735931 0.010511687025427818 963
1615403770425 0.009337635710835457 964
1615403804846 0.008709575980901718 965
1615403839187 0.010732966475188732 966
1615403873542 0.009439725428819656 967
1615403908103 0.008375776000320911 968
1615403942721 0.009958485141396523 969
1615403978757 0.012545772828161716 970
1615404012997 0.009029960259795189 971
1615404047296 0.010255012661218643 972
1615404081572 0.010377291589975357 973
1615404115762 0.010336548089981079 974
1615404149980 0.011059440672397614 975
1615404184314 0.008671439252793789 976
1615404218575 0.008873864077031612 977
1615404252950 0.012095863930881023 978
1615404287668 0.009843891486525536 979
1615404323915 0.012881170958280563 980
1615404358255 0.01128985546529293 981
1615404392609 0.010962948203086853 982
1615404427207 0.010630249977111816 983
1615404461495 0.008280988782644272 984
1615404495782 0.009461533278226852 985
1615404529973 0.009618561714887619 986
1615404564197 0.009655334055423737 987
1615404598498 0.00935710035264492 988
1615404632933 0.00900878757238388 989
1615404669058 0.01014993991702795 990
1615404703393 0.01080805342644453 991
1615404737958 0.00922364741563797 992
1615404772152 0.010443376377224922 993
1615404806564 0.00866551510989666 994
1615404840833 0.008130909875035286 995
1615404875068 0.009320003911852837 996
1615404909215 0.007532297167927027 997
1615404943400 0.010309578850865364 998
1615404977786 0.010669946670532227 999
1615405013616 0.009457792155444622 1000
1615405047880 0.008980382233858109 1001
1615405082206 0.009154247120022774 1002
1615405116536 0.010545381344854832 1003
1615405151207 0.011125200428068638 1004
1615405185627 0.01086982898414135 1005
1615405220360 0.011545793153345585 1006
1615405254857 0.009951690211892128 1007
1615405289317 0.010633371770381927 1008
1615405323763 0.013805882073938847 1009
1615405359756 0.010853094048798084 1010
1615405394162 0.008399969898164272 1011
1615405428659 0.009258478879928589 1012
1615405462947 0.011805295944213867 1013
1615405497220 0.009896313771605492 1014
1615405531495 0.010322783142328262 1015
1615405566009 0.011900574900209904 1016
1615405600276 0.010631648823618889 1017
1615405634495 0.00855184718966484 1018
1615405668793 0.009555326774716377 1019
1615405704606 0.009967590682208538 1020
1615405738937 0.011169067583978176 1021
1615405773201 0.013127986341714859 1022
1615405807780 0.009254513308405876 1023
1615405841979 0.009668264538049698 1024
1615405876218 0.011992808431386948 1025
1615405910470 0.008667955175042152 1026
1615405945081 0.01047670841217041 1027
1615405979794 0.010446363128721714 1028
1615406014892 0.009636450558900833 1029
1615406050969 0.01093283947557211 1030
1615406085419 0.010851317085325718 1031
1615406119666 0.011075031012296677 1032
1615406153977 0.010000055655837059 1033
1615406188370 0.008748874068260193 1034
1615406222656 0.009023459628224373 1035
1615406257223 0.009835619479417801 1036
1615406291493 0.0096682608127594 1037
1615406325712 0.010776691138744354 1038
1615406360017 0.0106592308729887 1039
1615406395896 0.011172297410666943 1040
1615406430203 0.008253725245594978 1041
1615406464453 0.010316376574337482 1042
1615406498906 0.009409099817276001 1043
1615406533519 0.011017793789505959 1044
1615406568070 0.009255880489945412 1045
1615406602575 0.010121932253241539 1046
1615406637117 0.011445877142250538 1047
1615406671507 0.010086500085890293 1048
1615406705922 0.01121114008128643 1049
1615406742145 0.010196313261985779 1050
1615406776565 0.011265122331678867 1051
1615406810866 0.011822781525552273 1052
1615406845140 0.009133034385740757 1053
1615406879626 0.010757219046354294 1054
1615406913924 0.01033114455640316 1055
1615406948223 0.008607974275946617 1056
1615406982645 0.00852883979678154 1057
1615407016835 0.01283443532884121 1058
1615407051127 0.012946674600243568 1059
1615407087003 0.010423784144222736 1060
1615407121215 0.009391440078616142 1061
1615407155411 0.010957751423120499 1062
1615407189766 0.01223674975335598 1063
1615407224033 0.012231716886162758 1064
1615407258267 0.010880179703235626 1065
1615407292573 0.01096869446337223 1066
1615407327305 0.011318091303110123 1067
1615407361926 0.010508280247449875 1068
1615407396571 0.00903318915516138 1069
1615407432774 0.011464463546872139 1070
1615407467279 0.010032044723629951 1071
1615407501789 0.012568820267915726 1072
1615407536165 0.010954510420560837 1073
1615407570529 0.010671306401491165 1074
1615407604873 0.008960932493209839 1075
1615407639337 0.009838348254561424 1076
1615407673665 0.011768165044486523 1077
1615407708009 0.01001272164285183 1078
1615407742422 0.010383917018771172 1079
1615407778467 0.01085103489458561 1080
1615407812756 0.011680283583700657 1081
1615407847022 0.013114241883158684 1082
1615407881180 0.011727471835911274 1083
1615407915356 0.011949172243475914 1084
1615407949562 0.011365879327058792 1085
1615407983841 0.009499014355242252 1086
1615408018142 0.009295660071074963 1087
1615408052434 0.009577156975865364 1088
1615408086706 0.010686095803976059 1089
1615408122571 0.009769713506102562 1090
1615408157037 0.009531065821647644 1091
1615408191536 0.010479642078280449 1092
1615408225956 0.009688977152109146 1093
1615408260291 0.011843664571642876 1094
1615408294919 0.00928613729774952 1095
1615408329241 0.00872357003390789 1096
1615408363624 0.011901212856173515 1097
1615408398144 0.01003305520862341 1098
1615408432358 0.008527668192982674 1099
1615408468435 0.0094402264803648 1100
1615408502667 0.008805423974990845 1101
1615408538762 0.010789865627884865 1102
1615408573050 0.009000197052955627 1103
1615408607422 0.010235114023089409 1104
1615408641811 0.011878307908773422 1105
1615408676475 0.008924365043640137 1106
1615408710707 0.010932506062090397 1107
1615408745056 0.009324530139565468 1108
1615408779384 0.009314028546214104 1109
1615408815294 0.007710785139352083 1110
1615408849557 0.010714991949498653 1111
1615408883854 0.012024998664855957 1112
1615408918209 0.010674643330276012 1113
1615408952686 0.009082680568099022 1114
1615408987438 0.010098977014422417 1115
1615409022126 0.008237689733505249 1116
1615409056644 0.010014730505645275 1117
1615409091122 0.009570170193910599 1118
1615409125636 0.011942606419324875 1119
1615409161980 0.010759323835372925 1120
1615409196261 0.010108349844813347 1121
1615409230580 0.009284814819693565 1122
1615409264924 0.009187854826450348 1123
1615409299164 0.009239446371793747 1124
1615409333559 0.009350760839879513 1125
1615409367951 0.00957517884671688 1126
1615409402270 0.008563049137592316 1127
1615409436791 0.009874105453491211 1128
1615409471016 0.009389784187078476 1129
1615409506996 0.00847967155277729 1130
1615409541322 0.011633668094873428 1131
1615409575546 0.008025641553103924 1132
1615409609772 0.010418612509965897 1133
1615409643967 0.009569171816110611 1134
1615409678320 0.010403956286609173 1135
1615409712546 0.00829472579061985 1136
1615409746729 0.00970376841723919 1137
1615409780923 0.009944689460098743 1138
1615409815231 0.010434949770569801 1139
1615409851400 0.01149702351540327 1140
1615409886014 0.01051096711307764 1141
1615409920651 0.011499056592583656 1142
1615409955489 0.010362669825553894 1143
1615409990162 0.01057484745979309 1144
1615410024563 0.009277976118028164 1145
1615410059129 0.011762792244553566 1146
1615410093557 0.007691588252782822 1147
1615410127912 0.010355323553085327 1148
1615410162485 0.010803327895700932 1149
1615410198603 0.010542957112193108 1150
1615410232917 0.010576561093330383 1151
1615410267154 0.010280749760568142 1152
1615410301578 0.010056423023343086 1153
1615410336032 0.01160759013146162 1154
1615410370405 0.01050267368555069 1155
1615410404743 0.00903091486543417 1156
1615410438938 0.010623986832797527 1157
1615410473222 0.010223163291811943 1158
1615410507441 0.012338757514953613 1159
1615410543215 0.010674655437469482 1160
1615410577523 0.010160944424569607 1161
1615410611926 0.007790303789079189 1162
1615410646246 0.008618188090622425 1163
1615410680787 0.01007173117250204 1164
1615410715293 0.012251177802681923 1165
1615410749632 0.009600119665265083 1166
1615410784054 0.010504696518182755 1167
1615410818519 0.011362774297595024 1168
1615410852988 0.009634587913751602 1169
1615410889287 0.009020471014082432 1170
1615410923658 0.009812342002987862 1171
1615410957930 0.010599665343761444 1172
1615410992324 0.011617586016654968 1173
1615411026721 0.011083662509918213 1174
1615411061416 0.01007472351193428 1175
1615411095658 0.008262019604444504 1176
1615411129879 0.007822654210031033 1177
1615411164128 0.010791249573230743 1178
1615411198368 0.009645793586969376 1179
1615411234215 0.010255610570311546 1180
1615411268481 0.008848447352647781 1181
1615411302905 0.011448143050074577 1182
1615411337613 0.010245304554700851 1183
1615411372336 0.008996586315333843 1184
1615411406870 0.010141279548406601 1185
1615411441548 0.01076086238026619 1186
1615411475897 0.01026084553450346 1187
1615411510264 0.010685916990041733 1188
1615411544654 0.007729616481810808 1189
1615411580777 0.009662000462412834 1190
1615411615137 0.008931032381951809 1191
1615411649633 0.007800032384693623 1192
1615411683921 0.010298850014805794 1193
1615411718268 0.01036743726581335 1194
1615411752433 0.011501404456794262 1195
1615411786682 0.009881660342216492 1196
1615411820973 0.010219963267445564 1197
1615411855142 0.010009480640292168 1198
1615411889363 0.009215900674462318 1199
1615411925229 0.011836562305688858 1200
1615411946915 0.00916534848511219 0
1615411946927 0.00916534848511219 0
