1615370490883 0.13944658637046814 1
1615370525506 0.1839277744293213 2
1615370559810 0.25074684619903564 3
1615370594093 0.29207924008369446 4
1615370628361 0.2959316670894623 5
1615370662731 0.30495914816856384 6
1615370697003 0.3063567876815796 7
1615370731538 0.31766319274902344 8
1615370765659 0.32624879479408264 9
1615370801630 0.3157790005207062 10
1615370835878 0.34996700286865234 11
1615370870080 0.33022135496139526 12
1615370904249 0.31452232599258423 13
1615370938714 0.3248055875301361 14
1615370973028 0.3273155093193054 15
1615371007304 0.3337686061859131 16
1615371041466 0.35263973474502563 17
1615371075991 0.3597601056098938 18
1615371110321 0.3386839032173157 19
1615371146452 0.3517519235610962 20
1615371180819 0.35078248381614685 21
1615371215170 0.35714083909988403 22
1615371249583 0.3746260404586792 23
1615371283839 0.3731944262981415 24
1615371318143 0.35567569732666016 25
1615371352391 0.3853335976600647 26
1615371386852 0.3665314316749573 27
1615371421379 0.3742120862007141 28
1615371455696 0.3559247851371765 29
1615371491500 0.3580288290977478 30
1615371525772 0.3819746971130371 31
1615371560091 0.36141446232795715 32
1615371594293 0.3816984295845032 33
1615371628501 0.3578000068664551 34
1615371663080 0.38420766592025757 35
1615371697668 0.3847126364707947 36
1615371732382 0.39637434482574463 37
1615371766948 0.3976138234138489 38
1615371801503 0.3849559724330902 39
1615371837822 0.38652729988098145 40
1615371872449 0.3829926550388336 41
1615371906757 0.3625483214855194 42
1615371941050 0.37572944164276123 43
1615371975293 0.3824673295021057 44
1615372009748 0.3781591057777405 45
1615372044113 0.3635439872741699 46
1615372078531 0.389957994222641 47
1615372112844 0.4189930558204651 48
1615372147102 0.4024779200553894 49
1615372183054 0.3969939649105072 50
1615372217233 0.3958698511123657 51
1615372251379 0.35077622532844543 52
1615372285591 0.3677636384963989 53
1615372319841 0.37681517004966736 54
1615372354450 0.3659711480140686 55
1615372389550 0.38045230507850647 56
1615372424199 0.37228816747665405 57
1615372458731 0.37938976287841797 58
1615372493320 0.3943425118923187 59
1615372529533 0.39567387104034424 60
1615372563777 0.38413214683532715 61
1615372597997 0.3818718492984772 62
1615372632219 0.3817196786403656 63
1615372666514 0.356536328792572 64
1615372700812 0.38532155752182007 65
1615372734995 0.4085461497306824 66
1615372769250 0.40375691652297974 67
1615372803402 0.4074900150299072 68
1615372837794 0.38409969210624695 69
1615372874026 0.3893025517463684 70
1615372908475 0.38386353850364685 71
1615372943022 0.3632305860519409 72
1615372977696 0.38196009397506714 73
1615373012128 0.3912642300128937 74
1615373046376 0.39766478538513184 75
1615373080716 0.40758103132247925 76
1615373114975 0.41918957233428955 77
1615373149292 0.4215666949748993 78
1615373183636 0.39816197752952576 79
1615373220477 0.38264065980911255 80
1615373255250 0.3934883773326874 81
1615373289492 0.41906309127807617 82
1615373323776 0.40142151713371277 83
1615373357981 0.4251948595046997 84
1615373392216 0.4140312671661377 85
1615373426464 0.4148799777030945 86
1615373460642 0.42423301935195923 87
1615373494777 0.4307398796081543 88
1615373529227 0.41438835859298706 89
1615373565654 0.40570008754730225 90
1615373600344 0.4194774925708771 91
1615373635057 0.3948867917060852 92
1615373669576 0.4171988368034363 93
1615373703859 0.4313886761665344 94
1615373738150 0.430462509393692 95
1615373772457 0.3984171152114868 96
1615373806753 0.399158775806427 97
1615373841473 0.3785111606121063 98
1615373875675 0.4034886956214905 99
1615373911557 0.40454787015914917 100
1615373945770 0.41767024993896484 101
1615373980039 0.4003642797470093 102
1615374014285 0.4200887978076935 103
1615374048468 0.4322139322757721 104
1615374082802 0.39759334921836853 105
1615374117478 0.377000093460083 106
1615374151786 0.4091055989265442 107
1615374186343 0.4051215648651123 108
1615374220685 0.41882967948913574 109
1615374256724 0.4036847949028015 110
1615374290914 0.4252301752567291 111
1615374325182 0.4188084602355957 112
1615374359566 0.40553781390190125 113
1615374393860 0.39603495597839355 114
1615374428127 0.4105561375617981 115
1615374462713 0.3967355489730835 116
1615374496945 0.4122045636177063 117
1615374531228 0.36603379249572754 118
1615374565504 0.421606183052063 119
1615374601509 0.4094502329826355 120
1615374635780 0.42414796352386475 121
1615374670004 0.41321879625320435 122
1615374704195 0.39060941338539124 123
1615374738484 0.3976399302482605 124
1615374772767 0.41168850660324097 125
1615374807009 0.4248514771461487 126
1615374841480 0.4271184206008911 127
1615374876308 0.4309485852718353 128
1615374910722 0.4200837016105652 129
1615374947491 0.4352402091026306 130
1615374982156 0.4179268777370453 131
1615375016444 0.4207374155521393 132
1615375050805 0.4304211437702179 133
1615375085304 0.4086278975009918 134
1615375119605 0.45497310161590576 135
1615375153861 0.4529750347137451 136
1615375188154 0.4272817373275757 137
1615375222651 0.39871618151664734 138
1615375256999 0.40942978858947754 139
1615375292969 0.4075712561607361 140
1615375327218 0.40491998195648193 141
1615375361520 0.4243611693382263 142
1615375395713 0.4434637427330017 143
1615375430032 0.4227854013442993 144
1615375464508 0.45012062788009644 145
1615375499860 0.43162792921066284 146
1615375534575 0.41204166412353516 147
1615375569071 0.4162295460700989 148
1615375603388 0.4291050434112549 149
1615375639576 0.42628929018974304 150
1615375674025 0.43426311016082764 151
1615375708357 0.4313305616378784 152
1615375742953 0.44203048944473267 153
1615375777215 0.4819726347923279 154
1615375811437 0.4430443048477173 155
1615375845618 0.4498194456100464 156
1615375879818 0.452518105506897 157
1615375914065 0.4397488236427307 158
1615375948289 0.4646187722682953 159
1615375984113 0.45320114493370056 160
1615376018400 0.40062081813812256 161
1615376052658 0.42271238565444946 162
1615376086984 0.43467819690704346 163
1615376121375 0.4529174268245697 164
1615376155788 0.4261065125465393 165
1615376190227 0.41117173433303833 166
1615376224694 0.4429042339324951 167
1615376259240 0.4455234408378601 168
1615376293714 0.47045251727104187 169
1615376329968 0.4395870566368103 170
1615376364290 0.4211292862892151 171
1615376398499 0.4542286992073059 172
1615376432703 0.4381573796272278 173
1615376467209 0.4268202781677246 174
1615376501782 0.4347790479660034 175
1615376536139 0.4291117191314697 176
1615376570422 0.40630775690078735 177
1615376604593 0.42880484461784363 178
1615376638891 0.4189761281013489 179
1615376674831 0.47114354372024536 180
1615376709065 0.44067031145095825 181
1615376743346 0.4258895516395569 182
1615376778095 0.40394115447998047 183
1615376812533 0.44826430082321167 184
1615376846939 0.43862301111221313 185
1615376881228 0.4370834231376648 186
1615376915550 0.41676896810531616 187
1615376949773 0.41837579011917114 188
1615376984068 0.43008285760879517 189
1615377020141 0.42903321981430054 190
1615377054310 0.47584331035614014 191
1615377088628 0.4260863661766052 192
1615377122898 0.4117674231529236 193
1615377157197 0.4130265712738037 194
1615377191404 0.44779932498931885 195
1615377225989 0.40816324949264526 196
1615377260246 0.4379505515098572 197
1615377294459 0.4462045431137085 198
1615377328636 0.44251924753189087 199
1615377364304 0.41901856660842896 200
1615377398454 0.4155823290348053 201
1615377432718 0.4091120660305023 202
1615377467170 0.42741549015045166 203
1615377501829 0.4380112886428833 204
1615377536534 0.4495827257633209 205
1615377571088 0.45522546768188477 206
1615377605606 0.4652590751647949 207
1615377640096 0.4579443335533142 208
1615377674567 0.4659780263900757 209
1615377710677 0.41088640689849854 210
1615377745006 0.44759601354599 211
1615377779559 0.443789541721344 212
1615377813835 0.40267932415008545 213
1615377848116 0.42065876722335815 214
1615377882395 0.4530203938484192 215
1615377916682 0.4236268997192383 216
1615377950888 0.44125309586524963 217
1615377985129 0.43736547231674194 218
1615378019272 0.4401223063468933 219
1615378054981 0.43230322003364563 220
1615378089207 0.4303056597709656 221
1615378123476 0.42693477869033813 222
1615378157989 0.4515165388584137 223
1615378192493 0.4515921473503113 224
1615378226959 0.4250747263431549 225
1615378261657 0.43638181686401367 226
1615378296407 0.4261015057563782 227
1615378330820 0.4477126896381378 228
1615378365095 0.4702262580394745 229
1615378401043 0.4520781338214874 230
1615378435464 0.4728850722312927 231
1615378469837 0.4530329406261444 232
1615378504378 0.4298071563243866 233
1615378538643 0.4454861283302307 234
1615378572878 0.44169020652770996 235
1615378607107 0.4444889724254608 236
1615378641392 0.45199501514434814 237
1615378675733 0.44230806827545166 238
1615378709970 0.47714704275131226 239
1615378745760 0.4441410303115845 240
1615378780055 0.4294990301132202 241
1615378814633 0.4480605125427246 242
1615378849228 0.45419788360595703 243
1615378883693 0.4638958275318146 244
1615378918094 0.45481395721435547 245
1615378952511 0.45325586199760437 246
1615378986853 0.42071080207824707 247
1615379021237 0.4461834132671356 248
1615379055717 0.4377123713493347 249
1615379091746 0.45383787155151367 250
1615379126034 0.4743826985359192 251
1615379160409 0.4416927695274353 252
1615379195211 0.41748160123825073 253
1615379229566 0.44253501296043396 254
1615379263779 0.4594460725784302 255
1615379298092 0.44806885719299316 256
1615379332238 0.48800140619277954 257
1615379366556 0.45719093084335327 258
1615379400813 0.4420432448387146 259
1615379436731 0.437286913394928 260
1615379470999 0.46715641021728516 261
1615379505426 0.47506746649742126 262
1615379539887 0.4518407881259918 263
1615379574425 0.42636430263519287 264
1615379609206 0.45019057393074036 265
1615379643659 0.43801140785217285 266
1615379678230 0.45327889919281006 267
1615379712716 0.43515026569366455 268
1615379747011 0.4592658579349518 269
1615379783032 0.46304434537887573 270
1615379817429 0.4710876941680908 271
1615379851782 0.45284372568130493 272
1615379886429 0.45505422353744507 273
1615379920670 0.45109429955482483 274
1615379954923 0.4477022886276245 275
1615379989188 0.41384056210517883 276
1615380023342 0.48638883233070374 277
1615380057568 0.4453800916671753 278
1615380091828 0.48209500312805176 279
1615380127707 0.47421538829803467 280
1615380162270 0.4575890302658081 281
1615380196656 0.47563594579696655 282
1615380231195 0.44878852367401123 283
1615380265564 0.4615028202533722 284
1615380300068 0.422899067401886 285
1615380334451 0.4674287438392639 286
1615380368954 0.44797736406326294 287
1615380403202 0.435651957988739 288
1615380437520 0.4589186906814575 289
1615380473730 0.4440494477748871 290
1615380507946 0.4643399119377136 291
1615380542276 0.47377809882164 292
1615380576577 0.4728469252586365 293
1615380610915 0.45219340920448303 294
1615380645107 0.4539761543273926 295
1615380679377 0.4478698670864105 296
1615380713840 0.4757440388202667 297
1615380748227 0.46300435066223145 298
1615380782521 0.4764908254146576 299
1615380818400 0.47675037384033203 300
1615380852721 0.4259907603263855 301
1615380887036 0.4565233588218689 302
1615380921397 0.49114856123924255 303
1615380955772 0.4929071068763733 304
1615380990096 0.446471631526947 305
1615381024448 0.4404839873313904 306
1615381058806 0.4652438163757324 307
1615381093085 0.5261774659156799 308
1615381127465 0.5098469257354736 309
1615381163431 0.42778295278549194 310
1615381197744 0.4454764127731323 311
1615381232120 0.4555140733718872 312
1615381266509 0.4564783573150635 313
1615381300917 0.49772125482559204 314
1615381335147 0.4539667069911957 315
1615381369346 0.47592592239379883 316
1615381403746 0.477544903755188 317
1615381437983 0.45777350664138794 318
1615381472186 0.4609071910381317 319
1615381508103 0.4698184132575989 320
1615381542369 0.4649447202682495 321
1615381576613 0.46357250213623047 322
1615381610854 0.43195247650146484 323
1615381645214 0.48465466499328613 324
1615381679800 0.44894278049468994 325
1615381714627 0.47062844038009644 326
1615381749214 0.4698493480682373 327
1615381783773 0.48477885127067566 328
1615381818135 0.49534738063812256 329
1615381854472 0.44364702701568604 330
1615381888809 0.4452739953994751 331
1615381923019 0.4614306092262268 332
1615381957664 0.49112650752067566 333
1615381991992 0.4602210521697998 334
1615382026197 0.46938633918762207 335
1615382060542 0.4695590138435364 336
1615382094680 0.4938507080078125 337
1615382128906 0.451224684715271 338
1615382163178 0.4996357560157776 339
1615382199139 0.4835807681083679 340
1615382233572 0.47588762640953064 341
1615382268970 0.5071762204170227 342
1615382303685 0.4699934720993042 343
1615382338153 0.4719852805137634 344
1615382372384 0.46344542503356934 345
1615382406687 0.4420534074306488 346
1615382441130 0.43416404724121094 347
1615382475561 0.47456902265548706 348
1615382510038 0.4985586702823639 349
1615382546072 0.5107046365737915 350
1615382580440 0.49857011437416077 351
1615382614703 0.5057360529899597 352
1615382648915 0.4890790581703186 353
1615382683135 0.51169753074646 354
1615382717469 0.4958497881889343 355
1615382751820 0.47377848625183105 356
1615382786159 0.48912355303764343 357
1615382820595 0.5192265510559082 358
1615382855062 0.4495575726032257 359
1615382891155 0.47953033447265625 360
1615382925662 0.514862060546875 361
1615382960093 0.5044005513191223 362
1615382994425 0.48509877920150757 363
1615383028810 0.4774123430252075 364
1615383063024 0.48002544045448303 365
1615383097360 0.4681049585342407 366
1615383131725 0.48628175258636475 367
1615383166060 0.5085673332214355 368
1615383200472 0.46458908915519714 369
1615383236696 0.4749297499656677 370
1615383270976 0.5179972648620605 371
1615383305239 0.5135726928710938 372
1615383339448 0.48899877071380615 373
1615383373676 0.48116981983184814 374
1615383407883 0.4834236204624176 375
1615383442104 0.47323739528656006 376
1615383476485 0.4310321807861328 377
1615383511476 0.44186151027679443 378
1615383546358 0.44897353649139404 379
1615383582632 0.4501112997531891 380
1615383617068 0.4703269600868225 381
1615383651474 0.49011003971099854 382
1615383685797 0.4589405655860901 383
1615383720110 0.48749274015426636 384
1615383754406 0.5011537075042725 385
1615383788672 0.49571773409843445 386
1615383823089 0.47069209814071655 387
1615383857546 0.4775170683860779 388
1615383891910 0.4794049859046936 389
1615383927744 0.46963322162628174 390
1615383961902 0.4594757556915283 391
1615383996131 0.46444693207740784 392
1615384030386 0.4910932779312134 393
1615384064768 0.4638897776603699 394
1615384099891 0.5331895351409912 395
1615384134417 0.4850645959377289 396
1615384168738 0.5099512338638306 397
1615384203101 0.5013542771339417 398
1615384237445 0.4843803644180298 399
1615384273468 0.48867589235305786 400
1615384307836 0.48100972175598145 401
1615384343157 0.4878731667995453 402
1615384377394 0.45105984807014465 403
1615384411670 0.5084100961685181 404
1615384445916 0.47744065523147583 405
1615384480100 0.5023884773254395 406
1615384514347 0.45252206921577454 407
1615384548515 0.5074964165687561 408
1615384582776 0.4768487215042114 409
1615384618602 0.4914287328720093 410
1615384652843 0.48832595348358154 411
1615384687203 0.5133365392684937 412
1615384721658 0.5058999061584473 413
1615384756427 0.46738627552986145 414
1615384791007 0.4704132676124573 415
1615384825523 0.49777424335479736 416
1615384859983 0.4726577699184418 417
1615384894344 0.5016518235206604 418
1615384928726 0.4996998608112335 419
1615384964519 0.510044515132904 420
1615384998847 0.5094490051269531 421
1615385033292 0.480496883392334 422
1615385067664 0.46600380539894104 423
1615385101878 0.48792776465415955 424
1615385136165 0.5044159889221191 425
1615385170905 0.47742581367492676 426
1615385205107 0.5026084780693054 427
1615385239322 0.4796147644519806 428
1615385273506 0.44528910517692566 429
1615385309351 0.46218088269233704 430
1615385343633 0.48700273036956787 431
1615385377825 0.48634153604507446 432
1615385412049 0.4674350321292877 433
1615385446280 0.4956051707267761 434
1615385480622 0.4367085099220276 435
1615385515219 0.48293718695640564 436
1615385549688 0.4928089380264282 437
1615385584357 0.49254587292671204 438
1615385618943 0.470319926738739 439
1615385656503 0.528536319732666 440
1615385690843 0.5011247396469116 441
1615385725203 0.46934330463409424 442
1615385759504 0.4973423480987549 443
1615385793741 0.5244861245155334 444
1615385828114 0.49146461486816406 445
1615385862519 0.4762870669364929 446
1615385896729 0.4669189453125 447
1615385931121 0.48989060521125793 448
1615385965461 0.5108067989349365 449
1615386001438 0.524667501449585 450
1615386035698 0.5028107166290283 451
1615386069973 0.5035566091537476 452
1615386104340 0.4882541298866272 453
1615386138730 0.4839337468147278 454
1615386173187 0.5344363451004028 455
1615386207620 0.4856172204017639 456
1615386242088 0.4669566750526428 457
1615386276646 0.46012794971466064 458
1615386311056 0.49890029430389404 459
1615386347153 0.5146322250366211 460
1615386381528 0.5129347443580627 461
1615386415925 0.5211302042007446 462
1615386450312 0.48822465538978577 463
1615386484526 0.5006431937217712 464
1615386518888 0.5154552459716797 465
1615386553242 0.48748159408569336 466
1615386587495 0.4892543852329254 467
1615386621747 0.4850148558616638 468
1615386655990 0.5003812313079834 469
1615386691756 0.48144978284835815 470
1615386725914 0.4609087407588959 471
1615386760128 0.4915333390235901 472
1615386794454 0.5063657760620117 473
1615386828704 0.49052971601486206 474
1615386863051 0.5062673687934875 475
1615386897489 0.4864131212234497 476
1615386931957 0.48710155487060547 477
1615386966696 0.500557005405426 478
1615387001604 0.5473806262016296 479
1615387038162 0.5209395289421082 480
1615387072659 0.5026922225952148 481
1615387107118 0.5225422382354736 482
1615387141463 0.4955236315727234 483
1615387175920 0.5067486763000488 484
1615387210767 0.49814221262931824 485
1615387245051 0.4800052344799042 486
1615387279311 0.4819953441619873 487
1615387313563 0.4920836389064789 488
1615387347793 0.5386595726013184 489
1615387383686 0.5371546149253845 490
1615387417904 0.502388596534729 491
1615387452243 0.4900217056274414 492
1615387486471 0.557093620300293 493
1615387520692 0.460497111082077 494
1615387555118 0.5026984214782715 495
1615387589449 0.4983791708946228 496
1615387624021 0.5269699096679688 497
1615387658518 0.5114091634750366 498
1615387693090 0.5168182849884033 499
1615387729602 0.5043208003044128 500
1615387764074 0.48207616806030273 501
1615387798518 0.5148564577102661 502
1615387832847 0.5302139520645142 503
1615387867207 0.5249672532081604 504
1615387901532 0.5026662945747375 505
1615387936176 0.5167646408081055 506
1615387970523 0.4834437370300293 507
1615388004797 0.4802900552749634 508
1615388039043 0.5111644268035889 509
1615388074941 0.5003076791763306 510
1615388109210 0.5395704507827759 511
1615388143584 0.5259292721748352 512
1615388178027 0.5358477830886841 513
1615388212571 0.5192856788635254 514
1615388247048 0.4967367947101593 515
1615388281653 0.5242930054664612 516
1615388316171 0.5305038690567017 517
1615388350441 0.5048454999923706 518
1615388384719 0.4870409667491913 519
1615388420871 0.4919000267982483 520
1615388455396 0.4847276508808136 521
1615388489666 0.49979862570762634 522
1615388523912 0.5160897374153137 523
1615388558139 0.5341506004333496 524
1615388592360 0.5074600577354431 525
1615388626659 0.5394002199172974 526
1615388660778 0.5055676698684692 527
1615388695120 0.5070918798446655 528
1615388729783 0.5524284839630127 529
1615388765937 0.5056617856025696 530
1615388800492 0.48889482021331787 531
1615388835224 0.49730736017227173 532
1615388869748 0.5094798803329468 533
1615388904094 0.5088703036308289 534
1615388938451 0.5126913785934448 535
1615388972917 0.5597274303436279 536
1615389007254 0.5023203492164612 537
1615389041690 0.5199771523475647 538
1615389075933 0.5145499110221863 539
1615389112382 0.5682497620582581 540
1615389146604 0.5061638355255127 541
1615389180833 0.4792375862598419 542
1615389215024 0.5111719369888306 543
1615389249271 0.5309178829193115 544
1615389283462 0.519243597984314 545
1615389317736 0.5179245471954346 546
1615389352273 0.5421100854873657 547
1615389386829 0.4954584240913391 548
1615389421473 0.5006555318832397 549
1615389457720 0.5192281007766724 550
1615389492296 0.5233176946640015 551
1615389526821 0.5236797332763672 552
1615389561304 0.5486679673194885 553
1615389595558 0.47624653577804565 554
1615389629975 0.5219210386276245 555
1615389664534 0.5402708053588867 556
1615389698861 0.5097988843917847 557
1615389733188 0.5027117133140564 558
1615389767604 0.4826764464378357 559
1615389803817 0.5415028929710388 560
1615389838031 0.514636218547821 561
1615389872747 0.4784180521965027 562
1615389906987 0.5013035535812378 563
1615389941214 0.5705739259719849 564
1615389975422 0.48044395446777344 565
1615390009630 0.5369053483009338 566
1615390043869 0.5322520732879639 567
1615390078164 0.5377399921417236 568
1615390112516 0.5290567874908447 569
1615390148588 0.5144385099411011 570
1615390183170 0.48703038692474365 571
1615390217587 0.527046263217926 572
1615390252283 0.5236063003540039 573
1615390286810 0.5353163480758667 574
1615390321464 0.5126317143440247 575
1615390355826 0.5154198408126831 576
1615390390126 0.5625194311141968 577
1615390424359 0.5440442562103271 578
1615390458696 0.5219475030899048 579
1615390495045 0.5301870703697205 580
1615390529283 0.5658026933670044 581
1615390563548 0.5081068277359009 582
1615390598016 0.5222365856170654 583
1615390632394 0.5135611295700073 584
1615390666627 0.5188412666320801 585
1615390700850 0.5298829674720764 586
1615390735077 0.5595680475234985 587
1615390769354 0.5408409833908081 588
1615390803678 0.5176535844802856 589
1615390839510 0.5391510725021362 590
1615390873763 0.5331451296806335 591
1615390907978 0.5257102251052856 592
1615390942232 0.5132626295089722 593
1615390976474 0.523669958114624 594
1615391010842 0.5290999412536621 595
1615391045106 0.5364376306533813 596
1615391079463 0.5433374643325806 597
1615391113855 0.5247180461883545 598
1615391148734 0.5103573799133301 599
1615391184749 0.505555272102356 600
1615391219175 0.5703107118606567 601
1615391253496 0.5210144519805908 602
1615391287808 0.47758594155311584 603
1615391322039 0.5100089311599731 604
1615391356372 0.5086939334869385 605
1615391390872 0.5415130257606506 606
1615391425085 0.526600182056427 607
1615391459288 0.5474416017532349 608
1615391493886 0.527337908744812 609
1615391529744 0.534469485282898 610
1615391563948 0.4812695384025574 611
1615391598234 0.5248405933380127 612
1615391632517 0.5114072561264038 613
1615391666776 0.5305737257003784 614
1615391701043 0.5161624550819397 615
1615391735462 0.5252008438110352 616
1615391769913 0.5010254979133606 617
1615391804631 0.5528841018676758 618
1615391839145 0.50337153673172 619
1615391875341 0.5179475545883179 620
1615391909783 0.5397933721542358 621
1615391944359 0.4803333878517151 622
1615391978698 0.5084571242332458 623
1615392013037 0.5382133722305298 624
1615392047426 0.5517382621765137 625
1615392081808 0.5539767742156982 626
1615392116095 0.5326021313667297 627
1615392150363 0.5286018252372742 628
1615392184878 0.5103836059570312 629
1615392220771 0.5256308317184448 630
1615392254984 0.570130467414856 631
1615392292009 0.4971073865890503 632
1615392326459 0.5519710183143616 633
1615392360953 0.5330594182014465 634
1615392395449 0.48713770508766174 635
1615392429992 0.49962684512138367 636
1615392464598 0.5485239028930664 637
1615392499099 0.526959240436554 638
1615392533565 0.5494700074195862 639
1615392570114 0.5228143334388733 640
1615392604328 0.5246045589447021 641
1615392638695 0.5178869366645813 642
1615392673269 0.5522313117980957 643
1615392707577 0.5354304313659668 644
1615392741777 0.533892035484314 645
1615392775983 0.554212212562561 646
1615392810236 0.5388333797454834 647
1615392844488 0.5154337286949158 648
1615392878729 0.5359468460083008 649
1615392914711 0.5641242265701294 650
1615392949344 0.5235176086425781 651
1615392983767 0.5395933389663696 652
1615393018774 0.5325026512145996 653
1615393053637 0.5563446283340454 654
1615393088082 0.5538704991340637 655
1615393122439 0.543708324432373 656
1615393156777 0.5399113893508911 657
1615393191212 0.5002241134643555 658
1615393225496 0.5210060477256775 659
1615393261751 0.527186393737793 660
1615393296002 0.5505938529968262 661
1615393330235 0.5057763457298279 662
1615393364411 0.5152051448822021 663
1615393398657 0.5292327404022217 664
1615393432887 0.5616804361343384 665
1615393467163 0.530742883682251 666
1615393501530 0.5480188131332397 667
1615393535877 0.5300246477127075 668
1615393570073 0.5396517515182495 669
1615393606203 0.5442628860473633 670
1615393640873 0.5248053073883057 671
1615393675452 0.4919303059577942 672
1615393709978 0.4844757914543152 673
1615393744324 0.5307590961456299 674
1615393778669 0.49657076597213745 675
1615393812841 0.5405527949333191 676
1615393847267 0.5340123176574707 677
1615393881731 0.5337605476379395 678
1615393916104 0.531316876411438 679
1615393952317 0.5542168617248535 680
1615393986486 0.5299545526504517 681
1615394020758 0.5671247839927673 682
1615394055115 0.5522269010543823 683
1615394089287 0.5156847834587097 684
1615394123444 0.5449722409248352 685
1615394157649 0.5599557161331177 686
1615394191882 0.5908412337303162 687
1615394226234 0.5120556354522705 688
1615394260742 0.48883056640625 689
1615394296972 0.5278624892234802 690
1615394331336 0.5471013784408569 691
1615394365834 0.5854040384292603 692
1615394400173 0.5565836429595947 693
1615394434564 0.5393599271774292 694
1615394468841 0.5426494479179382 695
1615394503079 0.544933557510376 696
1615394537471 0.5581886768341064 697
1615394571845 0.5385788083076477 698
1615394606139 0.5541088581085205 699
1615394642423 0.550237774848938 700
1615394676658 0.533727765083313 701
1615394710992 0.5525084733963013 702
1615394745312 0.5651416778564453 703
1615394779683 0.5407490730285645 704
1615394814512 0.5291513204574585 705
1615394849489 0.5331027507781982 706
1615394884018 0.5387380719184875 707
1615394918502 0.551215648651123 708
1615394952869 0.5332085490226746 709
1615394988786 0.5449845790863037 710
1615395023231 0.5589603781700134 711
1615395057482 0.5351218581199646 712
1615395091746 0.5492947101593018 713
1615395126294 0.546909749507904 714
1615395160663 0.5486113429069519 715
1615395194924 0.5115296840667725 716
1615395229145 0.5722842216491699 717
1615395263465 0.5830164551734924 718
1615395297717 0.5524082779884338 719
1615395333586 0.5551127195358276 720
1615395368119 0.5328899621963501 721
1615395403408 0.5122935175895691 722
1615395437867 0.5372529029846191 723
1615395472393 0.5451411008834839 724
1615395506690 0.5168504118919373 725
1615395541625 0.5775659084320068 726
1615395575858 0.6085999011993408 727
1615395610178 0.5271514058113098 728
1615395644429 0.5807604789733887 729
1615395680348 0.5926889181137085 730
1615395714592 0.5603035688400269 731
1615395748918 0.5399206876754761 732
1615395783228 0.5651718378067017 733
1615395817808 0.5267084240913391 734
1615395852266 0.5400080680847168 735
1615395886682 0.5480736494064331 736
1615395920964 0.5744652152061462 737
1615395955479 0.5485950112342834 738
1615395989902 0.5633962154388428 739
1615396025933 0.5105878710746765 740
1615396060177 0.5297163724899292 741
1615396094471 0.5664733648300171 742
1615396128872 0.5658206939697266 743
1615396163338 0.5970925092697144 744
1615396198152 0.5251668691635132 745
1615396232494 0.5577877759933472 746
1615396266754 0.5422013998031616 747
1615396300965 0.5287883281707764 748
1615396335210 0.5221954584121704 749
1615396371133 0.5706902146339417 750
1615396406042 0.5110042095184326 751
1615396440730 0.5370731353759766 752
1615396475184 0.5283246040344238 753
1615396509641 0.5427954196929932 754
1615396544307 0.549190104007721 755
1615396578728 0.5601010322570801 756
1615396612984 0.5475837588310242 757
1615396647394 0.5393126606941223 758
1615396681659 0.5792953968048096 759
1615396717627 0.5378690958023071 760
1615396751972 0.5255031585693359 761
1615396786298 0.5260615348815918 762
1615396820695 0.5398916006088257 763
1615396854973 0.5512599349021912 764
1615396889290 0.5317225456237793 765
1615396923527 0.5465818643569946 766
1615396957850 0.5538390874862671 767
1615396992094 0.5314775705337524 768
1615397026273 0.5710247755050659 769
1615397062186 0.5466431379318237 770
1615397096489 0.5137472748756409 771
1615397130997 0.5373365879058838 772
1615397165485 0.5651779174804688 773
1615397199959 0.54891037940979 774
1615397234353 0.512226939201355 775
1615397268742 0.5670512914657593 776
1615397303228 0.5559097528457642 777
1615397337524 0.5393816232681274 778
1615397371826 0.5273458957672119 779
1615397407717 0.5581899881362915 780
1615397441999 0.497780442237854 781
1615397476417 0.5698269605636597 782
1615397510762 0.5826301574707031 783
1615397544933 0.5625858306884766 784
1615397579450 0.5724427700042725 785
1615397613717 0.5305379629135132 786
1615397648064 0.5411051511764526 787
1615397682405 0.5766994953155518 788
1615397718863 0.5359979867935181 789
1615397755081 0.5347553491592407 790
1615397789269 0.5209710597991943 791
1615397823486 0.5647344589233398 792
1615397857959 0.5211082696914673 793
1615397892892 0.5745757222175598 794
1615397927516 0.5530123710632324 795
1615397962074 0.542881965637207 796
1615397996740 0.5604885816574097 797
1615398031040 0.5227702856063843 798
1615398065438 0.5909514427185059 799
1615398101440 0.5337368249893188 800
1615398135800 0.5071898102760315 801
1615398170583 0.5483138561248779 802
1615398204860 0.555888295173645 803
1615398239056 0.5538688898086548 804
1615398273369 0.5322999954223633 805
1615398307553 0.5498966574668884 806
1615398341855 0.5420782566070557 807
1615398376099 0.5365031957626343 808
1615398410353 0.5229920148849487 809
1615398446150 0.5447808504104614 810
1615398480477 0.5144094228744507 811
1615398514862 0.5499377250671387 812
1615398549187 0.580940842628479 813
1615398584455 0.5820201635360718 814
1615398619204 0.5511364936828613 815
1615398653990 0.5253713130950928 816
1615398688459 0.5926895141601562 817
1615398722787 0.5244185924530029 818
1615398756994 0.5313839316368103 819
1615398793280 0.5046385526657104 820
1615398827730 0.5550681352615356 821
1615398862394 0.5387171506881714 822
1615398896647 0.5493847131729126 823
1615398930869 0.5726900100708008 824
1615398965224 0.524631917476654 825
1615398999451 0.5353485345840454 826
1615399033910 0.5352599620819092 827
1615399068748 0.5684391260147095 828
1615399103308 0.5489974617958069 829
1615399139634 0.5535526275634766 830
1615399174194 0.5436181426048279 831
1615399208686 0.5590460300445557 832
1615399242892 0.5796874165534973 833
1615399277158 0.5441409349441528 834
1615399311406 0.535370945930481 835
1615399345623 0.5675747394561768 836
1615399379952 0.4985021948814392 837
1615399414329 0.550035834312439 838
1615399448875 0.5590400099754333 839
1615399484773 0.562287449836731 840
1615399519097 0.5263946056365967 841
1615399553387 0.5687034130096436 842
1615399587672 0.5807052850723267 843
1615399621911 0.563559889793396 844
1615399656101 0.5456184148788452 845
1615399690385 0.5676432847976685 846
1615399724736 0.5696015357971191 847
1615399759221 0.5226081013679504 848
1615399794234 0.5097816586494446 849
1615399831010 0.5390244722366333 850
1615399865683 0.5878424644470215 851
1615399900133 0.6028549671173096 852
1615399934504 0.5219987630844116 853
1615399968778 0.5366957187652588 854
1615400003006 0.5413792133331299 855
1615400037390 0.5577374696731567 856
1615400071752 0.5216257572174072 857
1615400106317 0.5553673505783081 858
1615400140603 0.5645657777786255 859
1615400176502 0.5762742757797241 860
1615400210680 0.515619158744812 861
1615400244897 0.5491175651550293 862
1615400279105 0.5316108465194702 863
1615400313317 0.506931483745575 864
1615400347531 0.5435463786125183 865
1615400381743 0.5275334715843201 866
1615400416014 0.5743144154548645 867
1615400450236 0.5260082483291626 868
1615400484548 0.535286545753479 869
1615400520509 0.5776115655899048 870
1615400554861 0.5442280173301697 871
1615400589488 0.5696436762809753 872
1615400624002 0.5271654725074768 873
1615400658537 0.5620948076248169 874
1615400692941 0.5526313781738281 875
1615400727344 0.5799560546875 876
1615400761733 0.5403633117675781 877
1615400796091 0.4990413188934326 878
1615400830510 0.5809355974197388 879
1615400866904 0.5662865042686462 880
1615400901228 0.540847897529602 881
1615400935428 0.5498622059822083 882
1615400969759 0.5175639390945435 883
1615401004672 0.558895468711853 884
1615401039299 0.5370500087738037 885
1615401074020 0.5135537981987 886
1615401108587 0.5908468961715698 887
1615401142918 0.5500333309173584 888
1615401177532 0.5045056343078613 889
1615401213897 0.5467509031295776 890
1615401248231 0.5918883085250854 891
1615401282530 0.5465034246444702 892
1615401316964 0.5584849119186401 893
1615401351378 0.5567492246627808 894
1615401385977 0.6134395599365234 895
1615401420364 0.5142099261283875 896
1615401454538 0.5198037028312683 897
1615401488734 0.5553961396217346 898
1615401523034 0.49499669671058655 899
1615401559163 0.5896645188331604 900
1615401593873 0.550408124923706 901
1615401628589 0.5668481588363647 902
1615401663073 0.5570460557937622 903
1615401697589 0.560520350933075 904
1615401731999 0.5443925261497498 905
1615401766346 0.5424908399581909 906
1615401800662 0.5275413393974304 907
1615401835092 0.5306503772735596 908
1615401869499 0.5362982749938965 909
1615401905506 0.5661689043045044 910
1615401939990 0.5704014301300049 911
1615401974245 0.5167970657348633 912
1615402008570 0.5494634509086609 913
1615402042878 0.5791096687316895 914
1615402077265 0.4992997646331787 915
1615402111525 0.5736556053161621 916
1615402145815 0.493668794631958 917
1615402180167 0.5545749664306641 918
1615402214592 0.5463244915008545 919
1615402251053 0.5519925355911255 920
1615402285410 0.5408329963684082 921
1615402319916 0.5478119850158691 922
1615402354224 0.5624751448631287 923
1615402388622 0.584296703338623 924
1615402422985 0.5394355058670044 925
1615402457476 0.5841252207756042 926
1615402491709 0.5681616067886353 927
1615402526234 0.5477344393730164 928
1615402560524 0.5575541853904724 929
1615402596405 0.5029162764549255 930
1615402630653 0.5524777770042419 931
1615402664894 0.5589341521263123 932
1615402699151 0.5561918616294861 933
1615402733433 0.5139195919036865 934
1615402767642 0.5351401567459106 935
1615402801926 0.5146721005439758 936
1615402836363 0.508880615234375 937
1615402870773 0.5427390336990356 938
1615402905403 0.5511636137962341 939
1615402941949 0.55550217628479 940
1615402976602 0.5223868489265442 941
1615403011185 0.5366319417953491 942
1615403045592 0.5194841027259827 943
1615403079965 0.5792644619941711 944
1615403114353 0.5617496967315674 945
1615403148775 0.590697169303894 946
1615403183051 0.48446428775787354 947
1615403217314 0.575130820274353 948
1615403251716 0.5861687660217285 949
1615403287909 0.54726243019104 950
1615403322138 0.5485531091690063 951
1615403356366 0.5947416424751282 952
1615403390649 0.5638160705566406 953
1615403424927 0.5684847831726074 954
1615403459199 0.5186079144477844 955
1615403493524 0.5656204223632812 956
1615403527729 0.5474231243133545 957
1615403561922 0.5724621415138245 958
1615403596267 0.556960940361023 959
1615403632298 0.507611870765686 960
1615403666802 0.5482429265975952 961
1615403701403 0.5624628067016602 962
1615403735931 0.5497449040412903 963
1615403770425 0.556411862373352 964
1615403804846 0.5960263609886169 965
1615403839187 0.5251398682594299 966
1615403873542 0.5590016841888428 967
1615403908103 0.5978951454162598 968
1615403942721 0.5495185852050781 969
1615403978757 0.540101170539856 970
1615404012997 0.5786510705947876 971
1615404047296 0.5487743020057678 972
1615404081572 0.5413112640380859 973
1615404115762 0.5485076904296875 974
1615404149980 0.5264055728912354 975
1615404184314 0.5649150609970093 976
1615404218575 0.5670528411865234 977
1615404252950 0.5044436454772949 978
1615404287668 0.5622305274009705 979
1615404323915 0.5002257227897644 980
1615404358255 0.541310727596283 981
1615404392609 0.5384073257446289 982
1615404427207 0.5474463105201721 983
1615404461495 0.6044633388519287 984
1615404495782 0.5727452039718628 985
1615404529973 0.5762159824371338 986
1615404564197 0.547433614730835 987
1615404598498 0.5668017864227295 988
1615404632933 0.566338062286377 989
1615404669058 0.5334858894348145 990
1615404703393 0.5456582903862 991
1615404737958 0.5846389532089233 992
1615404772152 0.5383032560348511 993
1615404806564 0.5896965265274048 994
1615404840833 0.5857205986976624 995
1615404875068 0.571064829826355 996
1615404909215 0.6020651459693909 997
1615404943400 0.5538171529769897 998
1615404977786 0.526373028755188 999
1615405013616 0.5865401029586792 1000
1615405047880 0.5762701034545898 1001
1615405082206 0.5830541253089905 1002
1615405116536 0.5608444213867188 1003
1615405151207 0.5486286282539368 1004
1615405185627 0.5472284555435181 1005
1615405220360 0.5400018692016602 1006
1615405254857 0.5519185066223145 1007
1615405289317 0.5499464273452759 1008
1615405323763 0.522853434085846 1009
1615405359756 0.5183395147323608 1010
1615405394162 0.5787773132324219 1011
1615405428659 0.548774003982544 1012
1615405462947 0.5261601805686951 1013
1615405497220 0.5651312470436096 1014
1615405531495 0.5493559241294861 1015
1615405566009 0.5640223026275635 1016
1615405600276 0.5369076132774353 1017
1615405634495 0.5715488195419312 1018
1615405668793 0.5753412246704102 1019
1615405704606 0.567378044128418 1020
1615405738937 0.5390915274620056 1021
1615405773201 0.5044398307800293 1022
1615405807780 0.5759820938110352 1023
1615405841979 0.5455726981163025 1024
1615405876218 0.5120707154273987 1025
1615405910470 0.5833024978637695 1026
1615405945081 0.5428007245063782 1027
1615405979794 0.5517776608467102 1028
1615406014892 0.5837698578834534 1029
1615406050969 0.5378977656364441 1030
1615406085419 0.5322778224945068 1031
1615406119666 0.5540399551391602 1032
1615406153977 0.5712461471557617 1033
1615406188370 0.5763571262359619 1034
1615406222656 0.5620452165603638 1035
1615406257223 0.5660018920898438 1036
1615406291493 0.5794196128845215 1037
1615406325712 0.5458323955535889 1038
1615406360017 0.5448246002197266 1039
1615406395896 0.5354067087173462 1040
1615406430203 0.5886658430099487 1041
1615406464453 0.5566751956939697 1042
1615406498906 0.5515521764755249 1043
1615406533519 0.5374647378921509 1044
1615406568070 0.5915225148200989 1045
1615406602575 0.5395900011062622 1046
1615406637117 0.5280262231826782 1047
1615406671507 0.5616019368171692 1048
1615406705922 0.5488017797470093 1049
1615406742145 0.5743100643157959 1050
1615406776565 0.5400451421737671 1051
1615406810866 0.5158278942108154 1052
1615406845140 0.5580337047576904 1053
1615406879626 0.5540512800216675 1054
1615406913924 0.5386203527450562 1055
1615406948223 0.5860767364501953 1056
1615406982645 0.5805824995040894 1057
1615407016835 0.5016154050827026 1058
1615407051127 0.49431443214416504 1059
1615407087003 0.5470399856567383 1060
1615407121215 0.5562785863876343 1061
1615407155411 0.5263190269470215 1062
1615407189766 0.5251470804214478 1063
1615407224033 0.5030937790870667 1064
1615407258267 0.5283628702163696 1065
1615407292573 0.5686080455780029 1066
1615407327305 0.5263711214065552 1067
1615407361926 0.5329819917678833 1068
1615407396571 0.5738196969032288 1069
1615407432774 0.5253986120223999 1070
1615407467279 0.5559865832328796 1071
1615407501789 0.5013889670372009 1072
1615407536165 0.5294244289398193 1073
1615407570529 0.5339640974998474 1074
1615407604873 0.5754702091217041 1075
1615407639337 0.5522986650466919 1076
1615407673665 0.5356204509735107 1077
1615407708009 0.5597567558288574 1078
1615407742422 0.555091381072998 1079
1615407778467 0.5330367088317871 1080
1615407812756 0.520037055015564 1081
1615407847022 0.5158388614654541 1082
1615407881180 0.5008265972137451 1083
1615407915356 0.5297027230262756 1084
1615407949562 0.526922345161438 1085
1615407983841 0.5614049434661865 1086
1615408018142 0.5681072473526001 1087
1615408052434 0.5541685819625854 1088
1615408086706 0.5475217700004578 1089
1615408122571 0.5543454885482788 1090
1615408157037 0.5658667087554932 1091
1615408191536 0.5435621738433838 1092
1615408225956 0.5541046857833862 1093
1615408260291 0.5194679498672485 1094
1615408294919 0.5668375492095947 1095
1615408329241 0.5768579244613647 1096
1615408363624 0.5256860256195068 1097
1615408398144 0.5483254194259644 1098
1615408432358 0.5817945003509521 1099
1615408468435 0.5758107900619507 1100
1615408502667 0.5695015788078308 1101
1615408538762 0.5361801385879517 1102
1615408573050 0.5795291066169739 1103
1615408607422 0.5644996166229248 1104
1615408641811 0.5233246088027954 1105
1615408676475 0.5729866027832031 1106
1615408710707 0.5327253341674805 1107
1615408745056 0.5669393539428711 1108
1615408779384 0.5836677551269531 1109
1615408815294 0.6061104536056519 1110
1615408849557 0.5377219915390015 1111
1615408883854 0.5282623767852783 1112
1615408918209 0.5376033186912537 1113
1615408952686 0.5767114162445068 1114
1615408987438 0.5497509241104126 1115
1615409022126 0.5917925238609314 1116
1615409056644 0.5710092782974243 1117
1615409091122 0.5673438310623169 1118
1615409125636 0.5179165005683899 1119
1615409161980 0.5620546340942383 1120
1615409196261 0.5536350011825562 1121
1615409230580 0.5415371656417847 1122
1615409264924 0.5506311655044556 1123
1615409299164 0.5516965389251709 1124
1615409333559 0.5628008842468262 1125
1615409367951 0.5634979605674744 1126
1615409402270 0.5789517164230347 1127
1615409436791 0.5641893744468689 1128
1615409471016 0.5673263072967529 1129
1615409506996 0.5863060355186462 1130
1615409541322 0.5263484716415405 1131
1615409575546 0.593130886554718 1132
1615409609772 0.5675541162490845 1133
1615409643967 0.5498210787773132 1134
1615409678320 0.549912691116333 1135
1615409712546 0.5948875546455383 1136
1615409746729 0.5665127038955688 1137
1615409780923 0.5422894954681396 1138
1615409815231 0.5393529534339905 1139
1615409851400 0.5443537831306458 1140
1615409886014 0.5198910236358643 1141
1615409920651 0.5479778051376343 1142
1615409955489 0.5681847333908081 1143
1615409990162 0.5430291891098022 1144
1615410024563 0.5794391632080078 1145
1615410059129 0.5442687273025513 1146
1615410093557 0.6018626689910889 1147
1615410127912 0.5688450336456299 1148
1615410162485 0.5532504320144653 1149
1615410198603 0.5542811751365662 1150
1615410232917 0.5550380945205688 1151
1615410267154 0.5459549427032471 1152
1615410301578 0.5315226316452026 1153
1615410336032 0.5326106548309326 1154
1615410370405 0.5392920970916748 1155
1615410404743 0.5820380449295044 1156
1615410438938 0.5519500374794006 1157
1615410473222 0.5673357248306274 1158
1615410507441 0.5098859071731567 1159
1615410543215 0.5348720550537109 1160
1615410577523 0.5479569435119629 1161
1615410611926 0.6057706475257874 1162
1615410646246 0.5706173181533813 1163
1615410680787 0.5599938631057739 1164
1615410715293 0.5247628688812256 1165
1615410749632 0.5552219152450562 1166
1615410784054 0.5526017546653748 1167
1615410818519 0.5321860313415527 1168
1615410852988 0.553817868232727 1169
1615410889287 0.5632343292236328 1170
1615410923658 0.5656747817993164 1171
1615410957930 0.5490350723266602 1172
1615410992324 0.5199858546257019 1173
1615411026721 0.5629411339759827 1174
1615411061416 0.5373449325561523 1175
1615411095658 0.5787951946258545 1176
1615411129879 0.5874309539794922 1177
1615411164128 0.5226105451583862 1178
1615411198368 0.5501388311386108 1179
1615411234215 0.5408653616905212 1180
1615411268481 0.5993926525115967 1181
1615411302905 0.5309116840362549 1182
1615411337613 0.549599289894104 1183
1615411372336 0.5533468723297119 1184
1615411406870 0.552695631980896 1185
1615411441548 0.5430883765220642 1186
1615411475897 0.5496523380279541 1187
1615411510264 0.5451431274414062 1188
1615411544654 0.595422625541687 1189
1615411580777 0.559087872505188 1190
1615411615137 0.5574997663497925 1191
1615411649633 0.5910834074020386 1192
1615411683921 0.529158353805542 1193
1615411718268 0.5375621914863586 1194
1615411752433 0.5509834289550781 1195
1615411786682 0.5510013699531555 1196
1615411820973 0.5491566061973572 1197
1615411855142 0.5597646236419678 1198
1615411889363 0.5672647953033447 1199
1615411925229 0.532791256904602 1200
1615411946916 0.5777917504310608 0
1615411946929 0.5777917504310608 0
