1615370490883 0.004225083626806736 1
1615370525506 0.0007952760788612068 2
1615370559810 0.0013669207692146301 3
1615370594093 0.0002940018894150853 4
1615370628361 0.00016320982831530273 5
1615370662731 0.00023987158783711493 6
1615370697003 3.8076377677498385e-05 7
1615370731538 1.6922992926993174e-06 8
1615370765659 3.210524664609693e-05 9
1615370801630 9.720522939460352e-06 10
1615370835878 0.0 11
1615370870080 0.0 12
1615370904249 4.4647247705142945e-05 13
1615370938714 6.553641287609935e-05 14
1615370973028 3.691194478960824e-07 15
1615371007304 0.0 16
1615371041466 0.0 17
1615371075991 0.0 18
1615371110321 0.0 19
1615371146452 8.153764611051884e-06 20
1615371180819 0.0 21
1615371215170 0.0 22
1615371249583 0.0 23
1615371283839 0.0 24
1615371318143 0.0 25
1615371352391 2.095987838401925e-06 26
1615371386852 0.0 27
1615371421379 0.0 28
1615371455696 0.0 29
1615371491500 0.0 30
1615371525772 6.429792733797512e-07 31
1615371560091 1.803322447813116e-05 32
1615371594293 0.0 33
1615371628501 0.0 34
1615371663080 0.0 35
1615371697668 1.7483128544881765e-07 36
1615371732382 0.0 37
1615371766948 8.622027394267207e-07 38
1615371801503 0.0 39
1615371837822 0.0 40
1615371872449 0.0 41
1615371906757 0.0 42
1615371941050 0.0 43
1615371975293 0.0 44
1615372009748 0.0 45
1615372044113 0.0 46
1615372078531 0.0 47
1615372112844 0.0 48
1615372147102 0.0 49
1615372183054 0.0 50
1615372217233 0.0 51
1615372251379 0.0 52
1615372285591 0.0 53
1615372319841 0.0 54
1615372354450 1.056456994774635e-06 55
1615372389550 0.0 56
1615372424199 0.0 57
1615372458731 0.0 58
1615372493320 0.0 59
1615372529533 0.0 60
1615372563777 0.0 61
1615372597997 0.0 62
1615372632219 0.0 63
1615372666514 0.0 64
1615372700812 0.0 65
1615372734995 0.0 66
1615372769250 0.0 67
1615372803402 0.0 68
1615372837794 0.0 69
1615372874026 0.0 70
1615372908475 0.0 71
1615372943022 0.0 72
1615372977696 0.0 73
1615373012128 0.0 74
1615373046376 0.0 75
1615373080716 0.0 76
1615373114975 0.0 77
1615373149292 0.0 78
1615373183636 0.0 79
1615373220477 0.0 80
1615373255250 0.0 81
1615373289492 6.731645407853648e-05 82
1615373323776 0.0 83
1615373357981 0.0 84
1615373392216 0.0 85
1615373426464 1.3747169305133866e-06 86
1615373460642 0.0 87
1615373494777 0.0 88
1615373529227 0.0 89
1615373565654 0.0 90
1615373600344 0.0 91
1615373635057 9.766504081198946e-05 92
1615373669576 0.0015236168401315808 93
1615373703859 0.0 94
1615373738150 0.0 95
1615373772457 0.0004171935433987528 96
1615373806753 2.2658166471956065e-06 97
1615373841473 0.0 98
1615373875675 0.0 99
1615373911557 0.0 100
1615373945770 0.0028999880887567997 101
1615373980039 0.0 102
1615374014285 0.0 103
1615374048468 0.0 104
1615374082802 0.0 105
1615374117478 0.0 106
1615374151786 5.677219178323867e-06 107
1615374186343 0.0 108
1615374220685 0.0 109
1615374256724 0.0 110
1615374290914 0.0 111
1615374325182 0.0 112
1615374359566 0.0 113
1615374393860 0.0 114
1615374428127 0.0 115
1615374462713 0.0 116
1615374496945 0.0 117
1615374531228 0.0 118
1615374565504 0.0 119
1615374601509 8.030212484300137e-05 120
1615374635780 0.0 121
1615374670004 0.0 122
1615374704195 7.885216473368928e-05 123
1615374738484 0.0 124
1615374772767 0.0 125
1615374807009 0.0 126
1615374841480 0.0 127
1615374876308 0.0 128
1615374910722 0.0 129
1615374947491 0.0 130
1615374982156 0.0 131
1615375016444 0.00012827599130105227 132
1615375050805 0.0 133
1615375085304 0.0 134
1615375119605 4.251429345458746e-06 135
1615375153861 1.547833926451858e-05 136
1615375188154 0.0002334866439923644 137
1615375222651 0.0015136696165427566 138
1615375256999 9.474285616306588e-05 139
1615375292969 0.0 140
1615375327218 5.073648935649544e-05 141
1615375361520 6.6348300606478e-05 142
1615375395713 0.0 143
1615375430032 0.0 144
1615375464508 0.0 145
1615375499860 9.066018833436829e-07 146
1615375534575 0.0 147
1615375569071 7.24276396795176e-05 148
1615375603388 6.8805543378402945e-06 149
1615375639576 0.0 150
1615375674025 0.0 151
1615375708357 0.0 152
1615375742953 0.0 153
1615375777215 2.7508045604918152e-05 154
1615375811437 0.0 155
1615375845618 0.0 156
1615375879818 8.51102157639616e-08 157
1615375914065 0.0024984001647681 158
1615375948289 0.0 159
1615375984113 0.0 160
1615376018400 4.9550504627404734e-05 161
1615376052658 9.764432888914598e-07 162
1615376086984 3.0092343877186067e-05 163
1615376121375 0.0 164
1615376155788 3.387847755220719e-05 165
1615376190227 0.0008315968443639576 166
1615376224694 0.0001374512939946726 167
1615376259240 0.0012988803209736943 168
1615376293714 0.0045278980396687984 169
1615376329968 0.00039949879283085465 170
1615376364290 0.0002996997209265828 171
1615376398499 0.0006928874645382166 172
1615376432703 0.0031996991019695997 173
1615376467209 0.00047155178617686033 174
1615376501782 0.0011012128088623285 175
1615376536139 0.0013701379066333175 176
1615376570422 0.0034166716504842043 177
1615376604593 7.031539553281618e-06 178
1615376638891 6.428623692045221e-06 179
1615376674831 0.0007117295754142106 180
1615376709065 0.0 181
1615376743346 5.884317943127826e-05 182
1615376778095 0.0 183
1615376812533 0.0005951068596914411 184
1615376846939 3.833114021745132e-07 185
1615376881228 0.0010656078811734915 186
1615376915550 0.00012623218935914338 187
1615376949773 0.0008099976694211364 188
1615376984068 9.496811230746971e-07 189
1615377020141 0.00022240295947995037 190
1615377054310 0.0026940573006868362 191
1615377088628 0.0002575505059212446 192
1615377122898 0.01498451828956604 193
1615377157197 2.9421717044897377e-06 194
1615377191404 0.0004122610844206065 195
1615377225989 5.019615127821453e-05 196
1615377260246 1.1340706805640366e-05 197
1615377294459 0.0020888049621134996 198
1615377328636 0.009485040791332722 199
1615377364304 9.162937931250781e-05 200
1615377398454 3.5622048017103225e-05 201
1615377432718 0.0 202
1615377467170 3.548026870703325e-05 203
1615377501829 0.0003436724073253572 204
1615377536534 2.663055624907429e-07 205
1615377571088 0.002168323379009962 206
1615377605606 0.004993928596377373 207
1615377640096 0.0001096995547413826 208
1615377674567 0.002669110195711255 209
1615377710677 0.0 210
1615377745006 1.0244276381854434e-05 211
1615377779559 0.0008495479705743492 212
1615377813835 0.00010668136383173987 213
1615377848116 0.0005817755591124296 214
1615377882395 0.004688846413046122 215
1615377916682 0.0022533535957336426 216
1615377950888 0.0007063766825012863 217
1615377985129 6.246060820558341e-06 218
1615378019272 0.014152059331536293 219
1615378054981 0.0003146603121422231 220
1615378089207 0.00169613107573241 221
1615378123476 0.0026065849233418703 222
1615378157989 0.00011385997640900314 223
1615378192493 1.6659321772749536e-05 224
1615378226959 1.7334345102426596e-05 225
1615378261657 3.498143269098364e-05 226
1615378296407 0.0 227
1615378330820 0.0006319432286545634 228
1615378365095 0.00149652105756104 229
1615378401043 2.3395892640110105e-05 230
1615378435464 0.0004988559521734715 231
1615378469837 7.461191125912592e-05 232
1615378504378 0.002738334471359849 233
1615378538643 0.0003332292544655502 234
1615378572878 0.007115553133189678 235
1615378607107 0.00022147408162709326 236
1615378641392 0.0005282292841002345 237
1615378675733 0.009272064082324505 238
1615378709970 0.004092708230018616 239
1615378745760 0.013661413453519344 240
1615378780055 0.006677383091300726 241
1615378814633 0.010087904520332813 242
1615378849228 0.0031185317784547806 243
1615378883693 0.002474305685609579 244
1615378918094 0.019536908715963364 245
1615378952511 0.007701253052800894 246
1615378986853 0.006719536148011684 247
1615379021237 0.01482199877500534 248
1615379055717 0.005176310893148184 249
1615379091746 0.015654703602194786 250
1615379126034 0.011881056241691113 251
1615379160409 0.006063608452677727 252
1615379195211 0.020156612619757652 253
1615379229566 0.01092673372477293 254
1615379263779 0.017551731318235397 255
1615379298092 0.011242891661822796 256
1615379332238 0.005028236657381058 257
1615379366556 0.0030309390276670456 258
1615379400813 0.010037537664175034 259
1615379436731 0.022129634395241737 260
1615379470999 0.014761202037334442 261
1615379505426 0.02896825224161148 262
1615379539887 0.012865839526057243 263
1615379574425 0.013164553791284561 264
1615379609206 0.0019284070003777742 265
1615379643659 0.0020633884705603123 266
1615379678230 0.003970743622630835 267
1615379712716 0.0024994402192533016 268
1615379747011 0.013576094061136246 269
1615379783032 0.034702688455581665 270
1615379817429 0.007781573571264744 271
1615379851782 0.011501690372824669 272
1615379886429 0.03014720231294632 273
1615379920670 0.015063326805830002 274
1615379954923 0.008267104625701904 275
1615379989188 0.012643366120755672 276
1615380023342 0.012777331285178661 277
1615380057568 0.02086443267762661 278
1615380091828 0.019350405782461166 279
1615380127707 0.004174302332103252 280
1615380162270 0.007738400250673294 281
1615380196656 0.0336015522480011 282
1615380231195 0.011065728962421417 283
1615380265564 0.016612958163022995 284
1615380300068 0.022515393793582916 285
1615380334451 0.017718054354190826 286
1615380368954 0.01262736041098833 287
1615380403202 0.00803558062762022 288
1615380437520 0.008861450478434563 289
1615380473730 0.007937422953546047 290
1615380507946 0.014861160889267921 291
1615380542276 0.06255888938903809 292
1615380576577 0.024918049573898315 293
1615380610915 0.011331792920827866 294
1615380645107 0.0235605426132679 295
1615380679377 0.01820138841867447 296
1615380713840 0.036529846489429474 297
1615380748227 0.029508180916309357 298
1615380782521 0.01908554509282112 299
1615380818400 0.03574496507644653 300
1615380852721 0.017379095777869225 301
1615380887036 0.011239223182201385 302
1615380921397 0.028294268995523453 303
1615380955772 0.04850808158516884 304
1615380990096 0.018470974639058113 305
1615381024448 0.017540218308568 306
1615381058806 0.028738901019096375 307
1615381093085 0.03742498904466629 308
1615381127465 0.060401879251003265 309
1615381163431 0.01746532693505287 310
1615381197744 0.0392562672495842 311
1615381232120 0.013884193263947964 312
1615381266509 0.04194802790880203 313
1615381300917 0.04248105734586716 314
1615381335147 0.028158871456980705 315
1615381369346 0.03900042176246643 316
1615381403746 0.03437953442335129 317
1615381437983 0.028046872466802597 318
1615381472186 0.021860171109437943 319
1615381508103 0.02515561506152153 320
1615381542369 0.02135802060365677 321
1615381576613 0.032685570418834686 322
1615381610854 0.020936377346515656 323
1615381645214 0.030972976237535477 324
1615381679800 0.03138851374387741 325
1615381714627 0.06131051480770111 326
1615381749214 0.0370686873793602 327
1615381783773 0.032623451203107834 328
1615381818135 0.05112028121948242 329
1615381854472 0.036891575902700424 330
1615381888809 0.03153213858604431 331
1615381923019 0.03700685128569603 332
1615381957664 0.01367250643670559 333
1615381991992 0.03424566611647606 334
1615382026197 0.0358673632144928 335
1615382060542 0.08899590373039246 336
1615382094680 0.06816192716360092 337
1615382128906 0.06332473456859589 338
1615382163178 0.056273654103279114 339
1615382199139 0.026320207864046097 340
1615382233572 0.06339889019727707 341
1615382268970 0.10480089485645294 342
1615382303685 0.08134768903255463 343
1615382338153 0.040759630501270294 344
1615382372384 0.06213313341140747 345
1615382406687 0.0486481636762619 346
1615382441130 0.0689457431435585 347
1615382475561 0.07678011059761047 348
1615382510038 0.06479012221097946 349
1615382546072 0.06001822650432587 350
1615382580440 0.07824797928333282 351
1615382614703 0.11106494069099426 352
1615382648915 0.04561822488903999 353
1615382683135 0.0756596028804779 354
1615382717469 0.06731509417295456 355
1615382751820 0.057172730565071106 356
1615382786159 0.042428676038980484 357
1615382820595 0.07150217145681381 358
1615382855062 0.06104345619678497 359
1615382891155 0.06741227209568024 360
1615382925662 0.09005522727966309 361
1615382960093 0.034922271966934204 362
1615382994425 0.05009583383798599 363
1615383028810 0.08965310454368591 364
1615383063024 0.050702907145023346 365
1615383097360 0.044685885310173035 366
1615383131725 0.05927848443388939 367
1615383166060 0.0872354656457901 368
1615383200472 0.04600682854652405 369
1615383236696 0.0594182051718235 370
1615383270976 0.05602673441171646 371
1615383305239 0.0777672678232193 372
1615383339448 0.08051222562789917 373
1615383373676 0.04159969091415405 374
1615383407883 0.049057912081480026 375
1615383442104 0.07257190346717834 376
1615383476485 0.04445134103298187 377
1615383511476 0.030230741947889328 378
1615383546358 0.01024501770734787 379
1615383582632 0.03578706085681915 380
1615383617068 0.03266311436891556 381
1615383651474 0.07582052052021027 382
1615383685797 0.04214335232973099 383
1615383720110 0.04582107439637184 384
1615383754406 0.08320464193820953 385
1615383788672 0.07185450196266174 386
1615383823089 0.06266088783740997 387
1615383857546 0.0505760982632637 388
1615383891910 0.057495661079883575 389
1615383927744 0.061520449817180634 390
1615383961902 0.04588592052459717 391
1615383996131 0.043380264192819595 392
1615384030386 0.06047888100147247 393
1615384064768 0.06174091249704361 394
1615384099891 0.06717796623706818 395
1615384134417 0.08711963891983032 396
1615384168738 0.09511440247297287 397
1615384203101 0.05506448820233345 398
1615384237445 0.07456587255001068 399
1615384273468 0.044970497488975525 400
1615384307836 0.0666516125202179 401
1615384343157 0.060103606432676315 402
1615384377394 0.054085761308670044 403
1615384411670 0.07209479063749313 404
1615384445916 0.02974267676472664 405
1615384480100 0.09006738662719727 406
1615384514347 0.07409848272800446 407
1615384548515 0.09253740310668945 408
1615384582776 0.08616684377193451 409
1615384618602 0.09452760964632034 410
1615384652843 0.07614845782518387 411
1615384687203 0.09264019876718521 412
1615384721658 0.06625555455684662 413
1615384756427 0.04683505743741989 414
1615384791007 0.09840990602970123 415
1615384825523 0.0834377110004425 416
1615384859983 0.04408712685108185 417
1615384894344 0.08140906691551208 418
1615384928726 0.09000864624977112 419
1615384964519 0.08546695113182068 420
1615384998847 0.11562548577785492 421
1615385033292 0.051062628626823425 422
1615385067664 0.06326650828123093 423
1615385101878 0.08553970605134964 424
1615385136165 0.046660978347063065 425
1615385170905 0.05740223079919815 426
1615385205107 0.06054665893316269 427
1615385239322 0.061528898775577545 428
1615385273506 0.06237100064754486 429
1615385309351 0.04888397827744484 430
1615385343633 0.03592093288898468 431
1615385377825 0.08186984062194824 432
1615385412049 0.05055157467722893 433
1615385446280 0.07064305245876312 434
1615385480622 0.07520914077758789 435
1615385515219 0.048854704946279526 436
1615385549688 0.09331915527582169 437
1615385584357 0.07722295820713043 438
1615385618943 0.09450595080852509 439
1615385656503 0.08115968108177185 440
1615385690843 0.0703793317079544 441
1615385725203 0.0873754695057869 442
1615385759504 0.075708769261837 443
1615385793741 0.09417043626308441 444
1615385828114 0.08757931739091873 445
1615385862519 0.06239674612879753 446
1615385896729 0.07130292803049088 447
1615385931121 0.06269219517707825 448
1615385965461 0.10050405561923981 449
1615386001438 0.09041471034288406 450
1615386035698 0.06925956904888153 451
1615386069973 0.12323836982250214 452
1615386104340 0.07709692418575287 453
1615386138730 0.0862467959523201 454
1615386173187 0.11971035599708557 455
1615386207620 0.10788031667470932 456
1615386242088 0.08155634999275208 457
1615386276646 0.08789661526679993 458
1615386311056 0.07980591803789139 459
1615386347153 0.10035812854766846 460
1615386381528 0.10052058100700378 461
1615386415925 0.12096245586872101 462
1615386450312 0.07860326021909714 463
1615386484526 0.0941230058670044 464
1615386518888 0.12669749557971954 465
1615386553242 0.09505563974380493 466
1615386587495 0.13117976486682892 467
1615386621747 0.07849185168743134 468
1615386655990 0.09509630501270294 469
1615386691756 0.10131552070379257 470
1615386725914 0.04807617515325546 471
1615386760128 0.0815514326095581 472
1615386794454 0.1280517876148224 473
1615386828704 0.10320162028074265 474
1615386863051 0.07158221304416656 475
1615386897489 0.08900640159845352 476
1615386931957 0.07448579370975494 477
1615386966696 0.09803835302591324 478
1615387001604 0.11750856786966324 479
1615387038162 0.08719098567962646 480
1615387072659 0.10322865843772888 481
1615387107118 0.1106327474117279 482
1615387141463 0.08064761757850647 483
1615387175920 0.11500297486782074 484
1615387210767 0.1178094744682312 485
1615387245051 0.07872074097394943 486
1615387279311 0.07647505402565002 487
1615387313563 0.0650087296962738 488
1615387347793 0.15353700518608093 489
1615387383686 0.11161684989929199 490
1615387417904 0.10636323690414429 491
1615387452243 0.11809729039669037 492
1615387486471 0.12241731584072113 493
1615387520692 0.07596655189990997 494
1615387555118 0.11334112286567688 495
1615387589449 0.11907787621021271 496
1615387624021 0.09994624555110931 497
1615387658518 0.13136029243469238 498
1615387693090 0.07623263448476791 499
1615387729602 0.12948031723499298 500
1615387764074 0.11702396720647812 501
1615387798518 0.08226906508207321 502
1615387832847 0.12022958695888519 503
1615387867207 0.0849185585975647 504
1615387901532 0.10431869328022003 505
1615387936176 0.10022381693124771 506
1615387970523 0.11468455195426941 507
1615388004797 0.061671122908592224 508
1615388039043 0.08637188374996185 509
1615388074941 0.09018141776323318 510
1615388109210 0.06973942369222641 511
1615388143584 0.1509886085987091 512
1615388178027 0.14101454615592957 513
1615388212571 0.07555023580789566 514
1615388247048 0.09568729996681213 515
1615388281653 0.09482543915510178 516
1615388316171 0.0913248211145401 517
1615388350441 0.12542763352394104 518
1615388384719 0.09981073439121246 519
1615388420871 0.12589752674102783 520
1615388455396 0.1270841509103775 521
1615388489666 0.09499270468950272 522
1615388523912 0.09647698700428009 523
1615388558139 0.14994867146015167 524
1615388592360 0.12880432605743408 525
1615388626659 0.08650075644254684 526
1615388660778 0.10147909820079803 527
1615388695120 0.11354847252368927 528
1615388729783 0.12539374828338623 529
1615388765937 0.10298588126897812 530
1615388800492 0.11087801307439804 531
1615388835224 0.10533841699361801 532
1615388869748 0.10777202248573303 533
1615388904094 0.09259642660617828 534
1615388938451 0.14712074398994446 535
1615388972917 0.13619917631149292 536
1615389007254 0.10727018117904663 537
1615389041690 0.12078811228275299 538
1615389075933 0.11934631317853928 539
1615389112382 0.16498805582523346 540
1615389146604 0.14127910137176514 541
1615389180833 0.07160229980945587 542
1615389215024 0.10662557184696198 543
1615389249271 0.12131894379854202 544
1615389283462 0.1356784999370575 545
1615389317736 0.0963614284992218 546
1615389352273 0.0997420996427536 547
1615389386829 0.1119556725025177 548
1615389421473 0.12525299191474915 549
1615389457720 0.09780558198690414 550
1615389492296 0.12173625826835632 551
1615389526821 0.12117161601781845 552
1615389561304 0.13467660546302795 553
1615389595558 0.10929414629936218 554
1615389629975 0.15306633710861206 555
1615389664534 0.13615749776363373 556
1615389698861 0.11511041224002838 557
1615389733188 0.11404632031917572 558
1615389767604 0.09786371886730194 559
1615389803817 0.11983407288789749 560
1615389838031 0.13524815440177917 561
1615389872747 0.05131152644753456 562
1615389906987 0.09025450795888901 563
1615389941214 0.1340797245502472 564
1615389975422 0.08409300446510315 565
1615390009630 0.14202095568180084 566
1615390043869 0.16841882467269897 567
1615390078164 0.10774222016334534 568
1615390112516 0.13778607547283173 569
1615390148588 0.10350213944911957 570
1615390183170 0.10236648470163345 571
1615390217587 0.16450008749961853 572
1615390252283 0.16544273495674133 573
1615390286810 0.132266104221344 574
1615390321464 0.13379539549350739 575
1615390355826 0.12365207076072693 576
1615390390126 0.16595619916915894 577
1615390424359 0.11751027405261993 578
1615390458696 0.11688712239265442 579
1615390495045 0.11875124275684357 580
1615390529283 0.15987955033779144 581
1615390563548 0.16900014877319336 582
1615390598016 0.14826050400733948 583
1615390632394 0.08779013156890869 584
1615390666627 0.1595894992351532 585
1615390700850 0.14215338230133057 586
1615390735077 0.13908424973487854 587
1615390769354 0.17985671758651733 588
1615390803678 0.13008147478103638 589
1615390839510 0.13779526948928833 590
1615390873763 0.12768647074699402 591
1615390907978 0.1344441920518875 592
1615390942232 0.1483592391014099 593
1615390976474 0.14273807406425476 594
1615391010842 0.12126534432172775 595
1615391045106 0.15417727828025818 596
1615391079463 0.1286855936050415 597
1615391113855 0.1561838686466217 598
1615391148734 0.10372824221849442 599
1615391184749 0.13983291387557983 600
1615391219175 0.1717490255832672 601
1615391253496 0.12258019298315048 602
1615391287808 0.09207320958375931 603
1615391322039 0.11575788259506226 604
1615391356372 0.09600825607776642 605
1615391390872 0.17133879661560059 606
1615391425085 0.14100009202957153 607
1615391459288 0.15797631442546844 608
1615391493886 0.1361083686351776 609
1615391529744 0.15496492385864258 610
1615391563948 0.09959189593791962 611
1615391598234 0.12938685715198517 612
1615391632517 0.09758321940898895 613
1615391666776 0.12618595361709595 614
1615391701043 0.1360798478126526 615
1615391735462 0.1330086886882782 616
1615391769913 0.11316338181495667 617
1615391804631 0.1509932577610016 618
1615391839145 0.09199593216180801 619
1615391875341 0.1619645655155182 620
1615391909783 0.13191716372966766 621
1615391944359 0.0869293063879013 622
1615391978698 0.12259787321090698 623
1615392013037 0.1716337651014328 624
1615392047426 0.1259273886680603 625
1615392081808 0.14242872595787048 626
1615392116095 0.1062149703502655 627
1615392150363 0.14660733938217163 628
1615392184878 0.1490599811077118 629
1615392220771 0.15368658304214478 630
1615392254984 0.16363394260406494 631
1615392292009 0.10269704461097717 632
1615392326459 0.12582451105117798 633
1615392360953 0.14587706327438354 634
1615392395449 0.11122502386569977 635
1615392429992 0.10761485993862152 636
1615392464598 0.14243701100349426 637
1615392499099 0.12582048773765564 638
1615392533565 0.19588616490364075 639
1615392570114 0.12174084782600403 640
1615392604328 0.12492120265960693 641
1615392638695 0.14082832634449005 642
1615392673269 0.21382078528404236 643
1615392707577 0.13518297672271729 644
1615392741777 0.1302759349346161 645
1615392775983 0.18910934031009674 646
1615392810236 0.14221590757369995 647
1615392844488 0.14561191201210022 648
1615392878729 0.12362948060035706 649
1615392914711 0.14202521741390228 650
1615392949344 0.14835557341575623 651
1615392983767 0.1456613540649414 652
1615393018774 0.14595212042331696 653
1615393053637 0.15810570120811462 654
1615393088082 0.20623958110809326 655
1615393122439 0.1614559292793274 656
1615393156777 0.15209108591079712 657
1615393191212 0.13331711292266846 658
1615393225496 0.1665007770061493 659
1615393261751 0.15697193145751953 660
1615393296002 0.13801318407058716 661
1615393330235 0.10042236745357513 662
1615393364411 0.13333933055400848 663
1615393398657 0.11339791119098663 664
1615393432887 0.1889318823814392 665
1615393467163 0.1432102620601654 666
1615393501530 0.16508722305297852 667
1615393535877 0.16523239016532898 668
1615393570073 0.20360103249549866 669
1615393606203 0.16877618432044983 670
1615393640873 0.14002245664596558 671
1615393675452 0.14891140162944794 672
1615393709978 0.11009295284748077 673
1615393744324 0.1771266758441925 674
1615393778669 0.13803647458553314 675
1615393812841 0.1846630573272705 676
1615393847267 0.180834099650383 677
1615393881731 0.1540839672088623 678
1615393916104 0.157331183552742 679
1615393952317 0.18593204021453857 680
1615393986486 0.14784283936023712 681
1615394020758 0.1975463628768921 682
1615394055115 0.14194737374782562 683
1615394089287 0.12713561952114105 684
1615394123444 0.18038660287857056 685
1615394157649 0.21036659181118011 686
1615394191882 0.1976834088563919 687
1615394226234 0.12761226296424866 688
1615394260742 0.14631028473377228 689
1615394296972 0.1179250031709671 690
1615394331336 0.1555110216140747 691
1615394365834 0.1786482334136963 692
1615394400173 0.16524145007133484 693
1615394434564 0.16236697137355804 694
1615394468841 0.1979067325592041 695
1615394503079 0.16067448258399963 696
1615394537471 0.14952632784843445 697
1615394571845 0.13167814910411835 698
1615394606139 0.13109828531742096 699
1615394642423 0.15064573287963867 700
1615394676658 0.1837862730026245 701
1615394710992 0.19710764288902283 702
1615394745312 0.1674412488937378 703
1615394779683 0.16491197049617767 704
1615394814512 0.18050067126750946 705
1615394849489 0.1715700626373291 706
1615394884018 0.14202654361724854 707
1615394918502 0.14908240735530853 708
1615394952869 0.1690940260887146 709
1615394988786 0.1416521966457367 710
1615395023231 0.1943865418434143 711
1615395057482 0.15740002691745758 712
1615395091746 0.16237011551856995 713
1615395126294 0.12050612270832062 714
1615395160663 0.16180941462516785 715
1615395194924 0.14488568902015686 716
1615395229145 0.16793188452720642 717
1615395263465 0.2009047120809555 718
1615395297717 0.20401044189929962 719
1615395333586 0.17076674103736877 720
1615395368119 0.18875303864479065 721
1615395403408 0.1653374433517456 722
1615395437867 0.19256144762039185 723
1615395472393 0.1534612774848938 724
1615395506690 0.147490456700325 725
1615395541625 0.17232629656791687 726
1615395575858 0.21101683378219604 727
1615395610178 0.1462373584508896 728
1615395644429 0.17077723145484924 729
1615395680348 0.20999059081077576 730
1615395714592 0.16818618774414062 731
1615395748918 0.12484417855739594 732
1615395783228 0.17133459448814392 733
1615395817808 0.16934725642204285 734
1615395852266 0.13634394109249115 735
1615395886682 0.15444521605968475 736
1615395920964 0.18652227520942688 737
1615395955479 0.16923925280570984 738
1615395989902 0.22042685747146606 739
1615396025933 0.12997542321681976 740
1615396060177 0.18560299277305603 741
1615396094471 0.2128552794456482 742
1615396128872 0.1697942614555359 743
1615396163338 0.19154846668243408 744
1615396198152 0.16765552759170532 745
1615396232494 0.19026786088943481 746
1615396266754 0.19171829521656036 747
1615396300965 0.148806631565094 748
1615396335210 0.12468218058347702 749
1615396371133 0.14315664768218994 750
1615396406042 0.12875071167945862 751
1615396440730 0.1339712291955948 752
1615396475184 0.17418703436851501 753
1615396509641 0.17131638526916504 754
1615396544307 0.17121589183807373 755
1615396578728 0.16250842809677124 756
1615396612984 0.18266353011131287 757
1615396647394 0.2029159963130951 758
1615396681659 0.13926821947097778 759
1615396717627 0.17912496626377106 760
1615396751972 0.15306368470191956 761
1615396786298 0.1605486422777176 762
1615396820695 0.14274726808071136 763
1615396854973 0.15199929475784302 764
1615396889290 0.15209536254405975 765
1615396923527 0.15532374382019043 766
1615396957850 0.16715559363365173 767
1615396992094 0.17040348052978516 768
1615397026273 0.20147117972373962 769
1615397062186 0.17355835437774658 770
1615397096489 0.15140295028686523 771
1615397130997 0.1657092273235321 772
1615397165485 0.18389347195625305 773
1615397199959 0.16716773808002472 774
1615397234353 0.1435524821281433 775
1615397268742 0.20823456346988678 776
1615397303228 0.18479277193546295 777
1615397337524 0.19728180766105652 778
1615397371826 0.16247119009494781 779
1615397407717 0.1772576868534088 780
1615397441999 0.19642379879951477 781
1615397476417 0.17786911129951477 782
1615397510762 0.17693310976028442 783
1615397544933 0.18017128109931946 784
1615397579450 0.20792508125305176 785
1615397613717 0.19085411727428436 786
1615397648064 0.18790897727012634 787
1615397682405 0.19648775458335876 788
1615397718863 0.16657453775405884 789
1615397755081 0.15762962400913239 790
1615397789269 0.13274264335632324 791
1615397823486 0.17592883110046387 792
1615397857959 0.14856404066085815 793
1615397892892 0.1793489158153534 794
1615397927516 0.22688695788383484 795
1615397962074 0.18544569611549377 796
1615397996740 0.18509717285633087 797
1615398031040 0.14223700761795044 798
1615398065438 0.23770619928836823 799
1615398101440 0.18352046608924866 800
1615398135800 0.15496188402175903 801
1615398170583 0.183851957321167 802
1615398204860 0.16745129227638245 803
1615398239056 0.22107742726802826 804
1615398273369 0.15180134773254395 805
1615398307553 0.1792413294315338 806
1615398341855 0.17321616411209106 807
1615398376099 0.17458949983119965 808
1615398410353 0.1637648195028305 809
1615398446150 0.17205597460269928 810
1615398480477 0.13369899988174438 811
1615398514862 0.22606909275054932 812
1615398549187 0.19415098428726196 813
1615398584455 0.19019252061843872 814
1615398619204 0.1861189603805542 815
1615398653990 0.19352664053440094 816
1615398688459 0.19192510843276978 817
1615398722787 0.18017184734344482 818
1615398756994 0.1476748138666153 819
1615398793280 0.18891140818595886 820
1615398827730 0.1533680558204651 821
1615398862394 0.17179444432258606 822
1615398896647 0.19247423112392426 823
1615398930869 0.20494458079338074 824
1615398965224 0.16884122788906097 825
1615398999451 0.21038150787353516 826
1615399033910 0.15745651721954346 827
1615399068748 0.18325167894363403 828
1615399103308 0.15024912357330322 829
1615399139634 0.19288821518421173 830
1615399174194 0.1527569591999054 831
1615399208686 0.188877135515213 832
1615399242892 0.21876463294029236 833
1615399277158 0.17380428314208984 834
1615399311406 0.18594953417778015 835
1615399345623 0.17487862706184387 836
1615399379952 0.1742936372756958 837
1615399414329 0.1497834175825119 838
1615399448875 0.1729516088962555 839
1615399484773 0.20350457727909088 840
1615399519097 0.1457076072692871 841
1615399553387 0.19457820057868958 842
1615399587672 0.1992654800415039 843
1615399621911 0.1747637689113617 844
1615399656101 0.15924480557441711 845
1615399690385 0.2167251706123352 846
1615399724736 0.2171364426612854 847
1615399759221 0.16688470542430878 848
1615399794234 0.14709873497486115 849
1615399831010 0.2036982774734497 850
1615399865683 0.20044678449630737 851
1615399900133 0.1845681071281433 852
1615399934504 0.16077089309692383 853
1615399968778 0.16668164730072021 854
1615400003006 0.1650530993938446 855
1615400037390 0.1976667046546936 856
1615400071752 0.13944104313850403 857
1615400106317 0.16798962652683258 858
1615400140603 0.18858864903450012 859
1615400176502 0.2273288518190384 860
1615400210680 0.17262013256549835 861
1615400244897 0.1736030876636505 862
1615400279105 0.13285817205905914 863
1615400313317 0.15538877248764038 864
1615400347531 0.18968409299850464 865
1615400381743 0.16615673899650574 866
1615400416014 0.1868809461593628 867
1615400450236 0.1743602454662323 868
1615400484548 0.18850824236869812 869
1615400520509 0.1947455108165741 870
1615400554861 0.21457424759864807 871
1615400589488 0.17277081310749054 872
1615400624002 0.1449277698993683 873
1615400658537 0.15230976045131683 874
1615400692941 0.17358186841011047 875
1615400727344 0.20576229691505432 876
1615400761733 0.17367205023765564 877
1615400796091 0.14308768510818481 878
1615400830510 0.20552405714988708 879
1615400866904 0.17858213186264038 880
1615400901228 0.17590221762657166 881
1615400935428 0.1801876276731491 882
1615400969759 0.17587172985076904 883
1615401004672 0.12683680653572083 884
1615401039299 0.14420150220394135 885
1615401074020 0.1923712193965912 886
1615401108587 0.22196832299232483 887
1615401142918 0.1985732913017273 888
1615401177532 0.16809365153312683 889
1615401213897 0.179273784160614 890
1615401248231 0.1971624195575714 891
1615401282530 0.16131630539894104 892
1615401316964 0.1837230771780014 893
1615401351378 0.16658778488636017 894
1615401385977 0.25005388259887695 895
1615401420364 0.16906973719596863 896
1615401454538 0.1195431649684906 897
1615401488734 0.1879262924194336 898
1615401523034 0.13410721719264984 899
1615401559163 0.17911097407341003 900
1615401593873 0.20392675697803497 901
1615401628589 0.18452903628349304 902
1615401663073 0.1820143461227417 903
1615401697589 0.21794599294662476 904
1615401731999 0.16036538779735565 905
1615401766346 0.21356689929962158 906
1615401800662 0.16111600399017334 907
1615401835092 0.17712050676345825 908
1615401869499 0.13503557443618774 909
1615401905506 0.1813073307275772 910
1615401939990 0.17581172287464142 911
1615401974245 0.18032525479793549 912
1615402008570 0.16603103280067444 913
1615402042878 0.18958477675914764 914
1615402077265 0.10665827989578247 915
1615402111525 0.22159269452095032 916
1615402145815 0.1514924019575119 917
1615402180167 0.20196004211902618 918
1615402214592 0.17337682843208313 919
1615402251053 0.1646721065044403 920
1615402285410 0.156612366437912 921
1615402319916 0.1784515678882599 922
1615402354224 0.20173725485801697 923
1615402388622 0.21862086653709412 924
1615402422985 0.1911814957857132 925
1615402457476 0.22189104557037354 926
1615402491709 0.19779399037361145 927
1615402526234 0.18612363934516907 928
1615402560524 0.16489510238170624 929
1615402596405 0.14317955076694489 930
1615402630653 0.17827585339546204 931
1615402664894 0.1937052607536316 932
1615402699151 0.1798674315214157 933
1615402733433 0.151262104511261 934
1615402767642 0.18255744874477386 935
1615402801926 0.1498512178659439 936
1615402836363 0.11686068773269653 937
1615402870773 0.1841641664505005 938
1615402905403 0.17413517832756042 939
1615402941949 0.1680607795715332 940
1615402976602 0.1632201373577118 941
1615403011185 0.1750861406326294 942
1615403045592 0.17779308557510376 943
1615403079965 0.16288098692893982 944
1615403114353 0.18134765326976776 945
1615403148775 0.18458794057369232 946
1615403183051 0.16580644249916077 947
1615403217314 0.19554921984672546 948
1615403251716 0.17726954817771912 949
1615403287909 0.20296671986579895 950
1615403322138 0.2003764808177948 951
1615403356366 0.1811627447605133 952
1615403390649 0.20512348413467407 953
1615403424927 0.22200040519237518 954
1615403459199 0.13226868212223053 955
1615403493524 0.2279798686504364 956
1615403527729 0.1719362884759903 957
1615403561922 0.2170693278312683 958
1615403596267 0.1574745774269104 959
1615403632298 0.10427598655223846 960
1615403666802 0.18888205289840698 961
1615403701403 0.2189093977212906 962
1615403735931 0.2016296088695526 963
1615403770425 0.2088509500026703 964
1615403804846 0.22517652809619904 965
1615403839187 0.1623193919658661 966
1615403873542 0.1665792018175125 967
1615403908103 0.1762440949678421 968
1615403942721 0.16912800073623657 969
1615403978757 0.14830783009529114 970
1615404012997 0.19017308950424194 971
1615404047296 0.20093485713005066 972
1615404081572 0.1743299961090088 973
1615404115762 0.16514500975608826 974
1615404149980 0.22214862704277039 975
1615404184314 0.18685322999954224 976
1615404218575 0.1813456416130066 977
1615404252950 0.1667994260787964 978
1615404287668 0.1938655525445938 979
1615404323915 0.19768890738487244 980
1615404358255 0.16656136512756348 981
1615404392609 0.1709420382976532 982
1615404427207 0.19119513034820557 983
1615404461495 0.2056630700826645 984
1615404495782 0.2126934677362442 985
1615404529973 0.17559877038002014 986
1615404564197 0.17248401045799255 987
1615404598498 0.18536877632141113 988
1615404632933 0.21965855360031128 989
1615404669058 0.16208764910697937 990
1615404703393 0.1802111268043518 991
1615404737958 0.17982524633407593 992
1615404772152 0.2347371131181717 993
1615404806564 0.20877684652805328 994
1615404840833 0.22177903354167938 995
1615404875068 0.16787508130073547 996
1615404909215 0.19086560606956482 997
1615404943400 0.17904523015022278 998
1615404977786 0.1999046504497528 999
1615405013616 0.17260760068893433 1000
1615405047880 0.1751064658164978 1001
1615405082206 0.18738019466400146 1002
1615405116536 0.15329709649085999 1003
1615405151207 0.13519348204135895 1004
1615405185627 0.19413509964942932 1005
1615405220360 0.1710669845342636 1006
1615405254857 0.21326513588428497 1007
1615405289317 0.1627284288406372 1008
1615405323763 0.1930403709411621 1009
1615405359756 0.17182984948158264 1010
1615405394162 0.1813167780637741 1011
1615405428659 0.1908382624387741 1012
1615405462947 0.14783045649528503 1013
1615405497220 0.19008690118789673 1014
1615405531495 0.18424317240715027 1015
1615405566009 0.18982744216918945 1016
1615405600276 0.18488584458827972 1017
1615405634495 0.15715765953063965 1018
1615405668793 0.19266462326049805 1019
1615405704606 0.1930624544620514 1020
1615405738937 0.16711819171905518 1021
1615405773201 0.1261417716741562 1022
1615405807780 0.17664222419261932 1023
1615405841979 0.2139720618724823 1024
1615405876218 0.22768625617027283 1025
1615405910470 0.18964172899723053 1026
1615405945081 0.1968844085931778 1027
1615405979794 0.17111502587795258 1028
1615406014892 0.23554173111915588 1029
1615406050969 0.15300263464450836 1030
1615406085419 0.19211068749427795 1031
1615406119666 0.22811979055404663 1032
1615406153977 0.18847796320915222 1033
1615406188370 0.2244703471660614 1034
1615406222656 0.17804625630378723 1035
1615406257223 0.19075874984264374 1036
1615406291493 0.23516926169395447 1037
1615406325712 0.21138648688793182 1038
1615406360017 0.15442785620689392 1039
1615406395896 0.19168835878372192 1040
1615406430203 0.16550344228744507 1041
1615406464453 0.2134775072336197 1042
1615406498906 0.23503375053405762 1043
1615406533519 0.14870476722717285 1044
1615406568070 0.2045060098171234 1045
1615406602575 0.16612842679023743 1046
1615406637117 0.1763424277305603 1047
1615406671507 0.17489106953144073 1048
1615406705922 0.16733327507972717 1049
1615406742145 0.22196415066719055 1050
1615406776565 0.20543383061885834 1051
1615406810866 0.20371878147125244 1052
1615406845140 0.18827153742313385 1053
1615406879626 0.17768046259880066 1054
1615406913924 0.14506927132606506 1055
1615406948223 0.20940303802490234 1056
1615406982645 0.2015785276889801 1057
1615407016835 0.15561345219612122 1058
1615407051127 0.135020911693573 1059
1615407087003 0.14989663660526276 1060
1615407121215 0.19254246354103088 1061
1615407155411 0.14798250794410706 1062
1615407189766 0.16539838910102844 1063
1615407224033 0.15858837962150574 1064
1615407258267 0.14820826053619385 1065
1615407292573 0.20351767539978027 1066
1615407327305 0.13994930684566498 1067
1615407361926 0.16517777740955353 1068
1615407396571 0.22721633315086365 1069
1615407432774 0.18510934710502625 1070
1615407467279 0.2370217740535736 1071
1615407501789 0.14348654448986053 1072
1615407536165 0.1316721886396408 1073
1615407570529 0.13293492794036865 1074
1615407604873 0.21266144514083862 1075
1615407639337 0.21163687109947205 1076
1615407673665 0.18529817461967468 1077
1615407708009 0.18744874000549316 1078
1615407742422 0.14495150744915009 1079
1615407778467 0.21779832243919373 1080
1615407812756 0.20113250613212585 1081
1615407847022 0.156948059797287 1082
1615407881180 0.14631828665733337 1083
1615407915356 0.15633553266525269 1084
1615407949562 0.17296487092971802 1085
1615407983841 0.18399165570735931 1086
1615408018142 0.21927404403686523 1087
1615408052434 0.18329934775829315 1088
1615408086706 0.15179374814033508 1089
1615408122571 0.17796124517917633 1090
1615408157037 0.19078636169433594 1091
1615408191536 0.16225576400756836 1092
1615408225956 0.1667436957359314 1093
1615408260291 0.17617730796337128 1094
1615408294919 0.18329472839832306 1095
1615408329241 0.21761846542358398 1096
1615408363624 0.15899264812469482 1097
1615408398144 0.2166711986064911 1098
1615408432358 0.17782869935035706 1099
1615408468435 0.17954720556735992 1100
1615408502667 0.19456198811531067 1101
1615408538762 0.1821557879447937 1102
1615408573050 0.18234331905841827 1103
1615408607422 0.2172694206237793 1104
1615408641811 0.1660284698009491 1105
1615408676475 0.20366895198822021 1106
1615408710707 0.16903331875801086 1107
1615408745056 0.18374863266944885 1108
1615408779384 0.21075744926929474 1109
1615408815294 0.2432059943675995 1110
1615408849557 0.15642502903938293 1111
1615408883854 0.15208852291107178 1112
1615408918209 0.14848831295967102 1113
1615408952686 0.18044239282608032 1114
1615408987438 0.16907668113708496 1115
1615409022126 0.24233099818229675 1116
1615409056644 0.21903879940509796 1117
1615409091122 0.18890318274497986 1118
1615409125636 0.14978766441345215 1119
1615409161980 0.19188624620437622 1120
1615409196261 0.165183424949646 1121
1615409230580 0.19223986566066742 1122
1615409264924 0.21228750050067902 1123
1615409299164 0.1937982141971588 1124
1615409333559 0.18926680088043213 1125
1615409367951 0.2187894582748413 1126
1615409402270 0.20417964458465576 1127
1615409436791 0.14973190426826477 1128
1615409471016 0.22164565324783325 1129
1615409506996 0.21824318170547485 1130
1615409541322 0.1554042547941208 1131
1615409575546 0.19502569735050201 1132
1615409609772 0.19865703582763672 1133
1615409643967 0.17790374159812927 1134
1615409678320 0.1647307276725769 1135
1615409712546 0.21403641998767853 1136
1615409746729 0.16074135899543762 1137
1615409780923 0.18419301509857178 1138
1615409815231 0.1902616322040558 1139
1615409851400 0.16167563199996948 1140
1615409886014 0.12667885422706604 1141
1615409920651 0.16001370549201965 1142
1615409955489 0.2007901519536972 1143
1615409990162 0.1611548662185669 1144
1615410024563 0.1911039650440216 1145
1615410059129 0.13721373677253723 1146
1615410093557 0.18400278687477112 1147
1615410127912 0.22455249726772308 1148
1615410162485 0.1951780766248703 1149
1615410198603 0.17135080695152283 1150
1615410232917 0.1950562596321106 1151
1615410267154 0.21475788950920105 1152
1615410301578 0.18192079663276672 1153
1615410336032 0.1663382351398468 1154
1615410370405 0.16794103384017944 1155
1615410404743 0.18216338753700256 1156
1615410438938 0.15881213545799255 1157
1615410473222 0.195068821310997 1158
1615410507441 0.1418631672859192 1159
1615410543215 0.1603875458240509 1160
1615410577523 0.16590145230293274 1161
1615410611926 0.19340652227401733 1162
1615410646246 0.18879084289073944 1163
1615410680787 0.17093661427497864 1164
1615410715293 0.12086442112922668 1165
1615410749632 0.1986624300479889 1166
1615410784054 0.1757049262523651 1167
1615410818519 0.14077313244342804 1168
1615410852988 0.12631826102733612 1169
1615410889287 0.18568220734596252 1170
1615410923658 0.22954429686069489 1171
1615410957930 0.16513049602508545 1172
1615410992324 0.1779617965221405 1173
1615411026721 0.20205223560333252 1174
1615411061416 0.16889014840126038 1175
1615411095658 0.21925559639930725 1176
1615411129879 0.20068559050559998 1177
1615411164128 0.18912941217422485 1178
1615411198368 0.16524985432624817 1179
1615411234215 0.16445744037628174 1180
1615411268481 0.1856246441602707 1181
1615411302905 0.1564716100692749 1182
1615411337613 0.2161427140235901 1183
1615411372336 0.18964862823486328 1184
1615411406870 0.19284455478191376 1185
1615411441548 0.18440791964530945 1186
1615411475897 0.18865910172462463 1187
1615411510264 0.17411452531814575 1188
1615411544654 0.21652984619140625 1189
1615411580777 0.22421762347221375 1190
1615411615137 0.1729302853345871 1191
1615411649633 0.18623340129852295 1192
1615411683921 0.16843979060649872 1193
1615411718268 0.1252298206090927 1194
1615411752433 0.1566300094127655 1195
1615411786682 0.18672341108322144 1196
1615411820973 0.11634812504053116 1197
1615411855142 0.17800630629062653 1198
1615411889363 0.19945374131202698 1199
1615411925229 0.16393542289733887 1200
1615411946918 0.17989429831504822 0
1615411946931 0.17989429831504822 0
