1615542448806 0.23444338142871857 1
1615542483141 0.31993141770362854 2
1615542517514 0.4889623522758484 3
1615542552414 0.594515860080719 4
1615542587405 0.6104485392570496 5
1615542622033 0.6313169002532959 6
1615542656645 0.6352398991584778 7
1615542691077 0.6463412046432495 8
1615542725519 0.6765269041061401 9
1615542762021 0.6511318683624268 10
1615542796406 0.7133693695068359 11
1615542830722 0.6895615458488464 12
1615542864921 0.651676595211029 13
1615542899467 0.6674184799194336 14
1615542933861 0.6761573553085327 15
1615542968124 0.6905062794685364 16
1615543002710 0.7118152976036072 17
1615543036986 0.7351589202880859 18
1615543071245 0.7003138065338135 19
1615543108534 0.7298687696456909 20
1615543142900 0.7197448015213013 21
1615543177236 0.7431385517120361 22
1615543211829 0.7534049153327942 23
1615543246416 0.7498416900634766 24
1615543281214 0.7261810302734375 25
1615543315846 0.7717940211296082 26
1615543350407 0.7455426454544067 27
1615543385037 0.7593631744384766 28
1615543420500 0.7292835712432861 29
1615543456904 0.7365880012512207 30
1615543491197 0.7626186013221741 31
1615543525508 0.7420298457145691 32
1615543559744 0.7653752565383911 33
1615543594001 0.7523272037506104 34
1615543628648 0.7723650932312012 35
1615543663227 0.7699410915374756 36
1615543697900 0.7958232760429382 37
1615543732467 0.7904074192047119 38
1615543766932 0.7780113220214844 39
1615543803347 0.7745106220245361 40
1615543837844 0.7765260338783264 41
1615543872247 0.7450816035270691 42
1615543906618 0.7667655348777771 43
1615543940832 0.786347508430481 44
1615543975160 0.7738590240478516 45
1615544009482 0.7456963062286377 46
1615544043852 0.7772873640060425 47
1615544078014 0.8301920890808105 48
1615544112818 0.8007467985153198 49
1615544148894 0.7884442806243896 50
1615544183132 0.7903380393981934 51
1615544217325 0.7199001312255859 52
1615544251511 0.7495036721229553 53
1615544285763 0.7727727293968201 54
1615544319971 0.7608100175857544 55
1615544354119 0.7776210904121399 56
1615544388380 0.7562385201454163 57
1615544422597 0.7665494680404663 58
1615544457081 0.7898173332214355 59
1615544493594 0.7872568368911743 60
1615544528454 0.7748154401779175 61
1615544562951 0.7718956470489502 62
1615544597339 0.7677007913589478 63
1615544631807 0.7370889186859131 64
1615544666153 0.7816324234008789 65
1615544700468 0.8051645755767822 66
1615544734831 0.802344560623169 67
1615544769376 0.807720959186554 68
1615544803691 0.7716068625450134 69
1615544839637 0.7773842811584473 70
1615544873958 0.7710546255111694 71
1615544909608 0.7514438629150391 72
1615544944334 0.7591571807861328 73
1615544978995 0.7757083177566528 74
1615545013535 0.7950781583786011 75
1615545048228 0.8060097694396973 76
1615545082768 0.8187557458877563 77
1615545117200 0.8221281170845032 78
1615545151685 0.7959824800491333 79
1615545187830 0.771655797958374 80
1615545222432 0.7831606864929199 81
1615545256682 0.8257628679275513 82
1615545291064 0.8012598156929016 83
1615545325440 0.8259165287017822 84
1615545359753 0.8127124905586243 85
1615545394315 0.8109043836593628 86
1615545429129 0.827754557132721 87
1615545464068 0.8291568756103516 88
1615545498762 0.8129581809043884 89
1615545535385 0.8054196238517761 90
1615545570025 0.8137816190719604 91
1615545604353 0.7943580150604248 92
1615545638742 0.8118793368339539 93
1615545673175 0.8317152261734009 94
1615545707443 0.8384674787521362 95
1615545741749 0.7981773018836975 96
1615545776056 0.789446234703064 97
1615545810597 0.7734874486923218 98
1615545844881 0.8047460913658142 99
1615545880750 0.8083161115646362 100
1615545915004 0.8239826560020447 101
1615545949387 0.7952775359153748 102
1615545983738 0.8225629925727844 103
1615546018232 0.8372060060501099 104
1615546052780 0.7978947162628174 105
1615546087370 0.7567477822303772 106
1615546121929 0.80950528383255 107
1615546156587 0.7979731559753418 108
1615546191223 0.819368302822113 109
1615546227791 0.8007572889328003 110
1615546262248 0.8237000703811646 111
1615546296691 0.8190573453903198 112
1615546331412 0.8043614029884338 113
1615546365673 0.7823377847671509 114
1615546399901 0.8080177903175354 115
1615546434209 0.7924667596817017 116
1615546468513 0.8202878832817078 117
1615546502884 0.7519931793212891 118
1615546537303 0.8224010467529297 119
1615546573309 0.8084427118301392 120
1615546608077 0.8257547616958618 121
1615546643004 0.8047218918800354 122
1615546677549 0.7803972959518433 123
1615546711935 0.7921015620231628 124
1615546746428 0.802009105682373 125
1615546780898 0.8247866630554199 126
1615546815250 0.8320931196212769 127
1615546849614 0.828152060508728 128
1615546883947 0.8174842596054077 129
1615546920290 0.834368109703064 130
1615546954864 0.8157205581665039 131
1615546989333 0.8206911087036133 132
1615547023644 0.839816689491272 133
1615547057945 0.8089251518249512 134
1615547092210 0.8613853454589844 135
1615547126524 0.8601174354553223 136
1615547160820 0.8253512382507324 137
1615547195346 0.7943156957626343 138
1615547229761 0.7985563278198242 139
1615547266115 0.8067225217819214 140
1615547300777 0.8060228824615479 141
1615547335448 0.8255680203437805 142
1615547369926 0.8483935594558716 143
1615547404234 0.8191167116165161 144
1615547438575 0.8573119044303894 145
1615547472813 0.8299169540405273 146
1615547507180 0.817903995513916 147
1615547541476 0.8144419193267822 148
1615547576277 0.832055926322937 149
1615547612515 0.8229970932006836 150
1615547646852 0.8333775997161865 151
1615547681050 0.8311935663223267 152
1615547715521 0.8399499654769897 153
1615547749797 0.8875057697296143 154
1615547784167 0.8491123914718628 155
1615547818447 0.8604055643081665 156
1615547852670 0.8583526611328125 157
1615547887251 0.8392702341079712 158
1615547922332 0.873381495475769 159
1615547959725 0.8562835454940796 160
1615547994258 0.7954577207565308 161
1615548028624 0.8163899779319763 162
1615548063059 0.8295434713363647 163
1615548097416 0.8545925617218018 164
1615548131792 0.827385425567627 165
1615548166206 0.8030869960784912 166
1615548201042 0.8437691926956177 167
1615548235373 0.8520724773406982 168
1615548269663 0.878205418586731 169
1615548305722 0.841240406036377 170
1615548340053 0.8242038488388062 171
1615548374330 0.8560148477554321 172
1615548408611 0.8388229608535767 173
1615548442823 0.8344117999076843 174
1615548477230 0.835718035697937 175
1615548511575 0.8344602584838867 176
1615548546193 0.8056989908218384 177
1615548580965 0.8267192840576172 178
1615548615796 0.8175108432769775 179
1615548652440 0.8786673545837402 180
1615548687174 0.8418589234352112 181
1615548721686 0.8230921030044556 182
1615548756081 0.7937226891517639 183
1615548790457 0.8496408462524414 184
1615548824923 0.8414492607116699 185
1615548859370 0.8335821628570557 186
1615548893728 0.8128334879875183 187
1615548928416 0.8222019672393799 188
1615548962757 0.826468825340271 189
1615548998627 0.8353210687637329 190
1615549032931 0.8765199780464172 191
1615549067265 0.8315353393554688 192
1615549101620 0.8076674938201904 193
1615549135906 0.818570613861084 194
1615549171109 0.8515841960906982 195
1615549205686 0.8009942173957825 196
1615549240405 0.8446310758590698 197
1615549275685 0.8407898545265198 198
1615549310257 0.8401992321014404 199
1615549346355 0.8175526261329651 200
1615549380741 0.8118975758552551 201
1615549415057 0.8021724224090576 202
1615549449859 0.8283748626708984 203
1615549484103 0.8367825746536255 204
1615549518496 0.847831130027771 205
1615549552932 0.8594456911087036 206
1615549587273 0.8654299974441528 207
1615549621619 0.8643413782119751 208
1615549655876 0.8709210157394409 209
1615549692191 0.8091818690299988 210
1615549726731 0.8471998572349548 211
1615549761170 0.8472545146942139 212
1615549795637 0.7983019948005676 213
1615549830132 0.8210330605506897 214
1615549864513 0.8577650189399719 215
1615549898850 0.8213380575180054 216
1615549933232 0.837695837020874 217
1615549967525 0.8393591642379761 218
1615550001929 0.8355153799057007 219
1615550038209 0.837271511554718 220
1615550072513 0.8291311264038086 221
1615550106952 0.8228777647018433 222
1615550141249 0.8561103343963623 223
1615550175446 0.8490511178970337 224
1615550209694 0.8227987885475159 225
1615550243989 0.8355336785316467 226
1615550278575 0.8247296810150146 227
1615550313123 0.8501546382904053 228
1615550348473 0.8723803758621216 229
1615550384554 0.8524357080459595 230
1615550419097 0.8761310577392578 231
1615550453476 0.8554946184158325 232
1615550487758 0.8276424407958984 233
1615550522689 0.8474897742271423 234
1615550556975 0.8405523300170898 235
1615550591174 0.8464483022689819 236
1615550625488 0.8501681089401245 237
1615550659799 0.8449865579605103 238
1615550694143 0.8765138983726501 239
1615550729972 0.8392751812934875 240
1615550764190 0.8280633687973022 241
1615550798627 0.8473466634750366 242
1615550833179 0.8538709282875061 243
1615550867662 0.8660000562667847 244
1615550901996 0.8463884592056274 245
1615550936610 0.8503060340881348 246
1615550971050 0.8154327869415283 247
1615551005520 0.8442854285240173 248
1615551040151 0.8396549224853516 249
1615551077077 0.8499453067779541 250
1615551111357 0.872260570526123 251
1615551145794 0.8369107246398926 252
1615551180263 0.8075995445251465 253
1615551214567 0.8313310146331787 254
1615551248884 0.8535242080688477 255
1615551283293 0.8524712324142456 256
1615551317659 0.8905655145645142 257
1615551352338 0.8552554249763489 258
1615551386753 0.8463176488876343 259
1615551422616 0.8262656331062317 260
1615551456916 0.8580565452575684 261
1615551491270 0.8666684627532959 262
1615551525543 0.8473148345947266 263
1615551559849 0.8177619576454163 264
1615551594209 0.846850574016571 265
1615551629184 0.838204026222229 266
1615551664053 0.8535182476043701 267
1615551698576 0.8322722315788269 268
1615551733133 0.8520029187202454 269
1615551770152 0.8507417440414429 270
1615551804928 0.8690148591995239 271
1615551839230 0.8546494245529175 272
1615551873506 0.8457752466201782 273
1615551907714 0.8505852222442627 274
1615551941965 0.8379544019699097 275
1615551976199 0.803414523601532 276
1615552010371 0.8880183696746826 277
1615552044807 0.8377484083175659 278
1615552079163 0.8754435777664185 279
1615552115948 0.8697963356971741 280
1615552151685 0.8578200340270996 281
1615552186338 0.8701227307319641 282
1615552220890 0.8443571329116821 283
1615552255339 0.860930323600769 284
1615552289815 0.8150848150253296 285
1615552324370 0.8612602353096008 286
1615552358558 0.8437312841415405 287
1615552392830 0.833055853843689 288
1615552427077 0.8583430051803589 289
1615552463172 0.8423811793327332 290
1615552497495 0.8655208349227905 291
1615552531972 0.8552015423774719 292
1615552566624 0.8644530773162842 293
1615552601137 0.8530350923538208 294
1615552635700 0.8435014486312866 295
1615552670311 0.8397452235221863 296
1615552704839 0.8670530319213867 297
1615552739491 0.8578824996948242 298
1615552773951 0.8743741512298584 299
1615552810099 0.8701205253601074 300
1615552844440 0.8143128156661987 301
1615552878738 0.8587510585784912 302
1615552913069 0.8822576999664307 303
1615552947285 0.8748162984848022 304
1615552981561 0.8427339196205139 305
1615553015921 0.8353855609893799 306
1615553050637 0.8550132513046265 307
1615553084980 0.9098188877105713 308
1615553119705 0.8924243450164795 309
1615553156644 0.8262950778007507 310
1615553191396 0.8236048221588135 311
1615553226128 0.8492187261581421 312
1615553260615 0.8379184007644653 313
1615553295255 0.8839280605316162 314
1615553329626 0.8513748049736023 315
1615553364002 0.8647974729537964 316
1615553398250 0.8755959272384644 317
1615553432729 0.8473635315895081 318
1615553467829 0.8498739004135132 319
1615553503890 0.8626571893692017 320
1615553538189 0.8538782596588135 321
1615553572487 0.8481978178024292 322
1615553606769 0.8253118991851807 323
1615553640967 0.8748469948768616 324
1615553675334 0.8335813879966736 325
1615553710075 0.8534919023513794 326
1615553745027 0.8574509024620056 327
1615553779803 0.8703643679618835 328
1615553814681 0.8807949423789978 329
1615553850713 0.8245633840560913 330
1615553885048 0.8340219855308533 331
1615553919468 0.8487051129341125 332
1615553953801 0.8883882164955139 333
1615553988155 0.8405427932739258 334
1615554022482 0.8629283905029297 335
1615554057227 0.841661810874939 336
1615554091470 0.8714466094970703 337
1615554125752 0.8314201831817627 338
1615554160016 0.8868536949157715 339
1615554196001 0.8767706155776978 340
1615554230224 0.8543103933334351 341
1615554264505 0.8750163912773132 342
1615554298796 0.8436263799667358 343
1615554333045 0.8576045036315918 344
1615554367283 0.8441843390464783 345
1615554401567 0.8221124410629272 346
1615554435948 0.8078276515007019 347
1615554470405 0.8427160978317261 348
1615554504908 0.8733165264129639 349
1615554541086 0.886795699596405 350
1615554575825 0.8693272471427917 351
1615554610385 0.8658657073974609 352
1615554644800 0.8745133280754089 353
1615554679250 0.8837462663650513 354
1615554713604 0.8730223178863525 355
1615554747884 0.8541315793991089 356
1615554782201 0.8756384253501892 357
1615554817056 0.8965461850166321 358
1615554851400 0.8378901481628418 359
1615554887458 0.8538243770599365 360
1615554921734 0.8856973648071289 361
1615554955991 0.8859115839004517 362
1615554990249 0.8655878901481628 363
1615555024628 0.8431976437568665 364
1615555059031 0.8666020631790161 365
1615555094317 0.8476616144180298 366
1615555129039 0.8678169250488281 367
1615555163420 0.8800536394119263 368
1615555197733 0.8451773524284363 369
1615555233787 0.85822594165802 370
1615555268256 0.8989158868789673 371
1615555302668 0.8839205503463745 372
1615555336965 0.8604729771614075 373
1615555371275 0.8599655628204346 374
1615555405913 0.863946795463562 375
1615555440281 0.8559502363204956 376
1615555474589 0.8098055124282837 377
1615555509035 0.824937105178833 378
1615555543377 0.8383454084396362 379
1615555579322 0.8373348712921143 380
1615555613703 0.8633794188499451 381
1615555648113 0.864959716796875 382
1615555682533 0.8476119041442871 383
1615555717115 0.867246150970459 384
1615555751622 0.8777686357498169 385
1615555786118 0.8661419153213501 386
1615555820661 0.8465233445167542 387
1615555855177 0.8611879944801331 388
1615555889701 0.8606441020965576 389
1615555925651 0.8432546854019165 390
1615555960053 0.845641016960144 391
1615555995263 0.8468794226646423 392
1615556029649 0.8633980751037598 393
1615556064001 0.8389822840690613 394
1615556098364 0.9055079221725464 395
1615556132671 0.8563104867935181 396
1615556167146 0.8784868121147156 397
1615556202614 0.8840970993041992 398
1615556237138 0.8626951575279236 399
1615556273139 0.8748562335968018 400
1615556307470 0.8648582696914673 401
1615556341920 0.865339994430542 402
1615556376286 0.827597975730896 403
1615556410613 0.8820761442184448 404
1615556444991 0.8635392189025879 405
1615556479502 0.8659460544586182 406
1615556513782 0.8215216398239136 407
1615556547922 0.8711326122283936 408
1615556582216 0.850304365158081 409
1615556618046 0.8584431409835815 410
1615556652337 0.8593339920043945 411
1615556686591 0.8783760666847229 412
1615556720865 0.8815455436706543 413
1615556755366 0.8524660468101501 414
1615556789766 0.8406673669815063 415
1615556824429 0.8670682907104492 416
1615556859268 0.8580350875854492 417
1615556894027 0.8690722584724426 418
1615556928603 0.8631148338317871 419
1615556964759 0.878172755241394 420
1615556999294 0.8669458031654358 421
1615557033608 0.8626017570495605 422
1615557068044 0.839158296585083 423
1615557102406 0.8513785600662231 424
1615557136734 0.8830276727676392 425
1615557171064 0.8614242672920227 426
1615557205311 0.8813584446907043 427
1615557239623 0.8543903827667236 428
1615557273930 0.8243146538734436 429
1615557310230 0.8372983932495117 430
1615557344562 0.8700345754623413 431
1615557378906 0.8579321503639221 432
1615557413240 0.8524444103240967 433
1615557447535 0.8694900870323181 434
1615557481805 0.795669674873352 435
1615557516123 0.8681014776229858 436
1615557550995 0.8628621101379395 437
1615557585751 0.8658150434494019 438
1615557620984 0.8331592082977295 439
1615557657219 0.8955371379852295 440
1615557691569 0.8778502941131592 441
1615557725966 0.8399638533592224 442
1615557760467 0.8645979166030884 443
1615557794798 0.8865470886230469 444
1615557829876 0.8628451824188232 445
1615557864213 0.8486023545265198 446
1615557898562 0.8400732278823853 447
1615557932889 0.8674147725105286 448
1615557967186 0.8781053423881531 449
1615558003400 0.8890016078948975 450
1615558038076 0.879660427570343 451
1615558072734 0.8651078939437866 452
1615558107380 0.8587422966957092 453
1615558142205 0.8512535095214844 454
1615558176588 0.8880071640014648 455
1615558210997 0.8500074148178101 456
1615558245392 0.8334804773330688 457
1615558279717 0.8310361504554749 458
1615558314254 0.8695604801177979 459
1615558351304 0.8766258358955383 460
1615558385680 0.8794006109237671 461
1615558420000 0.8811211585998535 462
1615558454313 0.8587355613708496 463
1615558488695 0.8623170852661133 464
1615558523171 0.8736898303031921 465
1615558557953 0.8561110496520996 466
1615558593367 0.8448753952980042 467
1615558628169 0.8564981818199158 468
1615558662688 0.8695566058158875 469
1615558699223 0.8432493209838867 470
1615558733620 0.8412911891937256 471
1615558768129 0.8558245897293091 472
1615558802828 0.8590434789657593 473
1615558837163 0.8537026643753052 474
1615558871419 0.8806573152542114 475
1615558905713 0.8559173345565796 476
1615558940082 0.8597668409347534 477
1615558974395 0.8680891394615173 478
1615559008709 0.9003423452377319 479
1615559044614 0.8917193412780762 480
1615559078846 0.8679800033569336 481
1615559113147 0.88133704662323 482
1615559147535 0.8596330881118774 483
1615559181877 0.8639631271362305 484
1615559216328 0.8601574897766113 485
1615559250838 0.8535179495811462 486
1615559285323 0.8506196737289429 487
1615559319896 0.869389533996582 488
1615559354286 0.8804469108581543 489
1615559390571 0.8966829776763916 490
1615559425032 0.8678605556488037 491
1615559459490 0.8362507820129395 492
1615559493820 0.9105685353279114 493
1615559528122 0.8225128054618835 494
1615559562426 0.8701433539390564 495
1615559597013 0.8561291694641113 496
1615559631371 0.8889263868331909 497
1615559665729 0.8611782789230347 498
1615559700097 0.8830318450927734 499
1615559736212 0.8573988676071167 500
1615559770546 0.8350009918212891 501
1615559804932 0.8777419328689575 502
1615559839232 0.8858352899551392 503
1615559873673 0.8926085233688354 504
1615559908278 0.8652568459510803 505
1615559943175 0.8836777210235596 506
1615559977621 0.8444799184799194 507
1615560012064 0.8602229356765747 508
1615560046645 0.8757314682006836 509
1615560082880 0.8691775798797607 510
1615560117277 0.9118499755859375 511
1615560151724 0.8777917623519897 512
1615560186095 0.8822983503341675 513
1615560220638 0.888736367225647 514
1615560255004 0.8621481657028198 515
1615560289813 0.883701741695404 516
1615560324155 0.8961738348007202 517
1615560358496 0.864592432975769 518
1615560392816 0.8513544797897339 519
1615560428719 0.8456346988677979 520
1615560463065 0.8353028297424316 521
1615560497495 0.864923894405365 522
1615560532657 0.8814223408699036 523
1615560567867 0.8784201145172119 524
1615560602311 0.864399790763855 525
1615560636652 0.9088654518127441 526
1615560670924 0.8711915016174316 527
1615560705456 0.8638491630554199 528
1615560739796 0.9014503955841064 529
1615560776286 0.8689292669296265 530
1615560810622 0.8509924411773682 531
1615560844965 0.8598941564559937 532
1615560879206 0.8637599945068359 533
1615560913543 0.8727582693099976 534
1615560947958 0.8607394695281982 535
1615560982224 0.9076993465423584 536
1615561016566 0.8592644929885864 537
1615561050881 0.8757779598236084 538
1615561085253 0.8682609796524048 539
1615561122022 0.9010941386222839 540
1615561156973 0.8598687648773193 541
1615561191712 0.8459867238998413 542
1615561226390 0.8758735060691833 543
1615561261233 0.8856195211410522 544
1615561295733 0.8705614805221558 545
1615561330108 0.8826063871383667 546
1615561364475 0.9071350693702698 547
1615561398840 0.8553114533424377 548
1615561433232 0.8509416580200195 549
1615561469632 0.8889896869659424 550
1615561503956 0.8782591819763184 551
1615561538745 0.8788621425628662 552
1615561573126 0.895814836025238 553
1615561607400 0.8359009027481079 554
1615561641675 0.8670182228088379 555
1615561676028 0.8922419548034668 556
1615561710295 0.8674336671829224 557
1615561744684 0.8676661252975464 558
1615561779091 0.8472335338592529 559
1615561815470 0.8917287588119507 560
1615561850620 0.8653061389923096 561
1615561885245 0.8589274883270264 562
1615561920031 0.8702925443649292 563
1615561954604 0.9202737212181091 564
1615561989129 0.8494370579719543 565
1615562023399 0.8851321935653687 566
1615562057748 0.8747700452804565 567
1615562092277 0.9006798267364502 568
1615562126635 0.8750596046447754 569
1615562162908 0.8757312893867493 570
1615562197246 0.8461334705352783 571
1615562231614 0.8652849197387695 572
1615562265924 0.8633924722671509 573
1615562300169 0.8850721120834351 574
1615562334459 0.8659065961837769 575
1615562368773 0.8734893202781677 576
1615562403109 0.8978590369224548 577
1615562437418 0.8992481231689453 578
1615562472006 0.8804092407226562 579
1615562508381 0.892183780670166 580
1615562542930 0.9051645994186401 581
1615562577690 0.8416905403137207 582
1615562612228 0.8676366806030273 583
1615562646674 0.8808574676513672 584
1615562681025 0.864202618598938 585
1615562715341 0.8763763904571533 586
1615562749718 0.9051678776741028 587
1615562784289 0.8708065748214722 588
1615562818598 0.8623936176300049 589
1615562854757 0.8892168998718262 590
1615562889107 0.8765869140625 591
1615562923480 0.8722147941589355 592
1615562957801 0.8608444929122925 593
1615562992113 0.8708127737045288 594
1615563026482 0.8846546411514282 595
1615563060775 0.8786022663116455 596
1615563095126 0.888563871383667 597
1615563129457 0.8684622049331665 598
1615563163699 0.8691425323486328 599
1615563199779 0.8538905382156372 600
1615563234920 0.9059758186340332 601
1615563270483 0.8786587119102478 602
1615563305130 0.8408253192901611 603
1615563339572 0.861512303352356 604
1615563373980 0.8767499923706055 605
1615563408322 0.8748533725738525 606
1615563442761 0.8775945901870728 607
1615563477563 0.891726016998291 608
1615563511744 0.8783791661262512 609
1615563547757 0.87787264585495 610
1615563581982 0.8395074605941772 611
1615563616237 0.8768860101699829 612
1615563650553 0.868944525718689 613
1615563684807 0.8790320158004761 614
1615563719208 0.8592345714569092 615
1615563753924 0.8789429664611816 616
1615563788614 0.8602898120880127 617
1615563823137 0.8967020511627197 618
1615563857560 0.8717062473297119 619
1615563893782 0.8630858659744263 620
1615563928573 0.8873637914657593 621
1615563963031 0.8495473861694336 622
1615563997383 0.8575462102890015 623
1615564031750 0.8822720646858215 624
1615564066126 0.903183102607727 625
1615564100648 0.891960620880127 626
1615564135502 0.8870957493782043 627
1615564169902 0.8750918507575989 628
1615564204204 0.8525307178497314 629
1615564240142 0.8730391263961792 630
1615564274536 0.9082231521606445 631
1615564308826 0.8568255305290222 632
1615564343287 0.8996576070785522 633
1615564377721 0.8855817914009094 634
1615564412216 0.8446670770645142 635
1615564447046 0.8625394701957703 636
1615564481585 0.8934000730514526 637
1615564516152 0.8753707408905029 638
1615564550655 0.8787195682525635 639
1615564587160 0.874958872795105 640
1615564621752 0.8793351650238037 641
1615564656098 0.8636804223060608 642
1615564690470 0.8801831007003784 643
1615564724829 0.8877288103103638 644
1615564759150 0.8849397301673889 645
1615564794206 0.8845142722129822 646
1615564828642 0.8899909257888794 647
1615564862961 0.8611105680465698 648
1615564897350 0.8887133598327637 649
1615564933335 0.9104202389717102 650
1615564967665 0.8709434270858765 651
1615565002041 0.8848150968551636 652
1615565036607 0.8755028247833252 653
1615565071389 0.896519124507904 654
1615565105934 0.8846009969711304 655
1615565140406 0.8850499391555786 656
1615565174998 0.8786411285400391 657
1615565209488 0.8578365445137024 658
1615565243860 0.8585027456283569 659
1615565279961 0.8726106882095337 660
1615565314486 0.8964326977729797 661
1615565348901 0.8721009492874146 662
1615565383384 0.862209677696228 663
1615565417940 0.8721860647201538 664
1615565452345 0.8931622505187988 665
1615565486636 0.8781273365020752 666
1615565520963 0.8863087892532349 667
1615565555298 0.8770474791526794 668
1615565589529 0.8647888898849487 669
1615565625520 0.8815348744392395 670
1615565660098 0.8768742084503174 671
1615565694620 0.8385801315307617 672
1615565729195 0.8455482721328735 673
1615565763481 0.8680527210235596 674
1615565797962 0.8445687294006348 675
1615565832432 0.8802995681762695 676
1615565866962 0.8686358332633972 677
1615565901469 0.8833780288696289 678
1615565935976 0.86952805519104 679
1615565972264 0.8811947107315063 680
1615566006662 0.876249372959137 681
1615566041076 0.899902880191803 682
1615566075431 0.9011672735214233 683
1615566110207 0.8736103177070618 684
1615566144527 0.8748416900634766 685
1615566178853 0.8764369487762451 686
1615566213200 0.9175369739532471 687
1615566247451 0.8665601015090942 688
1615566281866 0.833810567855835 689
1615566317743 0.8825687170028687 690
1615566352149 0.8838882446289062 691
1615566386475 0.909684419631958 692
1615566420955 0.8946614265441895 693
1615566455698 0.8829642534255981 694
1615566490397 0.8672807812690735 695
1615566525498 0.8865447044372559 696
1615566560137 0.8960935473442078 697
1615566594503 0.8840640187263489 698
1615566628826 0.8999719619750977 699
1615566665093 0.8951914310455322 700
1615566699457 0.8698465824127197 701
1615566733806 0.8770934343338013 702
1615566768225 0.9052197337150574 703
1615566802747 0.8810870051383972 704
1615566837077 0.8583738803863525 705
1615566871245 0.8759444952011108 706
1615566905530 0.8829859495162964 707
1615566939754 0.895295262336731 708
1615566974128 0.8638746738433838 709
1615567010033 0.8963726758956909 710
1615567044271 0.8922711610794067 711
1615567078529 0.8806973099708557 712
1615567112893 0.8933408260345459 713
1615567147486 0.9010939598083496 714
1615567181995 0.8822875022888184 715
1615567216585 0.8615691661834717 716
1615567251108 0.905631959438324 717
1615567285569 0.9112800359725952 718
1615567320034 0.879125714302063 719
1615567355950 0.8922327160835266 720
1615567390344 0.8724623322486877 721
1615567424802 0.8544079065322876 722
1615567459129 0.873303234577179 723
1615567493687 0.8892543315887451 724
1615567528148 0.8667637705802917 725
1615567562513 0.9081000089645386 726
1615567596833 0.9253360033035278 727
1615567631143 0.8747082352638245 728
1615567665484 0.9180904626846313 729
1615567701963 0.9120322465896606 730
1615567736361 0.8968919515609741 731
1615567770733 0.893050491809845 732
1615567805288 0.9014232754707336 733
1615567839893 0.8657587766647339 734
1615567874342 0.8798146843910217 735
1615567909237 0.8923816680908203 736
1615567943792 0.9052905440330505 737
1615567978303 0.8827416300773621 738
1615568012615 0.8891390562057495 739
1615568048956 0.866374671459198 740
1615568084044 0.858132004737854 741
1615568118438 0.8930325508117676 742
1615568152795 0.9051839113235474 743
1615568187118 0.9242158532142639 744
1615568221378 0.8665748834609985 745
1615568255692 0.8863760232925415 746
1615568290049 0.8715872168540955 747
1615568324383 0.8740094304084778 748
1615568358982 0.8751250505447388 749
1615568395346 0.9156448841094971 750
1615568430061 0.8623964786529541 751
1615568464646 0.8777977228164673 752
1615568499506 0.8686543107032776 753
1615568533991 0.8807543516159058 754
1615568568456 0.8837172985076904 755
1615568602811 0.8989661931991577 756
1615568637304 0.8786674737930298 757
1615568671634 0.8672887682914734 758
1615568706021 0.9227474927902222 759
1615568742191 0.8748937845230103 760
1615568776462 0.8598260283470154 761
1615568811325 0.8673543334007263 762
1615568845722 0.8856377601623535 763
1615568879988 0.8959826827049255 764
1615568914294 0.873429000377655 765
1615568948566 0.8877420425415039 766
1615568982879 0.8894286155700684 767
1615569017403 0.8684195876121521 768
1615569051876 0.8933579921722412 769
1615569088215 0.87815260887146 770
1615569122928 0.8571780920028687 771
1615569157754 0.880696177482605 772
1615569192321 0.8947707414627075 773
1615569227009 0.886786699295044 774
1615569261440 0.8568956851959229 775
1615569296007 0.8954419493675232 776
1615569330420 0.8843161463737488 777
1615569364758 0.8697611689567566 778
1615569398991 0.8584833145141602 779
1615569435227 0.8987669348716736 780
1615569469508 0.8268575668334961 781
1615569503946 0.8979838490486145 782
1615569538484 0.9119372367858887 783
1615569572785 0.8963473439216614 784
1615569607146 0.8930635452270508 785
1615569641832 0.8593251705169678 786
1615569676197 0.8776049613952637 787
1615569710506 0.9031369090080261 788
1615569744897 0.8763859868049622 789
1615569780854 0.8805854320526123 790
1615569815165 0.8720362186431885 791
1615569849516 0.9015487432479858 792
1615569883799 0.8667174577713013 793
1615569918231 0.9060418605804443 794
1615569952665 0.8636351823806763 795
1615569987005 0.8706467151641846 796
1615570021440 0.8917416334152222 797
1615570055949 0.8654718399047852 798
1615570090483 0.9090186953544617 799
1615570126762 0.8680195808410645 800
1615570161378 0.8568919897079468 801
1615570195900 0.8769518136978149 802
1615570230367 0.8915595412254333 803
1615570264862 0.8714436292648315 804
1615570299336 0.876095175743103 805
1615570333780 0.8734930753707886 806
1615570368230 0.8823862075805664 807
1615570402613 0.8804721832275391 808
1615570436950 0.8648478388786316 809
1615570473399 0.8886919021606445 810
1615570507669 0.8600038290023804 811
1615570542018 0.8718674182891846 812
1615570576397 0.9087191820144653 813
1615570610704 0.9090902805328369 814
1615570644962 0.8816928863525391 815
1615570679243 0.8589719533920288 816
1615570713705 0.9151672124862671 817
1615570748066 0.8625373840332031 818
1615570782782 0.8722285032272339 819
1615570819214 0.8358573913574219 820
1615570853673 0.896602213382721 821
1615570888157 0.8694841265678406 822
1615570922737 0.8801882266998291 823
1615570957071 0.8920472264289856 824
1615570991403 0.8649317026138306 825
1615571025692 0.8623976707458496 826
1615571060049 0.8717151880264282 827
1615571094249 0.9002755880355835 828
1615571128677 0.8906233310699463 829
1615571164726 0.8771534562110901 830
1615571199051 0.884575366973877 831
1615571233802 0.8908786773681641 832
1615571268098 0.9008041620254517 833
1615571302356 0.8835246562957764 834
1615571336703 0.8640879988670349 835
1615571370946 0.8991923332214355 836
1615571405296 0.8376792669296265 837
1615571439699 0.8923246264457703 838
1615571474298 0.8957273960113525 839
1615571511238 0.8891810178756714 840
1615571545836 0.86760413646698 841
1615571580442 0.9002183675765991 842
1615571614822 0.9077556133270264 843
1615571649167 0.8986835479736328 844
1615571683760 0.8812216520309448 845
1615571718082 0.8824249505996704 846
1615571752419 0.8890012502670288 847
1615571786809 0.8624091148376465 848
1615571821100 0.8572574257850647 849
1615571857074 0.8696731328964233 850
1615571891441 0.9118019342422485 851
1615571925894 0.9262369275093079 852
1615571960603 0.8602945804595947 853
1615571995418 0.8720060586929321 854
1615572030355 0.8765361309051514 855
1615572065113 0.8860194683074951 856
1615572099750 0.8712411522865295 857
1615572134471 0.8937526941299438 858
1615572168943 0.8906431794166565 859
1615572205368 0.8904949426651001 860
1615572239736 0.8556429147720337 861
1615572274302 0.8850817680358887 862
1615572308753 0.8773880004882812 863
1615572343288 0.8546059727668762 864
1615572377702 0.8778871893882751 865
1615572412023 0.86173015832901 866
1615572446410 0.8981375694274902 867
1615572480790 0.8596134185791016 868
1615572515104 0.866597056388855 869
1615572551096 0.9086946845054626 870
1615572585552 0.8717695474624634 871
1615572619874 0.9012632369995117 872
1615572654562 0.8793217539787292 873
1615572689079 0.9020551443099976 874
1615572723635 0.8877080082893372 875
1615572758146 0.8983175754547119 876
1615572792797 0.8784791827201843 877
1615572827134 0.848777711391449 878
1615572861644 0.9020651578903198 879
1615572897960 0.8994832634925842 880
1615572932365 0.8747944235801697 881
1615572966741 0.8844658136367798 882
1615573001148 0.8588715195655823 883
1615573035596 0.9019712209701538 884
1615573070046 0.8712518215179443 885
1615573104640 0.845248818397522 886
1615573138996 0.9091154336929321 887
1615573173270 0.8793817758560181 888
1615573207517 0.8425949215888977 889
1615573243392 0.8783054351806641 890
1615573277701 0.9116442203521729 891
1615573312050 0.8826777935028076 892
1615573346372 0.8850964307785034 893
1615573380910 0.8946024179458618 894
1615573415354 0.9193193912506104 895
1615573450012 0.8488999605178833 896
1615573484515 0.8699031472206116 897
1615573518913 0.8875049352645874 898
1615573553642 0.8407312631607056 899
1615573589717 0.9181356430053711 900
1615573623970 0.8799452185630798 901
1615573658308 0.8998392820358276 902
1615573692696 0.8878492712974548 903
1615573727139 0.8867250084877014 904
1615573761480 0.8856702446937561 905
1615573796103 0.8684029579162598 906
1615573830476 0.866051197052002 907
1615573864833 0.865027129650116 908
1615573899147 0.8866690993309021 909
1615573935195 0.9026069641113281 910
1615573969506 0.9033765196800232 911
1615574003962 0.8484364748001099 912
1615574038546 0.8873285055160522 913
1615574073173 0.9045596122741699 914
1615574107802 0.860945463180542 915
1615574142284 0.8949381113052368 916
1615574176663 0.8384997844696045 917
1615574211130 0.8794716000556946 918
1615574245902 0.8859680891036987 919
1615574281946 0.8872466087341309 920
1615574316266 0.883959949016571 921
1615574350616 0.8835666179656982 922
1615574384940 0.8835657835006714 923
1615574419234 0.907881498336792 924
1615574453754 0.8756699562072754 925
1615574488407 0.9024206399917603 926
1615574522963 0.8975226879119873 927
1615574557719 0.8831648826599121 928
1615574592204 0.8964518308639526 929
1615574628657 0.8517923951148987 930
1615574663210 0.8839970827102661 931
1615574697847 0.8918102979660034 932
1615574732300 0.8894392848014832 933
1615574766970 0.8560928702354431 934
1615574801302 0.868800163269043 935
1615574835682 0.8536206483840942 936
1615574869962 0.8679397106170654 937
1615574904284 0.8735187649726868 938
1615574938749 0.8936772346496582 939
1615574974697 0.8958055973052979 940
1615575009132 0.8629099130630493 941
1615575043761 0.8656482696533203 942
1615575079489 0.858020544052124 943
1615575114245 0.9115102291107178 944
1615575148721 0.8930530548095703 945
1615575183483 0.9126056432723999 946
1615575217778 0.8214235305786133 947
1615575252087 0.8987041711807251 948
1615575286431 0.9111060500144958 949
1615575322511 0.8734252452850342 950
1615575356792 0.8771317005157471 951
1615575391329 0.9226105213165283 952
1615575425853 0.891987681388855 953
1615575460899 0.8891993761062622 954
1615575495560 0.8743754625320435 955
1615575530175 0.8855705261230469 956
1615575564567 0.8839439153671265 957
1615575598848 0.8866790533065796 958
1615575633208 0.897009015083313 959
1615575669537 0.8735039830207825 960
1615575704008 0.8710982799530029 961
1615575738800 0.881864070892334 962
1615575773199 0.8779721260070801 963
1615575807548 0.8830040097236633 964
1615575841905 0.9093090295791626 965
1615575876269 0.8678175210952759 966
1615575913038 0.8953296542167664 967
1615575947564 0.9266344308853149 968
1615575981961 0.879642128944397 969
1615576018162 0.8854602575302124 970
1615576052701 0.904205858707428 971
1615576087428 0.8736282587051392 972
1615576121891 0.8780573606491089 973
1615576156200 0.8915529847145081 974
1615576190682 0.8480438590049744 975
1615576225059 0.8962396383285522 976
1615576259464 0.8967841267585754 977
1615576294141 0.8498047590255737 978
1615576328420 0.892491340637207 979
1615576364565 0.8300715088844299 980
1615576398941 0.882517397403717 981
1615576433300 0.8737044930458069 982
1615576467777 0.876136064529419 983
1615576502274 0.9228579998016357 984
1615576536989 0.8956469893455505 985
1615576571458 0.9089961051940918 986
1615576605990 0.8801453113555908 987
1615576640467 0.8959245681762695 988
1615576674952 0.8895307779312134 989
1615576711059 0.877004861831665 990
1615576745426 0.8840221166610718 991
1615576780154 0.90833580493927 992
1615576814506 0.8541896343231201 993
1615576848918 0.9109560251235962 994
1615576883196 0.905078113079071 995
1615576917499 0.904873251914978 996
1615576951855 0.925269365310669 997
1615576986263 0.8911829590797424 998
1615577020670 0.8581328392028809 999
1615577056833 0.9186457395553589 1000
1615577091603 0.9088441133499146 1001
1615577126111 0.9142746925354004 1002
1615577160651 0.9030729532241821 1003
1615577195147 0.8918337821960449 1004
1615577229798 0.8796595335006714 1005
1615577264297 0.873973548412323 1006
1615577298705 0.8770694732666016 1007
1615577333102 0.8929899334907532 1008
1615577367453 0.848434329032898 1009
1615577403496 0.8582428097724915 1010
1615577437878 0.9148637056350708 1011
1615577472283 0.8870875835418701 1012
1615577507170 0.8685919642448425 1013
1615577541423 0.8874455690383911 1014
1615577575834 0.885978102684021 1015
1615577610155 0.8911730647087097 1016
1615577644438 0.8652105331420898 1017
1615577678817 0.9142289161682129 1018
1615577713188 0.9038496017456055 1019
1615577749189 0.897563636302948 1020
1615577783773 0.8739533424377441 1021
1615577818551 0.8491673469543457 1022
1615577853128 0.9048522710800171 1023
1615577887745 0.8720129728317261 1024
1615577922408 0.8279949426651001 1025
1615577956911 0.9085347652435303 1026
1615577991254 0.8671636581420898 1027
1615578027978 0.8894950747489929 1028
1615578062372 0.8980706930160522 1029
1615578098821 0.8715337514877319 1030
1615578133098 0.8663374185562134 1031
1615578167448 0.870451807975769 1032
1615578202328 0.9038556814193726 1033
1615578236698 0.8952884674072266 1034
1615578271019 0.8945930004119873 1035
1615578305341 0.8949460387229919 1036
1615578339750 0.8918278217315674 1037
1615578374054 0.8678883910179138 1038
1615578408441 0.8880609273910522 1039
1615578444580 0.8633126616477966 1040
1615578478841 0.9211851358413696 1041
1615578513161 0.886398434638977 1042
1615578547492 0.870261549949646 1043
1615578581831 0.8785727024078369 1044
1615578616473 0.908366322517395 1045
1615578651121 0.8696257472038269 1046
1615578685633 0.86207115650177 1047
1615578720105 0.8964986205101013 1048
1615578754424 0.886919379234314 1049
1615578790458 0.8955087065696716 1050
1615578825094 0.8670123815536499 1051
1615578859518 0.8417981863021851 1052
1615578893947 0.8925203680992126 1053
1615578928363 0.8840824961662292 1054
1615578962632 0.8875688910484314 1055
1615578997125 0.9077591896057129 1056
1615579031442 0.9047667384147644 1057
1615579066013 0.8517316579818726 1058
1615579100264 0.8464363813400269 1059
1615579136257 0.8867205381393433 1060
1615579170519 0.8831268548965454 1061
1615579204927 0.8757756948471069 1062
1615579239365 0.8665968179702759 1063
1615579273634 0.8503463268280029 1064
1615579308065 0.8713178038597107 1065
1615579342433 0.89512699842453 1066
1615579377542 0.8703891038894653 1067
1615579412231 0.8773806095123291 1068
1615579447245 0.8954057693481445 1069
1615579483489 0.8639959096908569 1070
1615579517974 0.8722072243690491 1071
1615579552744 0.8544735908508301 1072
1615579587191 0.884162962436676 1073
1615579621572 0.8815330266952515 1074
1615579655890 0.8997154831886292 1075
1615579690420 0.8794506788253784 1076
1615579724631 0.8690081834793091 1077
1615579758960 0.8911318778991699 1078
1615579793316 0.8949098587036133 1079
1615579829257 0.855147659778595 1080
1615579863524 0.8528591394424438 1081
1615579897808 0.8582132458686829 1082
1615579932047 0.8489362001419067 1083
1615579966467 0.8743196129798889 1084
1615580000826 0.8654828071594238 1085
1615580035666 0.8936569690704346 1086
1615580070482 0.8863487243652344 1087
1615580105414 0.8859894275665283 1088
1615580140518 0.8944268226623535 1089
1615580176750 0.8854386210441589 1090
1615580211167 0.895258903503418 1091
1615580245512 0.8847829699516296 1092
1615580279868 0.891876220703125 1093
1615580314230 0.8589189052581787 1094
1615580348558 0.8937039375305176 1095
1615580383206 0.90073561668396 1096
1615580417692 0.8665243983268738 1097
1615580452000 0.8677337169647217 1098
1615580486470 0.910786509513855 1099
1615580522508 0.9046635627746582 1100
1615580556938 0.899584949016571 1101
1615580591491 0.8702806234359741 1102
1615580626302 0.9116775989532471 1103
1615580660961 0.887873649597168 1104
1615580695623 0.865659236907959 1105
1615580730268 0.8929036855697632 1106
1615580764721 0.8749101161956787 1107
1615580799066 0.9010425806045532 1108
1615580833618 0.9010576605796814 1109
1615580869848 0.9153978824615479 1110
1615580904176 0.8811106085777283 1111
1615580938528 0.8780861496925354 1112
1615580972944 0.8842000961303711 1113
1615581007258 0.9093061685562134 1114
1615581041574 0.8843013048171997 1115
1615581075896 0.9059373736381531 1116
1615581110581 0.8942739963531494 1117
1615581144830 0.9004182815551758 1118
1615581179250 0.8609095811843872 1119
1615581215245 0.8925023078918457 1120
1615581249478 0.8896673917770386 1121
1615581283818 0.8707107901573181 1122
1615581318222 0.8746656179428101 1123
1615581352678 0.8808468580245972 1124
1615581387304 0.8898520469665527 1125
1615581422032 0.8841903805732727 1126
1615581456858 0.9038010835647583 1127
1615581491912 0.8977108001708984 1128
1615581526423 0.8894428014755249 1129
1615581563212 0.9042844176292419 1130
1615581597664 0.8687658905982971 1131
1615581632021 0.9165747165679932 1132
1615581666408 0.8916641473770142 1133
1615581700713 0.8838828802108765 1134
1615581735093 0.8827593326568604 1135
1615581769748 0.9159433841705322 1136
1615581803995 0.9024230241775513 1137
1615581838334 0.8795469403266907 1138
1615581872643 0.8681144118309021 1139
1615581908681 0.886060357093811 1140
1615581944866 0.8736166954040527 1141
1615581979705 0.8813984394073486 1142
1615582014139 0.895575225353241 1143
1615582048643 0.8791384696960449 1144
1615582083074 0.9065732955932617 1145
1615582117332 0.8900935053825378 1146
1615582151705 0.9287996292114258 1147
1615582186104 0.8847324848175049 1148
1615582220591 0.8804527521133423 1149
1615582256781 0.8826233744621277 1150
1615582291110 0.8818113803863525 1151
1615582325399 0.8766554594039917 1152
1615582359681 0.8640090823173523 1153
1615582393955 0.8640649318695068 1154
1615582428250 0.8751740455627441 1155
1615582462529 0.9058144092559814 1156
1615582496917 0.894081711769104 1157
1615582531370 0.887436032295227 1158
1615582569303 0.8579608201980591 1159
1615582605580 0.8735648393630981 1160
1615582640443 0.8823518753051758 1161
1615582674905 0.9278541803359985 1162
1615582709346 0.9029414653778076 1163
1615582743893 0.8922131061553955 1164
1615582778363 0.8712529540061951 1165
1615582812855 0.8837145566940308 1166
1615582847144 0.876806378364563 1167
1615582881527 0.8785613179206848 1168
1615582915819 0.9019666910171509 1169
1615582952030 0.8921658992767334 1170
1615582986532 0.8894548416137695 1171
1615583021252 0.8878737688064575 1172
1615583055542 0.8583924770355225 1173
1615583089827 0.8850076794624329 1174
1615583124124 0.8653892278671265 1175
1615583158453 0.9044814705848694 1176
1615583192796 0.9138875603675842 1177
1615583227144 0.8512358665466309 1178
1615583261987 0.8883141279220581 1179
1615583299321 0.8733989000320435 1180
1615583333886 0.9276052713394165 1181
1615583368424 0.8724743127822876 1182
1615583402955 0.8735899925231934 1183
1615583437311 0.8830286860466003 1184
1615583471716 0.8820194005966187 1185
1615583506018 0.8768998980522156 1186
1615583540449 0.8821283578872681 1187
1615583574889 0.8758289217948914 1188
1615583609635 0.9141864776611328 1189
1615583645493 0.8752156496047974 1190
1615583679791 0.8952053785324097 1191
1615583714081 0.9144726395606995 1192
1615583748396 0.8620560765266418 1193
1615583782703 0.8886300921440125 1194
1615583816971 0.8912054896354675 1195
1615583851258 0.8850953578948975 1196
1615583885719 0.9017428159713745 1197
1615583920168 0.8940880298614502 1198
1615583954944 0.8974224328994751 1199
1615583991386 0.8666088581085205 1200
1615584022988 0.905940592288971 0
1615584023001 0.905940592288971 0
