1615542448806 0.13944658637046814 1
1615542483141 0.1839277744293213 2
1615542517514 0.25074684619903564 3
1615542552414 0.29207924008369446 4
1615542587405 0.2959316670894623 5
1615542622033 0.30495914816856384 6
1615542656645 0.3063567876815796 7
1615542691077 0.31766319274902344 8
1615542725519 0.32624879479408264 9
1615542762021 0.3157790005207062 10
1615542796406 0.34996700286865234 11
1615542830722 0.33022135496139526 12
1615542864921 0.31452232599258423 13
1615542899467 0.3248055875301361 14
1615542933861 0.3273155093193054 15
1615542968124 0.3337686061859131 16
1615543002710 0.35263973474502563 17
1615543036986 0.3597601056098938 18
1615543071245 0.3386839032173157 19
1615543108534 0.3517519235610962 20
1615543142900 0.35078248381614685 21
1615543177236 0.35714083909988403 22
1615543211829 0.3746260404586792 23
1615543246416 0.3731944262981415 24
1615543281214 0.35567569732666016 25
1615543315846 0.3853335976600647 26
1615543350407 0.3665314316749573 27
1615543385037 0.3742120862007141 28
1615543420500 0.3559247851371765 29
1615543456904 0.3580288290977478 30
1615543491197 0.3819746971130371 31
1615543525508 0.36141446232795715 32
1615543559744 0.3816984295845032 33
1615543594001 0.3578000068664551 34
1615543628648 0.38420766592025757 35
1615543663227 0.3847126364707947 36
1615543697900 0.39637434482574463 37
1615543732467 0.3976138234138489 38
1615543766932 0.3849559724330902 39
1615543803347 0.38652729988098145 40
1615543837844 0.3829926550388336 41
1615543872247 0.3625483214855194 42
1615543906618 0.37572944164276123 43
1615543940832 0.3824673295021057 44
1615543975160 0.3781591057777405 45
1615544009482 0.3635439872741699 46
1615544043852 0.389957994222641 47
1615544078014 0.4189930558204651 48
1615544112818 0.4024779200553894 49
1615544148894 0.3969939649105072 50
1615544183132 0.3958698511123657 51
1615544217325 0.35077622532844543 52
1615544251511 0.3677636384963989 53
1615544285763 0.37681517004966736 54
1615544319971 0.3659711480140686 55
1615544354119 0.38045230507850647 56
1615544388380 0.37228816747665405 57
1615544422597 0.37938976287841797 58
1615544457081 0.3943425118923187 59
1615544493594 0.39567387104034424 60
1615544528454 0.38413214683532715 61
1615544562951 0.3818718492984772 62
1615544597339 0.3817196786403656 63
1615544631807 0.356536328792572 64
1615544666153 0.38532155752182007 65
1615544700468 0.4085461497306824 66
1615544734831 0.40375691652297974 67
1615544769376 0.4074900150299072 68
1615544803691 0.38409969210624695 69
1615544839637 0.3893025517463684 70
1615544873958 0.38386353850364685 71
1615544909608 0.3632305860519409 72
1615544944334 0.38196009397506714 73
1615544978995 0.3912642300128937 74
1615545013535 0.39766478538513184 75
1615545048228 0.40758103132247925 76
1615545082768 0.41918957233428955 77
1615545117200 0.4215666949748993 78
1615545151685 0.39816197752952576 79
1615545187830 0.38264065980911255 80
1615545222432 0.3934883773326874 81
1615545256682 0.41906309127807617 82
1615545291064 0.40142151713371277 83
1615545325440 0.4251948595046997 84
1615545359753 0.4140312671661377 85
1615545394315 0.4148799777030945 86
1615545429129 0.42423301935195923 87
1615545464068 0.4307398796081543 88
1615545498762 0.41438835859298706 89
1615545535385 0.40570008754730225 90
1615545570025 0.4194774925708771 91
1615545604353 0.3948867917060852 92
1615545638742 0.4171988368034363 93
1615545673175 0.4313886761665344 94
1615545707443 0.430462509393692 95
1615545741749 0.3984171152114868 96
1615545776056 0.399158775806427 97
1615545810597 0.3785111606121063 98
1615545844881 0.4034886956214905 99
1615545880750 0.40454787015914917 100
1615545915004 0.41767024993896484 101
1615545949387 0.4003642797470093 102
1615545983738 0.4200887978076935 103
1615546018232 0.4322139322757721 104
1615546052780 0.39759334921836853 105
1615546087370 0.377000093460083 106
1615546121929 0.4091055989265442 107
1615546156587 0.4051215648651123 108
1615546191223 0.41882967948913574 109
1615546227791 0.4036847949028015 110
1615546262248 0.4252301752567291 111
1615546296691 0.4188084602355957 112
1615546331412 0.40553781390190125 113
1615546365673 0.39603495597839355 114
1615546399901 0.4105561375617981 115
1615546434209 0.3967355489730835 116
1615546468513 0.4122045636177063 117
1615546502884 0.36603379249572754 118
1615546537303 0.421606183052063 119
1615546573309 0.4094502329826355 120
1615546608077 0.42414796352386475 121
1615546643004 0.41321879625320435 122
1615546677549 0.39060941338539124 123
1615546711935 0.3976399302482605 124
1615546746428 0.41168850660324097 125
1615546780898 0.4248514771461487 126
1615546815250 0.4271184206008911 127
1615546849614 0.4309485852718353 128
1615546883947 0.4200837016105652 129
1615546920290 0.4352402091026306 130
1615546954864 0.4179268777370453 131
1615546989333 0.4207374155521393 132
1615547023644 0.4304211437702179 133
1615547057945 0.4086278975009918 134
1615547092210 0.45497310161590576 135
1615547126524 0.4529750347137451 136
1615547160820 0.4272817373275757 137
1615547195346 0.39871618151664734 138
1615547229761 0.40942978858947754 139
1615547266115 0.4075712561607361 140
1615547300777 0.40491998195648193 141
1615547335448 0.4243611693382263 142
1615547369926 0.4434637427330017 143
1615547404234 0.4227854013442993 144
1615547438575 0.45012062788009644 145
1615547472813 0.43162792921066284 146
1615547507180 0.41204166412353516 147
1615547541476 0.4162295460700989 148
1615547576277 0.4291050434112549 149
1615547612515 0.42628929018974304 150
1615547646852 0.43426311016082764 151
1615547681050 0.4313305616378784 152
1615547715521 0.44203048944473267 153
1615547749797 0.4819726347923279 154
1615547784167 0.4430443048477173 155
1615547818447 0.4498194456100464 156
1615547852670 0.452518105506897 157
1615547887251 0.4397488236427307 158
1615547922332 0.4646187722682953 159
1615547959725 0.45320114493370056 160
1615547994258 0.40062081813812256 161
1615548028624 0.42271238565444946 162
1615548063059 0.43467819690704346 163
1615548097416 0.4529174268245697 164
1615548131792 0.4261065125465393 165
1615548166206 0.41117173433303833 166
1615548201042 0.4429042339324951 167
1615548235373 0.4455234408378601 168
1615548269663 0.47045251727104187 169
1615548305722 0.4395870566368103 170
1615548340053 0.4211292862892151 171
1615548374330 0.4542286992073059 172
1615548408611 0.4381573796272278 173
1615548442823 0.4268202781677246 174
1615548477230 0.4347790479660034 175
1615548511575 0.4291117191314697 176
1615548546193 0.40630775690078735 177
1615548580965 0.42880484461784363 178
1615548615796 0.4189761281013489 179
1615548652440 0.47114354372024536 180
1615548687174 0.44067031145095825 181
1615548721686 0.4258895516395569 182
1615548756081 0.40394115447998047 183
1615548790457 0.44826430082321167 184
1615548824923 0.43862301111221313 185
1615548859370 0.4370834231376648 186
1615548893728 0.41676896810531616 187
1615548928416 0.41837579011917114 188
1615548962757 0.43008285760879517 189
1615548998627 0.42903321981430054 190
1615549032931 0.47584331035614014 191
1615549067265 0.4260863661766052 192
1615549101620 0.4117674231529236 193
1615549135906 0.4130265712738037 194
1615549171109 0.44779932498931885 195
1615549205686 0.40816324949264526 196
1615549240405 0.4379505515098572 197
1615549275685 0.4462045431137085 198
1615549310257 0.44251924753189087 199
1615549346355 0.41901856660842896 200
1615549380741 0.4155823290348053 201
1615549415057 0.4091120660305023 202
1615549449859 0.42741549015045166 203
1615549484103 0.4380112886428833 204
1615549518496 0.4495827257633209 205
1615549552932 0.45522546768188477 206
1615549587273 0.4652590751647949 207
1615549621619 0.4579443335533142 208
1615549655876 0.4659780263900757 209
1615549692191 0.41088640689849854 210
1615549726731 0.44759601354599 211
1615549761170 0.443789541721344 212
1615549795637 0.40267932415008545 213
1615549830132 0.42065876722335815 214
1615549864513 0.4530203938484192 215
1615549898850 0.4236268997192383 216
1615549933232 0.44125309586524963 217
1615549967525 0.43736547231674194 218
1615550001929 0.4401223063468933 219
1615550038209 0.43230322003364563 220
1615550072513 0.4303056597709656 221
1615550106952 0.42693477869033813 222
1615550141249 0.4515165388584137 223
1615550175446 0.4515921473503113 224
1615550209694 0.4250747263431549 225
1615550243989 0.43638181686401367 226
1615550278575 0.4261015057563782 227
1615550313123 0.4477126896381378 228
1615550348473 0.4702262580394745 229
1615550384554 0.4520781338214874 230
1615550419097 0.4728850722312927 231
1615550453476 0.4530329406261444 232
1615550487758 0.4298071563243866 233
1615550522689 0.4454861283302307 234
1615550556975 0.44169020652770996 235
1615550591174 0.4444889724254608 236
1615550625488 0.45199501514434814 237
1615550659799 0.44230806827545166 238
1615550694143 0.47714704275131226 239
1615550729972 0.4441410303115845 240
1615550764190 0.4294990301132202 241
1615550798627 0.4480605125427246 242
1615550833179 0.45419788360595703 243
1615550867662 0.4638958275318146 244
1615550901996 0.45481395721435547 245
1615550936610 0.45325586199760437 246
1615550971050 0.42071080207824707 247
1615551005520 0.4461834132671356 248
1615551040151 0.4377123713493347 249
1615551077077 0.45383787155151367 250
1615551111357 0.4743826985359192 251
1615551145794 0.4416927695274353 252
1615551180263 0.41748160123825073 253
1615551214567 0.44253501296043396 254
1615551248884 0.4594460725784302 255
1615551283293 0.44806885719299316 256
1615551317659 0.48800140619277954 257
1615551352338 0.45719093084335327 258
1615551386753 0.4420432448387146 259
1615551422616 0.437286913394928 260
1615551456916 0.46715641021728516 261
1615551491270 0.47506746649742126 262
1615551525543 0.4518407881259918 263
1615551559849 0.42636430263519287 264
1615551594209 0.45019057393074036 265
1615551629184 0.43801140785217285 266
1615551664053 0.45327889919281006 267
1615551698576 0.43515026569366455 268
1615551733133 0.4592658579349518 269
1615551770152 0.46304434537887573 270
1615551804928 0.4710876941680908 271
1615551839230 0.45284372568130493 272
1615551873506 0.45505422353744507 273
1615551907714 0.45109429955482483 274
1615551941965 0.4477022886276245 275
1615551976199 0.41384056210517883 276
1615552010371 0.48638883233070374 277
1615552044807 0.4453800916671753 278
1615552079163 0.48209500312805176 279
1615552115948 0.47421538829803467 280
1615552151685 0.4575890302658081 281
1615552186338 0.47563594579696655 282
1615552220890 0.44878852367401123 283
1615552255339 0.4615028202533722 284
1615552289815 0.422899067401886 285
1615552324370 0.4674287438392639 286
1615552358558 0.44797736406326294 287
1615552392830 0.435651957988739 288
1615552427077 0.4589186906814575 289
1615552463172 0.4440494477748871 290
1615552497495 0.4643399119377136 291
1615552531972 0.47377809882164 292
1615552566624 0.4728469252586365 293
1615552601137 0.45219340920448303 294
1615552635700 0.4539761543273926 295
1615552670311 0.4478698670864105 296
1615552704839 0.4757440388202667 297
1615552739491 0.46300435066223145 298
1615552773951 0.4764908254146576 299
1615552810099 0.47675037384033203 300
1615552844440 0.4259907603263855 301
1615552878738 0.4565233588218689 302
1615552913069 0.49114856123924255 303
1615552947285 0.4929071068763733 304
1615552981561 0.446471631526947 305
1615553015921 0.4404839873313904 306
1615553050637 0.4652438163757324 307
1615553084980 0.5261774659156799 308
1615553119705 0.5098469257354736 309
1615553156644 0.42778295278549194 310
1615553191396 0.4454764127731323 311
1615553226128 0.4555140733718872 312
1615553260615 0.4564783573150635 313
1615553295255 0.49772125482559204 314
1615553329626 0.4539667069911957 315
1615553364002 0.47592592239379883 316
1615553398250 0.477544903755188 317
1615553432729 0.45777350664138794 318
1615553467829 0.4609071910381317 319
1615553503890 0.4698184132575989 320
1615553538189 0.4649447202682495 321
1615553572487 0.46357250213623047 322
1615553606769 0.43195247650146484 323
1615553640967 0.48465466499328613 324
1615553675334 0.44894278049468994 325
1615553710075 0.47062844038009644 326
1615553745027 0.4698493480682373 327
1615553779803 0.48477885127067566 328
1615553814681 0.49534738063812256 329
1615553850713 0.44364702701568604 330
1615553885048 0.4452739953994751 331
1615553919468 0.4614306092262268 332
1615553953801 0.49112650752067566 333
1615553988155 0.4602210521697998 334
1615554022482 0.46938633918762207 335
1615554057227 0.4695590138435364 336
1615554091470 0.4938507080078125 337
1615554125752 0.451224684715271 338
1615554160016 0.4996357560157776 339
1615554196001 0.4835807681083679 340
1615554230224 0.47588762640953064 341
1615554264505 0.5071762204170227 342
1615554298796 0.4699934720993042 343
1615554333045 0.4719852805137634 344
1615554367283 0.46344542503356934 345
1615554401567 0.4420534074306488 346
1615554435948 0.43416404724121094 347
1615554470405 0.47456902265548706 348
1615554504908 0.4985586702823639 349
1615554541086 0.5107046365737915 350
1615554575825 0.49857011437416077 351
1615554610385 0.5057360529899597 352
1615554644800 0.4890790581703186 353
1615554679250 0.51169753074646 354
1615554713604 0.4958497881889343 355
1615554747884 0.47377848625183105 356
1615554782201 0.48912355303764343 357
1615554817056 0.5192265510559082 358
1615554851400 0.4495575726032257 359
1615554887458 0.47953033447265625 360
1615554921734 0.514862060546875 361
1615554955991 0.5044005513191223 362
1615554990249 0.48509877920150757 363
1615555024628 0.4774123430252075 364
1615555059031 0.48002544045448303 365
1615555094317 0.4681049585342407 366
1615555129039 0.48628175258636475 367
1615555163420 0.5085673332214355 368
1615555197733 0.46458908915519714 369
1615555233787 0.4749297499656677 370
1615555268256 0.5179972648620605 371
1615555302668 0.5135726928710938 372
1615555336965 0.48899877071380615 373
1615555371275 0.48116981983184814 374
1615555405913 0.4834236204624176 375
1615555440281 0.47323739528656006 376
1615555474589 0.4310321807861328 377
1615555509035 0.44186151027679443 378
1615555543377 0.44897353649139404 379
1615555579322 0.4501112997531891 380
1615555613703 0.4703269600868225 381
1615555648113 0.49011003971099854 382
1615555682533 0.4589405655860901 383
1615555717115 0.48749274015426636 384
1615555751622 0.5011537075042725 385
1615555786118 0.49571773409843445 386
1615555820661 0.47069209814071655 387
1615555855177 0.4775170683860779 388
1615555889701 0.4794049859046936 389
1615555925651 0.46963322162628174 390
1615555960053 0.4594757556915283 391
1615555995263 0.46444693207740784 392
1615556029649 0.4910932779312134 393
1615556064001 0.4638897776603699 394
1615556098364 0.5331895351409912 395
1615556132671 0.4850645959377289 396
1615556167146 0.5099512338638306 397
1615556202614 0.5013542771339417 398
1615556237138 0.4843803644180298 399
1615556273139 0.48867589235305786 400
1615556307470 0.48100972175598145 401
1615556341920 0.4878731667995453 402
1615556376286 0.45105984807014465 403
1615556410613 0.5084100961685181 404
1615556444991 0.47744065523147583 405
1615556479502 0.5023884773254395 406
1615556513782 0.45252206921577454 407
1615556547922 0.5074964165687561 408
1615556582216 0.4768487215042114 409
1615556618046 0.4914287328720093 410
1615556652337 0.48832595348358154 411
1615556686591 0.5133365392684937 412
1615556720865 0.5058999061584473 413
1615556755366 0.46738627552986145 414
1615556789766 0.4704132676124573 415
1615556824429 0.49777424335479736 416
1615556859268 0.4726577699184418 417
1615556894027 0.5016518235206604 418
1615556928603 0.4996998608112335 419
1615556964759 0.510044515132904 420
1615556999294 0.5094490051269531 421
1615557033608 0.480496883392334 422
1615557068044 0.46600380539894104 423
1615557102406 0.48792776465415955 424
1615557136734 0.5044159889221191 425
1615557171064 0.47742581367492676 426
1615557205311 0.5026084780693054 427
1615557239623 0.4796147644519806 428
1615557273930 0.44528910517692566 429
1615557310230 0.46218088269233704 430
1615557344562 0.48700273036956787 431
1615557378906 0.48634153604507446 432
1615557413240 0.4674350321292877 433
1615557447535 0.4956051707267761 434
1615557481805 0.4367085099220276 435
1615557516123 0.48293718695640564 436
1615557550995 0.4928089380264282 437
1615557585751 0.49254587292671204 438
1615557620984 0.470319926738739 439
1615557657219 0.528536319732666 440
1615557691569 0.5011247396469116 441
1615557725966 0.46934330463409424 442
1615557760467 0.4973423480987549 443
1615557794798 0.5244861245155334 444
1615557829876 0.49146461486816406 445
1615557864213 0.4762870669364929 446
1615557898562 0.4669189453125 447
1615557932889 0.48989060521125793 448
1615557967186 0.5108067989349365 449
1615558003400 0.524667501449585 450
1615558038076 0.5028107166290283 451
1615558072734 0.5035566091537476 452
1615558107380 0.4882541298866272 453
1615558142205 0.4839337468147278 454
1615558176588 0.5344363451004028 455
1615558210997 0.4856172204017639 456
1615558245392 0.4669566750526428 457
1615558279717 0.46012794971466064 458
1615558314254 0.49890029430389404 459
1615558351304 0.5146322250366211 460
1615558385680 0.5129347443580627 461
1615558420000 0.5211302042007446 462
1615558454313 0.48822465538978577 463
1615558488695 0.5006431937217712 464
1615558523171 0.5154552459716797 465
1615558557953 0.48748159408569336 466
1615558593367 0.4892543852329254 467
1615558628169 0.4850148558616638 468
1615558662688 0.5003812313079834 469
1615558699223 0.48144978284835815 470
1615558733620 0.4609087407588959 471
1615558768129 0.4915333390235901 472
1615558802828 0.5063657760620117 473
1615558837163 0.49052971601486206 474
1615558871419 0.5062673687934875 475
1615558905713 0.4864131212234497 476
1615558940082 0.48710155487060547 477
1615558974395 0.500557005405426 478
1615559008709 0.5473806262016296 479
1615559044614 0.5209395289421082 480
1615559078846 0.5026922225952148 481
1615559113147 0.5225422382354736 482
1615559147535 0.4955236315727234 483
1615559181877 0.5067486763000488 484
1615559216328 0.49814221262931824 485
1615559250838 0.4800052344799042 486
1615559285323 0.4819953441619873 487
1615559319896 0.4920836389064789 488
1615559354286 0.5386595726013184 489
1615559390571 0.5371546149253845 490
1615559425032 0.502388596534729 491
1615559459490 0.4900217056274414 492
1615559493820 0.557093620300293 493
1615559528122 0.460497111082077 494
1615559562426 0.5026984214782715 495
1615559597013 0.4983791708946228 496
1615559631371 0.5269699096679688 497
1615559665729 0.5114091634750366 498
1615559700097 0.5168182849884033 499
1615559736212 0.5043208003044128 500
1615559770546 0.48207616806030273 501
1615559804932 0.5148564577102661 502
1615559839232 0.5302139520645142 503
1615559873673 0.5249672532081604 504
1615559908278 0.5026662945747375 505
1615559943175 0.5167646408081055 506
1615559977621 0.4834437370300293 507
1615560012064 0.4802900552749634 508
1615560046645 0.5111644268035889 509
1615560082880 0.5003076791763306 510
1615560117277 0.5395704507827759 511
1615560151724 0.5259292721748352 512
1615560186095 0.5358477830886841 513
1615560220638 0.5192856788635254 514
1615560255004 0.4967367947101593 515
1615560289813 0.5242930054664612 516
1615560324155 0.5305038690567017 517
1615560358496 0.5048454999923706 518
1615560392816 0.4870409667491913 519
1615560428719 0.4919000267982483 520
1615560463065 0.4847276508808136 521
1615560497495 0.49979862570762634 522
1615560532657 0.5160897374153137 523
1615560567867 0.5341506004333496 524
1615560602311 0.5074600577354431 525
1615560636652 0.5394002199172974 526
1615560670924 0.5055676698684692 527
1615560705456 0.5070918798446655 528
1615560739796 0.5524284839630127 529
1615560776286 0.5056617856025696 530
1615560810622 0.48889482021331787 531
1615560844965 0.49730736017227173 532
1615560879206 0.5094798803329468 533
1615560913543 0.5088703036308289 534
1615560947958 0.5126913785934448 535
1615560982224 0.5597274303436279 536
1615561016566 0.5023203492164612 537
1615561050881 0.5199771523475647 538
1615561085253 0.5145499110221863 539
1615561122022 0.5682497620582581 540
1615561156973 0.5061638355255127 541
1615561191712 0.4792375862598419 542
1615561226390 0.5111719369888306 543
1615561261233 0.5309178829193115 544
1615561295733 0.519243597984314 545
1615561330108 0.5179245471954346 546
1615561364475 0.5421100854873657 547
1615561398840 0.4954584240913391 548
1615561433232 0.5006555318832397 549
1615561469632 0.5192281007766724 550
1615561503956 0.5233176946640015 551
1615561538745 0.5236797332763672 552
1615561573126 0.5486679673194885 553
1615561607400 0.47624653577804565 554
1615561641675 0.5219210386276245 555
1615561676028 0.5402708053588867 556
1615561710295 0.5097988843917847 557
1615561744684 0.5027117133140564 558
1615561779091 0.4826764464378357 559
1615561815470 0.5415028929710388 560
1615561850620 0.514636218547821 561
1615561885245 0.4784180521965027 562
1615561920031 0.5013035535812378 563
1615561954604 0.5705739259719849 564
1615561989129 0.48044395446777344 565
1615562023399 0.5369053483009338 566
1615562057748 0.5322520732879639 567
1615562092277 0.5377399921417236 568
1615562126635 0.5290567874908447 569
1615562162908 0.5144385099411011 570
1615562197246 0.48703038692474365 571
1615562231614 0.527046263217926 572
1615562265924 0.5236063003540039 573
1615562300169 0.5353163480758667 574
1615562334459 0.5126317143440247 575
1615562368773 0.5154198408126831 576
1615562403109 0.5625194311141968 577
1615562437418 0.5440442562103271 578
1615562472006 0.5219475030899048 579
1615562508381 0.5301870703697205 580
1615562542930 0.5658026933670044 581
1615562577690 0.5081068277359009 582
1615562612228 0.5222365856170654 583
1615562646674 0.5135611295700073 584
1615562681025 0.5188412666320801 585
1615562715341 0.5298829674720764 586
1615562749718 0.5595680475234985 587
1615562784289 0.5408409833908081 588
1615562818598 0.5176535844802856 589
1615562854757 0.5391510725021362 590
1615562889107 0.5331451296806335 591
1615562923480 0.5257102251052856 592
1615562957801 0.5132626295089722 593
1615562992113 0.523669958114624 594
1615563026482 0.5290999412536621 595
1615563060775 0.5364376306533813 596
1615563095126 0.5433374643325806 597
1615563129457 0.5247180461883545 598
1615563163699 0.5103573799133301 599
1615563199779 0.505555272102356 600
1615563234920 0.5703107118606567 601
1615563270483 0.5210144519805908 602
1615563305130 0.47758594155311584 603
1615563339572 0.5100089311599731 604
1615563373980 0.5086939334869385 605
1615563408322 0.5415130257606506 606
1615563442761 0.526600182056427 607
1615563477563 0.5474416017532349 608
1615563511744 0.527337908744812 609
1615563547757 0.534469485282898 610
1615563581982 0.4812695384025574 611
1615563616237 0.5248405933380127 612
1615563650553 0.5114072561264038 613
1615563684807 0.5305737257003784 614
1615563719208 0.5161624550819397 615
1615563753924 0.5252008438110352 616
1615563788614 0.5010254979133606 617
1615563823137 0.5528841018676758 618
1615563857560 0.50337153673172 619
1615563893782 0.5179475545883179 620
1615563928573 0.5397933721542358 621
1615563963031 0.4803333878517151 622
1615563997383 0.5084571242332458 623
1615564031750 0.5382133722305298 624
1615564066126 0.5517382621765137 625
1615564100648 0.5539767742156982 626
1615564135502 0.5326021313667297 627
1615564169902 0.5286018252372742 628
1615564204204 0.5103836059570312 629
1615564240142 0.5256308317184448 630
1615564274536 0.570130467414856 631
1615564308826 0.4971073865890503 632
1615564343287 0.5519710183143616 633
1615564377721 0.5330594182014465 634
1615564412216 0.48713770508766174 635
1615564447046 0.49962684512138367 636
1615564481585 0.5485239028930664 637
1615564516152 0.526959240436554 638
1615564550655 0.5494700074195862 639
1615564587160 0.5228143334388733 640
1615564621752 0.5246045589447021 641
1615564656098 0.5178869366645813 642
1615564690470 0.5522313117980957 643
1615564724829 0.5354304313659668 644
1615564759150 0.533892035484314 645
1615564794206 0.554212212562561 646
1615564828642 0.5388333797454834 647
1615564862961 0.5154337286949158 648
1615564897350 0.5359468460083008 649
1615564933335 0.5641242265701294 650
1615564967665 0.5235176086425781 651
1615565002041 0.5395933389663696 652
1615565036607 0.5325026512145996 653
1615565071389 0.5563446283340454 654
1615565105934 0.5538704991340637 655
1615565140406 0.543708324432373 656
1615565174998 0.5399113893508911 657
1615565209488 0.5002241134643555 658
1615565243860 0.5210060477256775 659
1615565279961 0.527186393737793 660
1615565314486 0.5505938529968262 661
1615565348901 0.5057763457298279 662
1615565383384 0.5152051448822021 663
1615565417940 0.5292327404022217 664
1615565452345 0.5616804361343384 665
1615565486636 0.530742883682251 666
1615565520963 0.5480188131332397 667
1615565555298 0.5300246477127075 668
1615565589529 0.5396517515182495 669
1615565625520 0.5442628860473633 670
1615565660098 0.5248053073883057 671
1615565694620 0.4919303059577942 672
1615565729195 0.4844757914543152 673
1615565763481 0.5307590961456299 674
1615565797962 0.49657076597213745 675
1615565832432 0.5405527949333191 676
1615565866962 0.5340123176574707 677
1615565901469 0.5337605476379395 678
1615565935976 0.531316876411438 679
1615565972264 0.5542168617248535 680
1615566006662 0.5299545526504517 681
1615566041076 0.5671247839927673 682
1615566075431 0.5522269010543823 683
1615566110207 0.5156847834587097 684
1615566144527 0.5449722409248352 685
1615566178853 0.5599557161331177 686
1615566213200 0.5908412337303162 687
1615566247451 0.5120556354522705 688
1615566281866 0.48883056640625 689
1615566317743 0.5278624892234802 690
1615566352149 0.5471013784408569 691
1615566386475 0.5854040384292603 692
1615566420955 0.5565836429595947 693
1615566455698 0.5393599271774292 694
1615566490397 0.5426494479179382 695
1615566525498 0.544933557510376 696
1615566560137 0.5581886768341064 697
1615566594503 0.5385788083076477 698
1615566628826 0.5541088581085205 699
1615566665093 0.550237774848938 700
1615566699457 0.533727765083313 701
1615566733806 0.5525084733963013 702
1615566768225 0.5651416778564453 703
1615566802747 0.5407490730285645 704
1615566837077 0.5291513204574585 705
1615566871245 0.5331027507781982 706
1615566905530 0.5387380719184875 707
1615566939754 0.551215648651123 708
1615566974128 0.5332085490226746 709
1615567010033 0.5449845790863037 710
1615567044271 0.5589603781700134 711
1615567078529 0.5351218581199646 712
1615567112893 0.5492947101593018 713
1615567147486 0.546909749507904 714
1615567181995 0.5486113429069519 715
1615567216585 0.5115296840667725 716
1615567251108 0.5722842216491699 717
1615567285569 0.5830164551734924 718
1615567320034 0.5524082779884338 719
1615567355950 0.5551127195358276 720
1615567390344 0.5328899621963501 721
1615567424802 0.5122935175895691 722
1615567459129 0.5372529029846191 723
1615567493687 0.5451411008834839 724
1615567528148 0.5168504118919373 725
1615567562513 0.5775659084320068 726
1615567596833 0.6085999011993408 727
1615567631143 0.5271514058113098 728
1615567665484 0.5807604789733887 729
1615567701963 0.5926889181137085 730
1615567736361 0.5603035688400269 731
1615567770733 0.5399206876754761 732
1615567805288 0.5651718378067017 733
1615567839893 0.5267084240913391 734
1615567874342 0.5400080680847168 735
1615567909237 0.5480736494064331 736
1615567943792 0.5744652152061462 737
1615567978303 0.5485950112342834 738
1615568012615 0.5633962154388428 739
1615568048956 0.5105878710746765 740
1615568084044 0.5297163724899292 741
1615568118438 0.5664733648300171 742
1615568152795 0.5658206939697266 743
1615568187118 0.5970925092697144 744
1615568221378 0.5251668691635132 745
1615568255692 0.5577877759933472 746
1615568290049 0.5422013998031616 747
1615568324383 0.5287883281707764 748
1615568358982 0.5221954584121704 749
1615568395346 0.5706902146339417 750
1615568430061 0.5110042095184326 751
1615568464646 0.5370731353759766 752
1615568499506 0.5283246040344238 753
1615568533991 0.5427954196929932 754
1615568568456 0.549190104007721 755
1615568602811 0.5601010322570801 756
1615568637304 0.5475837588310242 757
1615568671634 0.5393126606941223 758
1615568706021 0.5792953968048096 759
1615568742191 0.5378690958023071 760
1615568776462 0.5255031585693359 761
1615568811325 0.5260615348815918 762
1615568845722 0.5398916006088257 763
1615568879988 0.5512599349021912 764
1615568914294 0.5317225456237793 765
1615568948566 0.5465818643569946 766
1615568982879 0.5538390874862671 767
1615569017403 0.5314775705337524 768
1615569051876 0.5710247755050659 769
1615569088215 0.5466431379318237 770
1615569122928 0.5137472748756409 771
1615569157754 0.5373365879058838 772
1615569192321 0.5651779174804688 773
1615569227009 0.54891037940979 774
1615569261440 0.512226939201355 775
1615569296007 0.5670512914657593 776
1615569330420 0.5559097528457642 777
1615569364758 0.5393816232681274 778
1615569398991 0.5273458957672119 779
1615569435227 0.5581899881362915 780
1615569469508 0.497780442237854 781
1615569503946 0.5698269605636597 782
1615569538484 0.5826301574707031 783
1615569572785 0.5625858306884766 784
1615569607146 0.5724427700042725 785
1615569641832 0.5305379629135132 786
1615569676197 0.5411051511764526 787
1615569710506 0.5766994953155518 788
1615569744897 0.5359979867935181 789
1615569780854 0.5347553491592407 790
1615569815165 0.5209710597991943 791
1615569849516 0.5647344589233398 792
1615569883799 0.5211082696914673 793
1615569918231 0.5745757222175598 794
1615569952665 0.5530123710632324 795
1615569987005 0.542881965637207 796
1615570021440 0.5604885816574097 797
1615570055949 0.5227702856063843 798
1615570090483 0.5909514427185059 799
1615570126762 0.5337368249893188 800
1615570161378 0.5071898102760315 801
1615570195900 0.5483138561248779 802
1615570230367 0.555888295173645 803
1615570264862 0.5538688898086548 804
1615570299336 0.5322999954223633 805
1615570333780 0.5498966574668884 806
1615570368230 0.5420782566070557 807
1615570402613 0.5365031957626343 808
1615570436950 0.5229920148849487 809
1615570473399 0.5447808504104614 810
1615570507669 0.5144094228744507 811
1615570542018 0.5499377250671387 812
1615570576397 0.580940842628479 813
1615570610704 0.5820201635360718 814
1615570644962 0.5511364936828613 815
1615570679243 0.5253713130950928 816
1615570713705 0.5926895141601562 817
1615570748066 0.5244185924530029 818
1615570782782 0.5313839316368103 819
1615570819214 0.5046385526657104 820
1615570853673 0.5550681352615356 821
1615570888157 0.5387171506881714 822
1615570922737 0.5493847131729126 823
1615570957071 0.5726900100708008 824
1615570991403 0.524631917476654 825
1615571025692 0.5353485345840454 826
1615571060049 0.5352599620819092 827
1615571094249 0.5684391260147095 828
1615571128677 0.5489974617958069 829
1615571164726 0.5535526275634766 830
1615571199051 0.5436181426048279 831
1615571233802 0.5590460300445557 832
1615571268098 0.5796874165534973 833
1615571302356 0.5441409349441528 834
1615571336703 0.535370945930481 835
1615571370946 0.5675747394561768 836
1615571405296 0.4985021948814392 837
1615571439699 0.550035834312439 838
1615571474298 0.5590400099754333 839
1615571511238 0.562287449836731 840
1615571545836 0.5263946056365967 841
1615571580442 0.5687034130096436 842
1615571614822 0.5807052850723267 843
1615571649167 0.563559889793396 844
1615571683760 0.5456184148788452 845
1615571718082 0.5676432847976685 846
1615571752419 0.5696015357971191 847
1615571786809 0.5226081013679504 848
1615571821100 0.5097816586494446 849
1615571857074 0.5390244722366333 850
1615571891441 0.5878424644470215 851
1615571925894 0.6028549671173096 852
1615571960603 0.5219987630844116 853
1615571995418 0.5366957187652588 854
1615572030355 0.5413792133331299 855
1615572065113 0.5577374696731567 856
1615572099750 0.5216257572174072 857
1615572134471 0.5553673505783081 858
1615572168943 0.5645657777786255 859
1615572205368 0.5762742757797241 860
1615572239736 0.515619158744812 861
1615572274302 0.5491175651550293 862
1615572308753 0.5316108465194702 863
1615572343288 0.506931483745575 864
1615572377702 0.5435463786125183 865
1615572412023 0.5275334715843201 866
1615572446410 0.5743144154548645 867
1615572480790 0.5260082483291626 868
1615572515104 0.535286545753479 869
1615572551096 0.5776115655899048 870
1615572585552 0.5442280173301697 871
1615572619874 0.5696436762809753 872
1615572654562 0.5271654725074768 873
1615572689079 0.5620948076248169 874
1615572723635 0.5526313781738281 875
1615572758146 0.5799560546875 876
1615572792797 0.5403633117675781 877
1615572827134 0.4990413188934326 878
1615572861644 0.5809355974197388 879
1615572897960 0.5662865042686462 880
1615572932365 0.540847897529602 881
1615572966741 0.5498622059822083 882
1615573001148 0.5175639390945435 883
1615573035596 0.558895468711853 884
1615573070046 0.5370500087738037 885
1615573104640 0.5135537981987 886
1615573138996 0.5908468961715698 887
1615573173270 0.5500333309173584 888
1615573207517 0.5045056343078613 889
1615573243392 0.5467509031295776 890
1615573277701 0.5918883085250854 891
1615573312050 0.5465034246444702 892
1615573346372 0.5584849119186401 893
1615573380910 0.5567492246627808 894
1615573415354 0.6134395599365234 895
1615573450012 0.5142099261283875 896
1615573484515 0.5198037028312683 897
1615573518913 0.5553961396217346 898
1615573553642 0.49499669671058655 899
1615573589717 0.5896645188331604 900
1615573623970 0.550408124923706 901
1615573658308 0.5668481588363647 902
1615573692696 0.5570460557937622 903
1615573727139 0.560520350933075 904
1615573761480 0.5443925261497498 905
1615573796103 0.5424908399581909 906
1615573830476 0.5275413393974304 907
1615573864833 0.5306503772735596 908
1615573899147 0.5362982749938965 909
1615573935195 0.5661689043045044 910
1615573969506 0.5704014301300049 911
1615574003962 0.5167970657348633 912
1615574038546 0.5494634509086609 913
1615574073173 0.5791096687316895 914
1615574107802 0.4992997646331787 915
1615574142284 0.5736556053161621 916
1615574176663 0.493668794631958 917
1615574211130 0.5545749664306641 918
1615574245902 0.5463244915008545 919
1615574281946 0.5519925355911255 920
1615574316266 0.5408329963684082 921
1615574350616 0.5478119850158691 922
1615574384940 0.5624751448631287 923
1615574419234 0.584296703338623 924
1615574453754 0.5394355058670044 925
1615574488407 0.5841252207756042 926
1615574522963 0.5681616067886353 927
1615574557719 0.5477344393730164 928
1615574592204 0.5575541853904724 929
1615574628657 0.5029162764549255 930
1615574663210 0.5524777770042419 931
1615574697847 0.5589341521263123 932
1615574732300 0.5561918616294861 933
1615574766970 0.5139195919036865 934
1615574801302 0.5351401567459106 935
1615574835682 0.5146721005439758 936
1615574869962 0.508880615234375 937
1615574904284 0.5427390336990356 938
1615574938749 0.5511636137962341 939
1615574974697 0.55550217628479 940
1615575009132 0.5223868489265442 941
1615575043761 0.5366319417953491 942
1615575079489 0.5194841027259827 943
1615575114245 0.5792644619941711 944
1615575148721 0.5617496967315674 945
1615575183483 0.590697169303894 946
1615575217778 0.48446428775787354 947
1615575252087 0.575130820274353 948
1615575286431 0.5861687660217285 949
1615575322511 0.54726243019104 950
1615575356792 0.5485531091690063 951
1615575391329 0.5947416424751282 952
1615575425853 0.5638160705566406 953
1615575460899 0.5684847831726074 954
1615575495560 0.5186079144477844 955
1615575530175 0.5656204223632812 956
1615575564567 0.5474231243133545 957
1615575598848 0.5724621415138245 958
1615575633208 0.556960940361023 959
1615575669537 0.507611870765686 960
1615575704008 0.5482429265975952 961
1615575738800 0.5624628067016602 962
1615575773199 0.5497449040412903 963
1615575807548 0.556411862373352 964
1615575841905 0.5960263609886169 965
1615575876269 0.5251398682594299 966
1615575913038 0.5590016841888428 967
1615575947564 0.5978951454162598 968
1615575981961 0.5495185852050781 969
1615576018162 0.540101170539856 970
1615576052701 0.5786510705947876 971
1615576087428 0.5487743020057678 972
1615576121891 0.5413112640380859 973
1615576156200 0.5485076904296875 974
1615576190682 0.5264055728912354 975
1615576225059 0.5649150609970093 976
1615576259464 0.5670528411865234 977
1615576294141 0.5044436454772949 978
1615576328420 0.5622305274009705 979
1615576364565 0.5002257227897644 980
1615576398941 0.541310727596283 981
1615576433300 0.5384073257446289 982
1615576467777 0.5474463105201721 983
1615576502274 0.6044633388519287 984
1615576536989 0.5727452039718628 985
1615576571458 0.5762159824371338 986
1615576605990 0.547433614730835 987
1615576640467 0.5668017864227295 988
1615576674952 0.566338062286377 989
1615576711059 0.5334858894348145 990
1615576745426 0.5456582903862 991
1615576780154 0.5846389532089233 992
1615576814506 0.5383032560348511 993
1615576848918 0.5896965265274048 994
1615576883196 0.5857205986976624 995
1615576917499 0.571064829826355 996
1615576951855 0.6020651459693909 997
1615576986263 0.5538171529769897 998
1615577020670 0.526373028755188 999
1615577056833 0.5865401029586792 1000
1615577091603 0.5762701034545898 1001
1615577126111 0.5830541253089905 1002
1615577160651 0.5608444213867188 1003
1615577195147 0.5486286282539368 1004
1615577229798 0.5472284555435181 1005
1615577264297 0.5400018692016602 1006
1615577298705 0.5519185066223145 1007
1615577333102 0.5499464273452759 1008
1615577367453 0.522853434085846 1009
1615577403496 0.5183395147323608 1010
1615577437878 0.5787773132324219 1011
1615577472283 0.548774003982544 1012
1615577507170 0.5261601805686951 1013
1615577541423 0.5651312470436096 1014
1615577575834 0.5493559241294861 1015
1615577610155 0.5640223026275635 1016
1615577644438 0.5369076132774353 1017
1615577678817 0.5715488195419312 1018
1615577713188 0.5753412246704102 1019
1615577749189 0.567378044128418 1020
1615577783773 0.5390915274620056 1021
1615577818551 0.5044398307800293 1022
1615577853128 0.5759820938110352 1023
1615577887745 0.5455726981163025 1024
1615577922408 0.5120707154273987 1025
1615577956911 0.5833024978637695 1026
1615577991254 0.5428007245063782 1027
1615578027978 0.5517776608467102 1028
1615578062372 0.5837698578834534 1029
1615578098821 0.5378977656364441 1030
1615578133098 0.5322778224945068 1031
1615578167448 0.5540399551391602 1032
1615578202328 0.5712461471557617 1033
1615578236698 0.5763571262359619 1034
1615578271019 0.5620452165603638 1035
1615578305341 0.5660018920898438 1036
1615578339750 0.5794196128845215 1037
1615578374054 0.5458323955535889 1038
1615578408441 0.5448246002197266 1039
1615578444580 0.5354067087173462 1040
1615578478841 0.5886658430099487 1041
1615578513161 0.5566751956939697 1042
1615578547492 0.5515521764755249 1043
1615578581831 0.5374647378921509 1044
1615578616473 0.5915225148200989 1045
1615578651121 0.5395900011062622 1046
1615578685633 0.5280262231826782 1047
1615578720105 0.5616019368171692 1048
1615578754424 0.5488017797470093 1049
1615578790458 0.5743100643157959 1050
1615578825094 0.5400451421737671 1051
1615578859518 0.5158278942108154 1052
1615578893947 0.5580337047576904 1053
1615578928363 0.5540512800216675 1054
1615578962632 0.5386203527450562 1055
1615578997125 0.5860767364501953 1056
1615579031442 0.5805824995040894 1057
1615579066013 0.5016154050827026 1058
1615579100264 0.49431443214416504 1059
1615579136257 0.5470399856567383 1060
1615579170519 0.5562785863876343 1061
1615579204927 0.5263190269470215 1062
1615579239365 0.5251470804214478 1063
1615579273634 0.5030937790870667 1064
1615579308065 0.5283628702163696 1065
1615579342433 0.5686080455780029 1066
1615579377542 0.5263711214065552 1067
1615579412231 0.5329819917678833 1068
1615579447245 0.5738196969032288 1069
1615579483489 0.5253986120223999 1070
1615579517974 0.5559865832328796 1071
1615579552744 0.5013889670372009 1072
1615579587191 0.5294244289398193 1073
1615579621572 0.5339640974998474 1074
1615579655890 0.5754702091217041 1075
1615579690420 0.5522986650466919 1076
1615579724631 0.5356204509735107 1077
1615579758960 0.5597567558288574 1078
1615579793316 0.555091381072998 1079
1615579829257 0.5330367088317871 1080
1615579863524 0.520037055015564 1081
1615579897808 0.5158388614654541 1082
1615579932047 0.5008265972137451 1083
1615579966467 0.5297027230262756 1084
1615580000826 0.526922345161438 1085
1615580035666 0.5614049434661865 1086
1615580070482 0.5681072473526001 1087
1615580105414 0.5541685819625854 1088
1615580140518 0.5475217700004578 1089
1615580176750 0.5543454885482788 1090
1615580211167 0.5658667087554932 1091
1615580245512 0.5435621738433838 1092
1615580279868 0.5541046857833862 1093
1615580314230 0.5194679498672485 1094
1615580348558 0.5668375492095947 1095
1615580383206 0.5768579244613647 1096
1615580417692 0.5256860256195068 1097
1615580452000 0.5483254194259644 1098
1615580486470 0.5817945003509521 1099
1615580522508 0.5758107900619507 1100
1615580556938 0.5695015788078308 1101
1615580591491 0.5361801385879517 1102
1615580626302 0.5795291066169739 1103
1615580660961 0.5644996166229248 1104
1615580695623 0.5233246088027954 1105
1615580730268 0.5729866027832031 1106
1615580764721 0.5327253341674805 1107
1615580799066 0.5669393539428711 1108
1615580833618 0.5836677551269531 1109
1615580869848 0.6061104536056519 1110
1615580904176 0.5377219915390015 1111
1615580938528 0.5282623767852783 1112
1615580972944 0.5376033186912537 1113
1615581007258 0.5767114162445068 1114
1615581041574 0.5497509241104126 1115
1615581075896 0.5917925238609314 1116
1615581110581 0.5710092782974243 1117
1615581144830 0.5673438310623169 1118
1615581179250 0.5179165005683899 1119
1615581215245 0.5620546340942383 1120
1615581249478 0.5536350011825562 1121
1615581283818 0.5415371656417847 1122
1615581318222 0.5506311655044556 1123
1615581352678 0.5516965389251709 1124
1615581387304 0.5628008842468262 1125
1615581422032 0.5634979605674744 1126
1615581456858 0.5789517164230347 1127
1615581491912 0.5641893744468689 1128
1615581526423 0.5673263072967529 1129
1615581563212 0.5863060355186462 1130
1615581597664 0.5263484716415405 1131
1615581632021 0.593130886554718 1132
1615581666408 0.5675541162490845 1133
1615581700713 0.5498210787773132 1134
1615581735093 0.549912691116333 1135
1615581769748 0.5948875546455383 1136
1615581803995 0.5665127038955688 1137
1615581838334 0.5422894954681396 1138
1615581872643 0.5393529534339905 1139
1615581908681 0.5443537831306458 1140
1615581944866 0.5198910236358643 1141
1615581979705 0.5479778051376343 1142
1615582014139 0.5681847333908081 1143
1615582048643 0.5430291891098022 1144
1615582083074 0.5794391632080078 1145
1615582117332 0.5442687273025513 1146
1615582151705 0.6018626689910889 1147
1615582186104 0.5688450336456299 1148
1615582220591 0.5532504320144653 1149
1615582256781 0.5542811751365662 1150
1615582291110 0.5550380945205688 1151
1615582325399 0.5459549427032471 1152
1615582359681 0.5315226316452026 1153
1615582393955 0.5326106548309326 1154
1615582428250 0.5392920970916748 1155
1615582462529 0.5820380449295044 1156
1615582496917 0.5519500374794006 1157
1615582531370 0.5673357248306274 1158
1615582569303 0.5098859071731567 1159
1615582605580 0.5348720550537109 1160
1615582640443 0.5479569435119629 1161
1615582674905 0.6057706475257874 1162
1615582709346 0.5706173181533813 1163
1615582743893 0.5599938631057739 1164
1615582778363 0.5247628688812256 1165
1615582812855 0.5552219152450562 1166
1615582847144 0.5526017546653748 1167
1615582881527 0.5321860313415527 1168
1615582915819 0.553817868232727 1169
1615582952030 0.5632343292236328 1170
1615582986532 0.5656747817993164 1171
1615583021252 0.5490350723266602 1172
1615583055542 0.5199858546257019 1173
1615583089827 0.5629411339759827 1174
1615583124124 0.5373449325561523 1175
1615583158453 0.5787951946258545 1176
1615583192796 0.5874309539794922 1177
1615583227144 0.5226105451583862 1178
1615583261987 0.5501388311386108 1179
1615583299321 0.5408653616905212 1180
1615583333886 0.5993926525115967 1181
1615583368424 0.5309116840362549 1182
1615583402955 0.549599289894104 1183
1615583437311 0.5533468723297119 1184
1615583471716 0.552695631980896 1185
1615583506018 0.5430883765220642 1186
1615583540449 0.5496523380279541 1187
1615583574889 0.5451431274414062 1188
1615583609635 0.595422625541687 1189
1615583645493 0.559087872505188 1190
1615583679791 0.5574997663497925 1191
1615583714081 0.5910834074020386 1192
1615583748396 0.529158353805542 1193
1615583782703 0.5375621914863586 1194
1615583816971 0.5509834289550781 1195
1615583851258 0.5510013699531555 1196
1615583885719 0.5491566061973572 1197
1615583920168 0.5597646236419678 1198
1615583954944 0.5672647953033447 1199
1615583991386 0.532791256904602 1200
1615584022988 0.5777917504310608 0
1615584023000 0.5777917504310608 0
