1615542448806 0.3059372901916504 1
1615542483141 0.40472301840782166 2
1615542517514 0.5476105213165283 3
1615542552414 0.6380399465560913 4
1615542587405 0.6533671617507935 5
1615542622033 0.6701226234436035 6
1615542656645 0.672713577747345 7
1615542691077 0.6860443353652954 8
1615542725519 0.7105896472930908 9
1615542762021 0.6885329484939575 10
1615542796406 0.7440075874328613 11
1615542830722 0.7212646007537842 12
1615542864921 0.6889500617980957 13
1615542899467 0.7046505808830261 14
1615542933861 0.7123459577560425 15
1615542968124 0.7232423424720764 16
1615543002710 0.7436392307281494 17
1615543036986 0.7614924907684326 18
1615543071245 0.7311869859695435 19
1615543108534 0.7551676034927368 20
1615543142900 0.7482807636260986 21
1615543177236 0.765730619430542 22
1615543211829 0.7789790630340576 23
1615543246416 0.7761962413787842 24
1615543281214 0.7531418800354004 25
1615543315846 0.793129026889801 26
1615543350407 0.7701036930084229 27
1615543385037 0.7834624648094177 28
1615543420500 0.7558778524398804 29
1615543456904 0.7610731720924377 30
1615543491197 0.7869091033935547 31
1615543525508 0.7674411535263062 32
1615543559744 0.7887281775474548 33
1615543594001 0.7724670171737671 34
1615543628648 0.7941382527351379 35
1615543663227 0.7924525737762451 36
1615543697900 0.8152022361755371 37
1615543732467 0.8111315965652466 38
1615543766932 0.7998526692390442 39
1615543803347 0.7949118614196777 40
1615543837844 0.797060489654541 41
1615543872247 0.7690451145172119 42
1615543906618 0.7874768972396851 43
1615543940832 0.8023302555084229 44
1615543975160 0.7936161756515503 45
1615544009482 0.770111083984375 46
1615544043852 0.7997193336486816 47
1615544078014 0.84501713514328 48
1615544112818 0.8168753385543823 49
1615544148894 0.8081514835357666 50
1615544183132 0.810210108757019 51
1615544217325 0.7476891875267029 52
1615544251511 0.7755065560340881 53
1615544285763 0.7937933206558228 54
1615544319971 0.7816770076751709 55
1615544354119 0.7971780300140381 56
1615544388380 0.7777032256126404 57
1615544422597 0.7894909381866455 58
1615544457081 0.809434175491333 59
1615544493594 0.8079715967178345 60
1615544528454 0.7964053750038147 61
1615544562951 0.7932194471359253 62
1615544597339 0.7891896963119507 63
1615544631807 0.7633030414581299 64
1615544666153 0.8017396926879883 65
1615544700468 0.8236315250396729 66
1615544734831 0.8204931020736694 67
1615544769376 0.825189471244812 68
1615544803691 0.7943050861358643 69
1615544839637 0.7984719276428223 70
1615544873958 0.7932407855987549 71
1615544909608 0.7743169069290161 72
1615544944334 0.7836689949035645 73
1615544978995 0.7973969578742981 74
1615545013535 0.8124645352363586 75
1615545048228 0.8246904611587524 76
1615545082768 0.8358257412910461 77
1615545117200 0.8379172086715698 78
1615545151685 0.8150267601013184 79
1615545187830 0.7939867973327637 80
1615545222432 0.8048590421676636 81
1615545256682 0.8402540683746338 82
1615545291064 0.8190841674804688 83
1615545325440 0.8417340517044067 84
1615545359753 0.8299314975738525 85
1615545394315 0.8285285830497742 86
1615545429129 0.8433014154434204 87
1615545464068 0.84495609998703 88
1615545498762 0.83016437292099 89
1615545535385 0.8218346238136292 90
1615545570025 0.8304609060287476 91
1615545604353 0.8126181960105896 92
1615545638742 0.8291890025138855 93
1615545673175 0.8471255898475647 94
1615545707443 0.8519273996353149 95
1615545741749 0.8157086372375488 96
1615545776056 0.8095890879631042 97
1615545810597 0.7930712699890137 98
1615545844881 0.8217239379882812 99
1615545880750 0.8249070644378662 100
1615545915004 0.8384589552879333 101
1615545949387 0.814915657043457 102
1615545983738 0.8393114805221558 103
1615546018232 0.8524977564811707 104
1615546052780 0.8159791231155396 105
1615546087370 0.7818232774734497 106
1615546121929 0.8258839845657349 107
1615546156587 0.8177956342697144 108
1615546191223 0.8355173468589783 109
1615546227791 0.8190577030181885 110
1615546262248 0.8399772644042969 111
1615546296691 0.8359090089797974 112
1615546331412 0.8219540119171143 113
1615546365673 0.8037177324295044 114
1615546399901 0.8273364305496216 115
1615546434209 0.8114712834358215 116
1615546468513 0.835691511631012 117
1615546502884 0.7754080891609192 118
1615546537303 0.8392213582992554 119
1615546573309 0.8266204595565796 120
1615546608077 0.8419663310050964 121
1615546643004 0.8239189386367798 122
1615546677549 0.802527904510498 123
1615546711935 0.8113480806350708 124
1615546746428 0.8216166496276855 125
1615546780898 0.8408448696136475 126
1615546815250 0.8476124405860901 127
1615546849614 0.8448766469955444 128
1615546883947 0.8340073823928833 129
1615546920290 0.8492308259010315 130
1615546954864 0.8320159316062927 131
1615546989333 0.8372671604156494 132
1615547023644 0.8534428477287292 133
1615547057945 0.8263980150222778 134
1615547092210 0.8735265731811523 135
1615547126524 0.8718148469924927 136
1615547160820 0.8393120169639587 137
1615547195346 0.8144471645355225 138
1615547229761 0.8183659911155701 139
1615547266115 0.824170708656311 140
1615547300777 0.8232049942016602 141
1615547335448 0.8417847156524658 142
1615547369926 0.8613070249557495 143
1615547404234 0.836357831954956 144
1615547438575 0.869164228439331 145
1615547472813 0.8454010486602783 146
1615547507180 0.8328815698623657 147
1615547541476 0.831406831741333 148
1615547576277 0.847360372543335 149
1615547612515 0.8396520018577576 150
1615547646852 0.8489886522293091 151
1615547681050 0.8460997343063354 152
1615547715521 0.8541848063468933 153
1615547749797 0.8959155082702637 154
1615547784167 0.8620175123214722 155
1615547818447 0.8713202476501465 156
1615547852670 0.8701285123825073 157
1615547887251 0.8535448312759399 158
1615547922332 0.8836721181869507 159
1615547959725 0.8682092428207397 160
1615547994258 0.8145343661308289 161
1615548028624 0.8338153958320618 162
1615548063059 0.845621645450592 163
1615548097416 0.8670303821563721 164
1615548131792 0.8417797088623047 165
1615548166206 0.8221453428268433 166
1615548201042 0.8583943247795105 167
1615548235373 0.8644270896911621 168
1615548269663 0.886972188949585 169
1615548305722 0.8557767868041992 170
1615548340053 0.8405739068984985 171
1615548374330 0.8677718639373779 172
1615548408611 0.8540953397750854 173
1615548442823 0.8478574156761169 174
1615548477230 0.850120484828949 175
1615548511575 0.8471570611000061 176
1615548546193 0.8234133720397949 177
1615548580965 0.8439793586730957 178
1615548615796 0.834802508354187 179
1615548652440 0.8879212141036987 180
1615548687174 0.8554009199142456 181
1615548721686 0.8401395678520203 182
1615548756081 0.8137632012367249 183
1615548790457 0.862288236618042 184
1615548824923 0.8554618954658508 185
1615548859370 0.8496208190917969 186
1615548893728 0.8295086622238159 187
1615548928416 0.8368740081787109 188
1615548962757 0.8434709310531616 189
1615548998627 0.8503484725952148 190
1615549032931 0.8862433433532715 191
1615549067265 0.8456021547317505 192
1615549101620 0.8254475593566895 193
1615549135906 0.8349738121032715 194
1615549171109 0.8644700050354004 195
1615549205686 0.8205587863922119 196
1615549240405 0.8575359582901001 197
1615549275685 0.8553440570831299 198
1615549310257 0.8538840413093567 199
1615549346355 0.8345028162002563 200
1615549380741 0.8294243812561035 201
1615549415057 0.8208624124526978 202
1615549449859 0.8426744341850281 203
1615549484103 0.8520570993423462 204
1615549518496 0.8603115081787109 205
1615549552932 0.871168315410614 206
1615549587273 0.8780168890953064 207
1615549621619 0.8734318017959595 208
1615549655876 0.8811122179031372 209
1615549692191 0.8261815905570984 210
1615549726731 0.8610718250274658 211
1615549761170 0.8614981770515442 212
1615549795637 0.8172992467880249 213
1615549830132 0.8380987644195557 214
1615549864513 0.8699929714202881 215
1615549898850 0.8375656604766846 216
1615549933232 0.8534327745437622 217
1615549967525 0.855046272277832 218
1615550001929 0.8506486415863037 219
1615550038209 0.851628303527832 220
1615550072513 0.8461079597473145 221
1615550106952 0.8395720720291138 222
1615550141249 0.8678573966026306 223
1615550175446 0.8627530336380005 224
1615550209694 0.8398281335830688 225
1615550243989 0.8508179187774658 226
1615550278575 0.8414767980575562 227
1615550313123 0.862241268157959 228
1615550348473 0.882868766784668 229
1615550384554 0.865371584892273 230
1615550419097 0.8854273557662964 231
1615550453476 0.8676194548606873 232
1615550487758 0.8430192470550537 233
1615550522689 0.860834002494812 234
1615550556975 0.85500168800354 235
1615550591174 0.859705924987793 236
1615550625488 0.8633926510810852 237
1615550659799 0.8582848310470581 238
1615550694143 0.8859297633171082 239
1615550729972 0.85335373878479 240
1615550764190 0.8440837860107422 241
1615550798627 0.861060619354248 242
1615550833179 0.8670650720596313 243
1615550867662 0.8762631416320801 244
1615550901996 0.8598775267601013 245
1615550936610 0.8611915111541748 246
1615550971050 0.833864688873291 247
1615551005520 0.8579428791999817 248
1615551040151 0.8536059856414795 249
1615551077077 0.8619105815887451 250
1615551111357 0.8827418088912964 251
1615551145794 0.8517156839370728 252
1615551180263 0.8258020877838135 253
1615551214567 0.8463653922080994 254
1615551248884 0.8660880327224731 255
1615551283293 0.8644190430641174 256
1615551317659 0.8972745537757874 257
1615551352338 0.8687865138053894 258
1615551386753 0.8584968447685242 259
1615551422616 0.8421427011489868 260
1615551456916 0.8707389831542969 261
1615551491270 0.8782427310943604 262
1615551525543 0.8598425388336182 263
1615551559849 0.8343237042427063 264
1615551594209 0.8603152632713318 265
1615551629184 0.8521366119384766 266
1615551664053 0.8659607172012329 267
1615551698576 0.8472152948379517 268
1615551733133 0.8655961751937866 269
1615551770152 0.8626309037208557 270
1615551804928 0.8791533708572388 271
1615551839230 0.8673465847969055 272
1615551873506 0.8581428527832031 273
1615551907714 0.8616625070571899 274
1615551941965 0.8524388670921326 275
1615551976199 0.8225210905075073 276
1615552010371 0.8963651061058044 277
1615552044807 0.851129412651062 278
1615552079163 0.8851725459098816 279
1615552115948 0.879976749420166 280
1615552151685 0.8695769309997559 281
1615552186338 0.8810205459594727 282
1615552220890 0.8583922386169434 283
1615552255339 0.8729023933410645 284
1615552289815 0.8307780027389526 285
1615552324370 0.8724103569984436 286
1615552358558 0.8569621443748474 287
1615552392830 0.8478626012802124 288
1615552427077 0.8704979419708252 289
1615552463172 0.8579872846603394 290
1615552497495 0.876948893070221 291
1615552531972 0.8679286241531372 292
1615552566624 0.8753119111061096 293
1615552601137 0.8654509782791138 294
1615552635700 0.8579322695732117 295
1615552670311 0.8521156311035156 296
1615552704839 0.8783146142959595 297
1615552739491 0.8699177503585815 298
1615552773951 0.8846131563186646 299
1615552810099 0.8794788122177124 300
1615552844440 0.8315611481666565 301
1615552878738 0.8710552453994751 302
1615552913069 0.8914824724197388 303
1615552947285 0.8855369091033936 304
1615552981561 0.8557627201080322 305
1615553015921 0.8505614995956421 306
1615553050637 0.8680828809738159 307
1615553084980 0.9158101081848145 308
1615553119705 0.8998640775680542 309
1615553156644 0.8409424424171448 310
1615553191396 0.8407478928565979 311
1615553226128 0.862101674079895 312
1615553260615 0.8527798056602478 313
1615553295255 0.8927723169326782 314
1615553329626 0.8627648949623108 315
1615553364002 0.8757066130638123 316
1615553398250 0.8846869468688965 317
1615553432729 0.8610621690750122 318
1615553467829 0.8643460869789124 319
1615553503890 0.8735306262969971 320
1615553538189 0.8664904832839966 321
1615553572487 0.8620356917381287 322
1615553606769 0.8401734828948975 323
1615553640967 0.8836294412612915 324
1615553675334 0.8480519652366638 325
1615553710075 0.8666553497314453 326
1615553745027 0.8704878091812134 327
1615553779803 0.880572497844696 328
1615553814681 0.890188455581665 329
1615553850713 0.8397424221038818 330
1615553885048 0.848330020904541 331
1615553919468 0.8623268604278564 332
1615553953801 0.8964760899543762 333
1615553988155 0.8556540012359619 334
1615554022482 0.8734023571014404 335
1615554057227 0.8567594289779663 336
1615554091470 0.8824822902679443 337
1615554125752 0.8482193946838379 338
1615554160016 0.8939052224159241 339
1615554196001 0.886509120464325 340
1615554230224 0.8675104379653931 341
1615554264505 0.8851598501205444 342
1615554298796 0.8557892441749573 343
1615554333045 0.8700128793716431 344
1615554367283 0.8581695556640625 345
1615554401567 0.8387856483459473 346
1615554435948 0.8241283297538757 347
1615554470405 0.8579598069190979 348
1615554504908 0.883520245552063 349
1615554541086 0.8951184749603271 350
1615554575825 0.8802160024642944 351
1615554610385 0.8761870265007019 352
1615554644800 0.8837358951568604 353
1615554679250 0.892991304397583 354
1615554713604 0.8836619257926941 355
1615554747884 0.8660718202590942 356
1615554782201 0.8820626735687256 357
1615554817056 0.9032373428344727 358
1615554851400 0.8519575595855713 359
1615554887458 0.8654503226280212 360
1615554921734 0.8924040794372559 361
1615554955991 0.8935309648513794 362
1615554990249 0.8769092559814453 363
1615555024628 0.8578618168830872 364
1615555059031 0.877021312713623 365
1615555094317 0.8596882820129395 366
1615555129039 0.8777339458465576 367
1615555163420 0.8890988826751709 368
1615555197733 0.8580787181854248 369
1615555233787 0.8696627020835876 370
1615555268256 0.9052325487136841 371
1615555302668 0.892392635345459 372
1615555336965 0.8707051277160645 373
1615555371275 0.8724983334541321 374
1615555405913 0.874312162399292 375
1615555440281 0.8654599189758301 376
1615555474589 0.8285669088363647 377
1615555509035 0.8396439552307129 378
1615555543377 0.8536255359649658 379
1615555579322 0.8532712459564209 380
1615555613703 0.8751593828201294 381
1615555648113 0.8768614530563354 382
1615555682533 0.8616191148757935 383
1615555717115 0.8792656660079956 384
1615555751622 0.8867976069450378 385
1615555786118 0.8773735761642456 386
1615555820661 0.8596970438957214 387
1615555855177 0.8724017143249512 388
1615555889701 0.8724002242088318 389
1615555925651 0.8555262088775635 390
1615555960053 0.859078049659729 391
1615555995263 0.8612512350082397 392
1615556029649 0.8760659098625183 393
1615556064001 0.8529331088066101 394
1615556098364 0.9115406274795532 395
1615556132671 0.8652628660202026 396
1615556167146 0.8893290758132935 397
1615556202614 0.8934075832366943 398
1615556237138 0.8750897645950317 399
1615556273139 0.884601354598999 400
1615556307470 0.8746328353881836 401
1615556341920 0.8764944076538086 402
1615556376286 0.8446540832519531 403
1615556410613 0.8916488289833069 404
1615556444991 0.8749840259552002 405
1615556479502 0.876849889755249 406
1615556513782 0.8366104364395142 407
1615556547922 0.8806254267692566 408
1615556582216 0.8628697991371155 409
1615556618046 0.8711351156234741 410
1615556652337 0.8720322847366333 411
1615556686591 0.8871773481369019 412
1615556720865 0.8904702663421631 413
1615556755366 0.8657108545303345 414
1615556789766 0.8552027940750122 415
1615556824429 0.8778125047683716 416
1615556859268 0.8693981170654297 417
1615556894027 0.8807275295257568 418
1615556928603 0.8749498128890991 419
1615556964759 0.8881708979606628 420
1615556999294 0.8784170150756836 421
1615557033608 0.8734925985336304 422
1615557068044 0.8554551601409912 423
1615557102406 0.8655472993850708 424
1615557136734 0.8907365798950195 425
1615557171064 0.8707840442657471 426
1615557205311 0.8908851146697998 427
1615557239623 0.8668545484542847 428
1615557273930 0.8375928401947021 429
1615557310230 0.8533830642700195 430
1615557344562 0.8812718987464905 431
1615557378906 0.8708310127258301 432
1615557413240 0.8628389835357666 433
1615557447535 0.879656195640564 434
1615557481805 0.815684974193573 435
1615557516123 0.879636287689209 436
1615557550995 0.8753874897956848 437
1615557585751 0.877204954624176 438
1615557620984 0.8501043319702148 439
1615557657219 0.9031744003295898 440
1615557691569 0.8870017528533936 441
1615557725966 0.8548949360847473 442
1615557760467 0.87689208984375 443
1615557794798 0.89533531665802 444
1615557829876 0.8756502866744995 445
1615557864213 0.8632352948188782 446
1615557898562 0.8537147045135498 447
1615557932889 0.8788462281227112 448
1615557967186 0.8883188962936401 449
1615558003400 0.8974471092224121 450
1615558038076 0.8890923261642456 451
1615558072734 0.8766745924949646 452
1615558107380 0.8701997995376587 453
1615558142205 0.8648808598518372 454
1615558176588 0.8969036340713501 455
1615558210997 0.8631939888000488 456
1615558245392 0.8486990928649902 457
1615558279717 0.8469250202178955 458
1615558314254 0.8809182047843933 459
1615558351304 0.8875094652175903 460
1615558385680 0.8881688117980957 461
1615558420000 0.8903576135635376 462
1615558454313 0.8703286647796631 463
1615558488695 0.8753082752227783 464
1615558523171 0.8846707344055176 465
1615558557953 0.8670073747634888 466
1615558593367 0.8597499132156372 467
1615558628169 0.8691550493240356 468
1615558662688 0.8810846209526062 469
1615558699223 0.857399582862854 470
1615558733620 0.8552019596099854 471
1615558768129 0.8660262227058411 472
1615558802828 0.8717743158340454 473
1615558837163 0.8672212362289429 474
1615558871419 0.889755129814148 475
1615558905713 0.8686115741729736 476
1615558940082 0.8712876439094543 477
1615558974395 0.8795571327209473 478
1615559008709 0.9087574481964111 479
1615559044614 0.8984599113464355 480
1615559078846 0.8791121244430542 481
1615559113147 0.8892772793769836 482
1615559147535 0.8730525970458984 483
1615559181877 0.8758353590965271 484
1615559216328 0.8731527328491211 485
1615559250838 0.866668164730072 486
1615559285323 0.8637926578521729 487
1615559319896 0.8805967569351196 488
1615559354286 0.8916743993759155 489
1615559390571 0.9043740034103394 490
1615559425032 0.8796238899230957 491
1615559459490 0.8514009118080139 492
1615559493820 0.9149713516235352 493
1615559528122 0.8395730257034302 494
1615559562426 0.8800536394119263 495
1615559597013 0.8683822154998779 496
1615559631371 0.8988837003707886 497
1615559665729 0.8720223903656006 498
1615559700097 0.8927011489868164 499
1615559736212 0.870524525642395 500
1615559770546 0.8506399393081665 501
1615559804932 0.8876696825027466 502
1615559839232 0.8955477476119995 503
1615559873673 0.8995014429092407 504
1615559908278 0.877117931842804 505
1615559943175 0.8926922082901001 506
1615559977621 0.857591986656189 507
1615560012064 0.8723757266998291 508
1615560046645 0.8863639235496521 509
1615560082880 0.8801491260528564 510
1615560117277 0.9174190759658813 511
1615560151724 0.8874537348747253 512
1615560186095 0.8928846120834351 513
1615560220638 0.8959835767745972 514
1615560255004 0.874651312828064 515
1615560289813 0.8930644989013672 516
1615560324155 0.9020441770553589 517
1615560358496 0.8771478533744812 518
1615560392816 0.8652700185775757 519
1615560428719 0.8597265481948853 520
1615560463065 0.8514965772628784 521
1615560497495 0.8761045932769775 522
1615560532657 0.8898898363113403 523
1615560567867 0.888371467590332 524
1615560602311 0.8742996454238892 525
1615560636652 0.9134130477905273 526
1615560670924 0.8834527134895325 527
1615560705456 0.8768084645271301 528
1615560739796 0.9074603319168091 529
1615560776286 0.8797106742858887 530
1615560810622 0.8652184009552002 531
1615560844965 0.8729457855224609 532
1615560879206 0.8749299049377441 533
1615560913543 0.8833775520324707 534
1615560947958 0.8741339445114136 535
1615560982224 0.9135609865188599 536
1615561016566 0.8715828061103821 537
1615561050881 0.8867406845092773 538
1615561085253 0.8790178298950195 539
1615561122022 0.908649206161499 540
1615561156973 0.8721421957015991 541
1615561191712 0.8592705726623535 542
1615561226390 0.8860275745391846 543
1615561261233 0.8939255475997925 544
1615561295733 0.8825657367706299 545
1615561330108 0.8923355340957642 546
1615561364475 0.9118714332580566 547
1615561398840 0.8690862059593201 548
1615561433232 0.8648194670677185 549
1615561469632 0.8967887163162231 550
1615561503956 0.8877407312393188 551
1615561538745 0.8891849517822266 552
1615561573126 0.9039499163627625 553
1615561607400 0.8507698774337769 554
1615561641675 0.8788546919822693 555
1615561676028 0.9007643461227417 556
1615561710295 0.8799786567687988 557
1615561744684 0.8788080215454102 558
1615561779091 0.8616794347763062 559
1615561815470 0.9011446237564087 560
1615561850620 0.8758683204650879 561
1615561885245 0.8693796396255493 562
1615561920031 0.8813617825508118 563
1615561954604 0.9241288900375366 564
1615561989129 0.8628890514373779 565
1615562023399 0.8952175974845886 566
1615562057748 0.8854355812072754 567
1615562092277 0.9065629839897156 568
1615562126635 0.8853647708892822 569
1615562162908 0.8855880498886108 570
1615562197246 0.8598310947418213 571
1615562231614 0.8762921094894409 572
1615562265924 0.8753663301467896 573
1615562300169 0.8940178155899048 574
1615562334459 0.8772472739219666 575
1615562368773 0.8839777708053589 576
1615562403109 0.9053564071655273 577
1615562437418 0.9056686162948608 578
1615562472006 0.8903976082801819 579
1615562508381 0.9000368118286133 580
1615562542930 0.9122850894927979 581
1615562577690 0.8580574989318848 582
1615562612228 0.8786967396736145 583
1615562646674 0.887937068939209 584
1615562681025 0.8771653175354004 585
1615562715341 0.8864229321479797 586
1615562749718 0.9129025936126709 587
1615562784289 0.8818659782409668 588
1615562818598 0.8740496635437012 589
1615562854757 0.8975508213043213 590
1615562889107 0.8875796794891357 591
1615562923480 0.8824855089187622 592
1615562957801 0.8736181259155273 593
1615562992113 0.8816008567810059 594
1615563026482 0.8950754404067993 595
1615563060775 0.8895690441131592 596
1615563095126 0.8975472450256348 597
1615563129457 0.880147397518158 598
1615563163699 0.8805422782897949 599
1615563199779 0.8677570223808289 600
1615563234920 0.9119505882263184 601
1615563270483 0.8879084587097168 602
1615563305130 0.8555355072021484 603
1615563339572 0.8756799101829529 604
1615563373980 0.8874586820602417 605
1615563408322 0.8854279518127441 606
1615563442761 0.8878744840621948 607
1615563477563 0.9007890224456787 608
1615563511744 0.8885303735733032 609
1615563547757 0.8882427215576172 610
1615563581982 0.8533810377120972 611
1615563616237 0.885245680809021 612
1615563650553 0.8812706470489502 613
1615563684807 0.8903107643127441 614
1615563719208 0.8722708821296692 615
1615563753924 0.8894280195236206 616
1615563788614 0.8720855712890625 617
1615563823137 0.9057812690734863 618
1615563857560 0.8825269937515259 619
1615563893782 0.8758633136749268 620
1615563928573 0.8971844911575317 621
1615563963031 0.8622883558273315 622
1615563997383 0.8691234588623047 623
1615564031750 0.8909358978271484 624
1615564066126 0.9096077680587769 625
1615564100648 0.899429440498352 626
1615564135502 0.8975000977516174 627
1615564169902 0.885633111000061 628
1615564204204 0.8664510250091553 629
1615564240142 0.883590579032898 630
1615564274536 0.9139431715011597 631
1615564308826 0.869026243686676 632
1615564343287 0.907660961151123 633
1615564377721 0.8950597047805786 634
1615564412216 0.8574477434158325 635
1615564447046 0.8736624717712402 636
1615564481585 0.90221107006073 637
1615564516152 0.8865649700164795 638
1615564550655 0.8903262615203857 639
1615564587160 0.8862138986587524 640
1615564621752 0.8875397443771362 641
1615564656098 0.8772299885749817 642
1615564690470 0.8898664712905884 643
1615564724829 0.8961521983146667 644
1615564759150 0.8937956094741821 645
1615564794206 0.8953313827514648 646
1615564828642 0.8975735902786255 647
1615564862961 0.8744686245918274 648
1615564897350 0.8964583873748779 649
1615564933335 0.9169971346855164 650
1615564967665 0.8822684288024902 651
1615565002041 0.8949546813964844 652
1615565036607 0.8862297534942627 653
1615565071389 0.9054785966873169 654
1615565105934 0.8938684463500977 655
1615565140406 0.8958213329315186 656
1615565174998 0.8882337808609009 657
1615565209488 0.8706095218658447 658
1615565243860 0.8729590177536011 659
1615565279961 0.8839893341064453 660
1615565314486 0.9054566621780396 661
1615565348901 0.8819711208343506 662
1615565383384 0.874585747718811 663
1615565417940 0.8825942277908325 664
1615565452345 0.9020712375640869 665
1615565486636 0.8890601396560669 666
1615565520963 0.894162654876709 667
1615565555298 0.886726975440979 668
1615565589529 0.8775207996368408 669
1615565625520 0.891307532787323 670
1615565660098 0.887701153755188 671
1615565694620 0.854567289352417 672
1615565729195 0.8597419261932373 673
1615565763481 0.880132794380188 674
1615565797962 0.8590327501296997 675
1615565832432 0.8909655809402466 676
1615565866962 0.8799607753753662 677
1615565901469 0.8933418393135071 678
1615565935976 0.8810832500457764 679
1615565972264 0.8919758796691895 680
1615566006662 0.886318564414978 681
1615566041076 0.9071274995803833 682
1615566075431 0.9077759981155396 683
1615566110207 0.884788990020752 684
1615566144527 0.8869162797927856 685
1615566178853 0.8874140977859497 686
1615566213200 0.9237145185470581 687
1615566247451 0.8780378103256226 688
1615566281866 0.8506882190704346 689
1615566317743 0.8899612426757812 690
1615566352149 0.8948732614517212 691
1615566386475 0.9176902770996094 692
1615566420955 0.9032222032546997 693
1615566455698 0.8909389972686768 694
1615566490397 0.8798454403877258 695
1615566525498 0.8964974880218506 696
1615566560137 0.9031872749328613 697
1615566594503 0.8932786583900452 698
1615566628826 0.9072825908660889 699
1615566665093 0.9036949872970581 700
1615566699457 0.8821686506271362 701
1615566733806 0.8881974816322327 702
1615566768225 0.9127405881881714 703
1615566802747 0.8912606239318848 704
1615566837077 0.8701695799827576 705
1615566871245 0.8874144554138184 706
1615566905530 0.8922756910324097 707
1615566939754 0.9041630625724792 708
1615566974128 0.8776017427444458 709
1615567010033 0.9034203290939331 710
1615567044271 0.9009222984313965 711
1615567078529 0.8908400535583496 712
1615567112893 0.901646077632904 713
1615567147486 0.9088598489761353 714
1615567181995 0.8924347162246704 715
1615567216585 0.8733907341957092 716
1615567251108 0.9137892723083496 717
1615567285569 0.9180576205253601 718
1615567320034 0.8900389671325684 719
1615567355950 0.9006141424179077 720
1615567390344 0.884161114692688 721
1615567424802 0.869065523147583 722
1615567459129 0.8834223747253418 723
1615567493687 0.8982372879981995 724
1615567528148 0.8779592514038086 725
1615567562513 0.915278971195221 726
1615567596833 0.92958664894104 727
1615567631143 0.8855542540550232 728
1615567665484 0.9231199026107788 729
1615567701963 0.9189396500587463 730
1615567736361 0.9043532609939575 731
1615567770733 0.9016355276107788 732
1615567805288 0.9089720249176025 733
1615567839893 0.876962423324585 734
1615567874342 0.8899538516998291 735
1615567909237 0.9017529487609863 736
1615567943792 0.9126496315002441 737
1615567978303 0.8929197788238525 738
1615568012615 0.8981775045394897 739
1615568048956 0.8779515027999878 740
1615568084044 0.8699719905853271 741
1615568118438 0.9024717807769775 742
1615568152795 0.9122616052627563 743
1615568187118 0.929039478302002 744
1615568221378 0.8791434168815613 745
1615568255692 0.8959250450134277 746
1615568290049 0.8827100992202759 747
1615568324383 0.8849918842315674 748
1615568358982 0.8850939273834229 749
1615568395346 0.9205450415611267 750
1615568430061 0.8752641081809998 751
1615568464646 0.8891336917877197 752
1615568499506 0.8794125318527222 753
1615568533991 0.8904732465744019 754
1615568568456 0.8937340974807739 755
1615568602811 0.9072787761688232 756
1615568637304 0.8883761167526245 757
1615568671634 0.8782268762588501 758
1615568706021 0.9266032576560974 759
1615568742191 0.8859978914260864 760
1615568776462 0.8728009462356567 761
1615568811325 0.8798648118972778 762
1615568845722 0.8950798511505127 763
1615568879988 0.9044939279556274 764
1615568914294 0.8831522464752197 765
1615568948566 0.8978185653686523 766
1615568982879 0.8984912633895874 767
1615569017403 0.882111668586731 768
1615569051876 0.9020369052886963 769
1615569088215 0.8902953863143921 770
1615569122928 0.8700189590454102 771
1615569157754 0.891294002532959 772
1615569192321 0.9029678106307983 773
1615569227009 0.8964177370071411 774
1615569261440 0.8704357147216797 775
1615569296007 0.9041186571121216 776
1615569330420 0.8948235511779785 777
1615569364758 0.8810127377510071 778
1615569398991 0.8719638586044312 779
1615569435227 0.9058994054794312 780
1615569469508 0.8435109853744507 781
1615569503946 0.9050366878509521 782
1615569538484 0.9182313680648804 783
1615569572785 0.9046926498413086 784
1615569607146 0.9016476273536682 785
1615569641832 0.8724684715270996 786
1615569676197 0.8879731297492981 787
1615569710506 0.9109711647033691 788
1615569744897 0.8881703019142151 789
1615569780854 0.8913826942443848 790
1615569815165 0.8829057216644287 791
1615569849516 0.9096885919570923 792
1615569883799 0.8793368935585022 793
1615569918231 0.9127770066261292 794
1615569952665 0.878265380859375 795
1615569987005 0.8819341659545898 796
1615570021440 0.9001570343971252 797
1615570055949 0.8776519298553467 798
1615570090483 0.914668619632721 799
1615570126762 0.8797349333763123 800
1615570161378 0.8699871301651001 801
1615570195900 0.8867835402488708 802
1615570230367 0.900181770324707 803
1615570264862 0.8831439018249512 804
1615570299336 0.8870506286621094 805
1615570333780 0.8840920329093933 806
1615570368230 0.8923861980438232 807
1615570402613 0.8907194137573242 808
1615570436950 0.8774656057357788 809
1615570473399 0.8976086378097534 810
1615570507669 0.8728623986244202 811
1615570542018 0.8839303255081177 812
1615570576397 0.9159224033355713 813
1615570610704 0.9161365032196045 814
1615570644962 0.8916659355163574 815
1615570679243 0.8726825714111328 816
1615570713705 0.9217789173126221 817
1615570748066 0.8762224912643433 818
1615570782782 0.8830333948135376 819
1615570819214 0.8517569303512573 820
1615570853673 0.9051670432090759 821
1615570888157 0.88190758228302 822
1615570922737 0.8911134004592896 823
1615570957071 0.9013821482658386 824
1615570991403 0.8758506774902344 825
1615571025692 0.8753271698951721 826
1615571060049 0.8833081722259521 827
1615571094249 0.9087148904800415 828
1615571128677 0.900388240814209 829
1615571164726 0.8874058127403259 830
1615571199051 0.8936707973480225 831
1615571233802 0.9005415439605713 832
1615571268098 0.9098082780838013 833
1615571302356 0.8926210403442383 834
1615571336703 0.876814067363739 835
1615571370946 0.9075682163238525 836
1615571405296 0.853861927986145 837
1615571439699 0.9009861946105957 838
1615571474298 0.9048097133636475 839
1615571511238 0.8993656635284424 840
1615571545836 0.8792692422866821 841
1615571580442 0.9068452715873718 842
1615571614822 0.9147585034370422 843
1615571649167 0.907454252243042 844
1615571683760 0.8921371698379517 845
1615571718082 0.8945109844207764 846
1615571752419 0.8988499045372009 847
1615571786809 0.874535322189331 848
1615571821100 0.8682539463043213 849
1615571857074 0.8824489712715149 850
1615571891441 0.9192572832107544 851
1615571925894 0.9314974546432495 852
1615571960603 0.8744488954544067 853
1615571995418 0.8836385011672974 854
1615572030355 0.887541651725769 855
1615572065113 0.8963462710380554 856
1615572099750 0.8822823762893677 857
1615572134471 0.9017376899719238 858
1615572168943 0.9008752107620239 859
1615572205368 0.9006633758544922 860
1615572239736 0.8697366714477539 861
1615572274302 0.8958772420883179 862
1615572308753 0.8886321783065796 863
1615572343288 0.8679417371749878 864
1615572377702 0.8881654739379883 865
1615572412023 0.8740634918212891 866
1615572446410 0.9055672883987427 867
1615572480790 0.8730120658874512 868
1615572515104 0.8790287375450134 869
1615572551096 0.9147382974624634 870
1615572585552 0.8836100101470947 871
1615572619874 0.9084594249725342 872
1615572654562 0.8900302648544312 873
1615572689079 0.9096856117248535 874
1615572723635 0.8962825536727905 875
1615572758146 0.9068719744682312 876
1615572792797 0.8897454738616943 877
1615572827134 0.8629758358001709 878
1615572861644 0.9105122089385986 879
1615572897960 0.9077227115631104 880
1615572932365 0.8852208852767944 881
1615572966741 0.8944305181503296 882
1615573001148 0.8719413876533508 883
1615573035596 0.9106824398040771 884
1615573070046 0.8812222480773926 885
1615573104640 0.8604137897491455 886
1615573138996 0.9167230129241943 887
1615573173270 0.8908871412277222 888
1615573207517 0.8581740856170654 889
1615573243392 0.8901751041412354 890
1615573277701 0.9179267883300781 891
1615573312050 0.8935655951499939 892
1615573346372 0.8952500224113464 893
1615573380910 0.9035866260528564 894
1615573415354 0.9253087043762207 895
1615573450012 0.8630542755126953 896
1615573484515 0.882444441318512 897
1615573518913 0.8973631858825684 898
1615573553642 0.8557005524635315 899
1615573589717 0.9237750768661499 900
1615573623970 0.891231894493103 901
1615573658308 0.9076551198959351 902
1615573692696 0.8960776329040527 903
1615573727139 0.8969807624816895 904
1615573761480 0.8960214257240295 905
1615573796103 0.8812930583953857 906
1615573830476 0.878239095211029 907
1615573864833 0.8766446113586426 908
1615573899147 0.8962646126747131 909
1615573935195 0.9095922708511353 910
1615573969506 0.9100663065910339 911
1615574003962 0.8640317320823669 912
1615574038546 0.89689040184021 913
1615574073173 0.9119068384170532 914
1615574107802 0.8732346296310425 915
1615574142284 0.904747486114502 916
1615574176663 0.8531851768493652 917
1615574211130 0.8909755945205688 918
1615574245902 0.8945682644844055 919
1615574281946 0.8965983986854553 920
1615574316266 0.8939284682273865 921
1615574350616 0.8937061429023743 922
1615574384940 0.8932924270629883 923
1615574419234 0.9150394201278687 924
1615574453754 0.8869550228118896 925
1615574488407 0.9113553762435913 926
1615574522963 0.9063315391540527 927
1615574557719 0.8939448595046997 928
1615574592204 0.9042980074882507 929
1615574628657 0.8654320240020752 930
1615574663210 0.8936572074890137 931
1615574697847 0.9001699090003967 932
1615574732300 0.8976191878318787 933
1615574766970 0.8690828680992126 934
1615574801302 0.8814620971679688 935
1615574835682 0.867459237575531 936
1615574869962 0.8792734146118164 937
1615574904284 0.884196400642395 938
1615574938749 0.9023882746696472 939
1615574974697 0.9033570289611816 940
1615575009132 0.8754067420959473 941
1615575043761 0.8772518634796143 942
1615575079489 0.8705253601074219 943
1615575114245 0.9177500009536743 944
1615575148721 0.901456892490387 945
1615575183483 0.9193164110183716 946
1615575217778 0.8396189212799072 947
1615575252087 0.9064601063728333 948
1615575286431 0.918168306350708 949
1615575322511 0.8842548131942749 950
1615575356792 0.8885590434074402 951
1615575391329 0.9281278252601624 952
1615575425853 0.9009801745414734 953
1615575460899 0.8978608846664429 954
1615575495560 0.8852871656417847 955
1615575530175 0.8966720104217529 956
1615575564567 0.8937651515007019 957
1615575598848 0.8965942859649658 958
1615575633208 0.9055811166763306 959
1615575669537 0.8840421438217163 960
1615575704008 0.88306725025177 961
1615575738800 0.8920384645462036 962
1615575773199 0.8892807960510254 963
1615575807548 0.8935743570327759 964
1615575841905 0.916826605796814 965
1615575876269 0.8802536725997925 966
1615575913038 0.9035455584526062 967
1615575947564 0.9309892654418945 968
1615575981961 0.8890911340713501 969
1615576018162 0.8941934108734131 970
1615576052701 0.9111169576644897 971
1615576087428 0.8854259252548218 972
1615576121891 0.8884674310684204 973
1615576156200 0.9009511470794678 974
1615576190682 0.863775908946991 975
1615576225059 0.9052193760871887 976
1615576259464 0.9056087732315063 977
1615576294141 0.8648718595504761 978
1615576328420 0.9018598794937134 979
1615576364565 0.8473734855651855 980
1615576398941 0.893047034740448 981
1615576433300 0.8845958709716797 982
1615576467777 0.8887406587600708 983
1615576502274 0.9275388121604919 984
1615576536989 0.9048033952713013 985
1615576571458 0.915652871131897 986
1615576605990 0.8913134336471558 987
1615576640467 0.9051564335823059 988
1615576674952 0.8990556001663208 989
1615576711059 0.887438952922821 990
1615576745426 0.8947569727897644 991
1615576780154 0.916054368019104 992
1615576814506 0.8690654635429382 993
1615576848918 0.9185599088668823 994
1615576883196 0.9131175875663757 995
1615576917499 0.9116856455802917 996
1615576951855 0.9299250841140747 997
1615576986263 0.9009652137756348 998
1615577020670 0.8708750605583191 999
1615577056833 0.9234026670455933 1000
1615577091603 0.9162298440933228 1001
1615577126111 0.9196234941482544 1002
1615577160651 0.9108651280403137 1003
1615577195147 0.9010526537895203 1004
1615577229798 0.890584409236908 1005
1615577264297 0.8838286995887756 1006
1615577298705 0.8879514932632446 1007
1615577333102 0.9016624689102173 1008
1615577367453 0.863327145576477 1009
1615577403496 0.8714534044265747 1010
1615577437878 0.9203979969024658 1011
1615577472283 0.8975526690483093 1012
1615577507170 0.8793270587921143 1013
1615577541423 0.8979766368865967 1014
1615577575834 0.8961269855499268 1015
1615577610155 0.8999740481376648 1016
1615577644438 0.8783148527145386 1017
1615577678817 0.9197361469268799 1018
1615577713188 0.9116296768188477 1019
1615577749189 0.9052444696426392 1020
1615577783773 0.8849389553070068 1021
1615577818551 0.863702654838562 1022
1615577853128 0.9132694005966187 1023
1615577887745 0.884240448474884 1024
1615577922408 0.8444820642471313 1025
1615577956911 0.914915919303894 1026
1615577991254 0.8784918785095215 1027
1615578027978 0.8989002704620361 1028
1615578062372 0.9053981900215149 1029
1615578098821 0.8830877542495728 1030
1615578133098 0.8780415058135986 1031
1615578167448 0.8825118541717529 1032
1615578202328 0.9106547236442566 1033
1615578236698 0.9037400484085083 1034
1615578271019 0.9041755795478821 1035
1615578305341 0.9024111032485962 1036
1615578339750 0.901086151599884 1037
1615578374054 0.8814951777458191 1038
1615578408441 0.8976396322250366 1039
1615578444580 0.8755514621734619 1040
1615578478841 0.925910472869873 1041
1615578513161 0.8956512212753296 1042
1615578547492 0.8820313215255737 1043
1615578581831 0.8891018629074097 1044
1615578616473 0.916259765625 1045
1615578651121 0.8814494609832764 1046
1615578685633 0.8753734827041626 1047
1615578720105 0.9051281213760376 1048
1615578754424 0.8964931964874268 1049
1615578790458 0.9045636653900146 1050
1615578825094 0.8779062032699585 1051
1615578859518 0.8576671481132507 1052
1615578893947 0.9020181894302368 1053
1615578928363 0.8949779272079468 1054
1615578962632 0.896373987197876 1055
1615578997125 0.915357232093811 1056
1615579031442 0.9120270013809204 1057
1615579066013 0.8655409812927246 1058
1615579100264 0.8592761754989624 1059
1615579136257 0.8959372639656067 1060
1615579170519 0.8920357823371887 1061
1615579204927 0.8859601616859436 1062
1615579239365 0.8767651319503784 1063
1615579273634 0.864783763885498 1064
1615579308065 0.8829407691955566 1065
1615579342433 0.9036076068878174 1066
1615579377542 0.8821830749511719 1067
1615579412231 0.8879116773605347 1068
1615579447245 0.9048312902450562 1069
1615579483489 0.8763534426689148 1070
1615579517974 0.8857275247573853 1071
1615579552744 0.8677147626876831 1072
1615579587191 0.8942620754241943 1073
1615579621572 0.8921328783035278 1074
1615579655890 0.9081013202667236 1075
1615579690420 0.8906195163726807 1076
1615579724631 0.8803505897521973 1077
1615579758960 0.9012327790260315 1078
1615579793316 0.9041988253593445 1079
1615579829257 0.8704832792282104 1080
1615579863524 0.8664557933807373 1081
1615579897808 0.8714250326156616 1082
1615579932047 0.863213300704956 1083
1615579966467 0.8851466178894043 1084
1615580000826 0.8775995969772339 1085
1615580035666 0.9025102853775024 1086
1615580070482 0.8970686197280884 1087
1615580105414 0.895738959312439 1088
1615580140518 0.903002142906189 1089
1615580176750 0.8947607278823853 1090
1615580211167 0.904082179069519 1091
1615580245512 0.8940092921257019 1092
1615580279868 0.9007135033607483 1093
1615580314230 0.8712697625160217 1094
1615580348558 0.9024264812469482 1095
1615580383206 0.9102887511253357 1096
1615580417692 0.8785256147384644 1097
1615580452000 0.8803942799568176 1098
1615580486470 0.9170812368392944 1099
1615580522508 0.9124153852462769 1100
1615580556938 0.9079923033714294 1101
1615580591491 0.8822208642959595 1102
1615580626302 0.9170225858688354 1103
1615580660961 0.8980963230133057 1104
1615580695623 0.8775860071182251 1105
1615580730268 0.9022805690765381 1106
1615580764721 0.8858201503753662 1107
1615580799066 0.9096391201019287 1108
1615580833618 0.9095756411552429 1109
1615580869848 0.9223572611808777 1110
1615580904176 0.8908657431602478 1111
1615580938528 0.8879369497299194 1112
1615580972944 0.8933902382850647 1113
1615581007258 0.9144027829170227 1114
1615581041574 0.8949214816093445 1115
1615581075896 0.9141818284988403 1116
1615581110581 0.9028258323669434 1117
1615581144830 0.9077744483947754 1118
1615581179250 0.8735779523849487 1119
1615581215245 0.901898980140686 1120
1615581249478 0.8984606266021729 1121
1615581283818 0.8835344314575195 1122
1615581318222 0.8864487409591675 1123
1615581352678 0.8915339112281799 1124
1615581387304 0.8980097770690918 1125
1615581422032 0.8947707414627075 1126
1615581456858 0.9113690257072449 1127
1615581491912 0.905310332775116 1128
1615581526423 0.899267852306366 1129
1615581563212 0.9114978313446045 1130
1615581597664 0.8806396722793579 1131
1615581632021 0.9237896203994751 1132
1615581666408 0.8994150757789612 1133
1615581700713 0.8939497470855713 1134
1615581735093 0.8927299976348877 1135
1615581769748 0.9216209650039673 1136
1615581803995 0.9109271764755249 1137
1615581838334 0.8905150294303894 1138
1615581872643 0.8803595304489136 1139
1615581908681 0.8960601091384888 1140
1615581944866 0.8836674690246582 1141
1615581979705 0.8907128572463989 1142
1615582014139 0.9055600166320801 1143
1615582048643 0.8897124528884888 1144
1615582083074 0.9128131866455078 1145
1615582117332 0.8989608883857727 1146
1615582151705 0.9331621527671814 1147
1615582186104 0.8945738077163696 1148
1615582220591 0.8909285068511963 1149
1615582256781 0.8921201825141907 1150
1615582291110 0.8920024633407593 1151
1615582325399 0.8877475261688232 1152
1615582359681 0.876213550567627 1153
1615582393955 0.8757733702659607 1154
1615582428250 0.8866462111473083 1155
1615582462529 0.9126991033554077 1156
1615582496917 0.9023023843765259 1157
1615582531370 0.8977034091949463 1158
1615582569303 0.8697900176048279 1159
1615582605580 0.8850609064102173 1160
1615582640443 0.8923839330673218 1161
1615582674905 0.9329437017440796 1162
1615582709346 0.9117390513420105 1163
1615582743893 0.9014114141464233 1164
1615582778363 0.8837991952896118 1165
1615582812855 0.8937285542488098 1166
1615582847144 0.887829065322876 1167
1615582881527 0.8895537853240967 1168
1615582915819 0.9101623892784119 1169
1615582952030 0.9006472826004028 1170
1615582986532 0.8983550071716309 1171
1615583021252 0.8956763744354248 1172
1615583055542 0.8716146945953369 1173
1615583089827 0.8948755264282227 1174
1615583124124 0.8775017261505127 1175
1615583158453 0.9125321507453918 1176
1615583192796 0.9205830097198486 1177
1615583227144 0.8657155632972717 1178
1615583261987 0.8979393243789673 1179
1615583299321 0.884537935256958 1180
1615583333886 0.9316183924674988 1181
1615583368424 0.8848981261253357 1182
1615583402955 0.8856269121170044 1183
1615583437311 0.8925161361694336 1184
1615583471716 0.8934349417686462 1185
1615583506018 0.8873915076255798 1186
1615583540449 0.8921210765838623 1187
1615583574889 0.8869369029998779 1188
1615583609635 0.9203565120697021 1189
1615583645493 0.8869101405143738 1190
1615583679791 0.9049414396286011 1191
1615583714081 0.920824408531189 1192
1615583748396 0.8757244348526001 1193
1615583782703 0.8975642919540405 1194
1615583816971 0.8995680809020996 1195
1615583851258 0.8954683542251587 1196
1615583885719 0.9083395600318909 1197
1615583920168 0.9027879238128662 1198
1615583954944 0.905187726020813 1199
1615583991386 0.8787246346473694 1200
1615584022987 0.91352379322052 0
1615584022999 0.91352379322052 0
