1615278229704 0.04158277064561844 1
1615278264243 0.03516824170947075 2
1615278298747 0.032562483102083206 3
1615278333058 0.03095666691660881 4
1615278367428 0.029554877430200577 5
1615278401752 0.029446542263031006 6
1615278436071 0.028714759275317192 7
1615278471290 0.02641705423593521 8
1615278505622 0.026990443468093872 9
1615278542271 0.026593659073114395 10
1615278576417 0.025426402688026428 11
1615278610569 0.025405695661902428 12
1615278644766 0.025842741131782532 13
1615278679155 0.024725861847400665 14
1615278713402 0.02408348210155964 15
1615278747718 0.023639094084501266 16
1615278781948 0.022265031933784485 17
1615278816207 0.02372179925441742 18
1615278850620 0.023803362622857094 19
1615278887034 0.02355874702334404 20
1615278921563 0.02253948524594307 21
1615278956056 0.02475670725107193 22
1615278990455 0.0222478024661541 23
1615279024865 0.020722826942801476 24
1615279059254 0.022471778094768524 25
1615279093608 0.02174307219684124 26
1615279127799 0.0216296948492527 27
1615279162023 0.022211045026779175 28
1615279196545 0.021862786263227463 29
1615279232439 0.02274191379547119 30
1615279267009 0.019715622067451477 31
1615279301171 0.02227122150361538 32
1615279335383 0.020746581256389618 33
1615279369483 0.024706324562430382 34
1615279403711 0.020288769155740738 35
1615279437866 0.02119418978691101 36
1615279472046 0.020172201097011566 37
1615279506202 0.018995601683855057 38
1615279540900 0.020657561719417572 39
1615279577675 0.02047071047127247 40
1615279612169 0.02048414573073387 41
1615279646375 0.02223672717809677 42
1615279680724 0.021637432277202606 43
1615279715110 0.02335602417588234 44
1615279749357 0.021194789558649063 45
1615279783630 0.020806320011615753 46
1615279817825 0.01904531568288803 47
1615279852068 0.01923965848982334 48
1615279886233 0.01959635317325592 49
1615279922514 0.019267285242676735 50
1615279956746 0.019542381167411804 51
1615279991109 0.02233497053384781 52
1615280025418 0.020154505968093872 53
1615280059616 0.0205338466912508 54
1615280093734 0.02387191727757454 55
1615280127907 0.02027646265923977 56
1615280162039 0.019972629845142365 57
1615280196255 0.01935044303536415 58
1615280230547 0.01980476826429367 59
1615280266340 0.01860581338405609 60
1615280300576 0.01992126926779747 61
1615280335079 0.0196162611246109 62
1615280369518 0.02000225894153118 63
1615280403907 0.02054893970489502 64
1615280438625 0.018693476915359497 65
1615280473006 0.01843922585248947 66
1615280507273 0.018601398915052414 67
1615280541893 0.01860469952225685 68
1615280576195 0.0192131195217371 69
1615280612462 0.019599605351686478 70
1615280646818 0.019720660522580147 71
1615280681043 0.02071187272667885 72
1615280715258 0.01885002851486206 73
1615280749426 0.01877540349960327 74
1615280783666 0.018971718847751617 75
1615280817899 0.017927678301930428 76
1615280852108 0.01798206940293312 77
1615280886354 0.01749977096915245 78
1615280920502 0.01857719197869301 79
1615280956285 0.019432105123996735 80
1615280990867 0.018224086612462997 81
1615281025371 0.01784110814332962 82
1615281059941 0.018757011741399765 83
1615281094602 0.016488853842020035 84
1615281129148 0.017536239698529243 85
1615281163694 0.016825618222355843 86
1615281198191 0.016944866627454758 87
1615281232757 0.016572296619415283 88
1615281267022 0.0175212100148201 89
1615281302882 0.019261661916971207 90
1615281337127 0.018792791292071342 91
1615281371328 0.019264349713921547 92
1615281405447 0.017277248203754425 93
1615281439699 0.01644139178097248 94
1615281473946 0.01741887256503105 95
1615281508211 0.020824875682592392 96
1615281542676 0.018538083881139755 97
1615281577498 0.022044308483600616 98
1615281612502 0.019050084054470062 99
1615281649010 0.020078020170331 100
1615281683528 0.01857021450996399 101
1615281717818 0.018812604248523712 102
1615281752292 0.017702806740999222 103
1615281786454 0.01739652454853058 104
1615281820801 0.019002841785550117 105
1615281855243 0.01829003170132637 106
1615281889506 0.018086960539221764 107
1615281923696 0.01755218207836151 108
1615281957890 0.01709245704114437 109
1615281993849 0.018391110002994537 110
1615282028060 0.016522129997611046 111
1615282062335 0.017258573323488235 112
1615282096541 0.01871728152036667 113
1615282130771 0.018023833632469177 114
1615282165018 0.01699940115213394 115
1615282199238 0.019209563732147217 116
1615282233545 0.01848175749182701 117
1615282267994 0.020485874265432358 118
1615282302404 0.0170123353600502 119
1615282338643 0.017876392230391502 120
1615282373180 0.016844723373651505 121
1615282407477 0.016486722975969315 122
1615282441776 0.01942005753517151 123
1615282476102 0.01897476427257061 124
1615282510497 0.016703501343727112 125
1615282544751 0.017073551192879677 126
1615282579159 0.017037369310855865 127
1615282613575 0.016518278047442436 128
1615282648337 0.01753176376223564 129
1615282684429 0.01612049899995327 130
1615282718648 0.018154848366975784 131
1615282752899 0.017256079241633415 132
1615282786916 0.01723289117217064 133
1615282821059 0.017314225435256958 134
1615282855284 0.015734780579805374 135
1615282889459 0.014835493639111519 136
1615282923668 0.017009075731039047 137
1615282957983 0.01823212206363678 138
1615282992325 0.016606774181127548 139
1615283028710 0.01810254156589508 140
1615283063302 0.017995715141296387 141
1615283097833 0.017585810273885727 142
1615283132241 0.01593777723610401 143
1615283166520 0.015886833891272545 144
1615283201038 0.015570756047964096 145
1615283235477 0.016274344176054 146
1615283269722 0.018096262589097023 147
1615283303976 0.01635255664587021 148
1615283338242 0.016122929751873016 149
1615283374279 0.016884934157133102 150
1615283408524 0.015903698280453682 151
1615283443436 0.01606442965567112 152
1615283477696 0.01517712976783514 153
1615283511967 0.013434376567602158 154
1615283546206 0.015688899904489517 155
1615283580508 0.01517099142074585 156
1615283614846 0.014949114061892033 157
1615283649007 0.014872189611196518 158
1615283683169 0.014574549160897732 159
1615283719098 0.015306208282709122 160
1615283753371 0.018826739862561226 161
1615283787737 0.015863236039876938 162
1615283822337 0.015352589078247547 163
1615283857152 0.015388648957014084 164
1615283891740 0.016541244462132454 165
1615283926268 0.01647735945880413 166
1615283961111 0.01495656929910183 167
1615283995341 0.015125549398362637 168
1615284029609 0.014566995203495026 169
1615284065762 0.015281574800610542 170
1615284099948 0.017811831086874008 171
1615284134170 0.01522134430706501 172
1615284168392 0.015601354651153088 173
1615284202618 0.01719801127910614 174
1615284237016 0.015686044469475746 175
1615284271658 0.01682509481906891 176
1615284306137 0.01826600730419159 177
1615284340635 0.015786875039339066 178
1615284375048 0.016122734174132347 179
1615284411166 0.01409926638007164 180
1615284445471 0.01606854796409607 181
1615284479742 0.016088102012872696 182
1615284514076 0.01780182495713234 183
1615284548390 0.014582542702555656 184
1615284582567 0.016161972656846046 185
1615284616752 0.015784915536642075 186
1615284650892 0.016336508095264435 187
1615284685351 0.019486235454678535 188
1615284719601 0.015258856117725372 189
1615284755516 0.01598506234586239 190
1615284789735 0.013361683115363121 191
1615284823938 0.01696847379207611 192
1615284858254 0.020298317074775696 193
1615284893040 0.016775408759713173 194
1615284927654 0.015106230974197388 195
1615284962057 0.01703188382089138 196
1615284996369 0.01579073816537857 197
1615285030759 0.016471071168780327 198
1615285065197 0.01556357555091381 199
1615285101086 0.017202159389853477 200
1615285135326 0.016785135492682457 201
1615285169512 0.016759734600782394 202
1615285203848 0.016739804297685623 203
1615285238182 0.015947118401527405 204
1615285272884 0.014449970796704292 205
1615285307172 0.015256487764418125 206
1615285341385 0.014705667272210121 207
1615285375479 0.015988148748874664 208
1615285409696 0.0146121084690094 209
1615285445436 0.017506282776594162 210
1615285479779 0.014921585097908974 211
1615285513878 0.015386728569865227 212
1615285548046 0.018180042505264282 213
1615285582282 0.015101725235581398 214
1615285617046 0.014445669949054718 215
1615285651439 0.01732032001018524 216
1615285685881 0.015329517424106598 217
1615285720402 0.015782687813043594 218
1615285754884 0.015546905808150768 219
1615285790921 0.015980826690793037 220
1615285825095 0.014930738136172295 221
1615285859425 0.015978263691067696 222
1615285893573 0.01521302666515112 223
1615285927806 0.014977695420384407 224
1615285962285 0.016979031264781952 225
1615285996473 0.015731390565633774 226
1615286030688 0.015512701123952866 227
1615286064910 0.016987886279821396 228
1615286099099 0.01413596048951149 229
1615286134909 0.014204636216163635 230
1615286169076 0.013942976482212543 231
1615286203325 0.014932243153452873 232
1615286237622 0.015924468636512756 233
1615286272075 0.014043559320271015 234
1615286306449 0.015247417613863945 235
1615286340917 0.015377625823020935 236
1615286375275 0.013985703699290752 237
1615286409634 0.014870425686240196 238
1615286444135 0.012777693569660187 239
1615286480849 0.015460696071386337 240
1615286515225 0.014840170741081238 241
1615286549551 0.014912329614162445 242
1615286583770 0.01364506222307682 243
1615286618076 0.013276087120175362 244
1615286652316 0.014816626906394958 245
1615286686677 0.01592894084751606 246
1615286720894 0.015380535274744034 247
1615286755567 0.014103412628173828 248
1615286789798 0.015102816745638847 249
1615286825588 0.01399717852473259 250
1615286859842 0.014475898817181587 251
1615286894058 0.01566077023744583 252
1615286928214 0.017446160316467285 253
1615286962362 0.015643078833818436 254
1615286996539 0.013734592124819756 255
1615287030777 0.015303270891308784 256
1615287064979 0.013049839064478874 257
1615287099526 0.015444263815879822 258
1615287134072 0.015014464035630226 259
1615287170013 0.01460421271622181 260
1615287204453 0.01489389780908823 261
1615287238856 0.014752298593521118 262
1615287273178 0.01617773249745369 263
1615287307590 0.0167815200984478 264
1615287341850 0.014638513326644897 265
1615287376122 0.01573982462286949 266
1615287410391 0.015262100845575333 267
1615287444684 0.015791170299053192 268
1615287479051 0.01389787346124649 269
1615287515236 0.013969158753752708 270
1615287549983 0.013947790488600731 271
1615287584158 0.013750100508332253 272
1615287618444 0.014620084315538406 273
1615287652619 0.014308142475783825 274
1615287686745 0.014983030036091805 275
1615287720952 0.016356779262423515 276
1615287755460 0.013690290972590446 277
1615287790127 0.014711862429976463 278
1615287824739 0.013787396252155304 279
1615287860810 0.015484205447137356 280
1615287895372 0.013697163201868534 281
1615287929827 0.013810419477522373 282
1615287964255 0.014433122240006924 283
1615287998484 0.014543348923325539 284
1615288032776 0.01565677486360073 285
1615288067058 0.016117293387651443 286
1615288101271 0.014302130788564682 287
1615288135571 0.015031900256872177 288
1615288169885 0.015492190606892109 289
1615288205909 0.013920986093580723 290
1615288240477 0.013285139575600624 291
1615288274755 0.013777360320091248 292
1615288308983 0.013085110113024712 293
1615288343303 0.014609739184379578 294
1615288377563 0.015167376026511192 295
1615288411803 0.015830105170607567 296
1615288446482 0.013033047318458557 297
1615288481573 0.015664007514715195 298
1615288516135 0.013430745340883732 299
1615288552116 0.013997548259794712 300
1615288586367 0.015312270261347294 301
1615288620553 0.01521594263613224 302
1615288654824 0.01234651543200016 303
1615288689060 0.013051999732851982 304
1615288723495 0.016257092356681824 305
1615288757799 0.014971545897424221 306
1615288792347 0.013308332301676273 307
1615288826553 0.01076558604836464 308
1615288860704 0.012562135234475136 309
1615288896458 0.017069987952709198 310
1615288930623 0.015414615161716938 311
1615288964786 0.013770557008683681 312
1615288999067 0.014295083470642567 313
1615289033354 0.011820248328149319 314
1615289067661 0.014915350824594498 315
1615289102249 0.013306884095072746 316
1615289136724 0.01423482596874237 317
1615289171233 0.013767109252512455 318
1615289205731 0.013858282938599586 319
1615289241679 0.01482858881354332 320
1615289276104 0.014004098251461983 321
1615289310490 0.01416553370654583 322
1615289344839 0.014746762812137604 323
1615289379047 0.013414275832474232 324
1615289413278 0.014956394210457802 325
1615289447577 0.014147549867630005 326
1615289481992 0.013362044468522072 327
1615289516233 0.013257217593491077 328
1615289550800 0.012265980243682861 329
1615289586681 0.015409579500555992 330
1615289620932 0.015029867179691792 331
1615289655098 0.013887885957956314 332
1615289689290 0.013261932879686356 333
1615289723644 0.014933266676962376 334
1615289757975 0.014340849593281746 335
1615289792591 0.012729060836136341 336
1615289827473 0.013555716723203659 337
1615289861967 0.014147469773888588 338
1615289896356 0.01260329782962799 339
1615289932389 0.012498870491981506 340
1615289966805 0.01337549090385437 341
1615290001087 0.011898281052708626 342
1615290035369 0.014474678784608841 343
1615290069568 0.01370256207883358 344
1615290103875 0.01421690359711647 345
1615290138278 0.015613242983818054 346
1615290172554 0.018151309341192245 347
1615290206834 0.013314669951796532 348
1615290241373 0.012060733512043953 349
1615290277337 0.011407151818275452 350
1615290311620 0.014045673422515392 351
1615290345901 0.012832965701818466 352
1615290380274 0.012930931523442268 353
1615290414502 0.012213834561407566 354
1615290448622 0.013258127495646477 355
1615290482814 0.01485489308834076 356
1615290517165 0.01391739770770073 357
1615290551660 0.011791301891207695 358
1615290586091 0.015139449387788773 359
1615290622079 0.013075880706310272 360
1615290656501 0.011247902177274227 361
1615290691151 0.012780760414898396 362
1615290725520 0.013160277158021927 363
1615290759840 0.013597961515188217 364
1615290794083 0.012650007382035255 365
1615290828401 0.013981666415929794 366
1615290862710 0.014538239687681198 367
1615290897001 0.011609017848968506 368
1615290931640 0.014854777604341507 369
1615290967707 0.013890426605939865 370
1615291001980 0.010813983157277107 371
1615291036206 0.011521884240210056 372
1615291070495 0.013649063184857368 373
1615291104763 0.013879425823688507 374
1615291139449 0.014503518119454384 375
1615291174013 0.014170924201607704 376
1615291208323 0.0157451368868351 377
1615291242671 0.015440789982676506 378
1615291276955 0.013879507780075073 379
1615291313060 0.014571944251656532 380
1615291347303 0.014105777256190777 381
1615291381638 0.012940437532961369 382
1615291416448 0.014523792080581188 383
1615291450735 0.012613730505108833 384
1615291484961 0.012583846226334572 385
1615291519150 0.013004080392420292 386
1615291553340 0.013780571520328522 387
1615291587640 0.01359585765749216 388
1615291621866 0.013112397864460945 389
1615291657706 0.015085697174072266 390
1615291691995 0.015673723071813583 391
1615291726299 0.01314419787377119 392
1615291760745 0.01331352349370718 393
1615291795251 0.014374318532645702 394
1615291829568 0.010711376555263996 395
1615291864126 0.015642590820789337 396
1615291898671 0.011986741796135902 397
1615291933073 0.012370996177196503 398
1615291967362 0.012353375554084778 399
1615292003429 0.011997601017355919 400
1615292037720 0.013600362464785576 401
1615292071999 0.01266196183860302 402
1615292106269 0.014486378990113735 403
1615292140696 0.011578932404518127 404
1615292175063 0.014481890946626663 405
1615292209325 0.012086207047104836 406
1615292243588 0.01567605510354042 407
1615292278168 0.010809719562530518 408
1615292312400 0.013243677094578743 409
1615292348208 0.01278034970164299 410
1615292382514 0.011449179612100124 411
1615292416722 0.012288851663470268 412
1615292450942 0.012609371915459633 413
1615292485125 0.013713128864765167 414
1615292519329 0.015041867271065712 415
1615292553611 0.012963379733264446 416
1615292587805 0.013252140954136848 417
1615292622091 0.012243269011378288 418
1615292656502 0.012893873266875744 419
1615292693644 0.011978508904576302 420
1615292728117 0.01205581333488226 421
1615292762352 0.014146845787763596 422
1615292796572 0.012623360380530357 423
1615292830748 0.012293366715312004 424
1615292865026 0.015469087287783623 425
1615292899231 0.014108417555689812 426
1615292933592 0.012170541100203991 427
1615292967902 0.013711486011743546 428
1615293002227 0.01677653379738331 429
1615293038218 0.01353964302688837 430
1615293072811 0.013419538736343384 431
1615293106959 0.012492066249251366 432
1615293141231 0.01727394573390484 433
1615293175424 0.01214277371764183 434
1615293209589 0.015197566710412502 435
1615293243790 0.01331096701323986 436
1615293277930 0.012985868379473686 437
1615293312262 0.012138848192989826 438
1615293346490 0.014036053791642189 439
1615293382687 0.012073440477252007 440
1615293417303 0.012810934334993362 441
1615293451943 0.012807227671146393 442
1615293486508 0.01265043020248413 443
1615293521044 0.011299753561615944 444
1615293555509 0.01398646179586649 445
1615293589845 0.013867795467376709 446
1615293624231 0.01497475802898407 447
1615293658606 0.013068053871393204 448
1615293693003 0.010990297421813011 449
1615293728925 0.01106693223118782 450
1615293763189 0.012715901248157024 451
1615293797881 0.013733815401792526 452
1615293832083 0.013102348893880844 453
1615293866275 0.012613918632268906 454
1615293900481 0.010674552991986275 455
1615293934668 0.012938533909618855 456
1615293968916 0.014786641113460064 457
1615294003113 0.013875599950551987 458
1615294037541 0.012327327392995358 459
1615294073381 0.010814230889081955 460
1615294107546 0.012669204734265804 461
1615294141840 0.01178329810500145 462
1615294176114 0.013024726882576942 463
1615294210662 0.012441903352737427 464
1615294245501 0.011263441294431686 465
1615294279961 0.015321038663387299 466
1615294314484 0.013068420812487602 467
1615294348969 0.01313093677163124 468
1615294383239 0.012392531149089336 469
1615294419308 0.01395466923713684 470
1615294455178 0.014234615489840508 471
1615294489359 0.013204086571931839 472
1615294523607 0.011434102430939674 473
1615294558156 0.012872224673628807 474
1615294592314 0.012252487242221832 475
1615294626574 0.013431664556264877 476
1615294660733 0.012384416535496712 477
1615294694898 0.011683562770485878 478
1615294729194 0.010881558991968632 479
1615294764966 0.011193454265594482 480
1615294799210 0.012364349327981472 481
1615294833470 0.011931639164686203 482
1615294867806 0.013505131006240845 483
1615294902161 0.011652599088847637 484
1615294937290 0.010812297463417053 485
1615294972249 0.014357328414916992 486
1615295006712 0.013290696777403355 487
1615295041040 0.012629757635295391 488
1615295076330 0.010759151540696621 489
1615295112332 0.011611725203692913 490
1615295146505 0.011660833843052387 491
1615295180882 0.014097342267632484 492
1615295215364 0.010134086012840271 493
1615295250327 0.01593480445444584 494
1615295284958 0.012383004650473595 495
1615295319498 0.013006752356886864 496
1615295353954 0.010781653225421906 497
1615295388322 0.013138949871063232 498
1615295422736 0.011987868696451187 499
1615295458802 0.012064432725310326 500
1615295493188 0.013056512922048569 501
1615295527464 0.012721879407763481 502
1615295561730 0.010747396387159824 503
1615295596439 0.01163468323647976 504
1615295630708 0.012173345312476158 505
1615295664894 0.011621234938502312 506
1615295699090 0.013708824291825294 507
1615295733268 0.013095417991280556 508
1615295767514 0.012281974777579308 509
1615295803356 0.012193538248538971 510
1615295837607 0.010420120321214199 511
1615295871918 0.010377034544944763 512
1615295906491 0.011747918091714382 513
1615295940821 0.010900577530264854 514
1615295975121 0.01224181242287159 515
1615296009524 0.010449652560055256 516
1615296043904 0.011407722719013691 517
1615296078389 0.012559525668621063 518
1615296112751 0.013266876339912415 519
1615296148585 0.012527777813374996 520
1615296182892 0.012993644922971725 521
1615296217130 0.011966373771429062 522
1615296253720 0.012351706624031067 523
1615296288033 0.011121472343802452 524
1615296322347 0.01217661052942276 525
1615296356693 0.010589895769953728 526
1615296391834 0.012017222121357918 527
1615296426108 0.011260267347097397 528
1615296460223 0.012148261070251465 529
1615296495920 0.011490058153867722 530
1615296530163 0.01326459739357233 531
1615296564426 0.012606849893927574 532
1615296598642 0.013396646827459335 533
1615296632932 0.01154631283134222 534
1615296667702 0.012445611879229546 535
1615296702533 0.00979071855545044 536
1615296737066 0.01223680842667818 537
1615296771702 0.011715935543179512 538
1615296806375 0.012469103559851646 539
1615296843153 0.010106289759278297 540
1615296877765 0.011951746419072151 541
1615296912322 0.013950027525424957 542
1615296946903 0.011703257448971272 543
1615296981147 0.010274987667798996 544
1615297015403 0.011153554543852806 545
1615297049736 0.012677241116762161 546
1615297083985 0.010400565341114998 547
1615297118168 0.012572999112308025 548
1615297152580 0.012834243476390839 549
1615297188980 0.011666025035083294 550
1615297223593 0.010752719826996326 551
1615297258224 0.011629430577158928 552
1615297292510 0.010784965008497238 553
1615297326811 0.01468621101230383 554
1615297361295 0.011234158650040627 555
1615297395642 0.01039418950676918 556
1615297429969 0.012245593592524529 557
1615297464228 0.012834591791033745 558
1615297498539 0.01399615965783596 559
1615297534789 0.009986117482185364 560
1615297568962 0.013467425480484962 561
1615297603596 0.014930101111531258 562
1615297638164 0.01291586458683014 563
1615297672322 0.009256509132683277 564
1615297706528 0.014092396944761276 565
1615297740711 0.009569519199430943 566
1615297775191 0.012033184990286827 567
1615297809411 0.010095907375216484 568
1615297843576 0.011625150218605995 569
1615297879393 0.012677149847149849 570
1615297913610 0.012386415153741837 571
1615297947990 0.011720065958797932 572
1615297982749 0.011170271784067154 573
1615298017250 0.010595263913273811 574
1615298051676 0.011548091657459736 575
1615298086114 0.011520035564899445 576
1615298120473 0.010295731015503407 577
1615298154791 0.010973874479532242 578
1615298189138 0.011827735230326653 579
1615298225458 0.011249808594584465 580
1615298259724 0.009355073794722557 581
1615298293995 0.012172969058156013 582
1615298328213 0.01164634246379137 583
1615298362592 0.013458870351314545 584
1615298396898 0.011547192931175232 585
1615298431413 0.012039761058986187 586
1615298465590 0.008921629749238491 587
1615298499800 0.011073238216340542 588
1615298534121 0.011342303827404976 589
1615298570027 0.011589624918997288 590
1615298604252 0.01171193365007639 591
1615298638432 0.011702058836817741 592
1615298672755 0.011973894201219082 593
1615298707599 0.011592047289013863 594
1615298742253 0.011491894721984863 595
1615298776803 0.010078154504299164 596
1615298811307 0.011294318363070488 597
1615298845760 0.011777883395552635 598
1615298880077 0.012931160628795624 599
1615298916233 0.012399486266076565 600
1615298950442 0.00906129740178585 601
1615298984701 0.013068245723843575 602
1615299019097 0.01399919018149376 603
1615299053488 0.012565643526613712 604
1615299087692 0.011384323239326477 605
1615299122116 0.01068282499909401 606
1615299156833 0.012044169008731842 607
1615299191007 0.01055748201906681 608
1615299225221 0.012279382906854153 609
1615299260988 0.010896842926740646 610
1615299295179 0.013845342211425304 611
1615299329527 0.012626074254512787 612
1615299363769 0.01213522907346487 613
1615299398064 0.011837251484394073 614
1615299432310 0.011586874723434448 615
1615299466591 0.01078367605805397 616
1615299501089 0.01294553093612194 617
1615299535467 0.009607702493667603 618
1615299569931 0.012118658050894737 619
1615299606180 0.011143404990434647 620
1615299640498 0.010288628749549389 621
1615299674989 0.013573731295764446 622
1615299709288 0.01290751900523901 623
1615299743561 0.010351520963013172 624
1615299777779 0.009931949898600578 625
1615299812301 0.011261188425123692 626
1615299849543 0.010338881053030491 627
1615299883749 0.011411236599087715 628
1615299917883 0.01129581592977047 629
1615299953701 0.011307292617857456 630
1615299987991 0.010564232245087624 631
1615300022204 0.013358160853385925 632
1615300056427 0.010863207280635834 633
1615300090645 0.011096620000898838 634
1615300124878 0.013372006826102734 635
1615300159129 0.012727278284728527 636
1615300193372 0.00975557416677475 637
1615300227761 0.012038925662636757 638
1615300262342 0.010748951695859432 639
1615300298508 0.011891050264239311 640
1615300332867 0.011711306869983673 641
1615300367368 0.012040338478982449 642
1615300401664 0.009655307047069073 643
1615300435924 0.010091894306242466 644
1615300470236 0.011944510042667389 645
1615300504471 0.009431956335902214 646
1615300539172 0.012600412592291832 647
1615300573446 0.01144380122423172 648
1615300607645 0.010606333613395691 649
1615300643710 0.010492571629583836 650
1615300677921 0.011743495240807533 651
1615300712226 0.010435591451823711 652
1615300746606 0.010572010651230812 653
1615300781089 0.010002795606851578 654
1615300815524 0.009796266444027424 655
1615300850364 0.01000659167766571 656
1615300885000 0.010757889598608017 657
1615300919550 0.013147633522748947 658
1615300953922 0.011215398088097572 659
1615300990301 0.012035279534757137 660
1615301025033 0.00934022106230259 661
1615301059390 0.012969567440450191 662
1615301093691 0.01205386035144329 663
1615301128006 0.011521336622536182 664
1615301162362 0.010278566740453243 665
1615301196556 0.011418960988521576 666
1615301230942 0.010498188436031342 667
1615301265691 0.011489778757095337 668
1615301300223 0.01068614050745964 669
1615301336489 0.01078718900680542 670
1615301370841 0.01222984865307808 671
1615301405057 0.013425000011920929 672
1615301439400 0.01353001594543457 673
1615301473699 0.010461234487593174 674
1615301508071 0.012151574715971947 675
1615301542572 0.01052074320614338 676
1615301576831 0.010426528751850128 677
1615301610998 0.010427240282297134 678
1615301645611 0.010968003422021866 679
1615301681360 0.01036791317164898 680
1615301715636 0.01122264377772808 681
1615301749855 0.009673422202467918 682
1615301784113 0.010418087244033813 683
1615301818426 0.011571954004466534 684
1615301852617 0.010172282345592976 685
1615301886863 0.01008722186088562 686
1615301921202 0.008413039147853851 687
1615301955746 0.012648497708141804 688
1615301990552 0.013592740520834923 689
1615302026666 0.012238966301083565 690
1615302061166 0.010251659899950027 691
1615302095496 0.008793971501290798 692
1615302129853 0.010277495719492435 693
1615302164125 0.010777078568935394 694
1615302198445 0.011084317229688168 695
1615302233002 0.009738272987306118 696
1615302267360 0.009983034804463387 697
1615302302005 0.01096020545810461 698
1615302336283 0.011022016406059265 699
1615302372192 0.009916878305375576 700
1615302406474 0.011294878087937832 701
1615302440614 0.010518623515963554 702
1615302474869 0.009489044547080994 703
1615302509101 0.011176150292158127 704
1615302543313 0.010572904720902443 705
1615302577531 0.01042582280933857 706
1615302612020 0.01184915006160736 707
1615302646463 0.009256906807422638 708
1615302681182 0.010526228696107864 709
1615302717668 0.01082590688019991 710
1615302752401 0.009993398562073708 711
1615302786946 0.009824400767683983 712
1615302821351 0.01037922129034996 713
1615302855706 0.010731769725680351 714
1615302890041 0.010946275666356087 715
1615302924332 0.012400992214679718 716
1615302958566 0.008962256833910942 717
1615302992880 0.009161590598523617 718
1615303027421 0.00990583747625351 719
1615303063421 0.01057456899434328 720
1615303097637 0.01123686321079731 721
1615303131903 0.012655266560614109 722
1615303166097 0.010611800476908684 723
1615303200338 0.009866630658507347 724
1615303234591 0.012169744819402695 725
1615303268822 0.009529294446110725 726
1615303303477 0.007797444239258766 727
1615303338119 0.011166127398610115 728
1615303372642 0.008870651014149189 729
1615303408935 0.008858909830451012 730
1615303443275 0.00959155336022377 731
1615303477815 0.010697053745388985 732
1615303512235 0.009561847895383835 733
1615303546442 0.01201857253909111 734
1615303580790 0.011276129633188248 735
1615303615009 0.010597050189971924 736
1615303649274 0.00886576622724533 737
1615303683603 0.010320769622921944 738
1615303717913 0.009141027927398682 739
1615303753740 0.012142214924097061 740
1615303787969 0.012592524290084839 741
1615303822728 0.009190713055431843 742
1615303857089 0.009211933240294456 743
1615303891307 0.007816344499588013 744
1615303925568 0.011061616241931915 745
1615303959826 0.009335112757980824 746
1615303994033 0.009884485974907875 747
1615304028354 0.010268411599099636 748
1615304062698 0.011523641645908356 749
1615304098693 0.010269958525896072 750
1615304133332 0.012585800141096115 751
1615304167850 0.011732225306332111 752
1615304202404 0.013099154457449913 753
1615304236761 0.010168854147195816 754
1615304271033 0.0104255061596632 755
1615304305269 0.009187677875161171 756
1615304339445 0.012354442849755287 757
1615304373940 0.010724654421210289 758
1615304408337 0.009190361946821213 759
1615304444592 0.010935449972748756 760
1615304478870 0.011550894007086754 761
1615304513152 0.010782118886709213 762
1615304547449 0.010997382923960686 763
1615304581721 0.010613723658025265 764
1615304615936 0.011803772300481796 765
1615304650170 0.009684758260846138 766
1615304684407 0.009819509461522102 767
1615304718673 0.010825803503394127 768
1615304752861 0.009126586839556694 769
1615304788754 0.010688192211091518 770
1615304823017 0.012002906762063503 771
1615304857480 0.011167237535119057 772
1615304891916 0.009008735418319702 773
1615304926487 0.011057092808187008 774
1615304960874 0.01275607943534851 775
1615304995294 0.009159580804407597 776
1615305029562 0.009529303759336472 777
1615305063874 0.01187882199883461 778
1615305098205 0.011544139124453068 779
1615305134016 0.00947235431522131 780
1615305168270 0.013762187212705612 781
1615305202661 0.009127124212682247 782
1615305236863 0.00890070665627718 783
1615305271071 0.01001359336078167 784
1615305305612 0.00898025743663311 785
1615305339798 0.0120470579713583 786
1615305374077 0.011353093199431896 787
1615305408366 0.010480200871825218 788
1615305442635 0.011380990967154503 789
1615305478440 0.010462449863553047 790
1615305512766 0.011053092777729034 791
1615305547099 0.010245533660054207 792
1615305581459 0.011665708385407925 793
1615305616341 0.00945855863392353 794
1615305650963 0.01026935875415802 795
1615305685355 0.010277347639203072 796
1615305719821 0.009565874002873898 797
1615305754254 0.011536115780472755 798
1615305788658 0.008258728310465813 799
1615305824922 0.010584020987153053 800
1615305859323 0.01158985123038292 801
1615305893630 0.011491585522890091 802
1615305927911 0.00947125069797039 803
1615305962394 0.009604733437299728 804
1615305997028 0.012314163148403168 805
1615306031251 0.010387944057583809 806
1615306065619 0.010890284553170204 807
1615306099834 0.011077163740992546 808
1615306134120 0.012422306463122368 809
1615306169838 0.010695970617234707 810
1615306204149 0.012302940711379051 811
1615306238473 0.010264437645673752 812
1615306272839 0.008956173434853554 813
1615306307436 0.009105438366532326 814
1615306341827 0.009987963363528252 815
1615306376370 0.011464391835033894 816
1615306410778 0.007602183148264885 817
1615306445077 0.011462971568107605 818
1615306479425 0.011908497661352158 819
1615306515481 0.01358066126704216 820
1615306549829 0.010162499733269215 821
1615306584368 0.011243386194109917 822
1615306618501 0.010345350950956345 823
1615306652653 0.010166740976274014 824
1615306686927 0.0117534464225173 825
1615306721120 0.009931342676281929 826
1615306755310 0.012030282989144325 827
1615306789935 0.009049233049154282 828
1615306824624 0.009298417717218399 829
1615306860717 0.011115502566099167 830
1615306895395 0.01187068223953247 831
1615306929964 0.009989086538553238 832
1615306964474 0.008528713136911392 833
1615306998834 0.010385975241661072 834
1615307033302 0.011000990867614746 835
1615307067753 0.010171163827180862 836
1615307102052 0.013244088739156723 837
1615307136602 0.010986430570483208 838
1615307170785 0.010870244354009628 839
1615307206930 0.009014977142214775 840
1615307241240 0.011700466275215149 841
1615307275454 0.010736210271716118 842
1615307309673 0.008460279554128647 843
1615307343905 0.009406907483935356 844
1615307378299 0.01071166805922985 845
1615307412890 0.009039191529154778 846
1615307447912 0.009132036939263344 847
1615307482954 0.010934870690107346 848
1615307517486 0.01366649940609932 849
1615307553548 0.010549968108534813 850
1615307588069 0.007889955304563046 851
1615307622468 0.007342278026044369 852
1615307657056 0.01249694637954235 853
1615307691247 0.010924696922302246 854
1615307725412 0.011090236715972424 855
1615307759562 0.011233435943722725 856
1615307793744 0.01124277338385582 857
1615307828032 0.009647738188505173 858
1615307862284 0.008918476291000843 859
1615307898136 0.009310953319072723 860
1615307932677 0.011924338527023792 861
1615307967579 0.010630371049046516 862
1615308002345 0.01259031891822815 863
1615308036971 0.012676279991865158 864
1615308071427 0.009535630233585835 865
1615308105798 0.012363115325570107 866
1615308140073 0.00902646780014038 867
1615308174317 0.013698632828891277 868
1615308208634 0.010617819614708424 869
1615308244999 0.008274641819298267 870
1615308279156 0.009911393746733665 871
1615308313297 0.01076193992048502 872
1615308347383 0.01243063434958458 873
1615308381682 0.011144229210913181 874
1615308415911 0.009488008916378021 875
1615308450110 0.010339861735701561 876
1615308484346 0.010907945223152637 877
1615308518596 0.01240605115890503 878
1615308552877 0.00902952067553997 879
1615308588860 0.00829961709678173 880
1615308623256 0.011166367679834366 881
1615308657764 0.009778987616300583 882
1615308692412 0.011382092721760273 883
1615308726998 0.010362660512328148 884
1615308761266 0.012262202799320221 885
1615308795617 0.012569479644298553 886
1615308829986 0.008024875074625015 887
1615308864199 0.009874792769551277 888
1615308898594 0.011325521394610405 889
1615308934589 0.009667464531958103 890
1615308968821 0.00847159419208765 891
1615309003556 0.01035250909626484 892
1615309037900 0.009187860414385796 893
1615309072142 0.009397448971867561 894
1615309106286 0.007095343433320522 895
1615309140481 0.011468149721622467 896
1615309174686 0.012171376496553421 897
1615309208897 0.00967943761497736 898
1615309243193 0.013175569474697113 899
1615309279032 0.009012071415781975 900
1615309313490 0.009497033432126045 901
1615309347907 0.008857550099492073 902
1615309382566 0.010736623778939247 903
1615309417712 0.009831856936216354 904
1615309452186 0.010712672956287861 905
1615309486619 0.010824844241142273 906
1615309520891 0.010874266736209393 907
1615309555163 0.010898668318986893 908
1615309589618 0.010703899897634983 909
1615309625492 0.00858752429485321 910
1615309660024 0.008837336674332619 911
1615309694303 0.011790490709245205 912
1615309728626 0.010608208365738392 913
1615309762856 0.008664380759000778 914
1615309797105 0.01286538876593113 915
1615309831372 0.009576532989740372 916
1615309865594 0.013495823368430138 917
1615309900299 0.010495062917470932 918
1615309935106 0.010261258110404015 919
1615309971521 0.009957089088857174 920
1615310005963 0.010754972696304321 921
1615310040568 0.009320257231593132 922
1615310074762 0.011332109570503235 923
1615310109065 0.00836043432354927 924
1615310143593 0.010647766292095184 925
1615310177850 0.008733795955777168 926
1615310212161 0.009352222084999084 927
1615310246590 0.010675965808331966 928
1615310280850 0.010049812495708466 929
1615310317142 0.012910142540931702 930
1615310351406 0.009934334084391594 931
1615310385750 0.00986818503588438 932
1615310420010 0.010706388391554356 933
1615310454527 0.012175913900136948 934
1615310488966 0.010030725970864296 935
1615310523794 0.013172293081879616 936
1615310558504 0.012938577681779861 937
1615310592907 0.010751585476100445 938
1615310627389 0.011277309618890285 939
1615310663721 0.0102342264726758 940
1615310698065 0.012097366154193878 941
1615310732601 0.011834521777927876 942
1615310766894 0.011215686798095703 943
1615310801070 0.010095365345478058 944
1615310835281 0.009552826173603535 945
1615310869360 0.008507848717272282 946
1615310903606 0.013913953676819801 947
1615310937883 0.009112933650612831 948
1615310972107 0.008467519655823708 949
1615311007982 0.010413816198706627 950
1615311042169 0.01034774724394083 951
1615311076404 0.008869876153767109 952
1615311110727 0.009290245361626148 953
1615311145326 0.009070593863725662 954
1615311179945 0.011605561710894108 955
1615311214565 0.00843440368771553 956
1615311249011 0.010637795552611351 957
1615311283532 0.008937649428844452 958
1615311317899 0.009926306083798409 959
1615311353753 0.012911483645439148 960
1615311388045 0.010420671664178371 961
1615311422281 0.00957550574094057 962
1615311456576 0.010511687025427818 963
1615311490938 0.009337635710835457 964
1615311525356 0.008709575980901718 965
1615311559655 0.010732966475188732 966
1615311594024 0.009439725428819656 967
1615311628812 0.008375776000320911 968
1615311663078 0.009958485141396523 969
1615311698956 0.012545772828161716 970
1615311733222 0.009029960259795189 971
1615311767465 0.010255012661218643 972
1615311801702 0.010377291589975357 973
1615311836021 0.010336548089981079 974
1615311870645 0.011059440672397614 975
1615311905151 0.008671439252793789 976
1615311939781 0.008873864077031612 977
1615311974666 0.012095863930881023 978
1615312009070 0.009843891486525536 979
1615312044952 0.012881170958280563 980
1615312079324 0.01128985546529293 981
1615312114485 0.010962948203086853 982
1615312148855 0.010630249977111816 983
1615312183105 0.008280988782644272 984
1615312217397 0.009461533278226852 985
1615312251613 0.009618561714887619 986
1615312285912 0.009655334055423737 987
1615312320145 0.00935710035264492 988
1615312354438 0.00900878757238388 989
1615312390527 0.01014993991702795 990
1615312425105 0.01080805342644453 991
1615312459630 0.00922364741563797 992
1615312494252 0.010443376377224922 993
1615312529120 0.00866551510989666 994
1615312563939 0.008130909875035286 995
1615312598318 0.009320003911852837 996
1615312632545 0.007532297167927027 997
1615312666897 0.010309578850865364 998
1615312701386 0.010669946670532227 999
1615312737560 0.009457792155444622 1000
1615312771886 0.008980382233858109 1001
1615312806876 0.009154247120022774 1002
1615312841207 0.010545381344854832 1003
1615312875380 0.011125200428068638 1004
1615312909616 0.01086982898414135 1005
1615312943824 0.011545793153345585 1006
1615312978136 0.009951690211892128 1007
1615313012314 0.010633371770381927 1008
1615313046578 0.013805882073938847 1009
1615313082506 0.010853094048798084 1010
1615313116685 0.008399969898164272 1011
1615313150903 0.009258478879928589 1012
1615313185150 0.011805295944213867 1013
1615313219345 0.009896313771605492 1014
1615313253808 0.010322783142328262 1015
1615313288388 0.011900574900209904 1016
1615313322853 0.010631648823618889 1017
1615313357371 0.00855184718966484 1018
1615313395315 0.009555326774716377 1019
1615313431539 0.009967590682208538 1020
1615313465775 0.011169067583978176 1021
1615313500068 0.013127986341714859 1022
1615313534317 0.009254513308405876 1023
1615313568558 0.009668264538049698 1024
1615313602942 0.011992808431386948 1025
1615313637389 0.008667955175042152 1026
1615313671620 0.01047670841217041 1027
1615313705883 0.010446363128721714 1028
1615313740430 0.009636450558900833 1029
1615313776340 0.01093283947557211 1030
1615313810631 0.010851317085325718 1031
1615313844876 0.011075031012296677 1032
1615313879125 0.010000055655837059 1033
1615313913405 0.008748874068260193 1034
1615313947706 0.009023459628224373 1035
1615313982433 0.009835619479417801 1036
1615314016992 0.0096682608127594 1037
1615314051312 0.010776691138744354 1038
1615314085713 0.0106592308729887 1039
1615314121678 0.011172297410666943 1040
1615314156129 0.008253725245594978 1041
1615314190465 0.010316376574337482 1042
1615314224923 0.009409099817276001 1043
1615314259294 0.011017793789505959 1044
1615314293534 0.009255880489945412 1045
1615314328105 0.010121932253241539 1046
1615314362316 0.011445877142250538 1047
1615314396556 0.010086500085890293 1048
1615314430895 0.01121114008128643 1049
1615314466735 0.010196313261985779 1050
1615314501008 0.011265122331678867 1051
1615314535126 0.011822781525552273 1052
1615314569332 0.009133034385740757 1053
1615314603611 0.010757219046354294 1054
1615314637967 0.01033114455640316 1055
1615314672215 0.008607974275946617 1056
1615314706583 0.00852883979678154 1057
1615314740981 0.01283443532884121 1058
1615314775526 0.012946674600243568 1059
1615314811975 0.010423784144222736 1060
1615314846594 0.009391440078616142 1061
1615314881074 0.010957751423120499 1062
1615314917708 0.01223674975335598 1063
1615314952070 0.012231716886162758 1064
1615314986689 0.010880179703235626 1065
1615315021512 0.01096869446337223 1066
1615315055710 0.011318091303110123 1067
1615315089956 0.010508280247449875 1068
1615315124280 0.00903318915516138 1069
1615315160342 0.011464463546872139 1070
1615315194651 0.010032044723629951 1071
1615315228916 0.012568820267915726 1072
1615315263191 0.010954510420560837 1073
1615315297558 0.010671306401491165 1074
1615315332316 0.008960932493209839 1075
1615315367007 0.009838348254561424 1076
1615315401743 0.011768165044486523 1077
1615315436207 0.01001272164285183 1078
1615315470831 0.010383917018771172 1079
1615315507083 0.01085103489458561 1080
1615315541546 0.011680283583700657 1081
1615315576045 0.013114241883158684 1082
1615315610511 0.011727471835911274 1083
1615315644737 0.011949172243475914 1084
1615315679056 0.011365879327058792 1085
1615315713287 0.009499014355242252 1086
1615315747514 0.009295660071074963 1087
1615315781730 0.009577156975865364 1088
1615315816000 0.010686095803976059 1089
1615315851951 0.009769713506102562 1090
1615315886248 0.009531065821647644 1091
1615315920512 0.010479642078280449 1092
1615315954872 0.009688977152109146 1093
1615315989715 0.011843664571642876 1094
1615316024188 0.00928613729774952 1095
1615316058793 0.00872357003390789 1096
1615316093171 0.011901212856173515 1097
1615316127747 0.01003305520862341 1098
1615316162075 0.008527668192982674 1099
1615316198234 0.0094402264803648 1100
1615316232844 0.008805423974990845 1101
1615316267035 0.010789865627884865 1102
1615316301363 0.009000197052955627 1103
1615316335546 0.010235114023089409 1104
1615316369795 0.011878307908773422 1105
1615316404110 0.008924365043640137 1106
1615316438319 0.010932506062090397 1107
1615316472798 0.009324530139565468 1108
1615316507249 0.009314028546214104 1109
1615316543506 0.007710785139352083 1110
1615316577927 0.010714991949498653 1111
1615316612424 0.012024998664855957 1112
1615316646912 0.010674643330276012 1113
1615316681256 0.009082680568099022 1114
1615316715705 0.010098977014422417 1115
1615316749981 0.008237689733505249 1116
1615316784391 0.010014730505645275 1117
1615316818685 0.009570170193910599 1118
1615316853245 0.011942606419324875 1119
1615316889173 0.010759323835372925 1120
1615316923419 0.010108349844813347 1121
1615316957815 0.009284814819693565 1122
1615316992059 0.009187854826450348 1123
1615317026288 0.009239446371793747 1124
1615317060633 0.009350760839879513 1125
1615317094927 0.00957517884671688 1126
1615317129349 0.008563049137592316 1127
1615317164175 0.009874105453491211 1128
1615317199180 0.009389784187078476 1129
1615317235290 0.00847967155277729 1130
1615317269668 0.011633668094873428 1131
1615317304094 0.008025641553103924 1132
1615317338452 0.010418612509965897 1133
1615317372642 0.009569171816110611 1134
1615317406986 0.010403956286609173 1135
1615317441262 0.00829472579061985 1136
1615317475590 0.00970376841723919 1137
1615317510156 0.009944689460098743 1138
1615317544394 0.010434949770569801 1139
1615317580214 0.01149702351540327 1140
1615317614491 0.01051096711307764 1141
1615317648737 0.011499056592583656 1142
1615317683079 0.010362669825553894 1143
1615317717395 0.01057484745979309 1144
1615317751733 0.009277976118028164 1145
1615317786073 0.011762792244553566 1146
1615317820455 0.007691588252782822 1147
1615317854884 0.010355323553085327 1148
1615317889560 0.010803327895700932 1149
1615317925777 0.010542957112193108 1150
1615317960708 0.010576561093330383 1151
1615317995226 0.010280749760568142 1152
1615318029613 0.010056423023343086 1153
1615318063926 0.01160759013146162 1154
1615318098317 0.01050267368555069 1155
1615318132700 0.00903091486543417 1156
1615318167124 0.010623986832797527 1157
1615318201316 0.010223163291811943 1158
1615318235489 0.012338757514953613 1159
1615318271646 0.010674655437469482 1160
1615318305953 0.010160944424569607 1161
1615318340227 0.007790303789079189 1162
1615318374507 0.008618188090622425 1163
1615318408786 0.01007173117250204 1164
1615318443003 0.012251177802681923 1165
1615318477203 0.009600119665265083 1166
1615318511454 0.010504696518182755 1167
1615318545777 0.011362774297595024 1168
1615318580238 0.009634587913751602 1169
1615318616359 0.009020471014082432 1170
1615318651013 0.009812342002987862 1171
1615318685655 0.010599665343761444 1172
1615318720393 0.011617586016654968 1173
1615318754763 0.011083662509918213 1174
1615318789091 0.01007472351193428 1175
1615318823358 0.008262019604444504 1176
1615318857720 0.007822654210031033 1177
1615318892200 0.010791249573230743 1178
1615318926465 0.009645793586969376 1179
1615318962469 0.010255610570311546 1180
1615318997274 0.008848447352647781 1181
1615319031454 0.011448143050074577 1182
1615319065759 0.010245304554700851 1183
1615319100053 0.008996586315333843 1184
1615319134412 0.010141279548406601 1185
1615319168740 0.01076086238026619 1186
1615319203833 0.01026084553450346 1187
1615319238506 0.010685916990041733 1188
1615319273044 0.007729616481810808 1189
1615319309273 0.009662000462412834 1190
1615319343890 0.008931032381951809 1191
1615319378691 0.007800032384693623 1192
1615319412897 0.010298850014805794 1193
1615319447102 0.01036743726581335 1194
1615319481344 0.011501404456794262 1195
1615319515630 0.009881660342216492 1196
1615319549837 0.010219963267445564 1197
1615319584062 0.010009480640292168 1198
1615319618220 0.009215900674462318 1199
1615319653986 0.011836562305688858 1200
1615319684604 0.00916534848511219 0
1615319684616 0.00916534848511219 0
