1615278229704 0.23444338142871857 1
1615278264243 0.31993141770362854 2
1615278298747 0.4889623522758484 3
1615278333058 0.594515860080719 4
1615278367428 0.6104485392570496 5
1615278401752 0.6313169002532959 6
1615278436071 0.6352398991584778 7
1615278471290 0.6463412046432495 8
1615278505622 0.6765269041061401 9
1615278542271 0.6511318683624268 10
1615278576417 0.7133693695068359 11
1615278610569 0.6895615458488464 12
1615278644766 0.651676595211029 13
1615278679155 0.6674184799194336 14
1615278713402 0.6761573553085327 15
1615278747718 0.6905062794685364 16
1615278781948 0.7118152976036072 17
1615278816207 0.7351589202880859 18
1615278850620 0.7003138065338135 19
1615278887034 0.7298687696456909 20
1615278921563 0.7197448015213013 21
1615278956056 0.7431385517120361 22
1615278990455 0.7534049153327942 23
1615279024865 0.7498416900634766 24
1615279059254 0.7261810302734375 25
1615279093608 0.7717940211296082 26
1615279127799 0.7455426454544067 27
1615279162023 0.7593631744384766 28
1615279196545 0.7292835712432861 29
1615279232439 0.7365880012512207 30
1615279267009 0.7626186013221741 31
1615279301171 0.7420298457145691 32
1615279335383 0.7653752565383911 33
1615279369483 0.7523272037506104 34
1615279403711 0.7723650932312012 35
1615279437866 0.7699410915374756 36
1615279472046 0.7958232760429382 37
1615279506202 0.7904074192047119 38
1615279540900 0.7780113220214844 39
1615279577675 0.7745106220245361 40
1615279612169 0.7765260338783264 41
1615279646375 0.7450816035270691 42
1615279680724 0.7667655348777771 43
1615279715110 0.786347508430481 44
1615279749357 0.7738590240478516 45
1615279783630 0.7456963062286377 46
1615279817825 0.7772873640060425 47
1615279852068 0.8301920890808105 48
1615279886233 0.8007467985153198 49
1615279922514 0.7884442806243896 50
1615279956746 0.7903380393981934 51
1615279991109 0.7199001312255859 52
1615280025418 0.7495036721229553 53
1615280059616 0.7727727293968201 54
1615280093734 0.7608100175857544 55
1615280127907 0.7776210904121399 56
1615280162039 0.7562385201454163 57
1615280196255 0.7665494680404663 58
1615280230547 0.7898173332214355 59
1615280266340 0.7872568368911743 60
1615280300576 0.7748154401779175 61
1615280335079 0.7718956470489502 62
1615280369518 0.7677007913589478 63
1615280403907 0.7370889186859131 64
1615280438625 0.7816324234008789 65
1615280473006 0.8051645755767822 66
1615280507273 0.802344560623169 67
1615280541893 0.807720959186554 68
1615280576195 0.7716068625450134 69
1615280612462 0.7773842811584473 70
1615280646818 0.7710546255111694 71
1615280681043 0.7514438629150391 72
1615280715258 0.7591571807861328 73
1615280749426 0.7757083177566528 74
1615280783666 0.7950781583786011 75
1615280817899 0.8060097694396973 76
1615280852108 0.8187557458877563 77
1615280886354 0.8221281170845032 78
1615280920502 0.7959824800491333 79
1615280956285 0.771655797958374 80
1615280990867 0.7831606864929199 81
1615281025371 0.8257628679275513 82
1615281059941 0.8012598156929016 83
1615281094602 0.8259165287017822 84
1615281129148 0.8127124905586243 85
1615281163694 0.8109043836593628 86
1615281198191 0.827754557132721 87
1615281232757 0.8291568756103516 88
1615281267022 0.8129581809043884 89
1615281302882 0.8054196238517761 90
1615281337127 0.8137816190719604 91
1615281371328 0.7943580150604248 92
1615281405447 0.8118793368339539 93
1615281439699 0.8317152261734009 94
1615281473946 0.8384674787521362 95
1615281508211 0.7981773018836975 96
1615281542676 0.789446234703064 97
1615281577498 0.7734874486923218 98
1615281612502 0.8047460913658142 99
1615281649010 0.8083161115646362 100
1615281683528 0.8239826560020447 101
1615281717818 0.7952775359153748 102
1615281752292 0.8225629925727844 103
1615281786454 0.8372060060501099 104
1615281820801 0.7978947162628174 105
1615281855243 0.7567477822303772 106
1615281889506 0.80950528383255 107
1615281923696 0.7979731559753418 108
1615281957890 0.819368302822113 109
1615281993849 0.8007572889328003 110
1615282028060 0.8237000703811646 111
1615282062335 0.8190573453903198 112
1615282096541 0.8043614029884338 113
1615282130771 0.7823377847671509 114
1615282165018 0.8080177903175354 115
1615282199238 0.7924667596817017 116
1615282233545 0.8202878832817078 117
1615282267994 0.7519931793212891 118
1615282302404 0.8224010467529297 119
1615282338643 0.8084427118301392 120
1615282373180 0.8257547616958618 121
1615282407477 0.8047218918800354 122
1615282441776 0.7803972959518433 123
1615282476102 0.7921015620231628 124
1615282510497 0.802009105682373 125
1615282544751 0.8247866630554199 126
1615282579159 0.8320931196212769 127
1615282613575 0.828152060508728 128
1615282648337 0.8174842596054077 129
1615282684429 0.834368109703064 130
1615282718648 0.8157205581665039 131
1615282752899 0.8206911087036133 132
1615282786916 0.839816689491272 133
1615282821059 0.8089251518249512 134
1615282855284 0.8613853454589844 135
1615282889459 0.8601174354553223 136
1615282923668 0.8253512382507324 137
1615282957983 0.7943156957626343 138
1615282992325 0.7985563278198242 139
1615283028710 0.8067225217819214 140
1615283063302 0.8060228824615479 141
1615283097833 0.8255680203437805 142
1615283132241 0.8483935594558716 143
1615283166520 0.8191167116165161 144
1615283201038 0.8573119044303894 145
1615283235477 0.8299169540405273 146
1615283269722 0.817903995513916 147
1615283303976 0.8144419193267822 148
1615283338242 0.832055926322937 149
1615283374279 0.8229970932006836 150
1615283408524 0.8333775997161865 151
1615283443436 0.8311935663223267 152
1615283477696 0.8399499654769897 153
1615283511967 0.8875057697296143 154
1615283546206 0.8491123914718628 155
1615283580508 0.8604055643081665 156
1615283614846 0.8583526611328125 157
1615283649007 0.8392702341079712 158
1615283683169 0.873381495475769 159
1615283719098 0.8562835454940796 160
1615283753371 0.7954577207565308 161
1615283787737 0.8163899779319763 162
1615283822337 0.8295434713363647 163
1615283857152 0.8545925617218018 164
1615283891740 0.827385425567627 165
1615283926268 0.8030869960784912 166
1615283961111 0.8437691926956177 167
1615283995341 0.8520724773406982 168
1615284029609 0.878205418586731 169
1615284065762 0.841240406036377 170
1615284099948 0.8242038488388062 171
1615284134170 0.8560148477554321 172
1615284168392 0.8388229608535767 173
1615284202618 0.8344117999076843 174
1615284237016 0.835718035697937 175
1615284271658 0.8344602584838867 176
1615284306137 0.8056989908218384 177
1615284340635 0.8267192840576172 178
1615284375048 0.8175108432769775 179
1615284411166 0.8786673545837402 180
1615284445471 0.8418589234352112 181
1615284479742 0.8230921030044556 182
1615284514076 0.7937226891517639 183
1615284548390 0.8496408462524414 184
1615284582567 0.8414492607116699 185
1615284616752 0.8335821628570557 186
1615284650892 0.8128334879875183 187
1615284685351 0.8222019672393799 188
1615284719601 0.826468825340271 189
1615284755516 0.8353210687637329 190
1615284789735 0.8765199780464172 191
1615284823938 0.8315353393554688 192
1615284858254 0.8076674938201904 193
1615284893040 0.818570613861084 194
1615284927654 0.8515841960906982 195
1615284962057 0.8009942173957825 196
1615284996369 0.8446310758590698 197
1615285030759 0.8407898545265198 198
1615285065197 0.8401992321014404 199
1615285101086 0.8175526261329651 200
1615285135326 0.8118975758552551 201
1615285169512 0.8021724224090576 202
1615285203848 0.8283748626708984 203
1615285238182 0.8367825746536255 204
1615285272884 0.847831130027771 205
1615285307172 0.8594456911087036 206
1615285341385 0.8654299974441528 207
1615285375479 0.8643413782119751 208
1615285409696 0.8709210157394409 209
1615285445436 0.8091818690299988 210
1615285479779 0.8471998572349548 211
1615285513878 0.8472545146942139 212
1615285548046 0.7983019948005676 213
1615285582282 0.8210330605506897 214
1615285617046 0.8577650189399719 215
1615285651439 0.8213380575180054 216
1615285685881 0.837695837020874 217
1615285720402 0.8393591642379761 218
1615285754884 0.8355153799057007 219
1615285790921 0.837271511554718 220
1615285825095 0.8291311264038086 221
1615285859425 0.8228777647018433 222
1615285893573 0.8561103343963623 223
1615285927806 0.8490511178970337 224
1615285962285 0.8227987885475159 225
1615285996473 0.8355336785316467 226
1615286030688 0.8247296810150146 227
1615286064910 0.8501546382904053 228
1615286099099 0.8723803758621216 229
1615286134909 0.8524357080459595 230
1615286169076 0.8761310577392578 231
1615286203325 0.8554946184158325 232
1615286237622 0.8276424407958984 233
1615286272075 0.8474897742271423 234
1615286306449 0.8405523300170898 235
1615286340917 0.8464483022689819 236
1615286375275 0.8501681089401245 237
1615286409634 0.8449865579605103 238
1615286444135 0.8765138983726501 239
1615286480849 0.8392751812934875 240
1615286515225 0.8280633687973022 241
1615286549551 0.8473466634750366 242
1615286583770 0.8538709282875061 243
1615286618076 0.8660000562667847 244
1615286652316 0.8463884592056274 245
1615286686677 0.8503060340881348 246
1615286720894 0.8154327869415283 247
1615286755567 0.8442854285240173 248
1615286789798 0.8396549224853516 249
1615286825588 0.8499453067779541 250
1615286859842 0.872260570526123 251
1615286894058 0.8369107246398926 252
1615286928214 0.8075995445251465 253
1615286962362 0.8313310146331787 254
1615286996539 0.8535242080688477 255
1615287030777 0.8524712324142456 256
1615287064979 0.8905655145645142 257
1615287099526 0.8552554249763489 258
1615287134072 0.8463176488876343 259
1615287170013 0.8262656331062317 260
1615287204453 0.8580565452575684 261
1615287238856 0.8666684627532959 262
1615287273178 0.8473148345947266 263
1615287307590 0.8177619576454163 264
1615287341850 0.846850574016571 265
1615287376122 0.838204026222229 266
1615287410391 0.8535182476043701 267
1615287444684 0.8322722315788269 268
1615287479051 0.8520029187202454 269
1615287515236 0.8507417440414429 270
1615287549983 0.8690148591995239 271
1615287584158 0.8546494245529175 272
1615287618444 0.8457752466201782 273
1615287652619 0.8505852222442627 274
1615287686745 0.8379544019699097 275
1615287720952 0.803414523601532 276
1615287755460 0.8880183696746826 277
1615287790127 0.8377484083175659 278
1615287824739 0.8754435777664185 279
1615287860810 0.8697963356971741 280
1615287895372 0.8578200340270996 281
1615287929827 0.8701227307319641 282
1615287964255 0.8443571329116821 283
1615287998484 0.860930323600769 284
1615288032776 0.8150848150253296 285
1615288067058 0.8612602353096008 286
1615288101271 0.8437312841415405 287
1615288135571 0.833055853843689 288
1615288169885 0.8583430051803589 289
1615288205909 0.8423811793327332 290
1615288240477 0.8655208349227905 291
1615288274755 0.8552015423774719 292
1615288308983 0.8644530773162842 293
1615288343303 0.8530350923538208 294
1615288377563 0.8435014486312866 295
1615288411803 0.8397452235221863 296
1615288446482 0.8670530319213867 297
1615288481573 0.8578824996948242 298
1615288516135 0.8743741512298584 299
1615288552116 0.8701205253601074 300
1615288586367 0.8143128156661987 301
1615288620553 0.8587510585784912 302
1615288654824 0.8822576999664307 303
1615288689060 0.8748162984848022 304
1615288723495 0.8427339196205139 305
1615288757799 0.8353855609893799 306
1615288792347 0.8550132513046265 307
1615288826553 0.9098188877105713 308
1615288860704 0.8924243450164795 309
1615288896458 0.8262950778007507 310
1615288930623 0.8236048221588135 311
1615288964786 0.8492187261581421 312
1615288999067 0.8379184007644653 313
1615289033354 0.8839280605316162 314
1615289067661 0.8513748049736023 315
1615289102249 0.8647974729537964 316
1615289136724 0.8755959272384644 317
1615289171233 0.8473635315895081 318
1615289205731 0.8498739004135132 319
1615289241679 0.8626571893692017 320
1615289276104 0.8538782596588135 321
1615289310490 0.8481978178024292 322
1615289344839 0.8253118991851807 323
1615289379047 0.8748469948768616 324
1615289413278 0.8335813879966736 325
1615289447577 0.8534919023513794 326
1615289481992 0.8574509024620056 327
1615289516233 0.8703643679618835 328
1615289550800 0.8807949423789978 329
1615289586681 0.8245633840560913 330
1615289620932 0.8340219855308533 331
1615289655098 0.8487051129341125 332
1615289689290 0.8883882164955139 333
1615289723644 0.8405427932739258 334
1615289757975 0.8629283905029297 335
1615289792591 0.841661810874939 336
1615289827473 0.8714466094970703 337
1615289861967 0.8314201831817627 338
1615289896356 0.8868536949157715 339
1615289932389 0.8767706155776978 340
1615289966805 0.8543103933334351 341
1615290001087 0.8750163912773132 342
1615290035369 0.8436263799667358 343
1615290069568 0.8576045036315918 344
1615290103875 0.8441843390464783 345
1615290138278 0.8221124410629272 346
1615290172554 0.8078276515007019 347
1615290206834 0.8427160978317261 348
1615290241373 0.8733165264129639 349
1615290277337 0.886795699596405 350
1615290311620 0.8693272471427917 351
1615290345901 0.8658657073974609 352
1615290380274 0.8745133280754089 353
1615290414502 0.8837462663650513 354
1615290448622 0.8730223178863525 355
1615290482814 0.8541315793991089 356
1615290517165 0.8756384253501892 357
1615290551660 0.8965461850166321 358
1615290586091 0.8378901481628418 359
1615290622079 0.8538243770599365 360
1615290656501 0.8856973648071289 361
1615290691151 0.8859115839004517 362
1615290725520 0.8655878901481628 363
1615290759840 0.8431976437568665 364
1615290794083 0.8666020631790161 365
1615290828401 0.8476616144180298 366
1615290862710 0.8678169250488281 367
1615290897001 0.8800536394119263 368
1615290931640 0.8451773524284363 369
1615290967707 0.85822594165802 370
1615291001980 0.8989158868789673 371
1615291036206 0.8839205503463745 372
1615291070495 0.8604729771614075 373
1615291104763 0.8599655628204346 374
1615291139449 0.863946795463562 375
1615291174013 0.8559502363204956 376
1615291208323 0.8098055124282837 377
1615291242671 0.824937105178833 378
1615291276955 0.8383454084396362 379
1615291313060 0.8373348712921143 380
1615291347303 0.8633794188499451 381
1615291381638 0.864959716796875 382
1615291416448 0.8476119041442871 383
1615291450735 0.867246150970459 384
1615291484961 0.8777686357498169 385
1615291519150 0.8661419153213501 386
1615291553340 0.8465233445167542 387
1615291587640 0.8611879944801331 388
1615291621866 0.8606441020965576 389
1615291657706 0.8432546854019165 390
1615291691995 0.845641016960144 391
1615291726299 0.8468794226646423 392
1615291760745 0.8633980751037598 393
1615291795251 0.8389822840690613 394
1615291829568 0.9055079221725464 395
1615291864126 0.8563104867935181 396
1615291898671 0.8784868121147156 397
1615291933073 0.8840970993041992 398
1615291967362 0.8626951575279236 399
1615292003429 0.8748562335968018 400
1615292037720 0.8648582696914673 401
1615292071999 0.865339994430542 402
1615292106269 0.827597975730896 403
1615292140696 0.8820761442184448 404
1615292175063 0.8635392189025879 405
1615292209325 0.8659460544586182 406
1615292243588 0.8215216398239136 407
1615292278168 0.8711326122283936 408
1615292312400 0.850304365158081 409
1615292348208 0.8584431409835815 410
1615292382514 0.8593339920043945 411
1615292416722 0.8783760666847229 412
1615292450942 0.8815455436706543 413
1615292485125 0.8524660468101501 414
1615292519329 0.8406673669815063 415
1615292553611 0.8670682907104492 416
1615292587805 0.8580350875854492 417
1615292622091 0.8690722584724426 418
1615292656502 0.8631148338317871 419
1615292693644 0.878172755241394 420
1615292728117 0.8669458031654358 421
1615292762352 0.8626017570495605 422
1615292796572 0.839158296585083 423
1615292830748 0.8513785600662231 424
1615292865026 0.8830276727676392 425
1615292899231 0.8614242672920227 426
1615292933592 0.8813584446907043 427
1615292967902 0.8543903827667236 428
1615293002227 0.8243146538734436 429
1615293038218 0.8372983932495117 430
1615293072811 0.8700345754623413 431
1615293106959 0.8579321503639221 432
1615293141231 0.8524444103240967 433
1615293175424 0.8694900870323181 434
1615293209589 0.795669674873352 435
1615293243790 0.8681014776229858 436
1615293277930 0.8628621101379395 437
1615293312262 0.8658150434494019 438
1615293346490 0.8331592082977295 439
1615293382687 0.8955371379852295 440
1615293417303 0.8778502941131592 441
1615293451943 0.8399638533592224 442
1615293486508 0.8645979166030884 443
1615293521044 0.8865470886230469 444
1615293555509 0.8628451824188232 445
1615293589845 0.8486023545265198 446
1615293624231 0.8400732278823853 447
1615293658606 0.8674147725105286 448
1615293693003 0.8781053423881531 449
1615293728925 0.8890016078948975 450
1615293763189 0.879660427570343 451
1615293797881 0.8651078939437866 452
1615293832083 0.8587422966957092 453
1615293866275 0.8512535095214844 454
1615293900481 0.8880071640014648 455
1615293934668 0.8500074148178101 456
1615293968916 0.8334804773330688 457
1615294003113 0.8310361504554749 458
1615294037541 0.8695604801177979 459
1615294073381 0.8766258358955383 460
1615294107546 0.8794006109237671 461
1615294141840 0.8811211585998535 462
1615294176114 0.8587355613708496 463
1615294210662 0.8623170852661133 464
1615294245501 0.8736898303031921 465
1615294279961 0.8561110496520996 466
1615294314484 0.8448753952980042 467
1615294348969 0.8564981818199158 468
1615294383239 0.8695566058158875 469
1615294419308 0.8432493209838867 470
1615294455178 0.8412911891937256 471
1615294489359 0.8558245897293091 472
1615294523607 0.8590434789657593 473
1615294558156 0.8537026643753052 474
1615294592314 0.8806573152542114 475
1615294626574 0.8559173345565796 476
1615294660733 0.8597668409347534 477
1615294694898 0.8680891394615173 478
1615294729194 0.9003423452377319 479
1615294764966 0.8917193412780762 480
1615294799210 0.8679800033569336 481
1615294833470 0.88133704662323 482
1615294867806 0.8596330881118774 483
1615294902161 0.8639631271362305 484
1615294937290 0.8601574897766113 485
1615294972249 0.8535179495811462 486
1615295006712 0.8506196737289429 487
1615295041040 0.869389533996582 488
1615295076330 0.8804469108581543 489
1615295112332 0.8966829776763916 490
1615295146505 0.8678605556488037 491
1615295180882 0.8362507820129395 492
1615295215364 0.9105685353279114 493
1615295250327 0.8225128054618835 494
1615295284958 0.8701433539390564 495
1615295319498 0.8561291694641113 496
1615295353954 0.8889263868331909 497
1615295388322 0.8611782789230347 498
1615295422736 0.8830318450927734 499
1615295458802 0.8573988676071167 500
1615295493188 0.8350009918212891 501
1615295527464 0.8777419328689575 502
1615295561730 0.8858352899551392 503
1615295596439 0.8926085233688354 504
1615295630708 0.8652568459510803 505
1615295664894 0.8836777210235596 506
1615295699090 0.8444799184799194 507
1615295733268 0.8602229356765747 508
1615295767514 0.8757314682006836 509
1615295803356 0.8691775798797607 510
1615295837607 0.9118499755859375 511
1615295871918 0.8777917623519897 512
1615295906491 0.8822983503341675 513
1615295940821 0.888736367225647 514
1615295975121 0.8621481657028198 515
1615296009524 0.883701741695404 516
1615296043904 0.8961738348007202 517
1615296078389 0.864592432975769 518
1615296112751 0.8513544797897339 519
1615296148585 0.8456346988677979 520
1615296182892 0.8353028297424316 521
1615296217130 0.864923894405365 522
1615296253720 0.8814223408699036 523
1615296288033 0.8784201145172119 524
1615296322347 0.864399790763855 525
1615296356693 0.9088654518127441 526
1615296391834 0.8711915016174316 527
1615296426108 0.8638491630554199 528
1615296460223 0.9014503955841064 529
1615296495920 0.8689292669296265 530
1615296530163 0.8509924411773682 531
1615296564426 0.8598941564559937 532
1615296598642 0.8637599945068359 533
1615296632932 0.8727582693099976 534
1615296667702 0.8607394695281982 535
1615296702533 0.9076993465423584 536
1615296737066 0.8592644929885864 537
1615296771702 0.8757779598236084 538
1615296806375 0.8682609796524048 539
1615296843153 0.9010941386222839 540
1615296877765 0.8598687648773193 541
1615296912322 0.8459867238998413 542
1615296946903 0.8758735060691833 543
1615296981147 0.8856195211410522 544
1615297015403 0.8705614805221558 545
1615297049736 0.8826063871383667 546
1615297083985 0.9071350693702698 547
1615297118168 0.8553114533424377 548
1615297152580 0.8509416580200195 549
1615297188980 0.8889896869659424 550
1615297223593 0.8782591819763184 551
1615297258224 0.8788621425628662 552
1615297292510 0.895814836025238 553
1615297326811 0.8359009027481079 554
1615297361295 0.8670182228088379 555
1615297395642 0.8922419548034668 556
1615297429969 0.8674336671829224 557
1615297464228 0.8676661252975464 558
1615297498539 0.8472335338592529 559
1615297534789 0.8917287588119507 560
1615297568962 0.8653061389923096 561
1615297603596 0.8589274883270264 562
1615297638164 0.8702925443649292 563
1615297672322 0.9202737212181091 564
1615297706528 0.8494370579719543 565
1615297740711 0.8851321935653687 566
1615297775191 0.8747700452804565 567
1615297809411 0.9006798267364502 568
1615297843576 0.8750596046447754 569
1615297879393 0.8757312893867493 570
1615297913610 0.8461334705352783 571
1615297947990 0.8652849197387695 572
1615297982749 0.8633924722671509 573
1615298017250 0.8850721120834351 574
1615298051676 0.8659065961837769 575
1615298086114 0.8734893202781677 576
1615298120473 0.8978590369224548 577
1615298154791 0.8992481231689453 578
1615298189138 0.8804092407226562 579
1615298225458 0.892183780670166 580
1615298259724 0.9051645994186401 581
1615298293995 0.8416905403137207 582
1615298328213 0.8676366806030273 583
1615298362592 0.8808574676513672 584
1615298396898 0.864202618598938 585
1615298431413 0.8763763904571533 586
1615298465590 0.9051678776741028 587
1615298499800 0.8708065748214722 588
1615298534121 0.8623936176300049 589
1615298570027 0.8892168998718262 590
1615298604252 0.8765869140625 591
1615298638432 0.8722147941589355 592
1615298672755 0.8608444929122925 593
1615298707599 0.8708127737045288 594
1615298742253 0.8846546411514282 595
1615298776803 0.8786022663116455 596
1615298811307 0.888563871383667 597
1615298845760 0.8684622049331665 598
1615298880077 0.8691425323486328 599
1615298916233 0.8538905382156372 600
1615298950442 0.9059758186340332 601
1615298984701 0.8786587119102478 602
1615299019097 0.8408253192901611 603
1615299053488 0.861512303352356 604
1615299087692 0.8767499923706055 605
1615299122116 0.8748533725738525 606
1615299156833 0.8775945901870728 607
1615299191007 0.891726016998291 608
1615299225221 0.8783791661262512 609
1615299260988 0.87787264585495 610
1615299295179 0.8395074605941772 611
1615299329527 0.8768860101699829 612
1615299363769 0.868944525718689 613
1615299398064 0.8790320158004761 614
1615299432310 0.8592345714569092 615
1615299466591 0.8789429664611816 616
1615299501089 0.8602898120880127 617
1615299535467 0.8967020511627197 618
1615299569931 0.8717062473297119 619
1615299606180 0.8630858659744263 620
1615299640498 0.8873637914657593 621
1615299674989 0.8495473861694336 622
1615299709288 0.8575462102890015 623
1615299743561 0.8822720646858215 624
1615299777779 0.903183102607727 625
1615299812301 0.891960620880127 626
1615299849543 0.8870957493782043 627
1615299883749 0.8750918507575989 628
1615299917883 0.8525307178497314 629
1615299953701 0.8730391263961792 630
1615299987991 0.9082231521606445 631
1615300022204 0.8568255305290222 632
1615300056427 0.8996576070785522 633
1615300090645 0.8855817914009094 634
1615300124878 0.8446670770645142 635
1615300159129 0.8625394701957703 636
1615300193372 0.8934000730514526 637
1615300227761 0.8753707408905029 638
1615300262342 0.8787195682525635 639
1615300298508 0.874958872795105 640
1615300332867 0.8793351650238037 641
1615300367368 0.8636804223060608 642
1615300401664 0.8801831007003784 643
1615300435924 0.8877288103103638 644
1615300470236 0.8849397301673889 645
1615300504471 0.8845142722129822 646
1615300539172 0.8899909257888794 647
1615300573446 0.8611105680465698 648
1615300607645 0.8887133598327637 649
1615300643710 0.9104202389717102 650
1615300677921 0.8709434270858765 651
1615300712226 0.8848150968551636 652
1615300746606 0.8755028247833252 653
1615300781089 0.896519124507904 654
1615300815524 0.8846009969711304 655
1615300850364 0.8850499391555786 656
1615300885000 0.8786411285400391 657
1615300919550 0.8578365445137024 658
1615300953922 0.8585027456283569 659
1615300990301 0.8726106882095337 660
1615301025033 0.8964326977729797 661
1615301059390 0.8721009492874146 662
1615301093691 0.862209677696228 663
1615301128006 0.8721860647201538 664
1615301162362 0.8931622505187988 665
1615301196556 0.8781273365020752 666
1615301230942 0.8863087892532349 667
1615301265691 0.8770474791526794 668
1615301300223 0.8647888898849487 669
1615301336489 0.8815348744392395 670
1615301370841 0.8768742084503174 671
1615301405057 0.8385801315307617 672
1615301439400 0.8455482721328735 673
1615301473699 0.8680527210235596 674
1615301508071 0.8445687294006348 675
1615301542572 0.8802995681762695 676
1615301576831 0.8686358332633972 677
1615301610998 0.8833780288696289 678
1615301645611 0.86952805519104 679
1615301681360 0.8811947107315063 680
1615301715636 0.876249372959137 681
1615301749855 0.899902880191803 682
1615301784113 0.9011672735214233 683
1615301818426 0.8736103177070618 684
1615301852617 0.8748416900634766 685
1615301886863 0.8764369487762451 686
1615301921202 0.9175369739532471 687
1615301955746 0.8665601015090942 688
1615301990552 0.833810567855835 689
1615302026666 0.8825687170028687 690
1615302061166 0.8838882446289062 691
1615302095496 0.909684419631958 692
1615302129853 0.8946614265441895 693
1615302164125 0.8829642534255981 694
1615302198445 0.8672807812690735 695
1615302233002 0.8865447044372559 696
1615302267360 0.8960935473442078 697
1615302302005 0.8840640187263489 698
1615302336283 0.8999719619750977 699
1615302372192 0.8951914310455322 700
1615302406474 0.8698465824127197 701
1615302440614 0.8770934343338013 702
1615302474869 0.9052197337150574 703
1615302509101 0.8810870051383972 704
1615302543313 0.8583738803863525 705
1615302577531 0.8759444952011108 706
1615302612020 0.8829859495162964 707
1615302646463 0.895295262336731 708
1615302681182 0.8638746738433838 709
1615302717668 0.8963726758956909 710
1615302752401 0.8922711610794067 711
1615302786946 0.8806973099708557 712
1615302821351 0.8933408260345459 713
1615302855706 0.9010939598083496 714
1615302890041 0.8822875022888184 715
1615302924332 0.8615691661834717 716
1615302958566 0.905631959438324 717
1615302992880 0.9112800359725952 718
1615303027421 0.879125714302063 719
1615303063421 0.8922327160835266 720
1615303097637 0.8724623322486877 721
1615303131903 0.8544079065322876 722
1615303166097 0.873303234577179 723
1615303200338 0.8892543315887451 724
1615303234591 0.8667637705802917 725
1615303268822 0.9081000089645386 726
1615303303477 0.9253360033035278 727
1615303338119 0.8747082352638245 728
1615303372642 0.9180904626846313 729
1615303408935 0.9120322465896606 730
1615303443275 0.8968919515609741 731
1615303477815 0.893050491809845 732
1615303512235 0.9014232754707336 733
1615303546442 0.8657587766647339 734
1615303580790 0.8798146843910217 735
1615303615009 0.8923816680908203 736
1615303649274 0.9052905440330505 737
1615303683603 0.8827416300773621 738
1615303717913 0.8891390562057495 739
1615303753740 0.866374671459198 740
1615303787969 0.858132004737854 741
1615303822728 0.8930325508117676 742
1615303857089 0.9051839113235474 743
1615303891307 0.9242158532142639 744
1615303925568 0.8665748834609985 745
1615303959826 0.8863760232925415 746
1615303994033 0.8715872168540955 747
1615304028354 0.8740094304084778 748
1615304062698 0.8751250505447388 749
1615304098693 0.9156448841094971 750
1615304133332 0.8623964786529541 751
1615304167850 0.8777977228164673 752
1615304202404 0.8686543107032776 753
1615304236761 0.8807543516159058 754
1615304271033 0.8837172985076904 755
1615304305269 0.8989661931991577 756
1615304339445 0.8786674737930298 757
1615304373940 0.8672887682914734 758
1615304408337 0.9227474927902222 759
1615304444592 0.8748937845230103 760
1615304478870 0.8598260283470154 761
1615304513152 0.8673543334007263 762
1615304547449 0.8856377601623535 763
1615304581721 0.8959826827049255 764
1615304615936 0.873429000377655 765
1615304650170 0.8877420425415039 766
1615304684407 0.8894286155700684 767
1615304718673 0.8684195876121521 768
1615304752861 0.8933579921722412 769
1615304788754 0.87815260887146 770
1615304823017 0.8571780920028687 771
1615304857480 0.880696177482605 772
1615304891916 0.8947707414627075 773
1615304926487 0.886786699295044 774
1615304960874 0.8568956851959229 775
1615304995294 0.8954419493675232 776
1615305029562 0.8843161463737488 777
1615305063874 0.8697611689567566 778
1615305098205 0.8584833145141602 779
1615305134016 0.8987669348716736 780
1615305168270 0.8268575668334961 781
1615305202661 0.8979838490486145 782
1615305236863 0.9119372367858887 783
1615305271071 0.8963473439216614 784
1615305305612 0.8930635452270508 785
1615305339798 0.8593251705169678 786
1615305374077 0.8776049613952637 787
1615305408366 0.9031369090080261 788
1615305442635 0.8763859868049622 789
1615305478440 0.8805854320526123 790
1615305512766 0.8720362186431885 791
1615305547099 0.9015487432479858 792
1615305581459 0.8667174577713013 793
1615305616341 0.9060418605804443 794
1615305650963 0.8636351823806763 795
1615305685355 0.8706467151641846 796
1615305719821 0.8917416334152222 797
1615305754254 0.8654718399047852 798
1615305788658 0.9090186953544617 799
1615305824922 0.8680195808410645 800
1615305859323 0.8568919897079468 801
1615305893630 0.8769518136978149 802
1615305927911 0.8915595412254333 803
1615305962394 0.8714436292648315 804
1615305997028 0.876095175743103 805
1615306031251 0.8734930753707886 806
1615306065619 0.8823862075805664 807
1615306099834 0.8804721832275391 808
1615306134120 0.8648478388786316 809
1615306169838 0.8886919021606445 810
1615306204149 0.8600038290023804 811
1615306238473 0.8718674182891846 812
1615306272839 0.9087191820144653 813
1615306307436 0.9090902805328369 814
1615306341827 0.8816928863525391 815
1615306376370 0.8589719533920288 816
1615306410778 0.9151672124862671 817
1615306445077 0.8625373840332031 818
1615306479425 0.8722285032272339 819
1615306515481 0.8358573913574219 820
1615306549829 0.896602213382721 821
1615306584368 0.8694841265678406 822
1615306618501 0.8801882266998291 823
1615306652653 0.8920472264289856 824
1615306686927 0.8649317026138306 825
1615306721120 0.8623976707458496 826
1615306755310 0.8717151880264282 827
1615306789935 0.9002755880355835 828
1615306824624 0.8906233310699463 829
1615306860717 0.8771534562110901 830
1615306895395 0.884575366973877 831
1615306929964 0.8908786773681641 832
1615306964474 0.9008041620254517 833
1615306998834 0.8835246562957764 834
1615307033302 0.8640879988670349 835
1615307067753 0.8991923332214355 836
1615307102052 0.8376792669296265 837
1615307136602 0.8923246264457703 838
1615307170785 0.8957273960113525 839
1615307206930 0.8891810178756714 840
1615307241240 0.86760413646698 841
1615307275454 0.9002183675765991 842
1615307309673 0.9077556133270264 843
1615307343905 0.8986835479736328 844
1615307378299 0.8812216520309448 845
1615307412890 0.8824249505996704 846
1615307447912 0.8890012502670288 847
1615307482954 0.8624091148376465 848
1615307517486 0.8572574257850647 849
1615307553548 0.8696731328964233 850
1615307588069 0.9118019342422485 851
1615307622468 0.9262369275093079 852
1615307657056 0.8602945804595947 853
1615307691247 0.8720060586929321 854
1615307725412 0.8765361309051514 855
1615307759562 0.8860194683074951 856
1615307793744 0.8712411522865295 857
1615307828032 0.8937526941299438 858
1615307862284 0.8906431794166565 859
1615307898136 0.8904949426651001 860
1615307932677 0.8556429147720337 861
1615307967579 0.8850817680358887 862
1615308002345 0.8773880004882812 863
1615308036971 0.8546059727668762 864
1615308071427 0.8778871893882751 865
1615308105798 0.86173015832901 866
1615308140073 0.8981375694274902 867
1615308174317 0.8596134185791016 868
1615308208634 0.866597056388855 869
1615308244999 0.9086946845054626 870
1615308279156 0.8717695474624634 871
1615308313297 0.9012632369995117 872
1615308347383 0.8793217539787292 873
1615308381682 0.9020551443099976 874
1615308415911 0.8877080082893372 875
1615308450110 0.8983175754547119 876
1615308484346 0.8784791827201843 877
1615308518596 0.848777711391449 878
1615308552877 0.9020651578903198 879
1615308588860 0.8994832634925842 880
1615308623256 0.8747944235801697 881
1615308657764 0.8844658136367798 882
1615308692412 0.8588715195655823 883
1615308726998 0.9019712209701538 884
1615308761266 0.8712518215179443 885
1615308795617 0.845248818397522 886
1615308829986 0.9091154336929321 887
1615308864199 0.8793817758560181 888
1615308898594 0.8425949215888977 889
1615308934589 0.8783054351806641 890
1615308968821 0.9116442203521729 891
1615309003556 0.8826777935028076 892
1615309037900 0.8850964307785034 893
1615309072142 0.8946024179458618 894
1615309106286 0.9193193912506104 895
1615309140481 0.8488999605178833 896
1615309174686 0.8699031472206116 897
1615309208897 0.8875049352645874 898
1615309243193 0.8407312631607056 899
1615309279032 0.9181356430053711 900
1615309313490 0.8799452185630798 901
1615309347907 0.8998392820358276 902
1615309382566 0.8878492712974548 903
1615309417712 0.8867250084877014 904
1615309452186 0.8856702446937561 905
1615309486619 0.8684029579162598 906
1615309520891 0.866051197052002 907
1615309555163 0.865027129650116 908
1615309589618 0.8866690993309021 909
1615309625492 0.9026069641113281 910
1615309660024 0.9033765196800232 911
1615309694303 0.8484364748001099 912
1615309728626 0.8873285055160522 913
1615309762856 0.9045596122741699 914
1615309797105 0.860945463180542 915
1615309831372 0.8949381113052368 916
1615309865594 0.8384997844696045 917
1615309900299 0.8794716000556946 918
1615309935106 0.8859680891036987 919
1615309971521 0.8872466087341309 920
1615310005963 0.883959949016571 921
1615310040568 0.8835666179656982 922
1615310074762 0.8835657835006714 923
1615310109065 0.907881498336792 924
1615310143593 0.8756699562072754 925
1615310177850 0.9024206399917603 926
1615310212161 0.8975226879119873 927
1615310246590 0.8831648826599121 928
1615310280850 0.8964518308639526 929
1615310317142 0.8517923951148987 930
1615310351406 0.8839970827102661 931
1615310385750 0.8918102979660034 932
1615310420010 0.8894392848014832 933
1615310454527 0.8560928702354431 934
1615310488966 0.868800163269043 935
1615310523794 0.8536206483840942 936
1615310558504 0.8679397106170654 937
1615310592907 0.8735187649726868 938
1615310627389 0.8936772346496582 939
1615310663721 0.8958055973052979 940
1615310698065 0.8629099130630493 941
1615310732601 0.8656482696533203 942
1615310766894 0.858020544052124 943
1615310801070 0.9115102291107178 944
1615310835281 0.8930530548095703 945
1615310869360 0.9126056432723999 946
1615310903606 0.8214235305786133 947
1615310937883 0.8987041711807251 948
1615310972107 0.9111060500144958 949
1615311007982 0.8734252452850342 950
1615311042169 0.8771317005157471 951
1615311076404 0.9226105213165283 952
1615311110727 0.891987681388855 953
1615311145326 0.8891993761062622 954
1615311179945 0.8743754625320435 955
1615311214565 0.8855705261230469 956
1615311249011 0.8839439153671265 957
1615311283532 0.8866790533065796 958
1615311317899 0.897009015083313 959
1615311353753 0.8735039830207825 960
1615311388045 0.8710982799530029 961
1615311422281 0.881864070892334 962
1615311456576 0.8779721260070801 963
1615311490938 0.8830040097236633 964
1615311525356 0.9093090295791626 965
1615311559655 0.8678175210952759 966
1615311594024 0.8953296542167664 967
1615311628812 0.9266344308853149 968
1615311663078 0.879642128944397 969
1615311698956 0.8854602575302124 970
1615311733222 0.904205858707428 971
1615311767465 0.8736282587051392 972
1615311801702 0.8780573606491089 973
1615311836021 0.8915529847145081 974
1615311870645 0.8480438590049744 975
1615311905151 0.8962396383285522 976
1615311939781 0.8967841267585754 977
1615311974666 0.8498047590255737 978
1615312009070 0.892491340637207 979
1615312044952 0.8300715088844299 980
1615312079324 0.882517397403717 981
1615312114485 0.8737044930458069 982
1615312148855 0.876136064529419 983
1615312183105 0.9228579998016357 984
1615312217397 0.8956469893455505 985
1615312251613 0.9089961051940918 986
1615312285912 0.8801453113555908 987
1615312320145 0.8959245681762695 988
1615312354438 0.8895307779312134 989
1615312390527 0.877004861831665 990
1615312425105 0.8840221166610718 991
1615312459630 0.90833580493927 992
1615312494252 0.8541896343231201 993
1615312529120 0.9109560251235962 994
1615312563939 0.905078113079071 995
1615312598318 0.904873251914978 996
1615312632545 0.925269365310669 997
1615312666897 0.8911829590797424 998
1615312701386 0.8581328392028809 999
1615312737560 0.9186457395553589 1000
1615312771886 0.9088441133499146 1001
1615312806876 0.9142746925354004 1002
1615312841207 0.9030729532241821 1003
1615312875380 0.8918337821960449 1004
1615312909616 0.8796595335006714 1005
1615312943824 0.873973548412323 1006
1615312978136 0.8770694732666016 1007
1615313012314 0.8929899334907532 1008
1615313046578 0.848434329032898 1009
1615313082506 0.8582428097724915 1010
1615313116685 0.9148637056350708 1011
1615313150903 0.8870875835418701 1012
1615313185150 0.8685919642448425 1013
1615313219345 0.8874455690383911 1014
1615313253808 0.885978102684021 1015
1615313288388 0.8911730647087097 1016
1615313322853 0.8652105331420898 1017
1615313357371 0.9142289161682129 1018
1615313395315 0.9038496017456055 1019
1615313431539 0.897563636302948 1020
1615313465775 0.8739533424377441 1021
1615313500068 0.8491673469543457 1022
1615313534317 0.9048522710800171 1023
1615313568558 0.8720129728317261 1024
1615313602942 0.8279949426651001 1025
1615313637389 0.9085347652435303 1026
1615313671620 0.8671636581420898 1027
1615313705883 0.8894950747489929 1028
1615313740430 0.8980706930160522 1029
1615313776340 0.8715337514877319 1030
1615313810631 0.8663374185562134 1031
1615313844876 0.870451807975769 1032
1615313879125 0.9038556814193726 1033
1615313913405 0.8952884674072266 1034
1615313947706 0.8945930004119873 1035
1615313982433 0.8949460387229919 1036
1615314016992 0.8918278217315674 1037
1615314051312 0.8678883910179138 1038
1615314085713 0.8880609273910522 1039
1615314121678 0.8633126616477966 1040
1615314156129 0.9211851358413696 1041
1615314190465 0.886398434638977 1042
1615314224923 0.870261549949646 1043
1615314259294 0.8785727024078369 1044
1615314293534 0.908366322517395 1045
1615314328105 0.8696257472038269 1046
1615314362316 0.86207115650177 1047
1615314396556 0.8964986205101013 1048
1615314430895 0.886919379234314 1049
1615314466735 0.8955087065696716 1050
1615314501008 0.8670123815536499 1051
1615314535126 0.8417981863021851 1052
1615314569332 0.8925203680992126 1053
1615314603611 0.8840824961662292 1054
1615314637967 0.8875688910484314 1055
1615314672215 0.9077591896057129 1056
1615314706583 0.9047667384147644 1057
1615314740981 0.8517316579818726 1058
1615314775526 0.8464363813400269 1059
1615314811975 0.8867205381393433 1060
1615314846594 0.8831268548965454 1061
1615314881074 0.8757756948471069 1062
1615314917708 0.8665968179702759 1063
1615314952070 0.8503463268280029 1064
1615314986689 0.8713178038597107 1065
1615315021512 0.89512699842453 1066
1615315055710 0.8703891038894653 1067
1615315089956 0.8773806095123291 1068
1615315124280 0.8954057693481445 1069
1615315160342 0.8639959096908569 1070
1615315194651 0.8722072243690491 1071
1615315228916 0.8544735908508301 1072
1615315263191 0.884162962436676 1073
1615315297558 0.8815330266952515 1074
1615315332316 0.8997154831886292 1075
1615315367007 0.8794506788253784 1076
1615315401743 0.8690081834793091 1077
1615315436207 0.8911318778991699 1078
1615315470831 0.8949098587036133 1079
1615315507083 0.855147659778595 1080
1615315541546 0.8528591394424438 1081
1615315576045 0.8582132458686829 1082
1615315610511 0.8489362001419067 1083
1615315644737 0.8743196129798889 1084
1615315679056 0.8654828071594238 1085
1615315713287 0.8936569690704346 1086
1615315747514 0.8863487243652344 1087
1615315781730 0.8859894275665283 1088
1615315816000 0.8944268226623535 1089
1615315851951 0.8854386210441589 1090
1615315886248 0.895258903503418 1091
1615315920512 0.8847829699516296 1092
1615315954872 0.891876220703125 1093
1615315989715 0.8589189052581787 1094
1615316024188 0.8937039375305176 1095
1615316058793 0.90073561668396 1096
1615316093171 0.8665243983268738 1097
1615316127747 0.8677337169647217 1098
1615316162075 0.910786509513855 1099
1615316198234 0.9046635627746582 1100
1615316232844 0.899584949016571 1101
1615316267035 0.8702806234359741 1102
1615316301363 0.9116775989532471 1103
1615316335546 0.887873649597168 1104
1615316369795 0.865659236907959 1105
1615316404110 0.8929036855697632 1106
1615316438319 0.8749101161956787 1107
1615316472798 0.9010425806045532 1108
1615316507249 0.9010576605796814 1109
1615316543506 0.9153978824615479 1110
1615316577927 0.8811106085777283 1111
1615316612424 0.8780861496925354 1112
1615316646912 0.8842000961303711 1113
1615316681256 0.9093061685562134 1114
1615316715705 0.8843013048171997 1115
1615316749981 0.9059373736381531 1116
1615316784391 0.8942739963531494 1117
1615316818685 0.9004182815551758 1118
1615316853245 0.8609095811843872 1119
1615316889173 0.8925023078918457 1120
1615316923419 0.8896673917770386 1121
1615316957815 0.8707107901573181 1122
1615316992059 0.8746656179428101 1123
1615317026288 0.8808468580245972 1124
1615317060633 0.8898520469665527 1125
1615317094927 0.8841903805732727 1126
1615317129349 0.9038010835647583 1127
1615317164175 0.8977108001708984 1128
1615317199180 0.8894428014755249 1129
1615317235290 0.9042844176292419 1130
1615317269668 0.8687658905982971 1131
1615317304094 0.9165747165679932 1132
1615317338452 0.8916641473770142 1133
1615317372642 0.8838828802108765 1134
1615317406986 0.8827593326568604 1135
1615317441262 0.9159433841705322 1136
1615317475590 0.9024230241775513 1137
1615317510156 0.8795469403266907 1138
1615317544394 0.8681144118309021 1139
1615317580214 0.886060357093811 1140
1615317614491 0.8736166954040527 1141
1615317648737 0.8813984394073486 1142
1615317683079 0.895575225353241 1143
1615317717395 0.8791384696960449 1144
1615317751733 0.9065732955932617 1145
1615317786073 0.8900935053825378 1146
1615317820455 0.9287996292114258 1147
1615317854884 0.8847324848175049 1148
1615317889560 0.8804527521133423 1149
1615317925777 0.8826233744621277 1150
1615317960708 0.8818113803863525 1151
1615317995226 0.8766554594039917 1152
1615318029613 0.8640090823173523 1153
1615318063926 0.8640649318695068 1154
1615318098317 0.8751740455627441 1155
1615318132700 0.9058144092559814 1156
1615318167124 0.894081711769104 1157
1615318201316 0.887436032295227 1158
1615318235489 0.8579608201980591 1159
1615318271646 0.8735648393630981 1160
1615318305953 0.8823518753051758 1161
1615318340227 0.9278541803359985 1162
1615318374507 0.9029414653778076 1163
1615318408786 0.8922131061553955 1164
1615318443003 0.8712529540061951 1165
1615318477203 0.8837145566940308 1166
1615318511454 0.876806378364563 1167
1615318545777 0.8785613179206848 1168
1615318580238 0.9019666910171509 1169
1615318616359 0.8921658992767334 1170
1615318651013 0.8894548416137695 1171
1615318685655 0.8878737688064575 1172
1615318720393 0.8583924770355225 1173
1615318754763 0.8850076794624329 1174
1615318789091 0.8653892278671265 1175
1615318823358 0.9044814705848694 1176
1615318857720 0.9138875603675842 1177
1615318892200 0.8512358665466309 1178
1615318926465 0.8883141279220581 1179
1615318962469 0.8733989000320435 1180
1615318997274 0.9276052713394165 1181
1615319031454 0.8724743127822876 1182
1615319065759 0.8735899925231934 1183
1615319100053 0.8830286860466003 1184
1615319134412 0.8820194005966187 1185
1615319168740 0.8768998980522156 1186
1615319203833 0.8821283578872681 1187
1615319238506 0.8758289217948914 1188
1615319273044 0.9141864776611328 1189
1615319309273 0.8752156496047974 1190
1615319343890 0.8952053785324097 1191
1615319378691 0.9144726395606995 1192
1615319412897 0.8620560765266418 1193
1615319447102 0.8886300921440125 1194
1615319481344 0.8912054896354675 1195
1615319515630 0.8850953578948975 1196
1615319549837 0.9017428159713745 1197
1615319584062 0.8940880298614502 1198
1615319618220 0.8974224328994751 1199
1615319653986 0.8666088581085205 1200
1615319684606 0.905940592288971 0
1615319684618 0.905940592288971 0
