1615278229704 0.3059372901916504 1
1615278264243 0.40472301840782166 2
1615278298747 0.5476105213165283 3
1615278333058 0.6380399465560913 4
1615278367428 0.6533671617507935 5
1615278401752 0.6701226234436035 6
1615278436071 0.672713577747345 7
1615278471290 0.6860443353652954 8
1615278505622 0.7105896472930908 9
1615278542271 0.6885329484939575 10
1615278576417 0.7440075874328613 11
1615278610569 0.7212646007537842 12
1615278644766 0.6889500617980957 13
1615278679155 0.7046505808830261 14
1615278713402 0.7123459577560425 15
1615278747718 0.7232423424720764 16
1615278781948 0.7436392307281494 17
1615278816207 0.7614924907684326 18
1615278850620 0.7311869859695435 19
1615278887034 0.7551676034927368 20
1615278921563 0.7482807636260986 21
1615278956056 0.765730619430542 22
1615278990455 0.7789790630340576 23
1615279024865 0.7761962413787842 24
1615279059254 0.7531418800354004 25
1615279093608 0.793129026889801 26
1615279127799 0.7701036930084229 27
1615279162023 0.7834624648094177 28
1615279196545 0.7558778524398804 29
1615279232439 0.7610731720924377 30
1615279267009 0.7869091033935547 31
1615279301171 0.7674411535263062 32
1615279335383 0.7887281775474548 33
1615279369483 0.7724670171737671 34
1615279403711 0.7941382527351379 35
1615279437866 0.7924525737762451 36
1615279472046 0.8152022361755371 37
1615279506202 0.8111315965652466 38
1615279540900 0.7998526692390442 39
1615279577675 0.7949118614196777 40
1615279612169 0.797060489654541 41
1615279646375 0.7690451145172119 42
1615279680724 0.7874768972396851 43
1615279715110 0.8023302555084229 44
1615279749357 0.7936161756515503 45
1615279783630 0.770111083984375 46
1615279817825 0.7997193336486816 47
1615279852068 0.84501713514328 48
1615279886233 0.8168753385543823 49
1615279922514 0.8081514835357666 50
1615279956746 0.810210108757019 51
1615279991109 0.7476891875267029 52
1615280025418 0.7755065560340881 53
1615280059616 0.7937933206558228 54
1615280093734 0.7816770076751709 55
1615280127907 0.7971780300140381 56
1615280162039 0.7777032256126404 57
1615280196255 0.7894909381866455 58
1615280230547 0.809434175491333 59
1615280266340 0.8079715967178345 60
1615280300576 0.7964053750038147 61
1615280335079 0.7932194471359253 62
1615280369518 0.7891896963119507 63
1615280403907 0.7633030414581299 64
1615280438625 0.8017396926879883 65
1615280473006 0.8236315250396729 66
1615280507273 0.8204931020736694 67
1615280541893 0.825189471244812 68
1615280576195 0.7943050861358643 69
1615280612462 0.7984719276428223 70
1615280646818 0.7932407855987549 71
1615280681043 0.7743169069290161 72
1615280715258 0.7836689949035645 73
1615280749426 0.7973969578742981 74
1615280783666 0.8124645352363586 75
1615280817899 0.8246904611587524 76
1615280852108 0.8358257412910461 77
1615280886354 0.8379172086715698 78
1615280920502 0.8150267601013184 79
1615280956285 0.7939867973327637 80
1615280990867 0.8048590421676636 81
1615281025371 0.8402540683746338 82
1615281059941 0.8190841674804688 83
1615281094602 0.8417340517044067 84
1615281129148 0.8299314975738525 85
1615281163694 0.8285285830497742 86
1615281198191 0.8433014154434204 87
1615281232757 0.84495609998703 88
1615281267022 0.83016437292099 89
1615281302882 0.8218346238136292 90
1615281337127 0.8304609060287476 91
1615281371328 0.8126181960105896 92
1615281405447 0.8291890025138855 93
1615281439699 0.8471255898475647 94
1615281473946 0.8519273996353149 95
1615281508211 0.8157086372375488 96
1615281542676 0.8095890879631042 97
1615281577498 0.7930712699890137 98
1615281612502 0.8217239379882812 99
1615281649010 0.8249070644378662 100
1615281683528 0.8384589552879333 101
1615281717818 0.814915657043457 102
1615281752292 0.8393114805221558 103
1615281786454 0.8524977564811707 104
1615281820801 0.8159791231155396 105
1615281855243 0.7818232774734497 106
1615281889506 0.8258839845657349 107
1615281923696 0.8177956342697144 108
1615281957890 0.8355173468589783 109
1615281993849 0.8190577030181885 110
1615282028060 0.8399772644042969 111
1615282062335 0.8359090089797974 112
1615282096541 0.8219540119171143 113
1615282130771 0.8037177324295044 114
1615282165018 0.8273364305496216 115
1615282199238 0.8114712834358215 116
1615282233545 0.835691511631012 117
1615282267994 0.7754080891609192 118
1615282302404 0.8392213582992554 119
1615282338643 0.8266204595565796 120
1615282373180 0.8419663310050964 121
1615282407477 0.8239189386367798 122
1615282441776 0.802527904510498 123
1615282476102 0.8113480806350708 124
1615282510497 0.8216166496276855 125
1615282544751 0.8408448696136475 126
1615282579159 0.8476124405860901 127
1615282613575 0.8448766469955444 128
1615282648337 0.8340073823928833 129
1615282684429 0.8492308259010315 130
1615282718648 0.8320159316062927 131
1615282752899 0.8372671604156494 132
1615282786916 0.8534428477287292 133
1615282821059 0.8263980150222778 134
1615282855284 0.8735265731811523 135
1615282889459 0.8718148469924927 136
1615282923668 0.8393120169639587 137
1615282957983 0.8144471645355225 138
1615282992325 0.8183659911155701 139
1615283028710 0.824170708656311 140
1615283063302 0.8232049942016602 141
1615283097833 0.8417847156524658 142
1615283132241 0.8613070249557495 143
1615283166520 0.836357831954956 144
1615283201038 0.869164228439331 145
1615283235477 0.8454010486602783 146
1615283269722 0.8328815698623657 147
1615283303976 0.831406831741333 148
1615283338242 0.847360372543335 149
1615283374279 0.8396520018577576 150
1615283408524 0.8489886522293091 151
1615283443436 0.8460997343063354 152
1615283477696 0.8541848063468933 153
1615283511967 0.8959155082702637 154
1615283546206 0.8620175123214722 155
1615283580508 0.8713202476501465 156
1615283614846 0.8701285123825073 157
1615283649007 0.8535448312759399 158
1615283683169 0.8836721181869507 159
1615283719098 0.8682092428207397 160
1615283753371 0.8145343661308289 161
1615283787737 0.8338153958320618 162
1615283822337 0.845621645450592 163
1615283857152 0.8670303821563721 164
1615283891740 0.8417797088623047 165
1615283926268 0.8221453428268433 166
1615283961111 0.8583943247795105 167
1615283995341 0.8644270896911621 168
1615284029609 0.886972188949585 169
1615284065762 0.8557767868041992 170
1615284099948 0.8405739068984985 171
1615284134170 0.8677718639373779 172
1615284168392 0.8540953397750854 173
1615284202618 0.8478574156761169 174
1615284237016 0.850120484828949 175
1615284271658 0.8471570611000061 176
1615284306137 0.8234133720397949 177
1615284340635 0.8439793586730957 178
1615284375048 0.834802508354187 179
1615284411166 0.8879212141036987 180
1615284445471 0.8554009199142456 181
1615284479742 0.8401395678520203 182
1615284514076 0.8137632012367249 183
1615284548390 0.862288236618042 184
1615284582567 0.8554618954658508 185
1615284616752 0.8496208190917969 186
1615284650892 0.8295086622238159 187
1615284685351 0.8368740081787109 188
1615284719601 0.8434709310531616 189
1615284755516 0.8503484725952148 190
1615284789735 0.8862433433532715 191
1615284823938 0.8456021547317505 192
1615284858254 0.8254475593566895 193
1615284893040 0.8349738121032715 194
1615284927654 0.8644700050354004 195
1615284962057 0.8205587863922119 196
1615284996369 0.8575359582901001 197
1615285030759 0.8553440570831299 198
1615285065197 0.8538840413093567 199
1615285101086 0.8345028162002563 200
1615285135326 0.8294243812561035 201
1615285169512 0.8208624124526978 202
1615285203848 0.8426744341850281 203
1615285238182 0.8520570993423462 204
1615285272884 0.8603115081787109 205
1615285307172 0.871168315410614 206
1615285341385 0.8780168890953064 207
1615285375479 0.8734318017959595 208
1615285409696 0.8811122179031372 209
1615285445436 0.8261815905570984 210
1615285479779 0.8610718250274658 211
1615285513878 0.8614981770515442 212
1615285548046 0.8172992467880249 213
1615285582282 0.8380987644195557 214
1615285617046 0.8699929714202881 215
1615285651439 0.8375656604766846 216
1615285685881 0.8534327745437622 217
1615285720402 0.855046272277832 218
1615285754884 0.8506486415863037 219
1615285790921 0.851628303527832 220
1615285825095 0.8461079597473145 221
1615285859425 0.8395720720291138 222
1615285893573 0.8678573966026306 223
1615285927806 0.8627530336380005 224
1615285962285 0.8398281335830688 225
1615285996473 0.8508179187774658 226
1615286030688 0.8414767980575562 227
1615286064910 0.862241268157959 228
1615286099099 0.882868766784668 229
1615286134909 0.865371584892273 230
1615286169076 0.8854273557662964 231
1615286203325 0.8676194548606873 232
1615286237622 0.8430192470550537 233
1615286272075 0.860834002494812 234
1615286306449 0.85500168800354 235
1615286340917 0.859705924987793 236
1615286375275 0.8633926510810852 237
1615286409634 0.8582848310470581 238
1615286444135 0.8859297633171082 239
1615286480849 0.85335373878479 240
1615286515225 0.8440837860107422 241
1615286549551 0.861060619354248 242
1615286583770 0.8670650720596313 243
1615286618076 0.8762631416320801 244
1615286652316 0.8598775267601013 245
1615286686677 0.8611915111541748 246
1615286720894 0.833864688873291 247
1615286755567 0.8579428791999817 248
1615286789798 0.8536059856414795 249
1615286825588 0.8619105815887451 250
1615286859842 0.8827418088912964 251
1615286894058 0.8517156839370728 252
1615286928214 0.8258020877838135 253
1615286962362 0.8463653922080994 254
1615286996539 0.8660880327224731 255
1615287030777 0.8644190430641174 256
1615287064979 0.8972745537757874 257
1615287099526 0.8687865138053894 258
1615287134072 0.8584968447685242 259
1615287170013 0.8421427011489868 260
1615287204453 0.8707389831542969 261
1615287238856 0.8782427310943604 262
1615287273178 0.8598425388336182 263
1615287307590 0.8343237042427063 264
1615287341850 0.8603152632713318 265
1615287376122 0.8521366119384766 266
1615287410391 0.8659607172012329 267
1615287444684 0.8472152948379517 268
1615287479051 0.8655961751937866 269
1615287515236 0.8626309037208557 270
1615287549983 0.8791533708572388 271
1615287584158 0.8673465847969055 272
1615287618444 0.8581428527832031 273
1615287652619 0.8616625070571899 274
1615287686745 0.8524388670921326 275
1615287720952 0.8225210905075073 276
1615287755460 0.8963651061058044 277
1615287790127 0.851129412651062 278
1615287824739 0.8851725459098816 279
1615287860810 0.879976749420166 280
1615287895372 0.8695769309997559 281
1615287929827 0.8810205459594727 282
1615287964255 0.8583922386169434 283
1615287998484 0.8729023933410645 284
1615288032776 0.8307780027389526 285
1615288067058 0.8724103569984436 286
1615288101271 0.8569621443748474 287
1615288135571 0.8478626012802124 288
1615288169885 0.8704979419708252 289
1615288205909 0.8579872846603394 290
1615288240477 0.876948893070221 291
1615288274755 0.8679286241531372 292
1615288308983 0.8753119111061096 293
1615288343303 0.8654509782791138 294
1615288377563 0.8579322695732117 295
1615288411803 0.8521156311035156 296
1615288446482 0.8783146142959595 297
1615288481573 0.8699177503585815 298
1615288516135 0.8846131563186646 299
1615288552116 0.8794788122177124 300
1615288586367 0.8315611481666565 301
1615288620553 0.8710552453994751 302
1615288654824 0.8914824724197388 303
1615288689060 0.8855369091033936 304
1615288723495 0.8557627201080322 305
1615288757799 0.8505614995956421 306
1615288792347 0.8680828809738159 307
1615288826553 0.9158101081848145 308
1615288860704 0.8998640775680542 309
1615288896458 0.8409424424171448 310
1615288930623 0.8407478928565979 311
1615288964786 0.862101674079895 312
1615288999067 0.8527798056602478 313
1615289033354 0.8927723169326782 314
1615289067661 0.8627648949623108 315
1615289102249 0.8757066130638123 316
1615289136724 0.8846869468688965 317
1615289171233 0.8610621690750122 318
1615289205731 0.8643460869789124 319
1615289241679 0.8735306262969971 320
1615289276104 0.8664904832839966 321
1615289310490 0.8620356917381287 322
1615289344839 0.8401734828948975 323
1615289379047 0.8836294412612915 324
1615289413278 0.8480519652366638 325
1615289447577 0.8666553497314453 326
1615289481992 0.8704878091812134 327
1615289516233 0.880572497844696 328
1615289550800 0.890188455581665 329
1615289586681 0.8397424221038818 330
1615289620932 0.848330020904541 331
1615289655098 0.8623268604278564 332
1615289689290 0.8964760899543762 333
1615289723644 0.8556540012359619 334
1615289757975 0.8734023571014404 335
1615289792591 0.8567594289779663 336
1615289827473 0.8824822902679443 337
1615289861967 0.8482193946838379 338
1615289896356 0.8939052224159241 339
1615289932389 0.886509120464325 340
1615289966805 0.8675104379653931 341
1615290001087 0.8851598501205444 342
1615290035369 0.8557892441749573 343
1615290069568 0.8700128793716431 344
1615290103875 0.8581695556640625 345
1615290138278 0.8387856483459473 346
1615290172554 0.8241283297538757 347
1615290206834 0.8579598069190979 348
1615290241373 0.883520245552063 349
1615290277337 0.8951184749603271 350
1615290311620 0.8802160024642944 351
1615290345901 0.8761870265007019 352
1615290380274 0.8837358951568604 353
1615290414502 0.892991304397583 354
1615290448622 0.8836619257926941 355
1615290482814 0.8660718202590942 356
1615290517165 0.8820626735687256 357
1615290551660 0.9032373428344727 358
1615290586091 0.8519575595855713 359
1615290622079 0.8654503226280212 360
1615290656501 0.8924040794372559 361
1615290691151 0.8935309648513794 362
1615290725520 0.8769092559814453 363
1615290759840 0.8578618168830872 364
1615290794083 0.877021312713623 365
1615290828401 0.8596882820129395 366
1615290862710 0.8777339458465576 367
1615290897001 0.8890988826751709 368
1615290931640 0.8580787181854248 369
1615290967707 0.8696627020835876 370
1615291001980 0.9052325487136841 371
1615291036206 0.892392635345459 372
1615291070495 0.8707051277160645 373
1615291104763 0.8724983334541321 374
1615291139449 0.874312162399292 375
1615291174013 0.8654599189758301 376
1615291208323 0.8285669088363647 377
1615291242671 0.8396439552307129 378
1615291276955 0.8536255359649658 379
1615291313060 0.8532712459564209 380
1615291347303 0.8751593828201294 381
1615291381638 0.8768614530563354 382
1615291416448 0.8616191148757935 383
1615291450735 0.8792656660079956 384
1615291484961 0.8867976069450378 385
1615291519150 0.8773735761642456 386
1615291553340 0.8596970438957214 387
1615291587640 0.8724017143249512 388
1615291621866 0.8724002242088318 389
1615291657706 0.8555262088775635 390
1615291691995 0.859078049659729 391
1615291726299 0.8612512350082397 392
1615291760745 0.8760659098625183 393
1615291795251 0.8529331088066101 394
1615291829568 0.9115406274795532 395
1615291864126 0.8652628660202026 396
1615291898671 0.8893290758132935 397
1615291933073 0.8934075832366943 398
1615291967362 0.8750897645950317 399
1615292003429 0.884601354598999 400
1615292037720 0.8746328353881836 401
1615292071999 0.8764944076538086 402
1615292106269 0.8446540832519531 403
1615292140696 0.8916488289833069 404
1615292175063 0.8749840259552002 405
1615292209325 0.876849889755249 406
1615292243588 0.8366104364395142 407
1615292278168 0.8806254267692566 408
1615292312400 0.8628697991371155 409
1615292348208 0.8711351156234741 410
1615292382514 0.8720322847366333 411
1615292416722 0.8871773481369019 412
1615292450942 0.8904702663421631 413
1615292485125 0.8657108545303345 414
1615292519329 0.8552027940750122 415
1615292553611 0.8778125047683716 416
1615292587805 0.8693981170654297 417
1615292622091 0.8807275295257568 418
1615292656502 0.8749498128890991 419
1615292693644 0.8881708979606628 420
1615292728117 0.8784170150756836 421
1615292762352 0.8734925985336304 422
1615292796572 0.8554551601409912 423
1615292830748 0.8655472993850708 424
1615292865026 0.8907365798950195 425
1615292899231 0.8707840442657471 426
1615292933592 0.8908851146697998 427
1615292967902 0.8668545484542847 428
1615293002227 0.8375928401947021 429
1615293038218 0.8533830642700195 430
1615293072811 0.8812718987464905 431
1615293106959 0.8708310127258301 432
1615293141231 0.8628389835357666 433
1615293175424 0.879656195640564 434
1615293209589 0.815684974193573 435
1615293243790 0.879636287689209 436
1615293277930 0.8753874897956848 437
1615293312262 0.877204954624176 438
1615293346490 0.8501043319702148 439
1615293382687 0.9031744003295898 440
1615293417303 0.8870017528533936 441
1615293451943 0.8548949360847473 442
1615293486508 0.87689208984375 443
1615293521044 0.89533531665802 444
1615293555509 0.8756502866744995 445
1615293589845 0.8632352948188782 446
1615293624231 0.8537147045135498 447
1615293658606 0.8788462281227112 448
1615293693003 0.8883188962936401 449
1615293728925 0.8974471092224121 450
1615293763189 0.8890923261642456 451
1615293797881 0.8766745924949646 452
1615293832083 0.8701997995376587 453
1615293866275 0.8648808598518372 454
1615293900481 0.8969036340713501 455
1615293934668 0.8631939888000488 456
1615293968916 0.8486990928649902 457
1615294003113 0.8469250202178955 458
1615294037541 0.8809182047843933 459
1615294073381 0.8875094652175903 460
1615294107546 0.8881688117980957 461
1615294141840 0.8903576135635376 462
1615294176114 0.8703286647796631 463
1615294210662 0.8753082752227783 464
1615294245501 0.8846707344055176 465
1615294279961 0.8670073747634888 466
1615294314484 0.8597499132156372 467
1615294348969 0.8691550493240356 468
1615294383239 0.8810846209526062 469
1615294419308 0.857399582862854 470
1615294455178 0.8552019596099854 471
1615294489359 0.8660262227058411 472
1615294523607 0.8717743158340454 473
1615294558156 0.8672212362289429 474
1615294592314 0.889755129814148 475
1615294626574 0.8686115741729736 476
1615294660733 0.8712876439094543 477
1615294694898 0.8795571327209473 478
1615294729194 0.9087574481964111 479
1615294764966 0.8984599113464355 480
1615294799210 0.8791121244430542 481
1615294833470 0.8892772793769836 482
1615294867806 0.8730525970458984 483
1615294902161 0.8758353590965271 484
1615294937290 0.8731527328491211 485
1615294972249 0.866668164730072 486
1615295006712 0.8637926578521729 487
1615295041040 0.8805967569351196 488
1615295076330 0.8916743993759155 489
1615295112332 0.9043740034103394 490
1615295146505 0.8796238899230957 491
1615295180882 0.8514009118080139 492
1615295215364 0.9149713516235352 493
1615295250327 0.8395730257034302 494
1615295284958 0.8800536394119263 495
1615295319498 0.8683822154998779 496
1615295353954 0.8988837003707886 497
1615295388322 0.8720223903656006 498
1615295422736 0.8927011489868164 499
1615295458802 0.870524525642395 500
1615295493188 0.8506399393081665 501
1615295527464 0.8876696825027466 502
1615295561730 0.8955477476119995 503
1615295596439 0.8995014429092407 504
1615295630708 0.877117931842804 505
1615295664894 0.8926922082901001 506
1615295699090 0.857591986656189 507
1615295733268 0.8723757266998291 508
1615295767514 0.8863639235496521 509
1615295803356 0.8801491260528564 510
1615295837607 0.9174190759658813 511
1615295871918 0.8874537348747253 512
1615295906491 0.8928846120834351 513
1615295940821 0.8959835767745972 514
1615295975121 0.874651312828064 515
1615296009524 0.8930644989013672 516
1615296043904 0.9020441770553589 517
1615296078389 0.8771478533744812 518
1615296112751 0.8652700185775757 519
1615296148585 0.8597265481948853 520
1615296182892 0.8514965772628784 521
1615296217130 0.8761045932769775 522
1615296253720 0.8898898363113403 523
1615296288033 0.888371467590332 524
1615296322347 0.8742996454238892 525
1615296356693 0.9134130477905273 526
1615296391834 0.8834527134895325 527
1615296426108 0.8768084645271301 528
1615296460223 0.9074603319168091 529
1615296495920 0.8797106742858887 530
1615296530163 0.8652184009552002 531
1615296564426 0.8729457855224609 532
1615296598642 0.8749299049377441 533
1615296632932 0.8833775520324707 534
1615296667702 0.8741339445114136 535
1615296702533 0.9135609865188599 536
1615296737066 0.8715828061103821 537
1615296771702 0.8867406845092773 538
1615296806375 0.8790178298950195 539
1615296843153 0.908649206161499 540
1615296877765 0.8721421957015991 541
1615296912322 0.8592705726623535 542
1615296946903 0.8860275745391846 543
1615296981147 0.8939255475997925 544
1615297015403 0.8825657367706299 545
1615297049736 0.8923355340957642 546
1615297083985 0.9118714332580566 547
1615297118168 0.8690862059593201 548
1615297152580 0.8648194670677185 549
1615297188980 0.8967887163162231 550
1615297223593 0.8877407312393188 551
1615297258224 0.8891849517822266 552
1615297292510 0.9039499163627625 553
1615297326811 0.8507698774337769 554
1615297361295 0.8788546919822693 555
1615297395642 0.9007643461227417 556
1615297429969 0.8799786567687988 557
1615297464228 0.8788080215454102 558
1615297498539 0.8616794347763062 559
1615297534789 0.9011446237564087 560
1615297568962 0.8758683204650879 561
1615297603596 0.8693796396255493 562
1615297638164 0.8813617825508118 563
1615297672322 0.9241288900375366 564
1615297706528 0.8628890514373779 565
1615297740711 0.8952175974845886 566
1615297775191 0.8854355812072754 567
1615297809411 0.9065629839897156 568
1615297843576 0.8853647708892822 569
1615297879393 0.8855880498886108 570
1615297913610 0.8598310947418213 571
1615297947990 0.8762921094894409 572
1615297982749 0.8753663301467896 573
1615298017250 0.8940178155899048 574
1615298051676 0.8772472739219666 575
1615298086114 0.8839777708053589 576
1615298120473 0.9053564071655273 577
1615298154791 0.9056686162948608 578
1615298189138 0.8903976082801819 579
1615298225458 0.9000368118286133 580
1615298259724 0.9122850894927979 581
1615298293995 0.8580574989318848 582
1615298328213 0.8786967396736145 583
1615298362592 0.887937068939209 584
1615298396898 0.8771653175354004 585
1615298431413 0.8864229321479797 586
1615298465590 0.9129025936126709 587
1615298499800 0.8818659782409668 588
1615298534121 0.8740496635437012 589
1615298570027 0.8975508213043213 590
1615298604252 0.8875796794891357 591
1615298638432 0.8824855089187622 592
1615298672755 0.8736181259155273 593
1615298707599 0.8816008567810059 594
1615298742253 0.8950754404067993 595
1615298776803 0.8895690441131592 596
1615298811307 0.8975472450256348 597
1615298845760 0.880147397518158 598
1615298880077 0.8805422782897949 599
1615298916233 0.8677570223808289 600
1615298950442 0.9119505882263184 601
1615298984701 0.8879084587097168 602
1615299019097 0.8555355072021484 603
1615299053488 0.8756799101829529 604
1615299087692 0.8874586820602417 605
1615299122116 0.8854279518127441 606
1615299156833 0.8878744840621948 607
1615299191007 0.9007890224456787 608
1615299225221 0.8885303735733032 609
1615299260988 0.8882427215576172 610
1615299295179 0.8533810377120972 611
1615299329527 0.885245680809021 612
1615299363769 0.8812706470489502 613
1615299398064 0.8903107643127441 614
1615299432310 0.8722708821296692 615
1615299466591 0.8894280195236206 616
1615299501089 0.8720855712890625 617
1615299535467 0.9057812690734863 618
1615299569931 0.8825269937515259 619
1615299606180 0.8758633136749268 620
1615299640498 0.8971844911575317 621
1615299674989 0.8622883558273315 622
1615299709288 0.8691234588623047 623
1615299743561 0.8909358978271484 624
1615299777779 0.9096077680587769 625
1615299812301 0.899429440498352 626
1615299849543 0.8975000977516174 627
1615299883749 0.885633111000061 628
1615299917883 0.8664510250091553 629
1615299953701 0.883590579032898 630
1615299987991 0.9139431715011597 631
1615300022204 0.869026243686676 632
1615300056427 0.907660961151123 633
1615300090645 0.8950597047805786 634
1615300124878 0.8574477434158325 635
1615300159129 0.8736624717712402 636
1615300193372 0.90221107006073 637
1615300227761 0.8865649700164795 638
1615300262342 0.8903262615203857 639
1615300298508 0.8862138986587524 640
1615300332867 0.8875397443771362 641
1615300367368 0.8772299885749817 642
1615300401664 0.8898664712905884 643
1615300435924 0.8961521983146667 644
1615300470236 0.8937956094741821 645
1615300504471 0.8953313827514648 646
1615300539172 0.8975735902786255 647
1615300573446 0.8744686245918274 648
1615300607645 0.8964583873748779 649
1615300643710 0.9169971346855164 650
1615300677921 0.8822684288024902 651
1615300712226 0.8949546813964844 652
1615300746606 0.8862297534942627 653
1615300781089 0.9054785966873169 654
1615300815524 0.8938684463500977 655
1615300850364 0.8958213329315186 656
1615300885000 0.8882337808609009 657
1615300919550 0.8706095218658447 658
1615300953922 0.8729590177536011 659
1615300990301 0.8839893341064453 660
1615301025033 0.9054566621780396 661
1615301059390 0.8819711208343506 662
1615301093691 0.874585747718811 663
1615301128006 0.8825942277908325 664
1615301162362 0.9020712375640869 665
1615301196556 0.8890601396560669 666
1615301230942 0.894162654876709 667
1615301265691 0.886726975440979 668
1615301300223 0.8775207996368408 669
1615301336489 0.891307532787323 670
1615301370841 0.887701153755188 671
1615301405057 0.854567289352417 672
1615301439400 0.8597419261932373 673
1615301473699 0.880132794380188 674
1615301508071 0.8590327501296997 675
1615301542572 0.8909655809402466 676
1615301576831 0.8799607753753662 677
1615301610998 0.8933418393135071 678
1615301645611 0.8810832500457764 679
1615301681360 0.8919758796691895 680
1615301715636 0.886318564414978 681
1615301749855 0.9071274995803833 682
1615301784113 0.9077759981155396 683
1615301818426 0.884788990020752 684
1615301852617 0.8869162797927856 685
1615301886863 0.8874140977859497 686
1615301921202 0.9237145185470581 687
1615301955746 0.8780378103256226 688
1615301990552 0.8506882190704346 689
1615302026666 0.8899612426757812 690
1615302061166 0.8948732614517212 691
1615302095496 0.9176902770996094 692
1615302129853 0.9032222032546997 693
1615302164125 0.8909389972686768 694
1615302198445 0.8798454403877258 695
1615302233002 0.8964974880218506 696
1615302267360 0.9031872749328613 697
1615302302005 0.8932786583900452 698
1615302336283 0.9072825908660889 699
1615302372192 0.9036949872970581 700
1615302406474 0.8821686506271362 701
1615302440614 0.8881974816322327 702
1615302474869 0.9127405881881714 703
1615302509101 0.8912606239318848 704
1615302543313 0.8701695799827576 705
1615302577531 0.8874144554138184 706
1615302612020 0.8922756910324097 707
1615302646463 0.9041630625724792 708
1615302681182 0.8776017427444458 709
1615302717668 0.9034203290939331 710
1615302752401 0.9009222984313965 711
1615302786946 0.8908400535583496 712
1615302821351 0.901646077632904 713
1615302855706 0.9088598489761353 714
1615302890041 0.8924347162246704 715
1615302924332 0.8733907341957092 716
1615302958566 0.9137892723083496 717
1615302992880 0.9180576205253601 718
1615303027421 0.8900389671325684 719
1615303063421 0.9006141424179077 720
1615303097637 0.884161114692688 721
1615303131903 0.869065523147583 722
1615303166097 0.8834223747253418 723
1615303200338 0.8982372879981995 724
1615303234591 0.8779592514038086 725
1615303268822 0.915278971195221 726
1615303303477 0.92958664894104 727
1615303338119 0.8855542540550232 728
1615303372642 0.9231199026107788 729
1615303408935 0.9189396500587463 730
1615303443275 0.9043532609939575 731
1615303477815 0.9016355276107788 732
1615303512235 0.9089720249176025 733
1615303546442 0.876962423324585 734
1615303580790 0.8899538516998291 735
1615303615009 0.9017529487609863 736
1615303649274 0.9126496315002441 737
1615303683603 0.8929197788238525 738
1615303717913 0.8981775045394897 739
1615303753740 0.8779515027999878 740
1615303787969 0.8699719905853271 741
1615303822728 0.9024717807769775 742
1615303857089 0.9122616052627563 743
1615303891307 0.929039478302002 744
1615303925568 0.8791434168815613 745
1615303959826 0.8959250450134277 746
1615303994033 0.8827100992202759 747
1615304028354 0.8849918842315674 748
1615304062698 0.8850939273834229 749
1615304098693 0.9205450415611267 750
1615304133332 0.8752641081809998 751
1615304167850 0.8891336917877197 752
1615304202404 0.8794125318527222 753
1615304236761 0.8904732465744019 754
1615304271033 0.8937340974807739 755
1615304305269 0.9072787761688232 756
1615304339445 0.8883761167526245 757
1615304373940 0.8782268762588501 758
1615304408337 0.9266032576560974 759
1615304444592 0.8859978914260864 760
1615304478870 0.8728009462356567 761
1615304513152 0.8798648118972778 762
1615304547449 0.8950798511505127 763
1615304581721 0.9044939279556274 764
1615304615936 0.8831522464752197 765
1615304650170 0.8978185653686523 766
1615304684407 0.8984912633895874 767
1615304718673 0.882111668586731 768
1615304752861 0.9020369052886963 769
1615304788754 0.8902953863143921 770
1615304823017 0.8700189590454102 771
1615304857480 0.891294002532959 772
1615304891916 0.9029678106307983 773
1615304926487 0.8964177370071411 774
1615304960874 0.8704357147216797 775
1615304995294 0.9041186571121216 776
1615305029562 0.8948235511779785 777
1615305063874 0.8810127377510071 778
1615305098205 0.8719638586044312 779
1615305134016 0.9058994054794312 780
1615305168270 0.8435109853744507 781
1615305202661 0.9050366878509521 782
1615305236863 0.9182313680648804 783
1615305271071 0.9046926498413086 784
1615305305612 0.9016476273536682 785
1615305339798 0.8724684715270996 786
1615305374077 0.8879731297492981 787
1615305408366 0.9109711647033691 788
1615305442635 0.8881703019142151 789
1615305478440 0.8913826942443848 790
1615305512766 0.8829057216644287 791
1615305547099 0.9096885919570923 792
1615305581459 0.8793368935585022 793
1615305616341 0.9127770066261292 794
1615305650963 0.878265380859375 795
1615305685355 0.8819341659545898 796
1615305719821 0.9001570343971252 797
1615305754254 0.8776519298553467 798
1615305788658 0.914668619632721 799
1615305824922 0.8797349333763123 800
1615305859323 0.8699871301651001 801
1615305893630 0.8867835402488708 802
1615305927911 0.900181770324707 803
1615305962394 0.8831439018249512 804
1615305997028 0.8870506286621094 805
1615306031251 0.8840920329093933 806
1615306065619 0.8923861980438232 807
1615306099834 0.8907194137573242 808
1615306134120 0.8774656057357788 809
1615306169838 0.8976086378097534 810
1615306204149 0.8728623986244202 811
1615306238473 0.8839303255081177 812
1615306272839 0.9159224033355713 813
1615306307436 0.9161365032196045 814
1615306341827 0.8916659355163574 815
1615306376370 0.8726825714111328 816
1615306410778 0.9217789173126221 817
1615306445077 0.8762224912643433 818
1615306479425 0.8830333948135376 819
1615306515481 0.8517569303512573 820
1615306549829 0.9051670432090759 821
1615306584368 0.88190758228302 822
1615306618501 0.8911134004592896 823
1615306652653 0.9013821482658386 824
1615306686927 0.8758506774902344 825
1615306721120 0.8753271698951721 826
1615306755310 0.8833081722259521 827
1615306789935 0.9087148904800415 828
1615306824624 0.900388240814209 829
1615306860717 0.8874058127403259 830
1615306895395 0.8936707973480225 831
1615306929964 0.9005415439605713 832
1615306964474 0.9098082780838013 833
1615306998834 0.8926210403442383 834
1615307033302 0.876814067363739 835
1615307067753 0.9075682163238525 836
1615307102052 0.853861927986145 837
1615307136602 0.9009861946105957 838
1615307170785 0.9048097133636475 839
1615307206930 0.8993656635284424 840
1615307241240 0.8792692422866821 841
1615307275454 0.9068452715873718 842
1615307309673 0.9147585034370422 843
1615307343905 0.907454252243042 844
1615307378299 0.8921371698379517 845
1615307412890 0.8945109844207764 846
1615307447912 0.8988499045372009 847
1615307482954 0.874535322189331 848
1615307517486 0.8682539463043213 849
1615307553548 0.8824489712715149 850
1615307588069 0.9192572832107544 851
1615307622468 0.9314974546432495 852
1615307657056 0.8744488954544067 853
1615307691247 0.8836385011672974 854
1615307725412 0.887541651725769 855
1615307759562 0.8963462710380554 856
1615307793744 0.8822823762893677 857
1615307828032 0.9017376899719238 858
1615307862284 0.9008752107620239 859
1615307898136 0.9006633758544922 860
1615307932677 0.8697366714477539 861
1615307967579 0.8958772420883179 862
1615308002345 0.8886321783065796 863
1615308036971 0.8679417371749878 864
1615308071427 0.8881654739379883 865
1615308105798 0.8740634918212891 866
1615308140073 0.9055672883987427 867
1615308174317 0.8730120658874512 868
1615308208634 0.8790287375450134 869
1615308244999 0.9147382974624634 870
1615308279156 0.8836100101470947 871
1615308313297 0.9084594249725342 872
1615308347383 0.8900302648544312 873
1615308381682 0.9096856117248535 874
1615308415911 0.8962825536727905 875
1615308450110 0.9068719744682312 876
1615308484346 0.8897454738616943 877
1615308518596 0.8629758358001709 878
1615308552877 0.9105122089385986 879
1615308588860 0.9077227115631104 880
1615308623256 0.8852208852767944 881
1615308657764 0.8944305181503296 882
1615308692412 0.8719413876533508 883
1615308726998 0.9106824398040771 884
1615308761266 0.8812222480773926 885
1615308795617 0.8604137897491455 886
1615308829986 0.9167230129241943 887
1615308864199 0.8908871412277222 888
1615308898594 0.8581740856170654 889
1615308934589 0.8901751041412354 890
1615308968821 0.9179267883300781 891
1615309003556 0.8935655951499939 892
1615309037900 0.8952500224113464 893
1615309072142 0.9035866260528564 894
1615309106286 0.9253087043762207 895
1615309140481 0.8630542755126953 896
1615309174686 0.882444441318512 897
1615309208897 0.8973631858825684 898
1615309243193 0.8557005524635315 899
1615309279032 0.9237750768661499 900
1615309313490 0.891231894493103 901
1615309347907 0.9076551198959351 902
1615309382566 0.8960776329040527 903
1615309417712 0.8969807624816895 904
1615309452186 0.8960214257240295 905
1615309486619 0.8812930583953857 906
1615309520891 0.878239095211029 907
1615309555163 0.8766446113586426 908
1615309589618 0.8962646126747131 909
1615309625492 0.9095922708511353 910
1615309660024 0.9100663065910339 911
1615309694303 0.8640317320823669 912
1615309728626 0.89689040184021 913
1615309762856 0.9119068384170532 914
1615309797105 0.8732346296310425 915
1615309831372 0.904747486114502 916
1615309865594 0.8531851768493652 917
1615309900299 0.8909755945205688 918
1615309935106 0.8945682644844055 919
1615309971521 0.8965983986854553 920
1615310005963 0.8939284682273865 921
1615310040568 0.8937061429023743 922
1615310074762 0.8932924270629883 923
1615310109065 0.9150394201278687 924
1615310143593 0.8869550228118896 925
1615310177850 0.9113553762435913 926
1615310212161 0.9063315391540527 927
1615310246590 0.8939448595046997 928
1615310280850 0.9042980074882507 929
1615310317142 0.8654320240020752 930
1615310351406 0.8936572074890137 931
1615310385750 0.9001699090003967 932
1615310420010 0.8976191878318787 933
1615310454527 0.8690828680992126 934
1615310488966 0.8814620971679688 935
1615310523794 0.867459237575531 936
1615310558504 0.8792734146118164 937
1615310592907 0.884196400642395 938
1615310627389 0.9023882746696472 939
1615310663721 0.9033570289611816 940
1615310698065 0.8754067420959473 941
1615310732601 0.8772518634796143 942
1615310766894 0.8705253601074219 943
1615310801070 0.9177500009536743 944
1615310835281 0.901456892490387 945
1615310869360 0.9193164110183716 946
1615310903606 0.8396189212799072 947
1615310937883 0.9064601063728333 948
1615310972107 0.918168306350708 949
1615311007982 0.8842548131942749 950
1615311042169 0.8885590434074402 951
1615311076404 0.9281278252601624 952
1615311110727 0.9009801745414734 953
1615311145326 0.8978608846664429 954
1615311179945 0.8852871656417847 955
1615311214565 0.8966720104217529 956
1615311249011 0.8937651515007019 957
1615311283532 0.8965942859649658 958
1615311317899 0.9055811166763306 959
1615311353753 0.8840421438217163 960
1615311388045 0.88306725025177 961
1615311422281 0.8920384645462036 962
1615311456576 0.8892807960510254 963
1615311490938 0.8935743570327759 964
1615311525356 0.916826605796814 965
1615311559655 0.8802536725997925 966
1615311594024 0.9035455584526062 967
1615311628812 0.9309892654418945 968
1615311663078 0.8890911340713501 969
1615311698956 0.8941934108734131 970
1615311733222 0.9111169576644897 971
1615311767465 0.8854259252548218 972
1615311801702 0.8884674310684204 973
1615311836021 0.9009511470794678 974
1615311870645 0.863775908946991 975
1615311905151 0.9052193760871887 976
1615311939781 0.9056087732315063 977
1615311974666 0.8648718595504761 978
1615312009070 0.9018598794937134 979
1615312044952 0.8473734855651855 980
1615312079324 0.893047034740448 981
1615312114485 0.8845958709716797 982
1615312148855 0.8887406587600708 983
1615312183105 0.9275388121604919 984
1615312217397 0.9048033952713013 985
1615312251613 0.915652871131897 986
1615312285912 0.8913134336471558 987
1615312320145 0.9051564335823059 988
1615312354438 0.8990556001663208 989
1615312390527 0.887438952922821 990
1615312425105 0.8947569727897644 991
1615312459630 0.916054368019104 992
1615312494252 0.8690654635429382 993
1615312529120 0.9185599088668823 994
1615312563939 0.9131175875663757 995
1615312598318 0.9116856455802917 996
1615312632545 0.9299250841140747 997
1615312666897 0.9009652137756348 998
1615312701386 0.8708750605583191 999
1615312737560 0.9234026670455933 1000
1615312771886 0.9162298440933228 1001
1615312806876 0.9196234941482544 1002
1615312841207 0.9108651280403137 1003
1615312875380 0.9010526537895203 1004
1615312909616 0.890584409236908 1005
1615312943824 0.8838286995887756 1006
1615312978136 0.8879514932632446 1007
1615313012314 0.9016624689102173 1008
1615313046578 0.863327145576477 1009
1615313082506 0.8714534044265747 1010
1615313116685 0.9203979969024658 1011
1615313150903 0.8975526690483093 1012
1615313185150 0.8793270587921143 1013
1615313219345 0.8979766368865967 1014
1615313253808 0.8961269855499268 1015
1615313288388 0.8999740481376648 1016
1615313322853 0.8783148527145386 1017
1615313357371 0.9197361469268799 1018
1615313395315 0.9116296768188477 1019
1615313431539 0.9052444696426392 1020
1615313465775 0.8849389553070068 1021
1615313500068 0.863702654838562 1022
1615313534317 0.9132694005966187 1023
1615313568558 0.884240448474884 1024
1615313602942 0.8444820642471313 1025
1615313637389 0.914915919303894 1026
1615313671620 0.8784918785095215 1027
1615313705883 0.8989002704620361 1028
1615313740430 0.9053981900215149 1029
1615313776340 0.8830877542495728 1030
1615313810631 0.8780415058135986 1031
1615313844876 0.8825118541717529 1032
1615313879125 0.9106547236442566 1033
1615313913405 0.9037400484085083 1034
1615313947706 0.9041755795478821 1035
1615313982433 0.9024111032485962 1036
1615314016992 0.901086151599884 1037
1615314051312 0.8814951777458191 1038
1615314085713 0.8976396322250366 1039
1615314121678 0.8755514621734619 1040
1615314156129 0.925910472869873 1041
1615314190465 0.8956512212753296 1042
1615314224923 0.8820313215255737 1043
1615314259294 0.8891018629074097 1044
1615314293534 0.916259765625 1045
1615314328105 0.8814494609832764 1046
1615314362316 0.8753734827041626 1047
1615314396556 0.9051281213760376 1048
1615314430895 0.8964931964874268 1049
1615314466735 0.9045636653900146 1050
1615314501008 0.8779062032699585 1051
1615314535126 0.8576671481132507 1052
1615314569332 0.9020181894302368 1053
1615314603611 0.8949779272079468 1054
1615314637967 0.896373987197876 1055
1615314672215 0.915357232093811 1056
1615314706583 0.9120270013809204 1057
1615314740981 0.8655409812927246 1058
1615314775526 0.8592761754989624 1059
1615314811975 0.8959372639656067 1060
1615314846594 0.8920357823371887 1061
1615314881074 0.8859601616859436 1062
1615314917708 0.8767651319503784 1063
1615314952070 0.864783763885498 1064
1615314986689 0.8829407691955566 1065
1615315021512 0.9036076068878174 1066
1615315055710 0.8821830749511719 1067
1615315089956 0.8879116773605347 1068
1615315124280 0.9048312902450562 1069
1615315160342 0.8763534426689148 1070
1615315194651 0.8857275247573853 1071
1615315228916 0.8677147626876831 1072
1615315263191 0.8942620754241943 1073
1615315297558 0.8921328783035278 1074
1615315332316 0.9081013202667236 1075
1615315367007 0.8906195163726807 1076
1615315401743 0.8803505897521973 1077
1615315436207 0.9012327790260315 1078
1615315470831 0.9041988253593445 1079
1615315507083 0.8704832792282104 1080
1615315541546 0.8664557933807373 1081
1615315576045 0.8714250326156616 1082
1615315610511 0.863213300704956 1083
1615315644737 0.8851466178894043 1084
1615315679056 0.8775995969772339 1085
1615315713287 0.9025102853775024 1086
1615315747514 0.8970686197280884 1087
1615315781730 0.895738959312439 1088
1615315816000 0.903002142906189 1089
1615315851951 0.8947607278823853 1090
1615315886248 0.904082179069519 1091
1615315920512 0.8940092921257019 1092
1615315954872 0.9007135033607483 1093
1615315989715 0.8712697625160217 1094
1615316024188 0.9024264812469482 1095
1615316058793 0.9102887511253357 1096
1615316093171 0.8785256147384644 1097
1615316127747 0.8803942799568176 1098
1615316162075 0.9170812368392944 1099
1615316198234 0.9124153852462769 1100
1615316232844 0.9079923033714294 1101
1615316267035 0.8822208642959595 1102
1615316301363 0.9170225858688354 1103
1615316335546 0.8980963230133057 1104
1615316369795 0.8775860071182251 1105
1615316404110 0.9022805690765381 1106
1615316438319 0.8858201503753662 1107
1615316472798 0.9096391201019287 1108
1615316507249 0.9095756411552429 1109
1615316543506 0.9223572611808777 1110
1615316577927 0.8908657431602478 1111
1615316612424 0.8879369497299194 1112
1615316646912 0.8933902382850647 1113
1615316681256 0.9144027829170227 1114
1615316715705 0.8949214816093445 1115
1615316749981 0.9141818284988403 1116
1615316784391 0.9028258323669434 1117
1615316818685 0.9077744483947754 1118
1615316853245 0.8735779523849487 1119
1615316889173 0.901898980140686 1120
1615316923419 0.8984606266021729 1121
1615316957815 0.8835344314575195 1122
1615316992059 0.8864487409591675 1123
1615317026288 0.8915339112281799 1124
1615317060633 0.8980097770690918 1125
1615317094927 0.8947707414627075 1126
1615317129349 0.9113690257072449 1127
1615317164175 0.905310332775116 1128
1615317199180 0.899267852306366 1129
1615317235290 0.9114978313446045 1130
1615317269668 0.8806396722793579 1131
1615317304094 0.9237896203994751 1132
1615317338452 0.8994150757789612 1133
1615317372642 0.8939497470855713 1134
1615317406986 0.8927299976348877 1135
1615317441262 0.9216209650039673 1136
1615317475590 0.9109271764755249 1137
1615317510156 0.8905150294303894 1138
1615317544394 0.8803595304489136 1139
1615317580214 0.8960601091384888 1140
1615317614491 0.8836674690246582 1141
1615317648737 0.8907128572463989 1142
1615317683079 0.9055600166320801 1143
1615317717395 0.8897124528884888 1144
1615317751733 0.9128131866455078 1145
1615317786073 0.8989608883857727 1146
1615317820455 0.9331621527671814 1147
1615317854884 0.8945738077163696 1148
1615317889560 0.8909285068511963 1149
1615317925777 0.8921201825141907 1150
1615317960708 0.8920024633407593 1151
1615317995226 0.8877475261688232 1152
1615318029613 0.876213550567627 1153
1615318063926 0.8757733702659607 1154
1615318098317 0.8866462111473083 1155
1615318132700 0.9126991033554077 1156
1615318167124 0.9023023843765259 1157
1615318201316 0.8977034091949463 1158
1615318235489 0.8697900176048279 1159
1615318271646 0.8850609064102173 1160
1615318305953 0.8923839330673218 1161
1615318340227 0.9329437017440796 1162
1615318374507 0.9117390513420105 1163
1615318408786 0.9014114141464233 1164
1615318443003 0.8837991952896118 1165
1615318477203 0.8937285542488098 1166
1615318511454 0.887829065322876 1167
1615318545777 0.8895537853240967 1168
1615318580238 0.9101623892784119 1169
1615318616359 0.9006472826004028 1170
1615318651013 0.8983550071716309 1171
1615318685655 0.8956763744354248 1172
1615318720393 0.8716146945953369 1173
1615318754763 0.8948755264282227 1174
1615318789091 0.8775017261505127 1175
1615318823358 0.9125321507453918 1176
1615318857720 0.9205830097198486 1177
1615318892200 0.8657155632972717 1178
1615318926465 0.8979393243789673 1179
1615318962469 0.884537935256958 1180
1615318997274 0.9316183924674988 1181
1615319031454 0.8848981261253357 1182
1615319065759 0.8856269121170044 1183
1615319100053 0.8925161361694336 1184
1615319134412 0.8934349417686462 1185
1615319168740 0.8873915076255798 1186
1615319203833 0.8921210765838623 1187
1615319238506 0.8869369029998779 1188
1615319273044 0.9203565120697021 1189
1615319309273 0.8869101405143738 1190
1615319343890 0.9049414396286011 1191
1615319378691 0.920824408531189 1192
1615319412897 0.8757244348526001 1193
1615319447102 0.8975642919540405 1194
1615319481344 0.8995680809020996 1195
1615319515630 0.8954683542251587 1196
1615319549837 0.9083395600318909 1197
1615319584062 0.9027879238128662 1198
1615319618220 0.905187726020813 1199
1615319653986 0.8787246346473694 1200
1615319684605 0.91352379322052 0
1615319684617 0.91352379322052 0
