1615812634394 0.004274793900549412 1
1615812668931 0.0007731338846497238 2
1615812703617 0.0012698215432465076 3
1615812738186 0.0002944765437860042 4
1615812772746 0.00012647593393921852 5
1615812806958 0.000502327864523977 6
1615812841273 0.00013047823449596763 7
1615812876067 2.1781229406769853e-06 8
1615812910393 2.3580594643135555e-05 9
1615812949078 5.433980732050259e-06 10
1615812984036 2.945169853774132e-06 11
1615813019238 0.0 12
1615813054161 6.866248440928757e-05 13
1615813089588 0.00021645534434355795 14
1615813124661 0.00011378189810784534 15
1615813159517 0.0 16
1615813194296 2.320686917300918e-06 17
1615813228896 5.547511591430521e-06 18
1615813263746 0.0002727873215917498 19
1615813303980 0.0 20
1615813338326 3.8581140415772097e-07 21
1615813373178 4.475902187550673e-06 22
1615813407443 0.0001802606857381761 23
1615813441707 0.0 24
1615813476470 0.0 25
1615813510660 0.0 26
1615813545076 8.541971396880399e-07 27
1615813579741 0.0 28
1615813613996 0.0 29
1615813653133 0.0 30
1615813687548 7.676603127038106e-05 31
1615813721956 1.3230821593879227e-07 32
1615813756914 0.0 33
1615813791199 0.00029007127159275115 34
1615813826374 0.0 35
1615813862081 1.4846701560600195e-05 36
1615813896829 0.0 37
1615813931941 0.0 38
1615813967307 0.0 39
1615814007515 0.0 40
1615814042235 0.0 41
1615814078170 0.0 42
1615814112827 0.0 43
1615814147366 0.0 44
1615814182068 0.0 45
1615814216343 0.0 46
1615814250628 0.0 47
1615814285118 0.0 48
1615814319411 0.0 49
1615814358428 0.0 50
1615814393061 0.0 51
1615814427440 4.310619715397479e-06 52
1615814461624 0.0 53
1615814496389 0.0 54
1615814530556 1.845055805915763e-07 55
1615814564844 0.0 56
1615814599104 0.0 57
1615814633764 5.439248343463987e-05 58
1615814668807 0.0 59
1615814708868 0.0 60
1615814744038 0.0 61
1615814778992 0.0 62
1615814814316 0.0 63
1615814849000 9.30446640268201e-06 64
1615814883701 0.0 65
1615814919577 0.0 66
1615814953901 3.913582258974202e-05 67
1615814988089 6.401889550033957e-06 68
1615815022305 0.0 69
1615815060793 0.0 70
1615815095273 0.0 71
1615815129475 0.0 72
1615815163744 0.0 73
1615815197934 0.0 74
1615815232710 0.0 75
1615815266928 0.0 76
1615815301150 0.0 77
1615815335922 0.0 78
1615815370681 0.0 79
1615815409768 0.0 80
1615815444530 0.0 81
1615815479304 0.0 82
1615815513854 0.0 83
1615815548517 0.0 84
1615815583358 0.0 85
1615815618116 0.0 86
1615815652429 1.3469745681504719e-05 87
1615815687712 0.0 88
1615815722023 0.0 89
1615815760916 1.236138450622093e-05 90
1615815796124 0.0 91
1615815830641 3.882769306073897e-06 92
1615815865337 0.0 93
1615815900046 0.0 94
1615815934739 1.1389878409318044e-06 95
1615815969136 3.9139708860602695e-06 96
1615816003400 0.00018180593906436116 97
1615816037856 0.0 98
1615816072073 0.0 99
1615816110844 0.0 100
1615816145246 0.0 101
1615816179843 0.0 102
1615816214554 0.0 103
1615816248980 0.0 104
1615816283562 0.0 105
1615816317846 0.0 106
1615816352546 0.0 107
1615816387378 0.0 108
1615816421733 0.0 109
1615816461126 0.0 110
1615816495911 0.0 111
1615816530554 0.0 112
1615816565132 0.0 113
1615816599924 4.313598310545785e-06 114
1615816634715 0.0 115
1615816669395 0.0 116
1615816703624 0.0 117
1615816737932 0.0 118
1615816772139 0.0 119
1615816810727 5.8823525250772946e-06 120
1615816845313 0.0 121
1615816879801 0.0 122
1615816914312 0.000940038647968322 123
1615816948565 0.0 124
1615816982814 0.0 125
1615817017548 0.0002109416964231059 126
1615817052319 0.0 127
1615817086638 0.0 128
1615817121361 0.0 129
1615817159741 0.0 130
1615817194078 0.0002446576254442334 131
1615817228820 0.0 132
1615817263585 0.0 133
1615817298195 0.0 134
1615817332450 0.0 135
1615817366705 0.0 136
1615817401300 3.7430893939927046e-07 137
1615817435696 0.001989949494600296 138
1615817470388 0.0 139
1615817509166 0.0 140
1615817544021 0.00021087189088575542 141
1615817578825 0.0001241181162185967 142
1615817613310 5.286929081194103e-06 143
1615817647981 0.0 144
1615817681924 0.0 145
1615817716632 0.0 146
1615817751106 4.941353836329654e-05 147
1615817785785 0.000192994179087691 148
1615817820006 0.0014713120181113482 149
1615817858767 1.1673106428133906e-06 150
1615817893520 0.000366378779290244 151
1615817927943 0.0 152
1615817962420 0.002829453442245722 153
1615817997235 2.6063375116791576e-05 154
1615818031961 0.0010715207317844033 155
1615818066851 8.458438969682902e-05 156
1615818101335 0.0030379006639122963 157
1615818135693 0.0025336556136608124 158
1615818170325 0.0002457524824421853 159
1615818209242 0.00010239778930554166 160
1615818243404 0.0009046292980201542 161
1615818277517 1.4573795681371848e-07 162
1615818311837 0.00042508565820753574 163
1615818346272 0.00011793329031206667 164
1615818380898 5.654217238770798e-05 165
1615818415439 0.004256346262991428 166
1615818450265 0.0081251822412014 167
1615818484971 0.002264232374727726 168
1615818519810 0.00819175224751234 169
1615818559550 0.015640776604413986 170
1615818593824 0.0034186122938990593 171
1615818629072 0.011030537076294422 172
1615818663904 0.010296701453626156 173
1615818698192 0.005041925236582756 174
1615818732952 0.0030566202476620674 175
1615818767632 0.005378974601626396 176
1615818801887 0.0048447176814079285 177
1615818836430 0.0007398948655463755 178
1615818871236 0.0019259338732808828 179
1615818909989 3.222504528821446e-05 180
1615818944275 0.00047362642362713814 181
1615818978500 0.004832123406231403 182
1615819012928 0.00509551540017128 183
1615819047617 0.0005897752125747502 184
1615819082103 0.002711629029363394 185
1615819116451 0.0018206322565674782 186
1615819150910 0.00017522208509035408 187
1615819185273 0.003830798901617527 188
1615819219987 0.0017744733486324549 189
1615819258383 0.010936109349131584 190
1615819293616 0.01800675131380558 191
1615819328018 0.001887403428554535 192
1615819362323 0.010081829503178596 193
1615819396889 0.012788670137524605 194
1615819431509 0.007976502180099487 195
1615819465855 0.013484867289662361 196
1615819500892 0.015803692862391472 197
1615819535766 0.016037043184041977 198
1615819570403 0.007741470355540514 199
1615819609022 0.011803964152932167 200
1615819643316 0.004430134780704975 201
1615819677969 0.004554219543933868 202
1615819712248 0.010152175091207027 203
1615819746488 0.009027696214616299 204
1615819781301 0.025981195271015167 205
1615819815918 0.015041007660329342 206
1615819850595 0.00588748836889863 207
1615819885050 0.006357644684612751 208
1615819919774 0.027930917218327522 209
1615819958632 0.01626577228307724 210
1615819993178 0.009748670272529125 211
1615820027407 0.023018788546323776 212
1615820062107 0.017832038924098015 213
1615820096326 0.017425011843442917 214
1615820130965 0.022978100925683975 215
1615820165159 0.026489511132240295 216
1615820199483 0.023700103163719177 217
1615820233764 0.04261116683483124 218
1615820268058 0.04174158722162247 219
1615820306769 0.020201589912176132 220
1615820341264 0.03702112287282944 221
1615820375836 0.028958797454833984 222
1615820410539 0.03467084467411041 223
1615820445283 0.0246193278580904 224
1615820480095 0.01109476201236248 225
1615820514365 0.027292601764202118 226
1615820548707 0.02222295105457306 227
1615820583048 0.03269452974200249 228
1615820617346 0.019067369401454926 229
1615820656315 0.05054844915866852 230
1615820690579 0.05698329210281372 231
1615820725419 0.03521190583705902 232
1615820759783 0.02655961737036705 233
1615820794983 0.031048979610204697 234
1615820830104 0.05527886748313904 235
1615820865077 0.02066054381430149 236
1615820899675 0.05583961308002472 237
1615820934720 0.03442750498652458 238
1615820969507 0.0447453148663044 239
1615821008856 0.038753584027290344 240
1615821043086 0.017011038959026337 241
1615821077350 0.0028783725574612617 242
1615821112113 0.023204341530799866 243
1615821146510 0.04672135412693024 244
1615821181366 0.0543055534362793 245
1615821216150 0.023394329473376274 246
1615821250979 0.041167568415403366 247
1615821285733 0.048761479556560516 248
1615821320189 0.030684787780046463 249
1615821359311 0.05098449066281319 250
1615821393626 0.03998590260744095 251
1615821428260 0.05425391346216202 252
1615821463355 0.08459903299808502 253
1615821498231 0.06287211179733276 254
1615821532920 0.0391099713742733 255
1615821567249 0.06069378927350044 256
1615821601921 0.05186852812767029 257
1615821636514 0.04825956001877785 258
1615821670804 0.053418636322021484 259
1615821709664 0.047304943203926086 260
1615821744442 0.025877896696329117 261
1615821778944 0.09358236193656921 262
1615821813586 0.02770295739173889 263
1615821848863 0.05710083246231079 264
1615821883819 0.039517782628536224 265
1615821918103 0.03958500176668167 266
1615821952777 0.03899984061717987 267
1615821987318 0.03781672567129135 268
1615822021573 0.10669714212417603 269
1615822060970 0.06236747279763222 270
1615822095779 0.055662330240011215 271
1615822129927 0.0782964751124382 272
1615822164739 0.09233881533145905 273
1615822199445 0.05837881937623024 274
1615822234081 0.057072367519140244 275
1615822268273 0.0527191087603569 276
1615822302429 0.034337274730205536 277
1615822336959 0.04721639305353165 278
1615822371127 0.04048049449920654 279
1615822410166 0.02950623817741871 280
1615822444700 0.07717913389205933 281
1615822478983 0.10510654002428055 282
1615822513313 0.06835608929395676 283
1615822547799 0.06300319731235504 284
1615822582153 0.07888007909059525 285
1615822617105 0.06364135444164276 286
1615822651911 0.08698178082704544 287
1615822686425 0.04601849243044853 288
1615822720801 0.05605480074882507 289
1615822760533 0.07063008844852448 290
1615822795261 0.09199835360050201 291
1615822829557 0.11478818207979202 292
1615822863935 0.0769195705652237 293
1615822898299 0.09136200696229935 294
1615822932659 0.06329988688230515 295
1615822966827 0.07406231760978699 296
1615823001990 0.05744289234280586 297
1615823036722 0.0454062819480896 298
1615823070909 0.11174337565898895 299
1615823110475 0.077141173183918 300
1615823145130 0.05498575046658516 301
1615823179428 0.06696193665266037 302
1615823213636 0.06330712139606476 303
1615823248046 0.10442343354225159 304
1615823282188 0.04898909479379654 305
1615823316828 0.08516954630613327 306
1615823351137 0.09368279576301575 307
1615823386074 0.08358600735664368 308
1615823420384 0.08686944842338562 309
1615823459300 0.05978168919682503 310
1615823494130 0.0824456512928009 311
1615823528685 0.07198107987642288 312
1615823563122 0.10098214447498322 313
1615823597860 0.0740898996591568 314
1615823632625 0.06648898124694824 315
1615823666993 0.07765708863735199 316
1615823702212 0.07496807724237442 317
1615823736404 0.08005494624376297 318
1615823770650 0.10188127309083939 319
1615823809450 0.08592408150434494 320
1615823844244 0.08902423083782196 321
1615823878388 0.09187028557062149 322
1615823913103 0.08488243818283081 323
1615823947806 0.06805816292762756 324
1615823982569 0.07581423223018646 325
1615824017087 0.09276481717824936 326
1615824051630 0.11037689447402954 327
1615824086460 0.0828135535120964 328
1615824120937 0.13254979252815247 329
1615824159850 0.09690079838037491 330
1615824194408 0.09388809651136398 331
1615824229090 0.10352200269699097 332
1615824264024 0.10390903055667877 333
1615824298685 0.08226797729730606 334
1615824333481 0.06747850030660629 335
1615824367667 0.1646416187286377 336
1615824401839 0.09889385104179382 337
1615824436668 0.11308981478214264 338
1615824471341 0.10102076083421707 339
1615824510389 0.07710349559783936 340
1615824544959 0.12326252460479736 341
1615824579398 0.12351708859205246 342
1615824614119 0.10999999195337296 343
1615824648857 0.1051119863986969 344
1615824683797 0.08555014431476593 345
1615824718652 0.06912267208099365 346
1615824753660 0.08096377551555634 347
1615824788603 0.08943431079387665 348
1615824823411 0.11562750488519669 349
1615824862983 0.13287615776062012 350
1615824897709 0.11810705810785294 351
1615824932483 0.1697777360677719 352
1615824967333 0.07859998941421509 353
1615825002199 0.13130827248096466 354
1615825036573 0.08595418184995651 355
1615825070731 0.09490586817264557 356
1615825105024 0.10339003801345825 357
1615825139321 0.12365177273750305 358
1615825174072 0.09343157708644867 359
1615825213259 0.0939825102686882 360
1615825247594 0.1521383672952652 361
1615825282170 0.1161823719739914 362
1615825316645 0.09262971580028534 363
1615825351305 0.11912167072296143 364
1615825386134 0.11336850374937057 365
1615825420401 0.11718679219484329 366
1615825454729 0.09740454703569412 367
1615825489508 0.1165289431810379 368
1615825524505 0.09629316627979279 369
1615825563699 0.10553668439388275 370
1615825597973 0.13479936122894287 371
1615825632426 0.13831543922424316 372
1615825666917 0.09656500816345215 373
1615825701693 0.07868975400924683 374
1615825735941 0.09074389189481735 375
1615825770379 0.09610738605260849 376
1615825804908 0.09493906795978546 377
1615825839912 0.0768137276172638 378
1615825874228 0.08759351819753647 379
1615825913668 0.12778453528881073 380
1615825947951 0.08937129378318787 381
1615825982402 0.14041157066822052 382
1615826017561 0.08797785639762878 383
1615826052371 0.11737246066331863 384
1615826086658 0.10520653426647186 385
1615826121084 0.11060976982116699 386
1615826155617 0.10859367251396179 387
1615826189826 0.10265976190567017 388
1615826224045 0.10035263001918793 389
1615826262909 0.1335296481847763 390
1615826297802 0.0623810812830925 391
1615826332679 0.12570230662822723 392
1615826367002 0.1256479024887085 393
1615826401463 0.10874217748641968 394
1615826435725 0.11959268897771835 395
1615826469922 0.13175904750823975 396
1615826504160 0.11851423978805542 397
1615826539211 0.13228440284729004 398
1615826573720 0.143489807844162 399
1615826612338 0.10521741211414337 400
1615826646603 0.1171259880065918 401
1615826680921 0.10312008857727051 402
1615826715206 0.08011223375797272 403
1615826749868 0.1425575613975525 404
1615826784181 0.09018658101558685 405
1615826818936 0.17139698565006256 406
1615826853649 0.1300479769706726 407
1615826888598 0.14918728172779083 408
1615826923462 0.15811412036418915 409
1615826962685 0.10976830124855042 410
1615826997441 0.1292872130870819 411
1615827031642 0.1454811543226242 412
1615827066165 0.164149671792984 413
1615827100412 0.11249575018882751 414
1615827135144 0.12692415714263916 415
1615827169930 0.14264363050460815 416
1615827204458 0.058677803725004196 417
1615827239147 0.1522848755121231 418
1615827273466 0.13942837715148926 419
1615827312220 0.11298027634620667 420
1615827346552 0.17024624347686768 421
1615827381072 0.11933081597089767 422
1615827416009 0.12261293828487396 423
1615827450909 0.1618427187204361 424
1615827485809 0.12769567966461182 425
1615827520028 0.11422763764858246 426
1615827554765 0.151591956615448 427
1615827589064 0.1189379096031189 428
1615827623534 0.10596095025539398 429
1615827662533 0.09459827840328217 430
1615827697240 0.09776325523853302 431
1615827731487 0.16428886353969574 432
1615827765730 0.0966084748506546 433
1615827799896 0.12252776324748993 434
1615827834622 0.08769017457962036 435
1615827869321 0.09393584728240967 436
1615827904093 0.10891348123550415 437
1615827938981 0.13473652303218842 438
1615827974118 0.14450588822364807 439
1615828013407 0.14111077785491943 440
1615828048251 0.14922717213630676 441
1615828082469 0.1613035947084427 442
1615828117241 0.13576096296310425 443
1615828151604 0.1646329015493393 444
1615828185925 0.11397936940193176 445
1615828220724 0.08314035832881927 446
1615828254934 0.10617272555828094 447
1615828289732 0.08893658220767975 448
1615828324381 0.1540745198726654 449
1615828363478 0.12029305845499039 450
1615828398235 0.10749883204698563 451
1615828432563 0.13489946722984314 452
1615828467270 0.15400831401348114 453
1615828501999 0.11628507077693939 454
1615828536983 0.17810925841331482 455
1615828571775 0.12164375185966492 456
1615828606345 0.12789148092269897 457
1615828641078 0.13081741333007812 458
1615828675354 0.1434193253517151 459
1615828714538 0.16500398516654968 460
1615828748738 0.13806702196598053 461
1615828783226 0.17217731475830078 462
1615828817974 0.14283977448940277 463
1615828852407 0.14001813530921936 464
1615828886642 0.18080583214759827 465
1615828921496 0.11001867800951004 466
1615828956227 0.17716281116008759 467
1615828990998 0.13697101175785065 468
1615829025473 0.1133868396282196 469
1615829064645 0.08491561561822891 470
1615829099405 0.10534478724002838 471
1615829134117 0.138392373919487 472
1615829168502 0.11202400177717209 473
1615829203236 0.13237938284873962 474
1615829237701 0.1317937821149826 475
1615829272269 0.12855663895606995 476
1615829306516 0.11403355002403259 477
1615829340769 0.12732622027397156 478
1615829375398 0.1523684859275818 479
1615829414371 0.126233771443367 480
1615829448559 0.16871942579746246 481
1615829483293 0.13844099640846252 482
1615829517990 0.12222554534673691 483
1615829552416 0.17416152358055115 484
1615829586751 0.17267461121082306 485
1615829621635 0.10651317238807678 486
1615829656614 0.14981281757354736 487
1615829691087 0.13095849752426147 488
1615829725824 0.1431749165058136 489
1615829764619 0.14667004346847534 490
1615829799349 0.15426260232925415 491
1615829833624 0.1309853047132492 492
1615829868327 0.1531713902950287 493
1615829902987 0.12368309497833252 494
1615829937885 0.16035063564777374 495
1615829972307 0.16643860936164856 496
1615830006818 0.1587541699409485 497
1615830041593 0.13199037313461304 498
1615830075863 0.10355404019355774 499
1615830114673 0.1630673110485077 500
1615830149427 0.1484915316104889 501
1615830184295 0.11198705434799194 502
1615830218933 0.1654159277677536 503
1615830253155 0.13419455289840698 504
1615830287884 0.15149325132369995 505
1615830322654 0.11221002042293549 506
1615830357400 0.15808534622192383 507
1615830392107 0.11827225983142853 508
1615830426734 0.15070465207099915 509
1615830465542 0.16225473582744598 510
1615830500087 0.15267117321491241 511
1615830534428 0.1977235972881317 512
1615830569223 0.16064712405204773 513
1615830603532 0.1659056693315506 514
1615830638227 0.1326056718826294 515
1615830672500 0.14273597300052643 516
1615830707061 0.13204005360603333 517
1615830741750 0.1693238765001297 518
1615830776767 0.13721080124378204 519
1615830815767 0.1506148874759674 520
1615830850516 0.16822831332683563 521
1615830884977 0.1311984360218048 522
1615830919497 0.1431802213191986 523
1615830954114 0.15840628743171692 524
1615830988314 0.14475925266742706 525
1615831022891 0.14667817950248718 526
1615831057304 0.12721270322799683 527
1615831092152 0.15439364314079285 528
1615831126890 0.16312316060066223 529
1615831166342 0.14435894787311554 530
1615831201155 0.13802993297576904 531
1615831236070 0.16753995418548584 532
1615831270387 0.13646532595157623 533
1615831304759 0.17774909734725952 534
1615831339588 0.19044524431228638 535
1615831374425 0.1942880004644394 536
1615831409232 0.1764998435974121 537
1615831443597 0.1409313827753067 538
1615831478262 0.1497398018836975 539
1615831518087 0.17618021368980408 540
1615831552327 0.16858252882957458 541
1615831586945 0.08926050364971161 542
1615831621274 0.1334293931722641 543
1615831657264 0.14534413814544678 544
1615831692060 0.1411195993423462 545
1615831726720 0.12405243515968323 546
1615831761171 0.16165007650852203 547
1615831795958 0.1638655662536621 548
1615831830328 0.13997222483158112 549
1615831869659 0.1579866111278534 550
1615831904551 0.1532440334558487 551
1615831940399 0.12929397821426392 552
1615831975195 0.14376181364059448 553
1615832010362 0.18576623499393463 554
1615832045175 0.18409030139446259 555
1615832079875 0.16576552391052246 556
1615832114779 0.154313862323761 557
1615832149003 0.12361177802085876 558
1615832183801 0.1436823010444641 559
1615832223209 0.16214852035045624 560
1615832257351 0.14726483821868896 561
1615832291973 0.09254065155982971 562
1615832326764 0.1381801962852478 563
1615832361324 0.15608805418014526 564
1615832395622 0.13152416050434113 565
1615832430062 0.15194028615951538 566
1615832464588 0.18171024322509766 567
1615832498977 0.14405709505081177 568
1615832533364 0.2097378969192505 569
1615832572006 0.09462442994117737 570
1615832606829 0.17061127722263336 571
1615832641746 0.17061282694339752 572
1615832676100 0.165044367313385 573
1615832710836 0.18132051825523376 574
1615832745145 0.16906997561454773 575
1615832779378 0.17403090000152588 576
1615832814451 0.18969544768333435 577
1615832849190 0.16501161456108093 578
1615832883848 0.15918368101119995 579
1615832922698 0.14990392327308655 580
1615832957047 0.21347132325172424 581
1615832991342 0.17352980375289917 582
1615833025696 0.18365809321403503 583
1615833060452 0.10983077436685562 584
1615833095348 0.17920923233032227 585
1615833130132 0.13946759700775146 586
1615833165066 0.16368669271469116 587
1615833200148 0.17924830317497253 588
1615833234447 0.15057244896888733 589
1615833273048 0.16441857814788818 590
1615833307305 0.14594385027885437 591
1615833341827 0.11421561241149902 592
1615833376623 0.14357726275920868 593
1615833411103 0.1803979128599167 594
1615833445556 0.16342464089393616 595
1615833480046 0.18457648158073425 596
1615833514860 0.18282359838485718 597
1615833549183 0.1628440022468567 598
1615833584097 0.11644958704710007 599
1615833623697 0.1523473709821701 600
1615833658521 0.19494405388832092 601
1615833693356 0.12644264101982117 602
1615833728205 0.14041763544082642 603
1615833762736 0.09567075967788696 604
1615833797445 0.1582697629928589 605
1615833831729 0.17241811752319336 606
1615833866800 0.15889981389045715 607
1615833901483 0.18692132830619812 608
1615833935925 0.17206454277038574 609
1615833974738 0.17116250097751617 610
1615834009191 0.1292676031589508 611
1615834043628 0.14866766333580017 612
1615834078323 0.131201833486557 613
1615834113088 0.1575753390789032 614
1615834147425 0.1931459605693817 615
1615834182119 0.18463802337646484 616
1615834216965 0.16833269596099854 617
1615834251678 0.18035480380058289 618
1615834286749 0.11130613088607788 619
1615834325701 0.18252824246883392 620
1615834360091 0.15777477622032166 621
1615834394805 0.12729968130588531 622
1615834429126 0.1707439124584198 623
1615834464411 0.19875672459602356 624
1615834498672 0.1918070912361145 625
1615834532908 0.16150899231433868 626
1615834567084 0.18917977809906006 627
1615834601264 0.1842787265777588 628
1615834635963 0.18673433363437653 629
1615834674616 0.1696527898311615 630
1615834708922 0.18961626291275024 631
1615834743312 0.13144640624523163 632
1615834777768 0.14920413494110107 633
1615834812101 0.21112585067749023 634
1615834846775 0.1772538274526596 635
1615834881194 0.15022258460521698 636
1615834916305 0.2067660391330719 637
1615834951154 0.16841834783554077 638
1615834985481 0.25957542657852173 639
1615835024799 0.1538001000881195 640
1615835059136 0.21437975764274597 641
1615835093341 0.14477866888046265 642
1615835127520 0.20699867606163025 643
1615835162260 0.14541777968406677 644
1615835196777 0.15636895596981049 645
1615835231419 0.21268829703330994 646
1615835265915 0.15521682798862457 647
1615835300300 0.13308319449424744 648
1615835334889 0.18306948244571686 649
1615835374243 0.17502284049987793 650
1615835408558 0.16673162579536438 651
1615835443148 0.14213043451309204 652
1615835477591 0.15750554203987122 653
1615835512153 0.2228221446275711 654
1615835546717 0.20805275440216064 655
1615835581668 0.17613382637500763 656
1615835616603 0.18549075722694397 657
1615835651300 0.15637259185314178 658
1615835686183 0.18448050320148468 659
1615835725085 0.165337473154068 660
1615835759517 0.175286665558815 661
1615835794293 0.1365642547607422 662
1615835828834 0.1802392154932022 663
1615835863120 0.12820135056972504 664
1615835897977 0.20231522619724274 665
1615835932264 0.15074658393859863 666
1615835966988 0.15345564484596252 667
1615836002194 0.1690480262041092 668
1615836036726 0.21548864245414734 669
1615836075662 0.19650061428546906 670
1615836110393 0.18114233016967773 671
1615836145318 0.18896207213401794 672
1615836179994 0.14629925787448883 673
1615836215146 0.1892034411430359 674
1615836250298 0.13386821746826172 675
1615836284826 0.21077892184257507 676
1615836319395 0.20228849351406097 677
1615836354118 0.18269136548042297 678
1615836388983 0.19336718320846558 679
1615836428257 0.17645245790481567 680
1615836463042 0.17684386670589447 681
1615836497725 0.1903819590806961 682
1615836532608 0.16343696415424347 683
1615836567048 0.13210546970367432 684
1615836601863 0.22940683364868164 685
1615836636200 0.2242521494626999 686
1615836670926 0.20957529544830322 687
1615836705394 0.13702809810638428 688
1615836739858 0.16173765063285828 689
1615836779411 0.1512366533279419 690
1615836814320 0.19110268354415894 691
1615836848625 0.17052748799324036 692
1615836883016 0.19315287470817566 693
1615836917573 0.16680808365345 694
1615836951912 0.21000489592552185 695
1615836986896 0.20737174153327942 696
1615837021651 0.16382065415382385 697
1615837056384 0.215400829911232 698
1615837091507 0.19085630774497986 699
1615837130391 0.1877157986164093 700
1615837164907 0.18932241201400757 701
1615837199354 0.1809830665588379 702
1615837233668 0.22846627235412598 703
1615837268452 0.18879477679729462 704
1615837302774 0.1987905502319336 705
1615837337224 0.19398434460163116 706
1615837371498 0.17125791311264038 707
1615837405750 0.22381867468357086 708
1615837440457 0.20067098736763 709
1615837479406 0.15929152071475983 710
1615837514454 0.2235216498374939 711
1615837549418 0.19528645277023315 712
1615837584143 0.21171647310256958 713
1615837618689 0.16537773609161377 714
1615837653358 0.18324553966522217 715
1615837687882 0.1680174171924591 716
1615837722552 0.19889016449451447 717
1615837757162 0.24037331342697144 718
1615837791401 0.23064103722572327 719
1615837830110 0.21695810556411743 720
1615837864940 0.22465993463993073 721
1615837899578 0.20892107486724854 722
1615837934350 0.20658791065216064 723
1615837968695 0.20445165038108826 724
1615838003169 0.16806598007678986 725
1615838038068 0.21314866840839386 726
1615838072641 0.2045966386795044 727
1615838107325 0.17793534696102142 728
1615838142082 0.2010028213262558 729
1615838180843 0.2409818172454834 730
1615838216159 0.19124636054039001 731
1615838250469 0.16732366383075714 732
1615838284711 0.20162510871887207 733
1615838319480 0.17069780826568604 734
1615838354033 0.1633920520544052 735
1615838388334 0.16823971271514893 736
1615838422960 0.18008548021316528 737
1615838457737 0.21103212237358093 738
1615838492402 0.24146263301372528 739
1615838531613 0.15478630363941193 740
1615838566279 0.1961546242237091 741
1615838600561 0.21702197194099426 742
1615838634974 0.19811904430389404 743
1615838669975 0.210455521941185 744
1615838704627 0.164823979139328 745
1615838739316 0.2041255235671997 746
1615838773943 0.1993243396282196 747
1615838808608 0.17278121411800385 748
1615838843458 0.1440007984638214 749
1615838882933 0.1778070032596588 750
1615838917559 0.16627204418182373 751
1615838952461 0.16938844323158264 752
1615838986832 0.1792459785938263 753
1615839021648 0.2051684856414795 754
1615839056078 0.17933747172355652 755
1615839090394 0.20367196202278137 756
1615839125209 0.1833759844303131 757
1615839160326 0.21990326046943665 758
1615839194801 0.17419028282165527 759
1615839233604 0.19456589221954346 760
1615839268123 0.17587634921073914 761
1615839302758 0.18593811988830566 762
1615839337129 0.18036118149757385 763
1615839371536 0.16529276967048645 764
1615839406151 0.17190665006637573 765
1615839440975 0.1933581829071045 766
1615839475676 0.1995631754398346 767
1615839510105 0.20527149736881256 768
1615839544551 0.19530245661735535 769
1615839583791 0.21886655688285828 770
1615839618219 0.17867843806743622 771
1615839653448 0.18022885918617249 772
1615839688121 0.21420800685882568 773
1615839722416 0.1895330250263214 774
1615839756713 0.15728759765625 775
1615839791370 0.22689774632453918 776
1615839825830 0.21852195262908936 777
1615839860636 0.2403690665960312 778
1615839895307 0.2018001228570938 779
1615839934944 0.21772515773773193 780
1615839969862 0.22159920632839203 781
1615840004479 0.20892572402954102 782
1615840039331 0.2227235734462738 783
1615840073756 0.22205188870429993 784
1615840108291 0.23551563918590546 785
1615840142571 0.20686790347099304 786
1615840177301 0.21633318066596985 787
1615840211963 0.21867090463638306 788
1615840246329 0.2011026293039322 789
1615840285271 0.17150850594043732 790
1615840319696 0.15612533688545227 791
1615840354586 0.18701688945293427 792
1615840389107 0.1862228810787201 793
1615840423738 0.19629088044166565 794
1615840458112 0.23598352074623108 795
1615840492970 0.22085736691951752 796
1615840527312 0.21280261874198914 797
1615840562552 0.1721304953098297 798
1615840597386 0.2846798896789551 799
1615840636358 0.18201592564582825 800
1615840670782 0.1764547973871231 801
1615840705153 0.20468072593212128 802
1615840739964 0.22023709118366241 803
1615840774751 0.24348536133766174 804
1615840809443 0.1692037284374237 805
1615840843872 0.24141642451286316 806
1615840878277 0.1873931735754013 807
1615840912961 0.19730466604232788 808
1615840947358 0.17619231343269348 809
1615840986551 0.1871265172958374 810
1615841021284 0.17083428800106049 811
1615841056072 0.2786899209022522 812
1615841090507 0.20020970702171326 813
1615841125361 0.2247399538755417 814
1615841160004 0.19673652946949005 815
1615841194265 0.22069203853607178 816
1615841228604 0.20724567770957947 817
1615841263328 0.20959876477718353 818
1615841298140 0.17497287690639496 819
1615841336938 0.14336542785167694 820
1615841371664 0.2052459716796875 821
1615841406628 0.20998895168304443 822
1615841441558 0.2051933854818344 823
1615841476094 0.2080278992652893 824
1615841510675 0.20440854132175446 825
1615841545284 0.25520581007003784 826
1615841580477 0.1851576715707779 827
1615841615272 0.20348361134529114 828
1615841649983 0.18089041113853455 829
1615841689306 0.23187410831451416 830
1615841724044 0.16635403037071228 831
1615841758472 0.1899217665195465 832
1615841793435 0.2391127049922943 833
1615841828403 0.18665850162506104 834
1615841863756 0.2016293853521347 835
1615841898202 0.2179609090089798 836
1615841932642 0.17871379852294922 837
1615841967090 0.1445985734462738 838
1615842001750 0.20991528034210205 839
1615842041123 0.22063520550727844 840
1615842075617 0.1568882167339325 841
1615842109843 0.2137320637702942 842
1615842144673 0.24083563685417175 843
1615842179437 0.20575860142707825 844
1615842214266 0.19123080372810364 845
1615842249249 0.22786259651184082 846
1615842283722 0.22082509100437164 847
1615842318421 0.18773776292800903 848
1615842352821 0.18346242606639862 849
1615842391774 0.20204950869083405 850
1615842426475 0.23128914833068848 851
1615842461306 0.2229042947292328 852
1615842495557 0.20380854606628418 853
1615842530592 0.1779279112815857 854
1615842565096 0.19276641309261322 855
1615842599217 0.2277243435382843 856
1615842633920 0.15474718809127808 857
1615842668233 0.19737683236598969 858
1615842702591 0.23197981715202332 859
1615842741012 0.25144854187965393 860
1615842775880 0.1688407063484192 861
1615842810765 0.19298887252807617 862
1615842845562 0.18446843326091766 863
1615842880067 0.18443122506141663 864
1615842914937 0.21029335260391235 865
1615842949428 0.17815561592578888 866
1615842984389 0.21406182646751404 867
1615843018706 0.1948338896036148 868
1615843053019 0.2144591510295868 869
1615843092594 0.2599300742149353 870
1615843126815 0.25317588448524475 871
1615843161273 0.20469540357589722 872
1615843196160 0.15011148154735565 873
1615843230804 0.15730486810207367 874
1615843265525 0.17920507490634918 875
1615843300467 0.2317141890525818 876
1615843335322 0.21730542182922363 877
1615843369974 0.15131251513957977 878
1615843404783 0.23361212015151978 879
1615843443685 0.23651546239852905 880
1615843477918 0.18462128937244415 881
1615843512395 0.2170436680316925 882
1615843547091 0.19328686594963074 883
1615843581987 0.14090335369110107 884
1615843616369 0.16644084453582764 885
1615843650937 0.21990180015563965 886
1615843685408 0.2470075786113739 887
1615843719701 0.20645283162593842 888
1615843754014 0.20780318975448608 889
1615843793422 0.18069034814834595 890
1615843828131 0.22485136985778809 891
1615843863501 0.19266778230667114 892
1615843898353 0.20382967591285706 893
1615843932767 0.21487514674663544 894
1615843967308 0.2431422621011734 895
1615844002070 0.19512951374053955 896
1615844036343 0.13497307896614075 897
1615844071193 0.22021271288394928 898
1615844105551 0.17790913581848145 899
1615844144404 0.21275444328784943 900
1615844178948 0.23722541332244873 901
1615844213943 0.23878955841064453 902
1615844249135 0.2096535563468933 903
1615844283641 0.24945971369743347 904
1615844318374 0.16706883907318115 905
1615844352807 0.25402921438217163 906
1615844387066 0.19005464017391205 907
1615844421890 0.2042396068572998 908
1615844456723 0.17723388969898224 909
1615844496208 0.2179623544216156 910
1615844530803 0.21922540664672852 911
1615844565855 0.1882620006799698 912
1615844600697 0.18543532490730286 913
1615844635494 0.22842468321323395 914
1615844670014 0.13485577702522278 915
1615844704742 0.23828354477882385 916
1615844739066 0.16912028193473816 917
1615844774123 0.25118446350097656 918
1615844808900 0.20251934230327606 919
1615844848126 0.18751277029514313 920
1615844882341 0.20080575346946716 921
1615844917056 0.18192461133003235 922
1615844951277 0.21786606311798096 923
1615844986010 0.21347194910049438 924
1615845020331 0.20644231140613556 925
1615845054663 0.2678802013397217 926
1615845089409 0.2364637404680252 927
1615845123722 0.2277188003063202 928
1615845158375 0.2170228362083435 929
1615845197797 0.1597818285226822 930
1615845232042 0.21736592054367065 931
1615845266592 0.20254364609718323 932
1615845301650 0.22101691365242004 933
1615845336612 0.1555469036102295 934
1615845371632 0.21843589842319489 935
1615845406018 0.16084794700145721 936
1615845440844 0.14113156497478485 937
1615845475081 0.18139754235744476 938
1615845509849 0.19835889339447021 939
1615845549270 0.17771479487419128 940
1615845583628 0.1849644035100937 941
1615845617888 0.19780036807060242 942
1615845652667 0.1893172264099121 943
1615845687278 0.16706591844558716 944
1615845722021 0.2120494246482849 945
1615845756942 0.23826101422309875 946
1615845791649 0.1588502824306488 947
1615845826266 0.2315506786108017 948
1615845861185 0.19226625561714172 949
1615845899756 0.21834123134613037 950
1615845934205 0.21970117092132568 951
1615845968677 0.20411597192287445 952
1615846003909 0.26688313484191895 953
1615846038624 0.23151583969593048 954
1615846073294 0.17394378781318665 955
1615846107956 0.2607102394104004 956
1615846142724 0.18026438355445862 957
1615846176895 0.2576783299446106 958
1615846211150 0.2091618776321411 959
1615846250474 0.1444636881351471 960
1615846284754 0.2040170133113861 961
1615846319043 0.2683018445968628 962
1615846353289 0.22494959831237793 963
1615846387917 0.23923861980438232 964
1615846422654 0.2526618540287018 965
1615846457473 0.19236204028129578 966
1615846492364 0.1989515721797943 967
1615846527361 0.20693427324295044 968
1615846561722 0.1951758861541748 969
1615846600788 0.16172511875629425 970
1615846635469 0.20590880513191223 971
1615846670109 0.21858912706375122 972
1615846704698 0.20096343755722046 973
1615846739060 0.20685477554798126 974
1615846773256 0.23442351818084717 975
1615846808030 0.22093142569065094 976
1615846842837 0.20724263787269592 977
1615846877533 0.18479277193546295 978
1615846912243 0.20026057958602905 979
1615846951076 0.21204771101474762 980
1615846985300 0.1791350245475769 981
1615847019897 0.21090444922447205 982
1615847054179 0.21394270658493042 983
1615847088945 0.1983768194913864 984
1615847123382 0.2016281634569168 985
1615847158497 0.22118982672691345 986
1615847193483 0.2119850367307663 987
1615847228253 0.22863587737083435 988
1615847262831 0.24132809042930603 989
1615847302429 0.18235965073108673 990
1615847336903 0.21843558549880981 991
1615847371636 0.21508574485778809 992
1615847406341 0.2652548849582672 993
1615847440774 0.22479359805583954 994
1615847475223 0.23838180303573608 995
1615847509560 0.21273872256278992 996
1615847544428 0.2157001793384552 997
1615847579464 0.18804492056369781 998
1615847614322 0.23248112201690674 999
1615847652718 0.22043564915657043 1000
1615847687726 0.2001858353614807 1001
1615847722529 0.21451032161712646 1002
1615847756741 0.18449722230434418 1003
1615847791416 0.16645044088363647 1004
1615847826203 0.23036980628967285 1005
1615847860950 0.19231851398944855 1006
1615847895730 0.22811612486839294 1007
1615847930318 0.20223307609558105 1008
1615847965147 0.18436771631240845 1009
1615848004397 0.21152937412261963 1010
1615848038834 0.20770567655563354 1011
1615848073830 0.22463980317115784 1012
1615848108727 0.14591246843338013 1013
1615848143858 0.22012007236480713 1014
1615848178686 0.2028081864118576 1015
1615848213449 0.17918309569358826 1016
1615848247957 0.20057901740074158 1017
1615848282251 0.1701277643442154 1018
1615848316857 0.2164839804172516 1019
1615848355934 0.2027648240327835 1020
1615848390193 0.20439907908439636 1021
1615848424481 0.15302762389183044 1022
1615848459224 0.22663863003253937 1023
1615848493960 0.23866376280784607 1024
1615848528777 0.23136115074157715 1025
1615848563810 0.21365809440612793 1026
1615848598913 0.22273600101470947 1027
1615848633765 0.19302719831466675 1028
1615848668688 0.25387126207351685 1029
1615848708174 0.1604231595993042 1030
1615848742463 0.1874181181192398 1031
1615848776814 0.2349979281425476 1032
1615848811602 0.20215946435928345 1033
1615848846881 0.25820332765579224 1034
1615848881168 0.20861992239952087 1035
1615848915736 0.20587614178657532 1036
1615848950459 0.23882374167442322 1037
1615848985179 0.2132222056388855 1038
1615849020080 0.17281582951545715 1039
1615849059105 0.23242034018039703 1040
1615849093592 0.21112483739852905 1041
1615849128543 0.24906854331493378 1042
1615849163073 0.28524720668792725 1043
1615849197808 0.19329458475112915 1044
1615849232609 0.2398604154586792 1045
1615849267922 0.1804926097393036 1046
1615849302813 0.21434198319911957 1047
1615849337645 0.1837245225906372 1048
1615849372119 0.21143393218517303 1049
1615849411248 0.200129896402359 1050
1615849445820 0.240065336227417 1051
1615849480764 0.2369377464056015 1052
1615849515100 0.18776217103004456 1053
1615849549514 0.20222687721252441 1054
1615849584430 0.16136133670806885 1055
1615849618798 0.24626848101615906 1056
1615849653060 0.23705840110778809 1057
1615849687929 0.15369591116905212 1058
1615849722262 0.18372127413749695 1059
1615849761653 0.19853535294532776 1060
1615849796472 0.2215428650379181 1061
1615849831207 0.166008859872818 1062
1615849865646 0.1704397201538086 1063
1615849899861 0.18725372850894928 1064
1615849934590 0.15356777608394623 1065
1615849969571 0.23721535503864288 1066
1615850004341 0.1790497899055481 1067
1615850039008 0.20356202125549316 1068
1615850073264 0.23091943562030792 1069
1615850112037 0.20218735933303833 1070
1615850146368 0.2553674280643463 1071
1615850181280 0.16381004452705383 1072
1615850216138 0.1456281542778015 1073
1615850250880 0.20469611883163452 1074
1615850285425 0.24088379740715027 1075
1615850320438 0.2239142507314682 1076
1615850355372 0.202606663107872 1077
1615850390253 0.2259819209575653 1078
1615850424841 0.1873602569103241 1079
1615850463770 0.24696725606918335 1080
1615850498589 0.2262156903743744 1081
1615850533809 0.19167673587799072 1082
1615850568025 0.18006867170333862 1083
1615850602205 0.15528270602226257 1084
1615850636910 0.19848036766052246 1085
1615850671660 0.2180570363998413 1086
1615850706027 0.22747698426246643 1087
1615850740881 0.20463381707668304 1088
1615850775611 0.16456305980682373 1089
1615850814453 0.20748338103294373 1090
1615850848844 0.22858595848083496 1091
1615850883111 0.19241377711296082 1092
1615850917869 0.20229659974575043 1093
1615850952831 0.19882935285568237 1094
1615850987452 0.2235647439956665 1095
1615851022353 0.25434446334838867 1096
1615851057215 0.16076895594596863 1097
1615851091485 0.23639445006847382 1098
1615851126582 0.2245413064956665 1099
1615851165864 0.2179015874862671 1100
1615851200597 0.22145318984985352 1101
1615851235394 0.1999429166316986 1102
1615851269958 0.2040681540966034 1103
1615851304799 0.22301994264125824 1104
1615851339160 0.18074382841587067 1105
1615851373482 0.2158195972442627 1106
1615851407808 0.19009611010551453 1107
1615851442535 0.20795860886573792 1108
1615851477024 0.2282838225364685 1109
1615851516501 0.2254464328289032 1110
1615851551355 0.18171440064907074 1111
1615851586165 0.1647348403930664 1112
1615851620490 0.1954314112663269 1113
1615851655137 0.20342303812503815 1114
1615851689713 0.1964019536972046 1115
1615851723963 0.2558220624923706 1116
1615851758339 0.20807501673698425 1117
1615851792700 0.21537268161773682 1118
1615851827263 0.16107723116874695 1119
1615851866613 0.18996629118919373 1120
1615851901420 0.1930779218673706 1121
1615851935902 0.1970941126346588 1122
1615851970603 0.2540029287338257 1123
1615852005595 0.22203169763088226 1124
1615852040027 0.21110177040100098 1125
1615852074904 0.20989222824573517 1126
1615852109831 0.21230930089950562 1127
1615852144321 0.17112264037132263 1128
1615852178588 0.2100232094526291 1129
1615852217664 0.23706939816474915 1130
1615852252802 0.20537683367729187 1131
1615852287642 0.2363520860671997 1132
1615852321899 0.246062234044075 1133
1615852356781 0.21352511644363403 1134
1615852391116 0.22248905897140503 1135
1615852425518 0.23187509179115295 1136
1615852460271 0.20577889680862427 1137
1615852494873 0.21335989236831665 1138
1615852529234 0.21074356138706207 1139
1615852567915 0.17368671298027039 1140
1615852602763 0.18030264973640442 1141
1615852637129 0.15156438946723938 1142
1615852671407 0.221174955368042 1143
1615852706225 0.19255870580673218 1144
1615852740540 0.1889633983373642 1145
1615852775426 0.12687796354293823 1146
1615852810204 0.21982409060001373 1147
1615852844453 0.2620457410812378 1148
1615852878742 0.2097099870443344 1149
1615852917826 0.18642625212669373 1150
1615852952024 0.22229543328285217 1151
1615852986328 0.2339334785938263 1152
1615853021142 0.241632342338562 1153
1615853056173 0.18210715055465698 1154
1615853091134 0.19682899117469788 1155
1615853125943 0.23027044534683228 1156
1615853160355 0.1930418610572815 1157
1615853194959 0.20954006910324097 1158
1615853229733 0.16120421886444092 1159
1615853268541 0.18257251381874084 1160
1615853302813 0.20713195204734802 1161
1615853337455 0.21892684698104858 1162
1615853372278 0.2077712118625641 1163
1615853406705 0.21297718584537506 1164
1615853441531 0.1530982106924057 1165
1615853476292 0.2223072052001953 1166
1615853510810 0.1970216929912567 1167
1615853545283 0.17241120338439941 1168
1615853580028 0.1557568907737732 1169
1615853619222 0.21739782392978668 1170
1615853653909 0.2359829843044281 1171
1615853688815 0.19527053833007812 1172
1615853723620 0.19901534914970398 1173
1615853758371 0.20087435841560364 1174
1615853792735 0.21115940809249878 1175
1615853827185 0.22913987934589386 1176
1615853861956 0.2331121563911438 1177
1615853897080 0.23315559327602386 1178
1615853931961 0.20931735634803772 1179
1615853970700 0.2130519151687622 1180
1615854005290 0.2027987539768219 1181
1615854040013 0.1769709289073944 1182
1615854074719 0.22371363639831543 1183
1615854109185 0.20318925380706787 1184
1615854143998 0.1870133876800537 1185
1615854178958 0.19474093616008759 1186
1615854213446 0.21720312535762787 1187
1615854247941 0.18978232145309448 1188
1615854282613 0.23807057738304138 1189
1615854321891 0.2637869119644165 1190
1615854356218 0.19173087179660797 1191
1615854390998 0.2033236026763916 1192
1615854425686 0.1734502911567688 1193
1615854460564 0.17352744936943054 1194
1615854494920 0.18483421206474304 1195
1615854529726 0.22047549486160278 1196
1615854564495 0.15879738330841064 1197
1615854599362 0.1946428418159485 1198
1615854633620 0.23409664630889893 1199
1615854672475 0.172562837600708 1200
1615854695127 0.21915024518966675 0
1615854695141 0.21915024518966675 0
