1615812634394 0.04158466309309006 1
1615812668931 0.03523954749107361 2
1615812703617 0.032657645642757416 3
1615812738186 0.031139016151428223 4
1615812772746 0.02988070622086525 5
1615812806958 0.028822189196944237 6
1615812841273 0.028333917260169983 7
1615812876067 0.026854481548070908 8
1615812910393 0.027247553691267967 9
1615812949078 0.026966053992509842 10
1615812984036 0.025339022278785706 11
1615813019238 0.02557576633989811 12
1615813054161 0.025520453229546547 13
1615813089588 0.023994162678718567 14
1615813124661 0.023775411769747734 15
1615813159517 0.02329779602587223 16
1615813194296 0.022435883060097694 17
1615813228896 0.0241119172424078 18
1615813263746 0.02294132485985756 19
1615813303980 0.024221062660217285 20
1615813338326 0.02280658856034279 21
1615813373178 0.025838162750005722 22
1615813407443 0.021872837096452713 23
1615813441707 0.02206205017864704 24
1615813476470 0.022334568202495575 25
1615813510660 0.02102218009531498 26
1615813545076 0.02159285917878151 27
1615813579741 0.022753208875656128 28
1615813613996 0.02234002575278282 29
1615813653133 0.022435583174228668 30
1615813687548 0.020298153162002563 31
1615813721956 0.021469004452228546 32
1615813756914 0.0203561931848526 33
1615813791199 0.023195240646600723 34
1615813826374 0.01982726901769638 35
1615813862081 0.020279649645090103 36
1615813896829 0.020469024777412415 37
1615813931941 0.019233835861086845 38
1615813967307 0.020470308139920235 39
1615814007515 0.020559901371598244 40
1615814042235 0.020570943132042885 41
1615814078170 0.021429814398288727 42
1615814112827 0.021496683359146118 43
1615814147366 0.023104112595319748 44
1615814182068 0.020487681031227112 45
1615814216343 0.02089475840330124 46
1615814250628 0.018956132233142853 47
1615814285118 0.018940018489956856 48
1615814319411 0.02008749358355999 49
1615814358428 0.019935190677642822 50
1615814393061 0.019584279507398605 51
1615814427440 0.022314539179205894 52
1615814461624 0.021228257566690445 53
1615814496389 0.020870419219136238 54
1615814530556 0.023246651515364647 55
1615814564844 0.020449046045541763 56
1615814599104 0.019413888454437256 57
1615814633764 0.020219042897224426 58
1615814668807 0.01981872320175171 59
1615814708868 0.019013291224837303 60
1615814744038 0.02041694149374962 61
1615814778992 0.019726110622286797 62
1615814814316 0.020425477996468544 63
1615814849000 0.020483925938606262 64
1615814883701 0.01852535456418991 65
1615814919577 0.018061814829707146 66
1615814953901 0.018411725759506226 67
1615814988089 0.01889609731733799 68
1615815022305 0.018734466284513474 69
1615815060793 0.019321776926517487 70
1615815095273 0.019348379224538803 71
1615815129475 0.020560886710882187 72
1615815163744 0.01853276789188385 73
1615815197934 0.01888117752969265 74
1615815232710 0.01890598051249981 75
1615815266928 0.018455348908901215 76
1615815301150 0.01831812411546707 77
1615815335922 0.01768707111477852 78
1615815370681 0.019035348668694496 79
1615815409768 0.019105397164821625 80
1615815444530 0.01801227778196335 81
1615815479304 0.018079429864883423 82
1615815513854 0.01917647011578083 83
1615815548517 0.016549885272979736 84
1615815583358 0.018152359873056412 85
1615815618116 0.016795294359326363 86
1615815652429 0.017611663788557053 87
1615815687712 0.01704612374305725 88
1615815722023 0.017512645572423935 89
1615815760916 0.019063949584960938 90
1615815796124 0.01911264657974243 91
1615815830641 0.01920648291707039 92
1615815865337 0.01791904866695404 93
1615815900046 0.016760412603616714 94
1615815934739 0.017576660960912704 95
1615815969136 0.020496943965554237 96
1615816003400 0.019321613013744354 97
1615816037856 0.021116575226187706 98
1615816072073 0.018559493124485016 99
1615816110844 0.02046774886548519 100
1615816145246 0.018209435045719147 101
1615816179843 0.01875065267086029 102
1615816214554 0.017632747069001198 103
1615816248980 0.017393559217453003 104
1615816283562 0.018660638481378555 105
1615816317846 0.018322546035051346 106
1615816352546 0.018166042864322662 107
1615816387378 0.017923733219504356 108
1615816421733 0.017108194530010223 109
1615816461126 0.01858421415090561 110
1615816495911 0.01610714942216873 111
1615816530554 0.018866535276174545 112
1615816565132 0.01900596171617508 113
1615816599924 0.017684951424598694 114
1615816634715 0.01669444888830185 115
1615816669395 0.01888294704258442 116
1615816703624 0.01709103025496006 117
1615816737932 0.02036980912089348 118
1615816772139 0.017554927617311478 119
1615816810727 0.017633158713579178 120
1615816845313 0.015737414360046387 121
1615816879801 0.01580120623111725 122
1615816914312 0.019874241203069687 123
1615816948565 0.01818341761827469 124
1615816982814 0.015820398926734924 125
1615817017548 0.017097465693950653 126
1615817052319 0.01683986745774746 127
1615817086638 0.015921302139759064 128
1615817121361 0.017408903688192368 129
1615817159741 0.016026774421334267 130
1615817194078 0.017565511167049408 131
1615817228820 0.01714772917330265 132
1615817263585 0.016750667244195938 133
1615817298195 0.01700916327536106 134
1615817332450 0.016018489375710487 135
1615817366705 0.014942845329642296 136
1615817401300 0.016559656709432602 137
1615817435696 0.017990808933973312 138
1615817470388 0.01653190702199936 139
1615817509166 0.01755998097360134 140
1615817544021 0.017571624368429184 141
1615817578825 0.017477400600910187 142
1615817613310 0.014871650375425816 143
1615817647981 0.016122445464134216 144
1615817681924 0.015270115807652473 145
1615817716632 0.01624171808362007 146
1615817751106 0.017851144075393677 147
1615817785785 0.016540907323360443 148
1615817820006 0.01661999523639679 149
1615817858767 0.017561787739396095 150
1615817893520 0.016470398753881454 151
1615817927943 0.015700776129961014 152
1615817962420 0.015307150781154633 153
1615817997235 0.013657636940479279 154
1615818031961 0.015615757554769516 155
1615818066851 0.015409870073199272 156
1615818101335 0.015424830839037895 157
1615818135693 0.015105482190847397 158
1615818170325 0.015153065323829651 159
1615818209242 0.015613547526299953 160
1615818243404 0.019473567605018616 161
1615818277517 0.015894126147031784 162
1615818311837 0.015887249261140823 163
1615818346272 0.01593782752752304 164
1615818380898 0.01683267205953598 165
1615818415439 0.017127156257629395 166
1615818450265 0.01587647758424282 167
1615818484971 0.015065556392073631 168
1615818519810 0.01473467331379652 169
1615818559550 0.015833420678973198 170
1615818593824 0.018005192279815674 171
1615818629072 0.015591248869895935 172
1615818663904 0.016197770833969116 173
1615818698192 0.017701424658298492 174
1615818732952 0.015136964619159698 175
1615818767632 0.017610520124435425 176
1615818801887 0.017911145463585854 177
1615818836430 0.015737125650048256 178
1615818871236 0.01604367420077324 179
1615818909989 0.014182152226567268 180
1615818944275 0.015446990728378296 181
1615818978500 0.01642136462032795 182
1615819012928 0.01798497512936592 183
1615819047617 0.014399619773030281 184
1615819082103 0.01580009050667286 185
1615819116451 0.016118885949254036 186
1615819150910 0.01601490005850792 187
1615819185273 0.019141346216201782 188
1615819219987 0.015180257149040699 189
1615819258383 0.01583646796643734 190
1615819293616 0.01375880278646946 191
1615819328018 0.016665495932102203 192
1615819362323 0.018152661621570587 193
1615819396889 0.01678665541112423 194
1615819431509 0.014590928331017494 195
1615819465855 0.01702168583869934 196
1615819500892 0.015688536688685417 197
1615819535766 0.016075141727924347 198
1615819570403 0.014601957984268665 199
1615819609022 0.01615392602980137 200
1615819643316 0.016281217336654663 201
1615819677969 0.01633315533399582 202
1615819712248 0.0160591509193182 203
1615819746488 0.01503315381705761 204
1615819781301 0.015267595648765564 205
1615819815918 0.015316578559577465 206
1615819850595 0.015272505581378937 207
1615819885050 0.015625067055225372 208
1615819919774 0.01451675035059452 209
1615819958632 0.016850624233484268 210
1615819993178 0.015021974220871925 211
1615820027407 0.014901841059327126 212
1615820062107 0.018338633701205254 213
1615820096326 0.0159889068454504 214
1615820130965 0.014978569000959396 215
1615820165159 0.017184678465127945 216
1615820199483 0.01507582888007164 217
1615820233764 0.014348164200782776 218
1615820268058 0.015392536297440529 219
1615820306769 0.015276025980710983 220
1615820341264 0.01419074833393097 221
1615820375836 0.01597433350980282 222
1615820410539 0.014702707529067993 223
1615820445283 0.014387372881174088 224
1615820480095 0.01714193820953369 225
1615820514365 0.015327204950153828 226
1615820548707 0.015896152704954147 227
1615820583048 0.017012115567922592 228
1615820617346 0.013778025284409523 229
1615820656315 0.013979352079331875 230
1615820690579 0.013102065771818161 231
1615820725419 0.014689220115542412 232
1615820759783 0.01592373102903366 233
1615820794983 0.01318344660103321 234
1615820830104 0.014199930243194103 235
1615820865077 0.015343873761594296 236
1615820899675 0.013576150871813297 237
1615820934720 0.014681259170174599 238
1615820969507 0.013167981058359146 239
1615821008856 0.016206149011850357 240
1615821043086 0.015233131125569344 241
1615821077350 0.015511194244027138 242
1615821112113 0.013454250991344452 243
1615821146510 0.013896970078349113 244
1615821181366 0.014388679526746273 245
1615821216150 0.014995932579040527 246
1615821250979 0.015896201133728027 247
1615821285733 0.013282735832035542 248
1615821320189 0.015154773369431496 249
1615821359311 0.01412078458815813 250
1615821393626 0.014227799139916897 251
1615821428260 0.014990981668233871 252
1615821463355 0.016556391492486 253
1615821498231 0.015361949801445007 254
1615821532920 0.013816961087286472 255
1615821567249 0.014603691175580025 256
1615821601921 0.012298036366701126 257
1615821636514 0.013734002597630024 258
1615821670804 0.015451167710125446 259
1615821709664 0.014249213971197605 260
1615821744442 0.013848179951310158 261
1615821778944 0.013143720105290413 262
1615821813586 0.015625864267349243 263
1615821848863 0.015121778473258018 264
1615821883819 0.013469426892697811 265
1615821918103 0.014077197760343552 266
1615821952777 0.013879301026463509 267
1615821987318 0.01528310589492321 268
1615822021573 0.012352854013442993 269
1615822060970 0.014833608642220497 270
1615822095779 0.013075737282633781 271
1615822129927 0.012911105528473854 272
1615822164739 0.013581950217485428 273
1615822199445 0.014177894219756126 274
1615822234081 0.014504674822092056 275
1615822268273 0.015757005661725998 276
1615822302429 0.013234790414571762 277
1615822336959 0.013847450725734234 278
1615822371127 0.013523917645215988 279
1615822410166 0.01498213317245245 280
1615822444700 0.012819001451134682 281
1615822478983 0.012524481862783432 282
1615822513313 0.014435016550123692 283
1615822547799 0.013705182820558548 284
1615822582153 0.015208383090794086 285
1615822617105 0.015182886272668839 286
1615822651911 0.013015041127800941 287
1615822686425 0.014757378026843071 288
1615822720801 0.01485227607190609 289
1615822760533 0.013600729405879974 290
1615822795261 0.01248612254858017 291
1615822829557 0.012583247385919094 292
1615822863935 0.012680253013968468 293
1615822898299 0.013616164214909077 294
1615822932659 0.015684500336647034 295
1615822966827 0.014098351821303368 296
1615823001990 0.013002822175621986 297
1615823036722 0.014478811994194984 298
1615823070909 0.011482461355626583 299
1615823110475 0.012943457812070847 300
1615823145130 0.014896905049681664 301
1615823179428 0.014085420407354832 302
1615823213636 0.012281924486160278 303
1615823248046 0.012975786812603474 304
1615823282188 0.015629954636096954 305
1615823316828 0.013990415260195732 306
1615823351137 0.012448417954146862 307
1615823386074 0.010249651968479156 308
1615823420384 0.01187710091471672 309
1615823459300 0.01634391024708748 310
1615823494130 0.015125008299946785 311
1615823528685 0.013560237362980843 312
1615823563122 0.013430392369627953 313
1615823597860 0.012326782569289207 314
1615823632625 0.014137763530015945 315
1615823666993 0.012597458437085152 316
1615823702212 0.01303892768919468 317
1615823736404 0.013839531689882278 318
1615823770650 0.013026272878050804 319
1615823809450 0.014751328155398369 320
1615823844244 0.013102984055876732 321
1615823878388 0.01454719714820385 322
1615823913103 0.014141960069537163 323
1615823947806 0.012859550304710865 324
1615823982569 0.014265444129705429 325
1615824017087 0.013441585004329681 326
1615824051630 0.011947419494390488 327
1615824086460 0.012748205102980137 328
1615824120937 0.011670483276247978 329
1615824159850 0.014571942389011383 330
1615824194408 0.014128094539046288 331
1615824229090 0.012600606307387352 332
1615824264024 0.012379033491015434 333
1615824298685 0.013452146202325821 334
1615824333481 0.013691776432096958 335
1615824367667 0.011709265410900116 336
1615824401839 0.012986449524760246 337
1615824436668 0.013363741338253021 338
1615824471341 0.011755801737308502 339
1615824510389 0.011840684339404106 340
1615824544959 0.013202501460909843 341
1615824579398 0.011113116517663002 342
1615824614119 0.01377471350133419 343
1615824648857 0.013141822069883347 344
1615824683797 0.013518501073122025 345
1615824718652 0.015293633565306664 346
1615824753660 0.01735929399728775 347
1615824788603 0.01314832828938961 348
1615824823411 0.012125601060688496 349
1615824862983 0.011395039968192577 350
1615824897709 0.01340379286557436 351
1615824932483 0.011437276378273964 352
1615824967333 0.012469377368688583 353
1615825002199 0.01087961345911026 354
1615825036573 0.012958196923136711 355
1615825070731 0.01521041989326477 356
1615825105024 0.012753883376717567 357
1615825139321 0.011141316033899784 358
1615825174072 0.014525923877954483 359
1615825213259 0.012200083583593369 360
1615825247594 0.010133019648492336 361
1615825282170 0.011362195014953613 362
1615825316645 0.01192108541727066 363
1615825351305 0.012858332134783268 364
1615825386134 0.01124595757573843 365
1615825420401 0.012331997975707054 366
1615825454729 0.013829939998686314 367
1615825489508 0.01116701029241085 368
1615825524505 0.015044779516756535 369
1615825563699 0.014109557494521141 370
1615825597973 0.010222802869975567 371
1615825632426 0.011891577392816544 372
1615825666917 0.01400982029736042 373
1615825701693 0.01328799594193697 374
1615825735941 0.013519082218408585 375
1615825770379 0.013488217256963253 376
1615825804908 0.014193706214427948 377
1615825839912 0.013672527857124805 378
1615825874228 0.01279478333890438 379
1615825913668 0.013316726312041283 380
1615825947951 0.013262798078358173 381
1615825982402 0.011297040618956089 382
1615826017561 0.014578590169548988 383
1615826052371 0.011993123218417168 384
1615826086658 0.011546584777534008 385
1615826121084 0.011728884652256966 386
1615826155617 0.012878568843007088 387
1615826189826 0.012724325992166996 388
1615826224045 0.012537939473986626 389
1615826262909 0.012984398752450943 390
1615826297802 0.015316414646804333 391
1615826332679 0.01235523633658886 392
1615826367002 0.012183031067252159 393
1615826401463 0.01384001411497593 394
1615826435725 0.010206600651144981 395
1615826469922 0.014464333653450012 396
1615826504160 0.011612161993980408 397
1615826539211 0.011255295015871525 398
1615826573720 0.012058926746249199 399
1615826612338 0.011205960996448994 400
1615826646603 0.01303952932357788 401
1615826680921 0.012202618643641472 402
1615826715206 0.013701044023036957 403
1615826749868 0.010693298652768135 404
1615826784181 0.012544361874461174 405
1615826818936 0.010791121050715446 406
1615826853649 0.014562424272298813 407
1615826888598 0.010321531444787979 408
1615826923462 0.012444090098142624 409
1615826962685 0.013065297156572342 410
1615826997441 0.010953698307275772 411
1615827031642 0.01164194941520691 412
1615827066165 0.011323589831590652 413
1615827100412 0.012154018506407738 414
1615827135144 0.014957856386899948 415
1615827169930 0.01170895155519247 416
1615827204458 0.013050752691924572 417
1615827239147 0.01088716834783554 418
1615827273466 0.013021501712501049 419
1615827312220 0.011589320376515388 420
1615827346552 0.011633045971393585 421
1615827381072 0.01255684532225132 422
1615827416009 0.012242266908288002 423
1615827450909 0.01110384613275528 424
1615827485809 0.01228330284357071 425
1615827520028 0.012896610423922539 426
1615827554765 0.011391552165150642 427
1615827589064 0.013149172067642212 428
1615827623534 0.015104861930012703 429
1615827662533 0.013125969097018242 430
1615827697240 0.012688994407653809 431
1615827731487 0.01210606750100851 432
1615827765730 0.01682335138320923 433
1615827799896 0.011710016056895256 434
1615827834622 0.01471991278231144 435
1615827869321 0.01244325377047062 436
1615827904093 0.012470018118619919 437
1615827938981 0.011063110083341599 438
1615827974118 0.013272893615067005 439
1615828013407 0.010171087458729744 440
1615828048251 0.011958303861320019 441
1615828082469 0.012025433592498302 442
1615828117241 0.01148177683353424 443
1615828151604 0.010297811590135098 444
1615828185925 0.013131571933627129 445
1615828220724 0.013408453203737736 446
1615828254934 0.014059302397072315 447
1615828289732 0.012701433151960373 448
1615828324381 0.01057637669146061 449
1615828363478 0.0104680135846138 450
1615828398235 0.011883817613124847 451
1615828432563 0.013366884551942348 452
1615828467270 0.011788493022322655 453
1615828501999 0.012566780671477318 454
1615828536983 0.010301832109689713 455
1615828571775 0.01284433901309967 456
1615828606345 0.013749073259532452 457
1615828641078 0.013393763452768326 458
1615828675354 0.01147121749818325 459
1615828714538 0.010149376466870308 460
1615828748738 0.011707418598234653 461
1615828783226 0.01075371541082859 462
1615828817974 0.011183757334947586 463
1615828852407 0.012114022858440876 464
1615828886642 0.010588115081191063 465
1615828921496 0.014147710055112839 466
1615828956227 0.012170211412012577 467
1615828990998 0.01211188081651926 468
1615829025473 0.01217268779873848 469
1615829064645 0.013578511774539948 470
1615829099405 0.013216020539402962 471
1615829134117 0.012038648128509521 472
1615829168502 0.011717553250491619 473
1615829203236 0.012478569522500038 474
1615829237701 0.011456184089183807 475
1615829272269 0.012789267115294933 476
1615829306516 0.01118067093193531 477
1615829340769 0.011565339751541615 478
1615829375398 0.010386871173977852 479
1615829414371 0.01118750125169754 480
1615829448559 0.011800888925790787 481
1615829483293 0.010926255956292152 482
1615829517990 0.012572096660733223 483
1615829552416 0.010580071248114109 484
1615829586751 0.010161058977246284 485
1615829621635 0.014200028032064438 486
1615829656614 0.011775579303503036 487
1615829691087 0.011995045468211174 488
1615829725824 0.01083272323012352 489
1615829764619 0.011041770689189434 490
1615829799349 0.011601421982049942 491
1615829833624 0.012852823361754417 492
1615829868327 0.009620019234716892 493
1615829902987 0.014116179198026657 494
1615829937885 0.011322188191115856 495
1615829972307 0.012179315090179443 496
1615830006818 0.010048803873360157 497
1615830041593 0.012417348101735115 498
1615830075863 0.011804141104221344 499
1615830114673 0.012019749730825424 500
1615830149427 0.012169798836112022 501
1615830184295 0.012038134038448334 502
1615830218933 0.01000235415995121 503
1615830253155 0.010592261329293251 504
1615830287884 0.011525335721671581 505
1615830322654 0.011476393789052963 506
1615830357400 0.012386099435389042 507
1615830392107 0.012080565094947815 508
1615830426734 0.01168457418680191 509
1615830465542 0.01080488320440054 510
1615830500087 0.00886259414255619 511
1615830534428 0.009978481568396091 512
1615830569223 0.011518375016748905 513
1615830603532 0.009725255891680717 514
1615830638227 0.011726470664143562 515
1615830672500 0.009586513042449951 516
1615830707061 0.011098400689661503 517
1615830741750 0.011355778202414513 518
1615830776767 0.01256999745965004 519
1615830815767 0.011354411020874977 520
1615830850516 0.01223226822912693 521
1615830884977 0.011069155298173428 522
1615830919497 0.011512188240885735 523
1615830954114 0.010725160129368305 524
1615830988314 0.011570010334253311 525
1615831022891 0.009055319242179394 526
1615831057304 0.01162714697420597 527
1615831092152 0.010583071038126945 528
1615831126890 0.011442393995821476 529
1615831166342 0.01087699830532074 530
1615831201155 0.012605559080839157 531
1615831236070 0.01153616700321436 532
1615831270387 0.012753568589687347 533
1615831304759 0.01024998165667057 534
1615831339588 0.011854048818349838 535
1615831374425 0.009221045300364494 536
1615831409232 0.011271403171122074 537
1615831443597 0.011399655602872372 538
1615831478262 0.011696072295308113 539
1615831518087 0.009917691349983215 540
1615831552327 0.011020329780876637 541
1615831586945 0.013693333603441715 542
1615831621274 0.011275541968643665 543
1615831657264 0.010102178901433945 544
1615831692060 0.010875248350203037 545
1615831726720 0.011944830417633057 546
1615831761171 0.009316986426711082 547
1615831795958 0.011988727375864983 548
1615831830328 0.013019872829318047 549
1615831869659 0.011465907096862793 550
1615831904551 0.010059420019388199 551
1615831940399 0.011897936463356018 552
1615831975195 0.010451012291014194 553
1615832010362 0.013434629887342453 554
1615832045175 0.011188840493559837 555
1615832079875 0.010720012709498405 556
1615832114779 0.01170185673981905 557
1615832149003 0.012833567336201668 558
1615832183801 0.013414698652923107 559
1615832223209 0.009367862716317177 560
1615832257351 0.012509778141975403 561
1615832291973 0.01582360826432705 562
1615832326764 0.01248396746814251 563
1615832361324 0.008841154165565968 564
1615832395622 0.013295449316501617 565
1615832430062 0.009566957131028175 566
1615832464588 0.010973559692502022 567
1615832498977 0.009632578119635582 568
1615832533364 0.010588990524411201 569
1615832572006 0.012566499412059784 570
1615832606829 0.011103831231594086 571
1615832641746 0.01153237372636795 572
1615832676100 0.011240474879741669 573
1615832710836 0.00978932622820139 574
1615832745145 0.012385697104036808 575
1615832779378 0.010502846911549568 576
1615832814451 0.009513502940535545 577
1615832849190 0.01057169958949089 578
1615832883848 0.011118781752884388 579
1615832922698 0.010669572278857231 580
1615832957047 0.008138186298310757 581
1615832991342 0.012269221246242523 582
1615833025696 0.010998069308698177 583
1615833060452 0.01254770066589117 584
1615833095348 0.011230534873902798 585
1615833130132 0.011909150518476963 586
1615833165066 0.008514759130775928 587
1615833200148 0.010545667260885239 588
1615833234447 0.010854401625692844 589
1615833273048 0.011211320757865906 590
1615833307305 0.011431911960244179 591
1615833341827 0.011710955761373043 592
1615833376623 0.012096524238586426 593
1615833411103 0.010797318071126938 594
1615833445556 0.010781907476484776 595
1615833480046 0.009495397098362446 596
1615833514860 0.010216383263468742 597
1615833549183 0.01142117939889431 598
1615833584097 0.012194671668112278 599
1615833623697 0.012711042538285255 600
1615833658521 0.008832369931042194 601
1615833693356 0.013176687061786652 602
1615833728205 0.013171627186238766 603
1615833762736 0.01213129237294197 604
1615833797445 0.010920556262135506 605
1615833831729 0.010982664301991463 606
1615833866800 0.011458470486104488 607
1615833901483 0.010370545089244843 608
1615833935925 0.012088431976735592 609
1615833974738 0.01049414835870266 610
1615834009191 0.01311369240283966 611
1615834043628 0.011907758191227913 612
1615834078323 0.011533109471201897 613
1615834113088 0.010986155830323696 614
1615834147425 0.010542869567871094 615
1615834182119 0.010197354480624199 616
1615834216965 0.011918948963284492 617
1615834251678 0.00934787280857563 618
1615834286749 0.012342505156993866 619
1615834325701 0.01086338609457016 620
1615834360091 0.009787498973309994 621
1615834394805 0.012726826593279839 622
1615834429126 0.012407505884766579 623
1615834464411 0.009398229420185089 624
1615834498672 0.009036857634782791 625
1615834532908 0.010740194469690323 626
1615834567084 0.009112230502068996 627
1615834601264 0.010825501754879951 628
1615834635963 0.010834588669240475 629
1615834674616 0.010678501799702644 630
1615834708922 0.010548856109380722 631
1615834743312 0.013000406324863434 632
1615834777768 0.010395627468824387 633
1615834812101 0.010470585897564888 634
1615834846775 0.012159600853919983 635
1615834881194 0.012065673246979713 636
1615834916305 0.008829734288156033 637
1615834951154 0.011714993044734001 638
1615834985481 0.00928816944360733 639
1615835024799 0.010817142203450203 640
1615835059136 0.010588129982352257 641
1615835093341 0.01171812228858471 642
1615835127520 0.009536141529679298 643
1615835162260 0.010123202577233315 644
1615835196777 0.011105573736131191 645
1615835231419 0.009306218475103378 646
1615835265915 0.012747086584568024 647
1615835300300 0.01162672322243452 648
1615835334889 0.010245089419186115 649
1615835374243 0.010186468251049519 650
1615835408558 0.0116803590208292 651
1615835443148 0.010635299608111382 652
1615835477591 0.010340213775634766 653
1615835512153 0.009029442444443703 654
1615835546717 0.009598664939403534 655
1615835581668 0.00982346199452877 656
1615835616603 0.00993075780570507 657
1615835651300 0.01198587752878666 658
1615835686183 0.010942849330604076 659
1615835725085 0.011677788570523262 660
1615835759517 0.008965212851762772 661
1615835794293 0.012124447152018547 662
1615835828834 0.01153369341045618 663
1615835863120 0.011556091718375683 664
1615835897977 0.009934032335877419 665
1615835932264 0.010920586064457893 666
1615835966988 0.010443276725709438 667
1615836002194 0.010820066556334496 668
1615836036726 0.01111232303082943 669
1615836075662 0.010502462275326252 670
1615836110393 0.011467806994915009 671
1615836145318 0.012857039459049702 672
1615836179994 0.013228237628936768 673
1615836215146 0.010470202192664146 674
1615836250298 0.01200934685766697 675
1615836284826 0.009995847940444946 676
1615836319395 0.010369362309575081 677
1615836354118 0.010031625628471375 678
1615836388983 0.011102074757218361 679
1615836428257 0.010516976937651634 680
1615836463042 0.011096738278865814 681
1615836497725 0.009243207052350044 682
1615836532608 0.010257193818688393 683
1615836567048 0.011510059237480164 684
1615836601863 0.009824065491557121 685
1615836636200 0.010070230811834335 686
1615836670926 0.007642047945410013 687
1615836705394 0.012643935158848763 688
1615836739858 0.013180721551179886 689
1615836779411 0.011372187174856663 690
1615836814320 0.00952926091849804 691
1615836848625 0.008653730154037476 692
1615836883016 0.009517584927380085 693
1615836917573 0.010239923372864723 694
1615836951912 0.010600929148495197 695
1615836986896 0.009450840763747692 696
1615837021651 0.009405206888914108 697
1615837056384 0.009930025786161423 698
1615837091507 0.010271047241985798 699
1615837130391 0.009545799344778061 700
1615837164907 0.011344417929649353 701
1615837199354 0.010543007403612137 702
1615837233668 0.008413194678723812 703
1615837268452 0.010844109579920769 704
1615837302774 0.01051211915910244 705
1615837337224 0.009559308178722858 706
1615837371498 0.010945595800876617 707
1615837405750 0.008463732898235321 708
1615837440457 0.009877670556306839 709
1615837479406 0.010239236988127232 710
1615837514454 0.009909741580486298 711
1615837549418 0.009543957188725471 712
1615837584143 0.00979884434491396 713
1615837618689 0.010132275521755219 714
1615837653358 0.010610232129693031 715
1615837687882 0.01198013499379158 716
1615837722552 0.008583521470427513 717
1615837757162 0.008503790944814682 718
1615837791401 0.009375914931297302 719
1615837830110 0.009542839601635933 720
1615837864940 0.010484466329216957 721
1615837899578 0.01213905680924654 722
1615837934350 0.010239502415060997 723
1615837968695 0.009048974141478539 724
1615838003169 0.011311117559671402 725
1615838038068 0.008985258638858795 726
1615838072641 0.007416918408125639 727
1615838107325 0.010977944359183311 728
1615838142082 0.00875163171440363 729
1615838180843 0.00832816120237112 730
1615838216159 0.009435147047042847 731
1615838250469 0.01049184799194336 732
1615838284711 0.008635241538286209 733
1615838319480 0.01133820228278637 734
1615838354033 0.01096904743462801 735
1615838388334 0.01015649363398552 736
1615838422960 0.009170513600111008 737
1615838457737 0.00955662690103054 738
1615838492402 0.008551660925149918 739
1615838531613 0.012068291194736958 740
1615838566279 0.012075393460690975 741
1615838600561 0.009237047284841537 742
1615838634974 0.00839975569397211 743
1615838669975 0.007192423101514578 744
1615838704627 0.010976603254675865 745
1615838739316 0.008772775530815125 746
1615838773943 0.009644081816077232 747
1615838808608 0.009833550080657005 748
1615838843458 0.011071663349866867 749
1615838882933 0.00988980196416378 750
1615838917559 0.011527203023433685 751
1615838952461 0.010557571426033974 752
1615838986832 0.011585243977606297 753
1615839021648 0.00942806527018547 754
1615839056078 0.010345933958888054 755
1615839090394 0.0088033527135849 756
1615839125209 0.012811755761504173 757
1615839160326 0.010099425911903381 758
1615839194801 0.008169184438884258 759
1615839233604 0.010401269420981407 760
1615839268123 0.010771567933261395 761
1615839302758 0.010487990453839302 762
1615839337129 0.010308539494872093 763
1615839371536 0.010317940264940262 764
1615839406151 0.011196563020348549 765
1615839440975 0.009382491931319237 766
1615839475676 0.00996650941669941 767
1615839510105 0.009767789393663406 768
1615839544551 0.008865652605891228 769
1615839583791 0.009702194482088089 770
1615839618219 0.011347780004143715 771
1615839653448 0.010820358991622925 772
1615839688121 0.00835773441940546 773
1615839722416 0.01089007593691349 774
1615839756713 0.012113498523831367 775
1615839791370 0.008937189355492592 776
1615839825830 0.00907432846724987 777
1615839860636 0.009507102891802788 778
1615839895307 0.010510783642530441 779
1615839934944 0.008832176215946674 780
1615839969862 0.013367854058742523 781
1615840004479 0.008365370333194733 782
1615840039331 0.008401822298765182 783
1615840073756 0.009791359305381775 784
1615840108291 0.00839823205024004 785
1615840142571 0.011625709012150764 786
1615840177301 0.011218102648854256 787
1615840211963 0.009766848757863045 788
1615840246329 0.010507222265005112 789
1615840285271 0.009638017043471336 790
1615840319696 0.010765450075268745 791
1615840354586 0.009898103773593903 792
1615840389107 0.011173082515597343 793
1615840423738 0.008941003121435642 794
1615840458112 0.009700480848550797 795
1615840492970 0.00970340147614479 796
1615840527312 0.008986326865851879 797
1615840562552 0.0111022237688303 798
1615840597386 0.007440944202244282 799
1615840636358 0.009978998452425003 800
1615840670782 0.01146041601896286 801
1615840705153 0.010374234057962894 802
1615840739964 0.008725203573703766 803
1615840774751 0.009555347263813019 804
1615840809443 0.011756137013435364 805
1615840843872 0.00923469290137291 806
1615840878277 0.010134853422641754 807
1615840912961 0.010563043877482414 808
1615840947358 0.012045875191688538 809
1615840986551 0.010521959513425827 810
1615841021284 0.012208029627799988 811
1615841056072 0.009317868389189243 812
1615841090507 0.008353816345334053 813
1615841125361 0.008486407808959484 814
1615841160004 0.009783817455172539 815
1615841194265 0.01079146470874548 816
1615841228604 0.007246592082083225 817
1615841263328 0.01057511754333973 818
1615841298140 0.011789469979703426 819
1615841336938 0.013347355648875237 820
1615841371664 0.009142281487584114 821
1615841406628 0.010566793382167816 822
1615841441558 0.010062120854854584 823
1615841476094 0.009990092366933823 824
1615841510675 0.011154983192682266 825
1615841545284 0.009035073220729828 826
1615841580477 0.011463550850749016 827
1615841615272 0.008332161232829094 828
1615841649983 0.008798993192613125 829
1615841689306 0.010653331875801086 830
1615841724044 0.01118641346693039 831
1615841758472 0.00944007933139801 832
1615841793435 0.007971618324518204 833
1615841828403 0.010015517473220825 834
1615841863756 0.010983381420373917 835
1615841898202 0.009363832883536816 836
1615841932642 0.012799356132745743 837
1615841967090 0.01101272739470005 838
1615842001750 0.009879263117909431 839
1615842041123 0.008769688196480274 840
1615842075617 0.01141723059117794 841
1615842109843 0.010456557385623455 842
1615842144673 0.007960781455039978 843
1615842179437 0.00875416211783886 844
1615842214266 0.010241076350212097 845
1615842249249 0.00870908610522747 846
1615842283722 0.008843319490551949 847
1615842318421 0.010221444070339203 848
1615842352821 0.013915588147938251 849
1615842391774 0.010567234829068184 850
1615842426475 0.0076604546047747135 851
1615842461306 0.006464673206210136 852
1615842495557 0.011734643951058388 853
1615842530592 0.010696442797780037 854
1615842565096 0.010819433256983757 855
1615842599217 0.010457649827003479 856
1615842633920 0.011107804253697395 857
1615842668233 0.008998718112707138 858
1615842702591 0.00873779971152544 859
1615842741012 0.00875837542116642 860
1615842775880 0.011736992746591568 861
1615842810765 0.010110190138220787 862
1615842845562 0.011827327311038971 863
1615842880067 0.012272074818611145 864
1615842914937 0.008952943608164787 865
1615842949428 0.012337281368672848 866
1615842984389 0.008239666000008583 867
1615843018706 0.013227831572294235 868
1615843053019 0.010300508700311184 869
1615843092594 0.007615700364112854 870
1615843126815 0.009329088032245636 871
1615843161273 0.010299415327608585 872
1615843196160 0.012176373042166233 873
1615843230804 0.01084655337035656 874
1615843265525 0.009469784796237946 875
1615843300467 0.00962781347334385 876
1615843335322 0.010149776935577393 877
1615843369974 0.011810868047177792 878
1615843404783 0.008262548595666885 879
1615843443685 0.007685839664191008 880
1615843477918 0.010797662660479546 881
1615843512395 0.009666500613093376 882
1615843547091 0.010892001911997795 883
1615843581987 0.010398438200354576 884
1615843616369 0.011594220995903015 885
1615843650937 0.012203830294311047 886
1615843685408 0.007372969761490822 887
1615843719701 0.009263996034860611 888
1615843754014 0.010903996415436268 889
1615843793422 0.009642602875828743 890
1615843828131 0.008169172331690788 891
1615843863501 0.009553245268762112 892
1615843898353 0.008617722429335117 893
1615843932767 0.008440304547548294 894
1615843967308 0.0066959913820028305 895
1615844002070 0.010773751884698868 896
1615844036343 0.011608093976974487 897
1615844071193 0.009020897559821606 898
1615844105551 0.012135840021073818 899
1615844144404 0.00889690313488245 900
1615844178948 0.009102321229875088 901
1615844213943 0.0077951084822416306 902
1615844249135 0.009972769767045975 903
1615844283641 0.009207961149513721 904
1615844318374 0.010213940404355526 905
1615844352807 0.010235043242573738 906
1615844387066 0.010475445538759232 907
1615844421890 0.01044327300041914 908
1615844456723 0.010146355256438255 909
1615844496208 0.008239621296525002 910
1615844530803 0.007936983369290829 911
1615844565855 0.01192992553114891 912
1615844600697 0.01034313440322876 913
1615844635494 0.008162220939993858 914
1615844670014 0.012200314551591873 915
1615844704742 0.009328833781182766 916
1615844739066 0.013163565658032894 917
1615844774123 0.010008467361330986 918
1615844808900 0.009574067778885365 919
1615844848126 0.009785812348127365 920
1615844882341 0.010075191035866737 921
1615844917056 0.00914986152201891 922
1615844951277 0.010426522232592106 923
1615844986010 0.00814882107079029 924
1615845020331 0.010873755440115929 925
1615845054663 0.008241868577897549 926
1615845089409 0.008785078302025795 927
1615845123722 0.010010020807385445 928
1615845158375 0.00925743579864502 929
1615845197797 0.012303626164793968 930
1615845232042 0.009542055428028107 931
1615845266592 0.009575337171554565 932
1615845301650 0.009868977591395378 933
1615845336612 0.012123031541705132 934
1615845371632 0.009322542697191238 935
1615845406018 0.012265779078006744 936
1615845440844 0.012563595548272133 937
1615845475081 0.01049964502453804 938
1615845509849 0.01028003916144371 939
1615845549270 0.009906863793730736 940
1615845583628 0.011544305831193924 941
1615845617888 0.01098369900137186 942
1615845652667 0.010943196713924408 943
1615845687278 0.009250493720173836 944
1615845722021 0.008787142112851143 945
1615845756942 0.007669390179216862 946
1615845791649 0.013545568101108074 947
1615845826266 0.008579214103519917 948
1615845861185 0.007991507649421692 949
1615845899756 0.009521539323031902 950
1615845934205 0.010537305846810341 951
1615845968677 0.008400269784033298 952
1615846003909 0.008586456999182701 953
1615846038624 0.00864438060671091 954
1615846073294 0.011205006390810013 955
1615846107956 0.007887836545705795 956
1615846142724 0.010429736226797104 957
1615846176895 0.008286993019282818 958
1615846211150 0.009224745444953442 959
1615846250474 0.012053689919412136 960
1615846284754 0.010507913306355476 961
1615846319043 0.009186056442558765 962
1615846353289 0.010201775468885899 963
1615846387917 0.00861142948269844 964
1615846422654 0.008184703066945076 965
1615846457473 0.010120883584022522 966
1615846492364 0.008636219426989555 967
1615846527361 0.007614505477249622 968
1615846561722 0.009482935070991516 969
1615846600788 0.011812212876975536 970
1615846635469 0.008533863350749016 971
1615846670109 0.009920372627675533 972
1615846704698 0.009775644168257713 973
1615846739060 0.009900704026222229 974
1615846773256 0.010588740929961205 975
1615846808030 0.008293132297694683 976
1615846842837 0.008306577801704407 977
1615846877533 0.011951315216720104 978
1615846912243 0.009506413713097572 979
1615846951076 0.012677095830440521 980
1615846985300 0.011099770665168762 981
1615847019897 0.010192202404141426 982
1615847054179 0.010396208614110947 983
1615847088945 0.008040555752813816 984
1615847123382 0.00944389495998621 985
1615847158497 0.008715489879250526 986
1615847193483 0.008913584984838963 987
1615847228253 0.008817178197205067 988
1615847262831 0.008361894637346268 989
1615847302429 0.009958796203136444 990
1615847336903 0.010313063859939575 991
1615847371636 0.00874481163918972 992
1615847406341 0.009967973455786705 993
1615847440774 0.008615231141448021 994
1615847475223 0.007441220339387655 995
1615847509560 0.00844896025955677 996
1615847544428 0.007318208925426006 997
1615847579464 0.009777216240763664 998
1615847614322 0.009608167223632336 999
1615847652718 0.008759689517319202 1000
1615847687726 0.008436606265604496 1001
1615847722529 0.008985059335827827 1002
1615847756741 0.00943037774413824 1003
1615847791416 0.01112128421664238 1004
1615847826203 0.01034967228770256 1005
1615847860950 0.010734278708696365 1006
1615847895730 0.009369533509016037 1007
1615847930318 0.00993860512971878 1008
1615847965147 0.012914689257740974 1009
1615848004397 0.010225195437669754 1010
1615848038834 0.008065309375524521 1011
1615848073830 0.008838408626616001 1012
1615848108727 0.011035454459488392 1013
1615848143858 0.009611207991838455 1014
1615848178686 0.009970547631382942 1015
1615848213449 0.01179047767072916 1016
1615848247957 0.010524298995733261 1017
1615848282251 0.007947416976094246 1018
1615848316857 0.008749458938837051 1019
1615848355934 0.009684225544333458 1020
1615848390193 0.010370815172791481 1021
1615848424481 0.012672241777181625 1022
1615848459224 0.00822983868420124 1023
1615848493960 0.00950104184448719 1024
1615848528777 0.01200464740395546 1025
1615848563810 0.00789480097591877 1026
1615848598913 0.010025589726865292 1027
1615848633765 0.009935183450579643 1028
1615848668688 0.008957420475780964 1029
1615848708174 0.011065982282161713 1030
1615848742463 0.010849537327885628 1031
1615848776814 0.010574862360954285 1032
1615848811602 0.009578946977853775 1033
1615848846881 0.008045738562941551 1034
1615848881168 0.008496583439409733 1035
1615848915736 0.009222447872161865 1036
1615848950459 0.009698587469756603 1037
1615848985179 0.010288391262292862 1038
1615849020080 0.010194584727287292 1039
1615849059105 0.01058855839073658 1040
1615849093592 0.007664039731025696 1041
1615849128543 0.009049644693732262 1042
1615849163073 0.008770974352955818 1043
1615849197808 0.010732296854257584 1044
1615849232609 0.008719278499484062 1045
1615849267922 0.01009167917072773 1046
1615849302813 0.010698391124606133 1047
1615849337645 0.00926847942173481 1048
1615849372119 0.010350348427891731 1049
1615849411248 0.00994846597313881 1050
1615849445820 0.010784095153212547 1051
1615849480764 0.010716719552874565 1052
1615849515100 0.009240674786269665 1053
1615849549514 0.009846069850027561 1054
1615849584430 0.00999973714351654 1055
1615849618798 0.007946119643747807 1056
1615849653060 0.008264807984232903 1057
1615849687929 0.01242789626121521 1058
1615849722262 0.011981446295976639 1059
1615849761653 0.009623121470212936 1060
1615849796472 0.009064696729183197 1061
1615849831207 0.010460485704243183 1062
1615849865646 0.01154263224452734 1063
1615849899861 0.012197153642773628 1064
1615849934590 0.010537611320614815 1065
1615849969571 0.010291080921888351 1066
1615850004341 0.010762335732579231 1067
1615850039008 0.009853300638496876 1068
1615850073264 0.008890291675925255 1069
1615850112037 0.010879372246563435 1070
1615850146368 0.009406080469489098 1071
1615850181280 0.012493256479501724 1072
1615850216138 0.010399004444479942 1073
1615850250880 0.009623491205275059 1074
1615850285425 0.008123492822051048 1075
1615850320438 0.009352084249258041 1076
1615850355372 0.011304469779133797 1077
1615850390253 0.009210064075887203 1078
1615850424841 0.009660473093390465 1079
1615850463770 0.010472984984517097 1080
1615850498589 0.01123653631657362 1081
1615850533809 0.012054977007210255 1082
1615850568025 0.011378586292266846 1083
1615850602205 0.01206982508301735 1084
1615850636910 0.010771213099360466 1085
1615850671660 0.008898532949388027 1086
1615850706027 0.008965343236923218 1087
1615850740881 0.009270163252949715 1088
1615850775611 0.01043667271733284 1089
1615850814453 0.009614226408302784 1090
1615850848844 0.009015881456434727 1091
1615850883111 0.009978299960494041 1092
1615850917869 0.009348568506538868 1093
1615850952831 0.011464133858680725 1094
1615850987452 0.008573590777814388 1095
1615851022353 0.008077443577349186 1096
1615851057215 0.011406749486923218 1097
1615851091485 0.009577667340636253 1098
1615851126582 0.007851650938391685 1099
1615851165864 0.008760918863117695 1100
1615851200597 0.008283214643597603 1101
1615851235394 0.01009752694517374 1102
1615851269958 0.00856107473373413 1103
1615851304799 0.009754838421940804 1104
1615851339160 0.011383246630430222 1105
1615851373482 0.008306658826768398 1106
1615851407808 0.010406352579593658 1107
1615851442535 0.009096754714846611 1108
1615851477024 0.009221192449331284 1109
1615851516501 0.0073870085179805756 1110
1615851551355 0.010586246848106384 1111
1615851586165 0.011694902554154396 1112
1615851620490 0.00964183360338211 1113
1615851655137 0.008605757728219032 1114
1615851689713 0.00938333012163639 1115
1615851723963 0.0077978880144655704 1116
1615851758339 0.010094518773257732 1117
1615851792700 0.009069821797311306 1118
1615851827263 0.011850167065858841 1119
1615851866613 0.01052623800933361 1120
1615851901420 0.009058810770511627 1121
1615851935902 0.00885249674320221 1122
1615851970603 0.008644824847579002 1123
1615852005595 0.008526870049536228 1124
1615852040027 0.008589986711740494 1125
1615852074904 0.008962161839008331 1126
1615852109831 0.008593462407588959 1127
1615852144321 0.009612150490283966 1128
1615852178588 0.009108581580221653 1129
1615852217664 0.00815547164529562 1130
1615852252802 0.011373070068657398 1131
1615852287642 0.006961827166378498 1132
1615852321899 0.009493380784988403 1133
1615852356781 0.008907618001103401 1134
1615852391116 0.009638705290853977 1135
1615852425518 0.007966352626681328 1136
1615852460271 0.009270986542105675 1137
1615852494873 0.010017217136919498 1138
1615852529234 0.009960664436221123 1139
1615852567915 0.011241402477025986 1140
1615852602763 0.009061494842171669 1141
1615852637129 0.011240825988352299 1142
1615852671407 0.009494969621300697 1143
1615852706225 0.010507806204259396 1144
1615852740540 0.008681129664182663 1145
1615852775426 0.011566760018467903 1146
1615852810204 0.006994923576712608 1147
1615852844453 0.009867094457149506 1148
1615852878742 0.010471224784851074 1149
1615852917826 0.010181032121181488 1150
1615852952024 0.01041257195174694 1151
1615852986328 0.009883487597107887 1152
1615853021142 0.009489038959145546 1153
1615853056173 0.01088782213628292 1154
1615853091134 0.009895004332065582 1155
1615853125943 0.008774555288255215 1156
1615853160355 0.009940015152096748 1157
1615853194959 0.00981919839978218 1158
1615853229733 0.012116584926843643 1159
1615853268541 0.010195096954703331 1160
1615853302813 0.009622120298445225 1161
1615853337455 0.007139635272324085 1162
1615853372278 0.007985634729266167 1163
1615853406705 0.009460938163101673 1164
1615853441531 0.011806098744273186 1165
1615853476292 0.009134555235505104 1166
1615853510810 0.009972823783755302 1167
1615853545283 0.01077940408140421 1168
1615853580028 0.008996089920401573 1169
1615853619222 0.008509400300681591 1170
1615853653909 0.009078686125576496 1171
1615853688815 0.009791363961994648 1172
1615853723620 0.011344891041517258 1173
1615853758371 0.010910301469266415 1174
1615853792735 0.009506468661129475 1175
1615853827185 0.007747137453407049 1176
1615853861956 0.007348553743213415 1177
1615853897080 0.01010802946984768 1178
1615853931961 0.008905110880732536 1179
1615853970700 0.009645561687648296 1180
1615854005290 0.008372334763407707 1181
1615854040013 0.01069822907447815 1182
1615854074719 0.010083789005875587 1183
1615854109185 0.008622031658887863 1184
1615854143998 0.010090874508023262 1185
1615854178958 0.01002538949251175 1186
1615854213446 0.009552635252475739 1187
1615854247941 0.009904878214001656 1188
1615854282613 0.007407769560813904 1189
1615854321891 0.009128844365477562 1190
1615854356218 0.008695445954799652 1191
1615854390998 0.007564506959170103 1192
1615854425686 0.010019499808549881 1193
1615854460564 0.009338948875665665 1194
1615854494920 0.011081507429480553 1195
1615854529726 0.009448191151022911 1196
1615854564495 0.009091786108911037 1197
1615854599362 0.009644150733947754 1198
1615854633620 0.008441701531410217 1199
1615854672475 0.012117698788642883 1200
1615854695124 0.008153188973665237 0
1615854695138 0.008153188973665237 0
