1615441719965 0.3059372901916504 1
1615441754580 0.40472301840782166 2
1615441789111 0.5476105213165283 3
1615441823514 0.6380399465560913 4
1615441857762 0.6533671617507935 5
1615441892123 0.6701226234436035 6
1615441926433 0.672713577747345 7
1615441960649 0.6860443353652954 8
1615441994920 0.7105896472930908 9
1615442031550 0.6885329484939575 10
1615442065768 0.7440075874328613 11
1615442100002 0.7212646007537842 12
1615442134189 0.6889500617980957 13
1615442168650 0.7046505808830261 14
1615442202929 0.7123459577560425 15
1615442237095 0.7232423424720764 16
1615442271404 0.7436392307281494 17
1615442305894 0.7614924907684326 18
1615442340341 0.7311869859695435 19
1615442376648 0.7551676034927368 20
1615442411061 0.7482807636260986 21
1615442445634 0.765730619430542 22
1615442480078 0.7789790630340576 23
1615442514432 0.7761962413787842 24
1615442548790 0.7531418800354004 25
1615442583045 0.793129026889801 26
1615442617380 0.7701036930084229 27
1615442651693 0.7834624648094177 28
1615442686189 0.7558778524398804 29
1615442722270 0.7610731720924377 30
1615442756467 0.7869091033935547 31
1615442790732 0.7674411535263062 32
1615442824996 0.7887281775474548 33
1615442859216 0.7724670171737671 34
1615442893460 0.7941382527351379 35
1615442927995 0.7924525737762451 36
1615442962327 0.8152022361755371 37
1615442996724 0.8111315965652466 38
1615443031211 0.7998526692390442 39
1615443067548 0.7949118614196777 40
1615443102194 0.797060489654541 41
1615443136550 0.7690451145172119 42
1615443171113 0.7874768972396851 43
1615443205655 0.8023302555084229 44
1615443240138 0.7936161756515503 45
1615443274482 0.770111083984375 46
1615443309061 0.7997193336486816 47
1615443343308 0.84501713514328 48
1615443377579 0.8168753385543823 49
1615443413796 0.8081514835357666 50
1615443448082 0.810210108757019 51
1615443482321 0.7476891875267029 52
1615443516547 0.7755065560340881 53
1615443551001 0.7937933206558228 54
1615443585394 0.7816770076751709 55
1615443619991 0.7971780300140381 56
1615443654337 0.7777032256126404 57
1615443688915 0.7894909381866455 58
1615443723387 0.809434175491333 59
1615443759573 0.8079715967178345 60
1615443794337 0.7964053750038147 61
1615443828512 0.7932194471359253 62
1615443863192 0.7891896963119507 63
1615443897510 0.7633030414581299 64
1615443931783 0.8017396926879883 65
1615443966010 0.8236315250396729 66
1615444000478 0.8204931020736694 67
1615444035003 0.825189471244812 68
1615444069739 0.7943050861358643 69
1615444106205 0.7984719276428223 70
1615444140729 0.7932407855987549 71
1615444175257 0.7743169069290161 72
1615444209567 0.7836689949035645 73
1615444243778 0.7973969578742981 74
1615444278007 0.8124645352363586 75
1615444312412 0.8246904611587524 76
1615444346732 0.8358257412910461 77
1615444381031 0.8379172086715698 78
1615444415855 0.8150267601013184 79
1615444451659 0.7939867973327637 80
1615444486018 0.8048590421676636 81
1615444520292 0.8402540683746338 82
1615444554452 0.8190841674804688 83
1615444588656 0.8417340517044067 84
1615444622924 0.8299314975738525 85
1615444659975 0.8285285830497742 86
1615444694095 0.8433014154434204 87
1615444728410 0.84495609998703 88
1615444762782 0.83016437292099 89
1615444799056 0.8218346238136292 90
1615444833446 0.8304609060287476 91
1615444867908 0.8126181960105896 92
1615444902351 0.8291890025138855 93
1615444936951 0.8471255898475647 94
1615444971241 0.8519273996353149 95
1615445005906 0.8157086372375488 96
1615445040205 0.8095890879631042 97
1615445074502 0.7930712699890137 98
1615445108701 0.8217239379882812 99
1615445144685 0.8249070644378662 100
1615445178992 0.8384589552879333 101
1615445213212 0.814915657043457 102
1615445247474 0.8393114805221558 103
1615445281733 0.8524977564811707 104
1615445316206 0.8159791231155396 105
1615445350768 0.7818232774734497 106
1615445385218 0.8258839845657349 107
1615445419718 0.8177956342697144 108
1615445454143 0.8355173468589783 109
1615445490224 0.8190577030181885 110
1615445524511 0.8399772644042969 111
1615445558860 0.8359090089797974 112
1615445593240 0.8219540119171143 113
1615445627607 0.8037177324295044 114
1615445662101 0.8273364305496216 115
1615445696731 0.8114712834358215 116
1615445730942 0.835691511631012 117
1615445765360 0.7754080891609192 118
1615445799552 0.8392213582992554 119
1615445835521 0.8266204595565796 120
1615445869793 0.8419663310050964 121
1615445903954 0.8239189386367798 122
1615445938174 0.802527904510498 123
1615445972569 0.8113480806350708 124
1615446007154 0.8216166496276855 125
1615446041551 0.8408448696136475 126
1615446075965 0.8476124405860901 127
1615446110436 0.8448766469955444 128
1615446144967 0.8340073823928833 129
1615446181110 0.8492308259010315 130
1615446215402 0.8320159316062927 131
1615446249808 0.8372671604156494 132
1615446284059 0.8534428477287292 133
1615446318427 0.8263980150222778 134
1615446352875 0.8735265731811523 135
1615446387164 0.8718148469924927 136
1615446421560 0.8393120169639587 137
1615446455879 0.8144471645355225 138
1615446490100 0.8183659911155701 139
1615446525972 0.824170708656311 140
1615446560222 0.8232049942016602 141
1615446594460 0.8417847156524658 142
1615446628677 0.8613070249557495 143
1615446663220 0.836357831954956 144
1615446697848 0.869164228439331 145
1615446732278 0.8454010486602783 146
1615446766498 0.8328815698623657 147
1615446800744 0.831406831741333 148
1615446835091 0.847360372543335 149
1615446871180 0.8396520018577576 150
1615446905525 0.8489886522293091 151
1615446939932 0.8460997343063354 152
1615446974760 0.8541848063468933 153
1615447009180 0.8959155082702637 154
1615447043483 0.8620175123214722 155
1615447077793 0.8713202476501465 156
1615447112062 0.8701285123825073 157
1615447146356 0.8535448312759399 158
1615447180632 0.8836721181869507 159
1615447216682 0.8682092428207397 160
1615447251018 0.8145343661308289 161
1615447285430 0.8338153958320618 162
1615447319812 0.845621645450592 163
1615447354246 0.8670303821563721 164
1615447388592 0.8417797088623047 165
1615447422948 0.8221453428268433 166
1615447457497 0.8583943247795105 167
1615447491868 0.8644270896911621 168
1615447526286 0.886972188949585 169
1615447562407 0.8557767868041992 170
1615447596722 0.8405739068984985 171
1615447631344 0.8677718639373779 172
1615447665731 0.8540953397750854 173
1615447699930 0.8478574156761169 174
1615447734088 0.850120484828949 175
1615447768350 0.8471570611000061 176
1615447802554 0.8234133720397949 177
1615447836921 0.8439793586730957 178
1615447871239 0.834802508354187 179
1615447907197 0.8879212141036987 180
1615447941498 0.8554009199142456 181
1615447975657 0.8401395678520203 182
1615448010037 0.8137632012367249 183
1615448044462 0.862288236618042 184
1615448079185 0.8554618954658508 185
1615448114037 0.8496208190917969 186
1615448148579 0.8295086622238159 187
1615448183285 0.8368740081787109 188
1615448217673 0.8434709310531616 189
1615448253706 0.8503484725952148 190
1615448288361 0.8862433433532715 191
1615448322677 0.8456021547317505 192
1615448356900 0.8254475593566895 193
1615448391133 0.8349738121032715 194
1615448425450 0.8644700050354004 195
1615448459647 0.8205587863922119 196
1615448493916 0.8575359582901001 197
1615448528252 0.8553440570831299 198
1615448562478 0.8538840413093567 199
1615448598436 0.8345028162002563 200
1615448633009 0.8294243812561035 201
1615448667437 0.8208624124526978 202
1615448701935 0.8426744341850281 203
1615448736323 0.8520570993423462 204
1615448770781 0.8603115081787109 205
1615448805230 0.871168315410614 206
1615448839491 0.8780168890953064 207
1615448873734 0.8734318017959595 208
1615448907970 0.8811122179031372 209
1615448944212 0.8261815905570984 210
1615448978454 0.8610718250274658 211
1615449012879 0.8614981770515442 212
1615449047088 0.8172992467880249 213
1615449081377 0.8380987644195557 214
1615449115681 0.8699929714202881 215
1615449150426 0.8375656604766846 216
1615449184755 0.8534327745437622 217
1615449219017 0.855046272277832 218
1615449253366 0.8506486415863037 219
1615449289123 0.851628303527832 220
1615449323362 0.8461079597473145 221
1615449357635 0.8395720720291138 222
1615449391997 0.8678573966026306 223
1615449426347 0.8627530336380005 224
1615449460774 0.8398281335830688 225
1615449495194 0.8508179187774658 226
1615449529736 0.8414767980575562 227
1615449564256 0.862241268157959 228
1615449598819 0.882868766784668 229
1615449634999 0.865371584892273 230
1615449669704 0.8854273557662964 231
1615449704124 0.8676194548606873 232
1615449738471 0.8430192470550537 233
1615449772733 0.860834002494812 234
1615449806948 0.85500168800354 235
1615449841270 0.859705924987793 236
1615449875569 0.8633926510810852 237
1615449909979 0.8582848310470581 238
1615449944280 0.8859297633171082 239
1615449980296 0.85335373878479 240
1615450014558 0.8440837860107422 241
1615450049145 0.861060619354248 242
1615450083412 0.8670650720596313 243
1615450117622 0.8762631416320801 244
1615450151790 0.8598775267601013 245
1615450186068 0.8611915111541748 246
1615450220272 0.833864688873291 247
1615450254490 0.8579428791999817 248
1615450288806 0.8536059856414795 249
1615450324728 0.8619105815887451 250
1615450359056 0.8827418088912964 251
1615450393359 0.8517156839370728 252
1615450427698 0.8258020877838135 253
1615450462142 0.8463653922080994 254
1615450496544 0.8660880327224731 255
1615450531034 0.8644190430641174 256
1615450565503 0.8972745537757874 257
1615450599934 0.8687865138053894 258
1615450634487 0.8584968447685242 259
1615450670382 0.8421427011489868 260
1615450704658 0.8707389831542969 261
1615450738967 0.8782427310943604 262
1615450773279 0.8598425388336182 263
1615450807518 0.8343237042427063 264
1615450841926 0.8603152632713318 265
1615450876355 0.8521366119384766 266
1615450910701 0.8659607172012329 267
1615450945064 0.8472152948379517 268
1615450979755 0.8655961751937866 269
1615451015942 0.8626309037208557 270
1615451050270 0.8791533708572388 271
1615451084504 0.8673465847969055 272
1615451118869 0.8581428527832031 273
1615451153179 0.8616625070571899 274
1615451187507 0.8524388670921326 275
1615451222087 0.8225210905075073 276
1615451256524 0.8963651061058044 277
1615451291010 0.851129412651062 278
1615451325522 0.8851725459098816 279
1615451361709 0.879976749420166 280
1615451396061 0.8695769309997559 281
1615451430497 0.8810205459594727 282
1615451464974 0.8583922386169434 283
1615451499247 0.8729023933410645 284
1615451533480 0.8307780027389526 285
1615451567875 0.8724103569984436 286
1615451602193 0.8569621443748474 287
1615451636599 0.8478626012802124 288
1615451670926 0.8704979419708252 289
1615451708160 0.8579872846603394 290
1615451742386 0.876948893070221 291
1615451776566 0.8679286241531372 292
1615451810756 0.8753119111061096 293
1615451844970 0.8654509782791138 294
1615451879186 0.8579322695732117 295
1615451913453 0.8521156311035156 296
1615451947759 0.8783146142959595 297
1615451982048 0.8699177503585815 298
1615452016334 0.8846131563186646 299
1615452052606 0.8794788122177124 300
1615452087426 0.8315611481666565 301
1615452121987 0.8710552453994751 302
1615452156849 0.8914824724197388 303
1615452191625 0.8855369091033936 304
1615452226080 0.8557627201080322 305
1615452260489 0.8505614995956421 306
1615452294971 0.8680828809738159 307
1615452329684 0.9158101081848145 308
1615452364069 0.8998640775680542 309
1615452399985 0.8409424424171448 310
1615452434237 0.8407478928565979 311
1615452468439 0.862101674079895 312
1615452502682 0.8527798056602478 313
1615452536922 0.8927723169326782 314
1615452571177 0.8627648949623108 315
1615452605561 0.8757066130638123 316
1615452639900 0.8846869468688965 317
1615452674486 0.8610621690750122 318
1615452708895 0.8643460869789124 319
1615452745124 0.8735306262969971 320
1615452779711 0.8664904832839966 321
1615452814221 0.8620356917381287 322
1615452848736 0.8401734828948975 323
1615452883169 0.8836294412612915 324
1615452917506 0.8480519652366638 325
1615452951945 0.8666553497314453 326
1615452986243 0.8704878091812134 327
1615453020569 0.880572497844696 328
1615453054946 0.890188455581665 329
1615453090833 0.8397424221038818 330
1615453125440 0.848330020904541 331
1615453159682 0.8623268604278564 332
1615453193950 0.8964760899543762 333
1615453228224 0.8556540012359619 334
1615453262447 0.8734023571014404 335
1615453296691 0.8567594289779663 336
1615453330957 0.8824822902679443 337
1615453365312 0.8482193946838379 338
1615453400064 0.8939052224159241 339
1615453436953 0.886509120464325 340
1615453471558 0.8675104379653931 341
1615453506113 0.8851598501205444 342
1615453540790 0.8557892441749573 343
1615453575140 0.8700128793716431 344
1615453609517 0.8581695556640625 345
1615453643798 0.8387856483459473 346
1615453678110 0.8241283297538757 347
1615453712575 0.8579598069190979 348
1615453746858 0.883520245552063 349
1615453782988 0.8951184749603271 350
1615453817532 0.8802160024642944 351
1615453851942 0.8761870265007019 352
1615453886297 0.8837358951568604 353
1615453920535 0.892991304397583 354
1615453954809 0.8836619257926941 355
1615453990092 0.8660718202590942 356
1615454024846 0.8820626735687256 357
1615454059365 0.9032373428344727 358
1615454094244 0.8519575595855713 359
1615454130835 0.8654503226280212 360
1615454165199 0.8924040794372559 361
1615454199723 0.8935309648513794 362
1615454233928 0.8769092559814453 363
1615454268208 0.8578618168830872 364
1615454302770 0.877021312713623 365
1615454337064 0.8596882820129395 366
1615454371297 0.8777339458465576 367
1615454405527 0.8890988826751709 368
1615454439752 0.8580787181854248 369
1615454475688 0.8696627020835876 370
1615454509935 0.9052325487136841 371
1615454544217 0.892392635345459 372
1615454578539 0.8707051277160645 373
1615454612933 0.8724983334541321 374
1615454647558 0.874312162399292 375
1615454682058 0.8654599189758301 376
1615454716619 0.8285669088363647 377
1615454751392 0.8396439552307129 378
1615454785870 0.8536255359649658 379
1615454822260 0.8532712459564209 380
1615454856593 0.8751593828201294 381
1615454890967 0.8768614530563354 382
1615454925298 0.8616191148757935 383
1615454959728 0.8792656660079956 384
1615454994077 0.8867976069450378 385
1615455028340 0.8773735761642456 386
1615455063015 0.8596970438957214 387
1615455097360 0.8724017143249512 388
1615455131578 0.8724002242088318 389
1615455167464 0.8555262088775635 390
1615455201836 0.859078049659729 391
1615455236200 0.8612512350082397 392
1615455270502 0.8760659098625183 393
1615455304876 0.8529331088066101 394
1615455339219 0.9115406274795532 395
1615455373853 0.8652628660202026 396
1615455408455 0.8893290758132935 397
1615455442959 0.8934075832366943 398
1615455477377 0.8750897645950317 399
1615455513710 0.884601354598999 400
1615455548140 0.8746328353881836 401
1615455582595 0.8764944076538086 402
1615455616848 0.8446540832519531 403
1615455651192 0.8916488289833069 404
1615455685590 0.8749840259552002 405
1615455719931 0.876849889755249 406
1615455755048 0.8366104364395142 407
1615455789341 0.8806254267692566 408
1615455823613 0.8628697991371155 409
1615455859527 0.8711351156234741 410
1615455893792 0.8720322847366333 411
1615455928140 0.8871773481369019 412
1615455962348 0.8904702663421631 413
1615455996812 0.8657108545303345 414
1615456032334 0.8552027940750122 415
1615456067243 0.8778125047683716 416
1615456101713 0.8693981170654297 417
1615456136048 0.8807275295257568 418
1615456170619 0.8749498128890991 419
1615456206660 0.8881708979606628 420
1615456241203 0.8784170150756836 421
1615456275472 0.8734925985336304 422
1615456309815 0.8554551601409912 423
1615456344035 0.8655472993850708 424
1615456378585 0.8907365798950195 425
1615456412850 0.8707840442657471 426
1615456447035 0.8908851146697998 427
1615456481340 0.8668545484542847 428
1615456515567 0.8375928401947021 429
1615456551269 0.8533830642700195 430
1615456585538 0.8812718987464905 431
1615456619779 0.8708310127258301 432
1615456654154 0.8628389835357666 433
1615456688609 0.879656195640564 434
1615456723338 0.815684974193573 435
1615456758843 0.879636287689209 436
1615456793331 0.8753874897956848 437
1615456827842 0.877204954624176 438
1615456862140 0.8501043319702148 439
1615456898435 0.9031744003295898 440
1615456932769 0.8870017528533936 441
1615456967009 0.8548949360847473 442
1615457001245 0.87689208984375 443
1615457035736 0.89533531665802 444
1615457070028 0.8756502866744995 445
1615457104288 0.8632352948188782 446
1615457138638 0.8537147045135498 447
1615457172882 0.8788462281227112 448
1615457207170 0.8883188962936401 449
1615457243294 0.8974471092224121 450
1615457277555 0.8890923261642456 451
1615457311847 0.8766745924949646 452
1615457346375 0.8701997995376587 453
1615457381147 0.8648808598518372 454
1615457415638 0.8969036340713501 455
1615457450189 0.8631939888000488 456
1615457484696 0.8486990928649902 457
1615457519127 0.8469250202178955 458
1615457553496 0.8809182047843933 459
1615457589880 0.8875094652175903 460
1615457624148 0.8881688117980957 461
1615457658598 0.8903576135635376 462
1615457693044 0.8703286647796631 463
1615457727296 0.8753082752227783 464
1615457761601 0.8846707344055176 465
1615457795891 0.8670073747634888 466
1615457830624 0.8597499132156372 467
1615457864896 0.8691550493240356 468
1615457899326 0.8810846209526062 469
1615457935181 0.857399582862854 470
1615457969464 0.8552019596099854 471
1615458003756 0.8660262227058411 472
1615458038000 0.8717743158340454 473
1615458072310 0.8672212362289429 474
1615458106568 0.889755129814148 475
1615458140857 0.8686115741729736 476
1615458175062 0.8712876439094543 477
1615458209490 0.8795571327209473 478
1615458244174 0.9087574481964111 479
1615458280627 0.8984599113464355 480
1615458315205 0.8791121244430542 481
1615458349870 0.8892772793769836 482
1615458384385 0.8730525970458984 483
1615458418970 0.8758353590965271 484
1615458453324 0.8731527328491211 485
1615458487713 0.866668164730072 486
1615458521966 0.8637926578521729 487
1615458556311 0.8805967569351196 488
1615458590571 0.8916743993759155 489
1615458626539 0.9043740034103394 490
1615458660798 0.8796238899230957 491
1615458695088 0.8514009118080139 492
1615458729397 0.9149713516235352 493
1615458763622 0.8395730257034302 494
1615458798058 0.8800536394119263 495
1615458832544 0.8683822154998779 496
1615458866769 0.8988837003707886 497
1615458901063 0.8720223903656006 498
1615458935317 0.8927011489868164 499
1615458971238 0.870524525642395 500
1615459005468 0.8506399393081665 501
1615459039760 0.8876696825027466 502
1615459074005 0.8955477476119995 503
1615459108267 0.8995014429092407 504
1615459142605 0.877117931842804 505
1615459176859 0.8926922082901001 506
1615459211396 0.857591986656189 507
1615459245862 0.8723757266998291 508
1615459280289 0.8863639235496521 509
1615459316448 0.8801491260528564 510
1615459351051 0.9174190759658813 511
1615459385563 0.8874537348747253 512
1615459420172 0.8928846120834351 513
1615459454732 0.8959835767745972 514
1615459489158 0.874651312828064 515
1615459523522 0.8930644989013672 516
1615459557769 0.9020441770553589 517
1615459592096 0.8771478533744812 518
1615459626348 0.8652700185775757 519
1615459662379 0.8597265481948853 520
1615459696877 0.8514965772628784 521
1615459731116 0.8761045932769775 522
1615459765399 0.8898898363113403 523
1615459799750 0.888371467590332 524
1615459834108 0.8742996454238892 525
1615459868348 0.9134130477905273 526
1615459902561 0.8834527134895325 527
1615459936821 0.8768084645271301 528
1615459971239 0.9074603319168091 529
1615460007346 0.8797106742858887 530
1615460041902 0.8652184009552002 531
1615460076812 0.8729457855224609 532
1615460111575 0.8749299049377441 533
1615460146008 0.8833775520324707 534
1615460180268 0.8741339445114136 535
1615460214750 0.9135609865188599 536
1615460249096 0.8715828061103821 537
1615460283412 0.8867406845092773 538
1615460317875 0.8790178298950195 539
1615460354206 0.908649206161499 540
1615460388519 0.8721421957015991 541
1615460422799 0.8592705726623535 542
1615460457033 0.8860275745391846 543
1615460491330 0.8939255475997925 544
1615460525587 0.8825657367706299 545
1615460559924 0.8923355340957642 546
1615460594094 0.9118714332580566 547
1615460628337 0.8690862059593201 548
1615460662753 0.8648194670677185 549
1615460698869 0.8967887163162231 550
1615460733505 0.8877407312393188 551
1615460768175 0.8891849517822266 552
1615460802535 0.9039499163627625 553
1615460837036 0.8507698774337769 554
1615460871490 0.8788546919822693 555
1615460905915 0.9007643461227417 556
1615460940287 0.8799786567687988 557
1615460974745 0.8788080215454102 558
1615461009074 0.8616794347763062 559
1615461045205 0.9011446237564087 560
1615461079672 0.8758683204650879 561
1615461113928 0.8693796396255493 562
1615461148179 0.8813617825508118 563
1615461182339 0.9241288900375366 564
1615461216671 0.8628890514373779 565
1615461251769 0.8952175974845886 566
1615461286428 0.8854355812072754 567
1615461321023 0.9065629839897156 568
1615461355549 0.8853647708892822 569
1615461391967 0.8855880498886108 570
1615461426325 0.8598310947418213 571
1615461460753 0.8762921094894409 572
1615461495127 0.8753663301467896 573
1615461529556 0.8940178155899048 574
1615461563862 0.8772472739219666 575
1615461598505 0.8839777708053589 576
1615461632847 0.9053564071655273 577
1615461667099 0.9056686162948608 578
1615461701321 0.8903976082801819 579
1615461737600 0.9000368118286133 580
1615461772451 0.9122850894927979 581
1615461807099 0.8580574989318848 582
1615461841913 0.8786967396736145 583
1615461876534 0.887937068939209 584
1615461911134 0.8771653175354004 585
1615461945504 0.8864229321479797 586
1615461979926 0.9129025936126709 587
1615462014251 0.8818659782409668 588
1615462048568 0.8740496635437012 589
1615462084486 0.8975508213043213 590
1615462118994 0.8875796794891357 591
1615462153771 0.8824855089187622 592
1615462188078 0.8736181259155273 593
1615462222374 0.8816008567810059 594
1615462256647 0.8950754404067993 595
1615462290918 0.8895690441131592 596
1615462325209 0.8975472450256348 597
1615462359438 0.880147397518158 598
1615462393710 0.8805422782897949 599
1615462429623 0.8677570223808289 600
1615462463918 0.9119505882263184 601
1615462498165 0.8879084587097168 602
1615462532523 0.8555355072021484 603
1615462566999 0.8756799101829529 604
1615462601680 0.8874586820602417 605
1615462636528 0.8854279518127441 606
1615462671300 0.8878744840621948 607
1615462705791 0.9007890224456787 608
1615462740182 0.8885303735733032 609
1615462776602 0.8882427215576172 610
1615462810995 0.8533810377120972 611
1615462845387 0.885245680809021 612
1615462879742 0.8812706470489502 613
1615462914122 0.8903107643127441 614
1615462949153 0.8722708821296692 615
1615462983488 0.8894280195236206 616
1615463017761 0.8720855712890625 617
1615463052056 0.9057812690734863 618
1615463086410 0.8825269937515259 619
1615463122669 0.8758633136749268 620
1615463157879 0.8971844911575317 621
1615463193030 0.8622883558273315 622
1615463227456 0.8691234588623047 623
1615463261841 0.8909358978271484 624
1615463296314 0.9096077680587769 625
1615463330702 0.899429440498352 626
1615463365907 0.8975000977516174 627
1615463400152 0.885633111000061 628
1615463434420 0.8664510250091553 629
1615463470535 0.883590579032898 630
1615463504773 0.9139431715011597 631
1615463539020 0.869026243686676 632
1615463573297 0.907660961151123 633
1615463607411 0.8950597047805786 634
1615463641688 0.8574477434158325 635
1615463675973 0.8736624717712402 636
1615463710737 0.90221107006073 637
1615463745402 0.8865649700164795 638
1615463779939 0.8903262615203857 639
1615463816266 0.8862138986587524 640
1615463850917 0.8875397443771362 641
1615463885422 0.8772299885749817 642
1615463919776 0.8898664712905884 643
1615463954219 0.8961521983146667 644
1615463988582 0.8937956094741821 645
1615464022894 0.8953313827514648 646
1615464057308 0.8975735902786255 647
1615464091810 0.8744686245918274 648
1615464126106 0.8964583873748779 649
1615464162717 0.9169971346855164 650
1615464197012 0.8822684288024902 651
1615464231281 0.8949546813964844 652
1615464265595 0.8862297534942627 653
1615464299904 0.9054785966873169 654
1615464334270 0.8938684463500977 655
1615464368522 0.8958213329315186 656
1615464402828 0.8882337808609009 657
1615464437689 0.8706095218658447 658
1615464472136 0.8729590177536011 659
1615464508541 0.8839893341064453 660
1615464543113 0.9054566621780396 661
1615464577492 0.8819711208343506 662
1615464611876 0.874585747718811 663
1615464646332 0.8825942277908325 664
1615464680744 0.9020712375640869 665
1615464715059 0.8890601396560669 666
1615464749399 0.894162654876709 667
1615464783639 0.886726975440979 668
1615464818197 0.8775207996368408 669
1615464854201 0.891307532787323 670
1615464888415 0.887701153755188 671
1615464922804 0.854567289352417 672
1615464957259 0.8597419261932373 673
1615464991877 0.880132794380188 674
1615465026448 0.8590327501296997 675
1615465061565 0.8909655809402466 676
1615465095966 0.8799607753753662 677
1615465130516 0.8933418393135071 678
1615465164838 0.8810832500457764 679
1615465201028 0.8919758796691895 680
1615465235274 0.886318564414978 681
1615465269561 0.9071274995803833 682
1615465304327 0.9077759981155396 683
1615465338534 0.884788990020752 684
1615465372789 0.8869162797927856 685
1615465407071 0.8874140977859497 686
1615465441312 0.9237145185470581 687
1615465475867 0.8780378103256226 688
1615465510598 0.8506882190704346 689
1615465547354 0.8899612426757812 690
1615465582070 0.8948732614517212 691
1615465616726 0.9176902770996094 692
1615465651152 0.9032222032546997 693
1615465685568 0.8909389972686768 694
1615465720096 0.8798454403877258 695
1615465754508 0.8964974880218506 696
1615465788835 0.9031872749328613 697
1615465823410 0.8932786583900452 698
1615465857999 0.9072825908660889 699
1615465894015 0.9036949872970581 700
1615465928244 0.8821686506271362 701
1615465962574 0.8881974816322327 702
1615465996873 0.9127405881881714 703
1615466031142 0.8912606239318848 704
1615466065348 0.8701695799827576 705
1615466099571 0.8874144554138184 706
1615466133867 0.8922756910324097 707
1615466168155 0.9041630625724792 708
1615466202527 0.8776017427444458 709
1615466238504 0.9034203290939331 710
1615466272871 0.9009222984313965 711
1615466307700 0.8908400535583496 712
1615466342616 0.901646077632904 713
1615466377307 0.9088598489761353 714
1615466411711 0.8924347162246704 715
1615466446078 0.8733907341957092 716
1615466480369 0.9137892723083496 717
1615466514869 0.9180576205253601 718
1615466549247 0.8900389671325684 719
1615466585522 0.9006141424179077 720
1615466620179 0.884161114692688 721
1615466654429 0.869065523147583 722
1615466688724 0.8834223747253418 723
1615466722929 0.8982372879981995 724
1615466757224 0.8779592514038086 725
1615466791990 0.915278971195221 726
1615466827840 0.92958664894104 727
1615466862638 0.8855542540550232 728
1615466897096 0.9231199026107788 729
1615466933765 0.9189396500587463 730
1615466968185 0.9043532609939575 731
1615467002495 0.9016355276107788 732
1615467036773 0.9089720249176025 733
1615467071008 0.876962423324585 734
1615467105727 0.8899538516998291 735
1615467140025 0.9017529487609863 736
1615467174409 0.9126496315002441 737
1615467208784 0.8929197788238525 738
1615467243091 0.8981775045394897 739
1615467278941 0.8779515027999878 740
1615467313630 0.8699719905853271 741
1615467348867 0.9024717807769775 742
1615467383539 0.9122616052627563 743
1615467418032 0.929039478302002 744
1615467452551 0.8791434168815613 745
1615467486873 0.8959250450134277 746
1615467521343 0.8827100992202759 747
1615467557995 0.8849918842315674 748
1615467592381 0.8850939273834229 749
1615467628398 0.9205450415611267 750
1615467662715 0.8752641081809998 751
1615467696916 0.8891336917877197 752
1615467731200 0.8794125318527222 753
1615467765527 0.8904732465744019 754
1615467799777 0.8937340974807739 755
1615467834132 0.9072787761688232 756
1615467868683 0.8883761167526245 757
1615467903373 0.8782268762588501 758
1615467938386 0.9266032576560974 759
1615467975050 0.8859978914260864 760
1615468009398 0.8728009462356567 761
1615468043740 0.8798648118972778 762
1615468078187 0.8950798511505127 763
1615468112594 0.9044939279556274 764
1615468146997 0.8831522464752197 765
1615468181354 0.8978185653686523 766
1615468215618 0.8984912633895874 767
1615468251467 0.882111668586731 768
1615468285746 0.9020369052886963 769
1615468321686 0.8902953863143921 770
1615468355965 0.8700189590454102 771
1615468390246 0.891294002532959 772
1615468424526 0.9029678106307983 773
1615468458842 0.8964177370071411 774
1615468493333 0.8704357147216797 775
1615468528125 0.9041186571121216 776
1615468562669 0.8948235511779785 777
1615468597189 0.8810127377510071 778
1615468631814 0.8719638586044312 779
1615468668369 0.9058994054794312 780
1615468702885 0.8435109853744507 781
1615468737258 0.9050366878509521 782
1615468771647 0.9182313680648804 783
1615468805812 0.9046926498413086 784
1615468840187 0.9016476273536682 785
1615468874629 0.8724684715270996 786
1615468909524 0.8879731297492981 787
1615468943907 0.9109711647033691 788
1615468978148 0.8881703019142151 789
1615469014049 0.8913826942443848 790
1615469048364 0.8829057216644287 791
1615469082792 0.9096885919570923 792
1615469117309 0.8793368935585022 793
1615469151778 0.9127770066261292 794
1615469186201 0.878265380859375 795
1615469221123 0.8819341659545898 796
1615469255523 0.9001570343971252 797
1615469290087 0.8776519298553467 798
1615469324523 0.914668619632721 799
1615469360486 0.8797349333763123 800
1615469394796 0.8699871301651001 801
1615469429014 0.8867835402488708 802
1615469463290 0.900181770324707 803
1615469497541 0.8831439018249512 804
1615469531841 0.8870506286621094 805
1615469566154 0.8840920329093933 806
1615469600863 0.8923861980438232 807
1615469635191 0.8907194137573242 808
1615469669428 0.8774656057357788 809
1615469705267 0.8976086378097534 810
1615469739609 0.8728623986244202 811
1615469773903 0.8839303255081177 812
1615469808215 0.9159224033355713 813
1615469842439 0.9161365032196045 814
1615469876705 0.8916659355163574 815
1615469911111 0.8726825714111328 816
1615469945475 0.9217789173126221 817
1615469979912 0.8762224912643433 818
1615470014466 0.8830333948135376 819
1615470050649 0.8517569303512573 820
1615470085327 0.9051670432090759 821
1615470119893 0.88190758228302 822
1615470154203 0.8911134004592896 823
1615470188513 0.9013821482658386 824
1615470222873 0.8758506774902344 825
1615470257276 0.8753271698951721 826
1615470291704 0.8833081722259521 827
1615470326055 0.9087148904800415 828
1615470360761 0.900388240814209 829
1615470396852 0.8874058127403259 830
1615470431119 0.8936707973480225 831
1615470465392 0.9005415439605713 832
1615470499706 0.9098082780838013 833
1615470533987 0.8926210403442383 834
1615470568346 0.876814067363739 835
1615470602525 0.9075682163238525 836
1615470636876 0.853861927986145 837
1615470671221 0.9009861946105957 838
1615470705646 0.9048097133636475 839
1615470741858 0.8993656635284424 840
1615470776550 0.8792692422866821 841
1615470811215 0.9068452715873718 842
1615470845672 0.9147585034370422 843
1615470880100 0.907454252243042 844
1615470914532 0.8921371698379517 845
1615470948799 0.8945109844207764 846
1615470983018 0.8988499045372009 847
1615471017422 0.874535322189331 848
1615471051783 0.8682539463043213 849
1615471087854 0.8824489712715149 850
1615471122204 0.9192572832107544 851
1615471156523 0.9314974546432495 852
1615471191142 0.8744488954544067 853
1615471225419 0.8836385011672974 854
1615471259721 0.887541651725769 855
1615471293914 0.8963462710380554 856
1615471328204 0.8822823762893677 857
1615471362496 0.9017376899719238 858
1615471396720 0.9008752107620239 859
1615471432436 0.9006633758544922 860
1615471466653 0.8697366714477539 861
1615471500870 0.8958772420883179 862
1615471535085 0.8886321783065796 863
1615471569350 0.8679417371749878 864
1615471603679 0.8881654739379883 865
1615471638298 0.8740634918212891 866
1615471673056 0.9055672883987427 867
1615471707604 0.8730120658874512 868
1615471742340 0.8790287375450134 869
1615471778741 0.9147382974624634 870
1615471813220 0.8836100101470947 871
1615471847793 0.9084594249725342 872
1615471882257 0.8900302648544312 873
1615471916597 0.9096856117248535 874
1615471950883 0.8962825536727905 875
1615471985219 0.9068719744682312 876
1615472019415 0.8897454738616943 877
1615472053670 0.8629758358001709 878
1615472088042 0.9105122089385986 879
1615472124104 0.9077227115631104 880
1615472158393 0.8852208852767944 881
1615472192643 0.8944305181503296 882
1615472227381 0.8719413876533508 883
1615472261624 0.9106824398040771 884
1615472295885 0.8812222480773926 885
1615472330134 0.8604137897491455 886
1615472364430 0.9167230129241943 887
1615472398663 0.8908871412277222 888
1615472432897 0.8581740856170654 889
1615472468749 0.8901751041412354 890
1615472502973 0.9179267883300781 891
1615472537289 0.8935655951499939 892
1615472571569 0.8952500224113464 893
1615472605940 0.9035866260528564 894
1615472640436 0.9253087043762207 895
1615472675042 0.8630542755126953 896
1615472709686 0.882444441318512 897
1615472744512 0.8973631858825684 898
1615472779081 0.8557005524635315 899
1615472815372 0.9237750768661499 900
1615472849896 0.891231894493103 901
1615472884359 0.9076551198959351 902
1615472918640 0.8960776329040527 903
1615472953040 0.8969807624816895 904
1615472987305 0.8960214257240295 905
1615473021644 0.8812930583953857 906
1615473056021 0.878239095211029 907
1615473090346 0.8766446113586426 908
1615473124624 0.8962646126747131 909
1615473160658 0.9095922708511353 910
1615473194910 0.9100663065910339 911
1615473229167 0.8640317320823669 912
1615473263480 0.89689040184021 913
1615473297696 0.9119068384170532 914
1615473331957 0.8732346296310425 915
1615473366250 0.904747486114502 916
1615473400592 0.8531851768493652 917
1615473434934 0.8909755945205688 918
1615473469282 0.8945682644844055 919
1615473505344 0.8965983986854553 920
1615473539786 0.8939284682273865 921
1615473574670 0.8937061429023743 922
1615473609207 0.8932924270629883 923
1615473643823 0.9150394201278687 924
1615473678282 0.8869550228118896 925
1615473712735 0.9113553762435913 926
1615473747236 0.9063315391540527 927
1615473781590 0.8939448595046997 928
1615473815963 0.9042980074882507 929
1615473852315 0.8654320240020752 930
1615473886716 0.8936572074890137 931
1615473921047 0.9001699090003967 932
1615473955665 0.8976191878318787 933
1615473989919 0.8690828680992126 934
1615474024177 0.8814620971679688 935
1615474058525 0.867459237575531 936
1615474092808 0.8792734146118164 937
1615474127030 0.884196400642395 938
1615474161364 0.9023882746696472 939
1615474197185 0.9033570289611816 940
1615474231422 0.8754067420959473 941
1615474265751 0.8772518634796143 942
1615474300101 0.8705253601074219 943
1615474334401 0.9177500009536743 944
1615474368849 0.901456892490387 945
1615474403200 0.9193164110183716 946
1615474437809 0.8396189212799072 947
1615474472381 0.9064601063728333 948
1615474507051 0.918168306350708 949
1615474543057 0.8842548131942749 950
1615474577609 0.8885590434074402 951
1615474612267 0.9281278252601624 952
1615474646835 0.9009801745414734 953
1615474681149 0.8978608846664429 954
1615474715498 0.8852871656417847 955
1615474749811 0.8966720104217529 956
1615474784258 0.8937651515007019 957
1615474818652 0.8965942859649658 958
1615474852841 0.9055811166763306 959
1615474888736 0.8840421438217163 960
1615474923325 0.88306725025177 961
1615474957666 0.8920384645462036 962
1615474991880 0.8892807960510254 963
1615475026194 0.8935743570327759 964
1615475060432 0.916826605796814 965
1615475094769 0.8802536725997925 966
1615475129096 0.9035455584526062 967
1615475163340 0.9309892654418945 968
1615475197524 0.8890911340713501 969
1615475233274 0.8941934108734131 970
1615475267614 0.9111169576644897 971
1615475301918 0.8854259252548218 972
1615475336205 0.8884674310684204 973
1615475370654 0.9009511470794678 974
1615475405215 0.863775908946991 975
1615475439730 0.9052193760871887 976
1615475474072 0.9056087732315063 977
1615475508564 0.8648718595504761 978
1615475543053 0.9018598794937134 979
1615475579252 0.8473734855651855 980
1615475613746 0.893047034740448 981
1615475648066 0.8845958709716797 982
1615475682457 0.8887406587600708 983
1615475716815 0.9275388121604919 984
1615475751192 0.9048033952713013 985
1615475785452 0.915652871131897 986
1615475819831 0.8913134336471558 987
1615475854145 0.9051564335823059 988
1615475888504 0.8990556001663208 989
1615475924544 0.887438952922821 990
1615475959182 0.8947569727897644 991
1615475993502 0.916054368019104 992
1615476027838 0.8690654635429382 993
1615476062063 0.9185599088668823 994
1615476096232 0.9131175875663757 995
1615476130476 0.9116856455802917 996
1615476164819 0.9299250841140747 997
1615476199055 0.9009652137756348 998
1615476234962 0.8708750605583191 999
1615476271685 0.9234026670455933 1000
1615476306448 0.9162298440933228 1001
1615476340978 0.9196234941482544 1002
1615476375510 0.9108651280403137 1003
1615476410414 0.9010526537895203 1004
1615476444736 0.890584409236908 1005
1615476479003 0.8838286995887756 1006
1615476513357 0.8879514932632446 1007
1615476547640 0.9016624689102173 1008
1615476581887 0.863327145576477 1009
1615476617666 0.8714534044265747 1010
1615476652025 0.9203979969024658 1011
1615476686368 0.8975526690483093 1012
1615476720735 0.8793270587921143 1013
1615476755121 0.8979766368865967 1014
1615476789611 0.8961269855499268 1015
1615476824081 0.8999740481376648 1016
1615476858825 0.8783148527145386 1017
1615476893601 0.9197361469268799 1018
1615476928208 0.9116296768188477 1019
1615476964468 0.9052444696426392 1020
1615476998898 0.8849389553070068 1021
1615477033276 0.863702654838562 1022
1615477067736 0.9132694005966187 1023
1615477102073 0.884240448474884 1024
1615477136476 0.8444820642471313 1025
1615477170782 0.914915919303894 1026
1615477205266 0.8784918785095215 1027
1615477239557 0.8989002704620361 1028
1615477274149 0.9053981900215149 1029
1615477310183 0.8830877542495728 1030
1615477344374 0.8780415058135986 1031
1615477378598 0.8825118541717529 1032
1615477412918 0.9106547236442566 1033
1615477447211 0.9037400484085083 1034
1615477481503 0.9041755795478821 1035
1615477515791 0.9024111032485962 1036
1615477550094 0.901086151599884 1037
1615477584381 0.8814951777458191 1038
1615477618680 0.8976396322250366 1039
1615477654744 0.8755514621734619 1040
1615477689368 0.925910472869873 1041
1615477724045 0.8956512212753296 1042
1615477758823 0.8820313215255737 1043
1615477793475 0.8891018629074097 1044
1615477828205 0.916259765625 1045
1615477862732 0.8814494609832764 1046
1615477897255 0.8753734827041626 1047
1615477931662 0.9051281213760376 1048
1615477966037 0.8964931964874268 1049
1615478002734 0.9045636653900146 1050
1615478037069 0.8779062032699585 1051
1615478071639 0.8576671481132507 1052
1615478105969 0.9020181894302368 1053
1615478140245 0.8949779272079468 1054
1615478174500 0.896373987197876 1055
1615478208809 0.915357232093811 1056
1615478243036 0.9120270013809204 1057
1615478277266 0.8655409812927246 1058
1615478311850 0.8592761754989624 1059
1615478348022 0.8959372639656067 1060
1615478382573 0.8920357823371887 1061
1615478417359 0.8859601616859436 1062
1615478451948 0.8767651319503784 1063
1615478486349 0.864783763885498 1064
1615478520888 0.8829407691955566 1065
1615478555208 0.9036076068878174 1066
1615478589688 0.8821830749511719 1067
1615478624228 0.8879116773605347 1068
1615478659184 0.9048312902450562 1069
1615478695438 0.8763534426689148 1070
1615478729709 0.8857275247573853 1071
1615478764072 0.8677147626876831 1072
1615478798272 0.8942620754241943 1073
1615478832713 0.8921328783035278 1074
1615478867337 0.9081013202667236 1075
1615478901824 0.8906195163726807 1076
1615478936486 0.8803505897521973 1077
1615478973051 0.9012327790260315 1078
1615479007699 0.9041988253593445 1079
1615479043959 0.8704832792282104 1080
1615479078575 0.8664557933807373 1081
1615479113202 0.8714250326156616 1082
1615479147558 0.863213300704956 1083
1615479182121 0.8851466178894043 1084
1615479216377 0.8775995969772339 1085
1615479250630 0.9025102853775024 1086
1615479284920 0.8970686197280884 1087
1615479319181 0.895738959312439 1088
1615479353437 0.903002142906189 1089
1615479389346 0.8947607278823853 1090
1615479423639 0.904082179069519 1091
1615479457819 0.8940092921257019 1092
1615479492022 0.9007135033607483 1093
1615479526422 0.8712697625160217 1094
1615479560755 0.9024264812469482 1095
1615479595334 0.9102887511253357 1096
1615479629931 0.8785256147384644 1097
1615479664703 0.8803942799568176 1098
1615479699367 0.9170812368392944 1099
1615479736151 0.9124153852462769 1100
1615479770630 0.9079923033714294 1101
1615479805092 0.8822208642959595 1102
1615479839431 0.9170225858688354 1103
1615479873739 0.8980963230133057 1104
1615479908089 0.8775860071182251 1105
1615479942537 0.9022805690765381 1106
1615479976809 0.8858201503753662 1107
1615480011120 0.9096391201019287 1108
1615480045790 0.9095756411552429 1109
1615480081865 0.9223572611808777 1110
1615480116199 0.8908657431602478 1111
1615480150558 0.8879369497299194 1112
1615480184887 0.8933902382850647 1113
1615480219127 0.9144027829170227 1114
1615480253429 0.8949214816093445 1115
1615480287707 0.9141818284988403 1116
1615480322020 0.9028258323669434 1117
1615480356359 0.9077744483947754 1118
1615480391114 0.8735779523849487 1119
1615480427358 0.901898980140686 1120
1615480461831 0.8984606266021729 1121
1615480496371 0.8835344314575195 1122
1615480531023 0.8864487409591675 1123
1615480565585 0.8915339112281799 1124
1615480599909 0.8980097770690918 1125
1615480634284 0.8947707414627075 1126
1615480668621 0.9113690257072449 1127
1615480703088 0.905310332775116 1128
1615480737396 0.899267852306366 1129
1615480773398 0.9114978313446045 1130
1615480807593 0.8806396722793579 1131
1615480842523 0.9237896203994751 1132
1615480876760 0.8994150757789612 1133
1615480911072 0.8939497470855713 1134
1615480945414 0.8927299976348877 1135
1615480979709 0.9216209650039673 1136
1615481014001 0.9109271764755249 1137
1615481048290 0.8905150294303894 1138
1615481082518 0.8803595304489136 1139
1615481118460 0.8960601091384888 1140
1615481152828 0.8836674690246582 1141
1615481187137 0.8907128572463989 1142
1615481221569 0.9055600166320801 1143
1615481256103 0.8897124528884888 1144
1615481290753 0.9128131866455078 1145
1615481325495 0.8989608883857727 1146
1615481360069 0.9331621527671814 1147
1615481394543 0.8945738077163696 1148
1615481429062 0.8909285068511963 1149
1615481465169 0.8921201825141907 1150
1615481499651 0.8920024633407593 1151
1615481533979 0.8877475261688232 1152
1615481568870 0.876213550567627 1153
1615481603121 0.8757733702659607 1154
1615481637516 0.8866462111473083 1155
1615481671817 0.9126991033554077 1156
1615481706162 0.9023023843765259 1157
1615481740407 0.8977034091949463 1158
1615481774685 0.8697900176048279 1159
1615481810526 0.8850609064102173 1160
1615481844974 0.8923839330673218 1161
1615481879577 0.9329437017440796 1162
1615481914175 0.9117390513420105 1163
1615481949058 0.9014114141464233 1164
1615481983914 0.8837991952896118 1165
1615482018616 0.8937285542488098 1166
1615482052949 0.887829065322876 1167
1615482087226 0.8895537853240967 1168
1615482121637 0.9101623892784119 1169
1615482157645 0.9006472826004028 1170
1615482192011 0.8983550071716309 1171
1615482226290 0.8956763744354248 1172
1615482260748 0.8716146945953369 1173
1615482295486 0.8948755264282227 1174
1615482329871 0.8775017261505127 1175
1615482364125 0.9125321507453918 1176
1615482398376 0.9205830097198486 1177
1615482432676 0.8657155632972717 1178
1615482466991 0.8979393243789673 1179
1615482502897 0.884537935256958 1180
1615482537132 0.9316183924674988 1181
1615482571358 0.8848981261253357 1182
1615482605716 0.8856269121170044 1183
1615482640048 0.8925161361694336 1184
1615482674679 0.8934349417686462 1185
1615482709353 0.8873915076255798 1186
1615482744010 0.8921210765838623 1187
1615482778508 0.8869369029998779 1188
1615482812969 0.9203565120697021 1189
1615482849298 0.8869101405143738 1190
1615482883621 0.9049414396286011 1191
1615482917997 0.920824408531189 1192
1615482952255 0.8757244348526001 1193
1615482986676 0.8975642919540405 1194
1615483020933 0.8995680809020996 1195
1615483055400 0.8954683542251587 1196
1615483089799 0.9083395600318909 1197
1615483124138 0.9027879238128662 1198
1615483158844 0.905187726020813 1199
1615483194792 0.8787246346473694 1200
1615483219046 0.91352379322052 0
1615483219058 0.91352379322052 0
