1615441719965 0.04158277064561844 1
1615441754580 0.03516824170947075 2
1615441789111 0.032562483102083206 3
1615441823514 0.03095666691660881 4
1615441857762 0.029554877430200577 5
1615441892123 0.029446542263031006 6
1615441926433 0.028714759275317192 7
1615441960649 0.02641705423593521 8
1615441994920 0.026990443468093872 9
1615442031550 0.026593659073114395 10
1615442065768 0.025426402688026428 11
1615442100002 0.025405695661902428 12
1615442134189 0.025842741131782532 13
1615442168650 0.024725861847400665 14
1615442202929 0.02408348210155964 15
1615442237095 0.023639094084501266 16
1615442271404 0.022265031933784485 17
1615442305894 0.02372179925441742 18
1615442340341 0.023803362622857094 19
1615442376648 0.02355874702334404 20
1615442411061 0.02253948524594307 21
1615442445634 0.02475670725107193 22
1615442480078 0.0222478024661541 23
1615442514432 0.020722826942801476 24
1615442548790 0.022471778094768524 25
1615442583045 0.02174307219684124 26
1615442617380 0.0216296948492527 27
1615442651693 0.022211045026779175 28
1615442686189 0.021862786263227463 29
1615442722270 0.02274191379547119 30
1615442756467 0.019715622067451477 31
1615442790732 0.02227122150361538 32
1615442824996 0.020746581256389618 33
1615442859216 0.024706324562430382 34
1615442893460 0.020288769155740738 35
1615442927995 0.02119418978691101 36
1615442962327 0.020172201097011566 37
1615442996724 0.018995601683855057 38
1615443031211 0.020657561719417572 39
1615443067548 0.02047071047127247 40
1615443102194 0.02048414573073387 41
1615443136550 0.02223672717809677 42
1615443171113 0.021637432277202606 43
1615443205655 0.02335602417588234 44
1615443240138 0.021194789558649063 45
1615443274482 0.020806320011615753 46
1615443309061 0.01904531568288803 47
1615443343308 0.01923965848982334 48
1615443377579 0.01959635317325592 49
1615443413796 0.019267285242676735 50
1615443448082 0.019542381167411804 51
1615443482321 0.02233497053384781 52
1615443516547 0.020154505968093872 53
1615443551001 0.0205338466912508 54
1615443585394 0.02387191727757454 55
1615443619991 0.02027646265923977 56
1615443654337 0.019972629845142365 57
1615443688915 0.01935044303536415 58
1615443723387 0.01980476826429367 59
1615443759573 0.01860581338405609 60
1615443794337 0.01992126926779747 61
1615443828512 0.0196162611246109 62
1615443863192 0.02000225894153118 63
1615443897510 0.02054893970489502 64
1615443931783 0.018693476915359497 65
1615443966010 0.01843922585248947 66
1615444000478 0.018601398915052414 67
1615444035003 0.01860469952225685 68
1615444069739 0.0192131195217371 69
1615444106205 0.019599605351686478 70
1615444140729 0.019720660522580147 71
1615444175257 0.02071187272667885 72
1615444209567 0.01885002851486206 73
1615444243778 0.01877540349960327 74
1615444278007 0.018971718847751617 75
1615444312412 0.017927678301930428 76
1615444346732 0.01798206940293312 77
1615444381031 0.01749977096915245 78
1615444415855 0.01857719197869301 79
1615444451659 0.019432105123996735 80
1615444486018 0.018224086612462997 81
1615444520292 0.01784110814332962 82
1615444554452 0.018757011741399765 83
1615444588656 0.016488853842020035 84
1615444622924 0.017536239698529243 85
1615444659975 0.016825618222355843 86
1615444694095 0.016944866627454758 87
1615444728410 0.016572296619415283 88
1615444762782 0.0175212100148201 89
1615444799056 0.019261661916971207 90
1615444833446 0.018792791292071342 91
1615444867908 0.019264349713921547 92
1615444902351 0.017277248203754425 93
1615444936951 0.01644139178097248 94
1615444971241 0.01741887256503105 95
1615445005906 0.020824875682592392 96
1615445040205 0.018538083881139755 97
1615445074502 0.022044308483600616 98
1615445108701 0.019050084054470062 99
1615445144685 0.020078020170331 100
1615445178992 0.01857021450996399 101
1615445213212 0.018812604248523712 102
1615445247474 0.017702806740999222 103
1615445281733 0.01739652454853058 104
1615445316206 0.019002841785550117 105
1615445350768 0.01829003170132637 106
1615445385218 0.018086960539221764 107
1615445419718 0.01755218207836151 108
1615445454143 0.01709245704114437 109
1615445490224 0.018391110002994537 110
1615445524511 0.016522129997611046 111
1615445558860 0.017258573323488235 112
1615445593240 0.01871728152036667 113
1615445627607 0.018023833632469177 114
1615445662101 0.01699940115213394 115
1615445696731 0.019209563732147217 116
1615445730942 0.01848175749182701 117
1615445765360 0.020485874265432358 118
1615445799552 0.0170123353600502 119
1615445835521 0.017876392230391502 120
1615445869793 0.016844723373651505 121
1615445903954 0.016486722975969315 122
1615445938174 0.01942005753517151 123
1615445972569 0.01897476427257061 124
1615446007154 0.016703501343727112 125
1615446041551 0.017073551192879677 126
1615446075965 0.017037369310855865 127
1615446110436 0.016518278047442436 128
1615446144967 0.01753176376223564 129
1615446181110 0.01612049899995327 130
1615446215402 0.018154848366975784 131
1615446249808 0.017256079241633415 132
1615446284059 0.01723289117217064 133
1615446318427 0.017314225435256958 134
1615446352875 0.015734780579805374 135
1615446387164 0.014835493639111519 136
1615446421560 0.017009075731039047 137
1615446455879 0.01823212206363678 138
1615446490100 0.016606774181127548 139
1615446525972 0.01810254156589508 140
1615446560222 0.017995715141296387 141
1615446594460 0.017585810273885727 142
1615446628677 0.01593777723610401 143
1615446663220 0.015886833891272545 144
1615446697848 0.015570756047964096 145
1615446732278 0.016274344176054 146
1615446766498 0.018096262589097023 147
1615446800744 0.01635255664587021 148
1615446835091 0.016122929751873016 149
1615446871180 0.016884934157133102 150
1615446905525 0.015903698280453682 151
1615446939932 0.01606442965567112 152
1615446974760 0.01517712976783514 153
1615447009180 0.013434376567602158 154
1615447043483 0.015688899904489517 155
1615447077793 0.01517099142074585 156
1615447112062 0.014949114061892033 157
1615447146356 0.014872189611196518 158
1615447180632 0.014574549160897732 159
1615447216682 0.015306208282709122 160
1615447251018 0.018826739862561226 161
1615447285430 0.015863236039876938 162
1615447319812 0.015352589078247547 163
1615447354246 0.015388648957014084 164
1615447388592 0.016541244462132454 165
1615447422948 0.01647735945880413 166
1615447457497 0.01495656929910183 167
1615447491868 0.015125549398362637 168
1615447526286 0.014566995203495026 169
1615447562407 0.015281574800610542 170
1615447596722 0.017811831086874008 171
1615447631344 0.01522134430706501 172
1615447665731 0.015601354651153088 173
1615447699930 0.01719801127910614 174
1615447734088 0.015686044469475746 175
1615447768350 0.01682509481906891 176
1615447802554 0.01826600730419159 177
1615447836921 0.015786875039339066 178
1615447871239 0.016122734174132347 179
1615447907197 0.01409926638007164 180
1615447941498 0.01606854796409607 181
1615447975657 0.016088102012872696 182
1615448010037 0.01780182495713234 183
1615448044462 0.014582542702555656 184
1615448079185 0.016161972656846046 185
1615448114037 0.015784915536642075 186
1615448148579 0.016336508095264435 187
1615448183285 0.019486235454678535 188
1615448217673 0.015258856117725372 189
1615448253706 0.01598506234586239 190
1615448288361 0.013361683115363121 191
1615448322677 0.01696847379207611 192
1615448356900 0.020298317074775696 193
1615448391133 0.016775408759713173 194
1615448425450 0.015106230974197388 195
1615448459647 0.01703188382089138 196
1615448493916 0.01579073816537857 197
1615448528252 0.016471071168780327 198
1615448562478 0.01556357555091381 199
1615448598436 0.017202159389853477 200
1615448633009 0.016785135492682457 201
1615448667437 0.016759734600782394 202
1615448701935 0.016739804297685623 203
1615448736323 0.015947118401527405 204
1615448770781 0.014449970796704292 205
1615448805230 0.015256487764418125 206
1615448839491 0.014705667272210121 207
1615448873734 0.015988148748874664 208
1615448907970 0.0146121084690094 209
1615448944212 0.017506282776594162 210
1615448978454 0.014921585097908974 211
1615449012879 0.015386728569865227 212
1615449047088 0.018180042505264282 213
1615449081377 0.015101725235581398 214
1615449115681 0.014445669949054718 215
1615449150426 0.01732032001018524 216
1615449184755 0.015329517424106598 217
1615449219017 0.015782687813043594 218
1615449253366 0.015546905808150768 219
1615449289123 0.015980826690793037 220
1615449323362 0.014930738136172295 221
1615449357635 0.015978263691067696 222
1615449391997 0.01521302666515112 223
1615449426347 0.014977695420384407 224
1615449460774 0.016979031264781952 225
1615449495194 0.015731390565633774 226
1615449529736 0.015512701123952866 227
1615449564256 0.016987886279821396 228
1615449598819 0.01413596048951149 229
1615449634999 0.014204636216163635 230
1615449669704 0.013942976482212543 231
1615449704124 0.014932243153452873 232
1615449738471 0.015924468636512756 233
1615449772733 0.014043559320271015 234
1615449806948 0.015247417613863945 235
1615449841270 0.015377625823020935 236
1615449875569 0.013985703699290752 237
1615449909979 0.014870425686240196 238
1615449944280 0.012777693569660187 239
1615449980296 0.015460696071386337 240
1615450014558 0.014840170741081238 241
1615450049145 0.014912329614162445 242
1615450083412 0.01364506222307682 243
1615450117622 0.013276087120175362 244
1615450151790 0.014816626906394958 245
1615450186068 0.01592894084751606 246
1615450220272 0.015380535274744034 247
1615450254490 0.014103412628173828 248
1615450288806 0.015102816745638847 249
1615450324728 0.01399717852473259 250
1615450359056 0.014475898817181587 251
1615450393359 0.01566077023744583 252
1615450427698 0.017446160316467285 253
1615450462142 0.015643078833818436 254
1615450496544 0.013734592124819756 255
1615450531034 0.015303270891308784 256
1615450565503 0.013049839064478874 257
1615450599934 0.015444263815879822 258
1615450634487 0.015014464035630226 259
1615450670382 0.01460421271622181 260
1615450704658 0.01489389780908823 261
1615450738967 0.014752298593521118 262
1615450773279 0.01617773249745369 263
1615450807518 0.0167815200984478 264
1615450841926 0.014638513326644897 265
1615450876355 0.01573982462286949 266
1615450910701 0.015262100845575333 267
1615450945064 0.015791170299053192 268
1615450979755 0.01389787346124649 269
1615451015942 0.013969158753752708 270
1615451050270 0.013947790488600731 271
1615451084504 0.013750100508332253 272
1615451118869 0.014620084315538406 273
1615451153179 0.014308142475783825 274
1615451187507 0.014983030036091805 275
1615451222087 0.016356779262423515 276
1615451256524 0.013690290972590446 277
1615451291010 0.014711862429976463 278
1615451325522 0.013787396252155304 279
1615451361709 0.015484205447137356 280
1615451396061 0.013697163201868534 281
1615451430497 0.013810419477522373 282
1615451464974 0.014433122240006924 283
1615451499247 0.014543348923325539 284
1615451533480 0.01565677486360073 285
1615451567875 0.016117293387651443 286
1615451602193 0.014302130788564682 287
1615451636599 0.015031900256872177 288
1615451670926 0.015492190606892109 289
1615451708160 0.013920986093580723 290
1615451742386 0.013285139575600624 291
1615451776566 0.013777360320091248 292
1615451810756 0.013085110113024712 293
1615451844970 0.014609739184379578 294
1615451879186 0.015167376026511192 295
1615451913453 0.015830105170607567 296
1615451947759 0.013033047318458557 297
1615451982048 0.015664007514715195 298
1615452016334 0.013430745340883732 299
1615452052606 0.013997548259794712 300
1615452087426 0.015312270261347294 301
1615452121987 0.01521594263613224 302
1615452156849 0.01234651543200016 303
1615452191625 0.013051999732851982 304
1615452226080 0.016257092356681824 305
1615452260489 0.014971545897424221 306
1615452294971 0.013308332301676273 307
1615452329684 0.01076558604836464 308
1615452364069 0.012562135234475136 309
1615452399985 0.017069987952709198 310
1615452434237 0.015414615161716938 311
1615452468439 0.013770557008683681 312
1615452502682 0.014295083470642567 313
1615452536922 0.011820248328149319 314
1615452571177 0.014915350824594498 315
1615452605561 0.013306884095072746 316
1615452639900 0.01423482596874237 317
1615452674486 0.013767109252512455 318
1615452708895 0.013858282938599586 319
1615452745124 0.01482858881354332 320
1615452779711 0.014004098251461983 321
1615452814221 0.01416553370654583 322
1615452848736 0.014746762812137604 323
1615452883169 0.013414275832474232 324
1615452917506 0.014956394210457802 325
1615452951945 0.014147549867630005 326
1615452986243 0.013362044468522072 327
1615453020569 0.013257217593491077 328
1615453054946 0.012265980243682861 329
1615453090833 0.015409579500555992 330
1615453125440 0.015029867179691792 331
1615453159682 0.013887885957956314 332
1615453193950 0.013261932879686356 333
1615453228224 0.014933266676962376 334
1615453262447 0.014340849593281746 335
1615453296691 0.012729060836136341 336
1615453330957 0.013555716723203659 337
1615453365312 0.014147469773888588 338
1615453400064 0.01260329782962799 339
1615453436953 0.012498870491981506 340
1615453471558 0.01337549090385437 341
1615453506113 0.011898281052708626 342
1615453540790 0.014474678784608841 343
1615453575140 0.01370256207883358 344
1615453609517 0.01421690359711647 345
1615453643798 0.015613242983818054 346
1615453678110 0.018151309341192245 347
1615453712575 0.013314669951796532 348
1615453746858 0.012060733512043953 349
1615453782988 0.011407151818275452 350
1615453817532 0.014045673422515392 351
1615453851942 0.012832965701818466 352
1615453886297 0.012930931523442268 353
1615453920535 0.012213834561407566 354
1615453954809 0.013258127495646477 355
1615453990092 0.01485489308834076 356
1615454024846 0.01391739770770073 357
1615454059365 0.011791301891207695 358
1615454094244 0.015139449387788773 359
1615454130835 0.013075880706310272 360
1615454165199 0.011247902177274227 361
1615454199723 0.012780760414898396 362
1615454233928 0.013160277158021927 363
1615454268208 0.013597961515188217 364
1615454302770 0.012650007382035255 365
1615454337064 0.013981666415929794 366
1615454371297 0.014538239687681198 367
1615454405527 0.011609017848968506 368
1615454439752 0.014854777604341507 369
1615454475688 0.013890426605939865 370
1615454509935 0.010813983157277107 371
1615454544217 0.011521884240210056 372
1615454578539 0.013649063184857368 373
1615454612933 0.013879425823688507 374
1615454647558 0.014503518119454384 375
1615454682058 0.014170924201607704 376
1615454716619 0.0157451368868351 377
1615454751392 0.015440789982676506 378
1615454785870 0.013879507780075073 379
1615454822260 0.014571944251656532 380
1615454856593 0.014105777256190777 381
1615454890967 0.012940437532961369 382
1615454925298 0.014523792080581188 383
1615454959728 0.012613730505108833 384
1615454994077 0.012583846226334572 385
1615455028340 0.013004080392420292 386
1615455063015 0.013780571520328522 387
1615455097360 0.01359585765749216 388
1615455131578 0.013112397864460945 389
1615455167464 0.015085697174072266 390
1615455201836 0.015673723071813583 391
1615455236200 0.01314419787377119 392
1615455270502 0.01331352349370718 393
1615455304876 0.014374318532645702 394
1615455339219 0.010711376555263996 395
1615455373853 0.015642590820789337 396
1615455408455 0.011986741796135902 397
1615455442959 0.012370996177196503 398
1615455477377 0.012353375554084778 399
1615455513710 0.011997601017355919 400
1615455548140 0.013600362464785576 401
1615455582595 0.01266196183860302 402
1615455616848 0.014486378990113735 403
1615455651192 0.011578932404518127 404
1615455685590 0.014481890946626663 405
1615455719931 0.012086207047104836 406
1615455755048 0.01567605510354042 407
1615455789341 0.010809719562530518 408
1615455823613 0.013243677094578743 409
1615455859527 0.01278034970164299 410
1615455893792 0.011449179612100124 411
1615455928140 0.012288851663470268 412
1615455962348 0.012609371915459633 413
1615455996812 0.013713128864765167 414
1615456032334 0.015041867271065712 415
1615456067243 0.012963379733264446 416
1615456101713 0.013252140954136848 417
1615456136048 0.012243269011378288 418
1615456170619 0.012893873266875744 419
1615456206660 0.011978508904576302 420
1615456241203 0.01205581333488226 421
1615456275472 0.014146845787763596 422
1615456309815 0.012623360380530357 423
1615456344035 0.012293366715312004 424
1615456378585 0.015469087287783623 425
1615456412850 0.014108417555689812 426
1615456447035 0.012170541100203991 427
1615456481340 0.013711486011743546 428
1615456515567 0.01677653379738331 429
1615456551269 0.01353964302688837 430
1615456585538 0.013419538736343384 431
1615456619779 0.012492066249251366 432
1615456654154 0.01727394573390484 433
1615456688609 0.01214277371764183 434
1615456723338 0.015197566710412502 435
1615456758843 0.01331096701323986 436
1615456793331 0.012985868379473686 437
1615456827842 0.012138848192989826 438
1615456862140 0.014036053791642189 439
1615456898435 0.012073440477252007 440
1615456932769 0.012810934334993362 441
1615456967009 0.012807227671146393 442
1615457001245 0.01265043020248413 443
1615457035736 0.011299753561615944 444
1615457070028 0.01398646179586649 445
1615457104288 0.013867795467376709 446
1615457138638 0.01497475802898407 447
1615457172882 0.013068053871393204 448
1615457207170 0.010990297421813011 449
1615457243294 0.01106693223118782 450
1615457277555 0.012715901248157024 451
1615457311847 0.013733815401792526 452
1615457346375 0.013102348893880844 453
1615457381147 0.012613918632268906 454
1615457415638 0.010674552991986275 455
1615457450189 0.012938533909618855 456
1615457484696 0.014786641113460064 457
1615457519127 0.013875599950551987 458
1615457553496 0.012327327392995358 459
1615457589880 0.010814230889081955 460
1615457624148 0.012669204734265804 461
1615457658598 0.01178329810500145 462
1615457693044 0.013024726882576942 463
1615457727296 0.012441903352737427 464
1615457761601 0.011263441294431686 465
1615457795891 0.015321038663387299 466
1615457830624 0.013068420812487602 467
1615457864896 0.01313093677163124 468
1615457899326 0.012392531149089336 469
1615457935181 0.01395466923713684 470
1615457969464 0.014234615489840508 471
1615458003756 0.013204086571931839 472
1615458038000 0.011434102430939674 473
1615458072310 0.012872224673628807 474
1615458106568 0.012252487242221832 475
1615458140857 0.013431664556264877 476
1615458175062 0.012384416535496712 477
1615458209490 0.011683562770485878 478
1615458244174 0.010881558991968632 479
1615458280627 0.011193454265594482 480
1615458315205 0.012364349327981472 481
1615458349870 0.011931639164686203 482
1615458384385 0.013505131006240845 483
1615458418970 0.011652599088847637 484
1615458453324 0.010812297463417053 485
1615458487713 0.014357328414916992 486
1615458521966 0.013290696777403355 487
1615458556311 0.012629757635295391 488
1615458590571 0.010759151540696621 489
1615458626539 0.011611725203692913 490
1615458660798 0.011660833843052387 491
1615458695088 0.014097342267632484 492
1615458729397 0.010134086012840271 493
1615458763622 0.01593480445444584 494
1615458798058 0.012383004650473595 495
1615458832544 0.013006752356886864 496
1615458866769 0.010781653225421906 497
1615458901063 0.013138949871063232 498
1615458935317 0.011987868696451187 499
1615458971238 0.012064432725310326 500
1615459005468 0.013056512922048569 501
1615459039760 0.012721879407763481 502
1615459074005 0.010747396387159824 503
1615459108267 0.01163468323647976 504
1615459142605 0.012173345312476158 505
1615459176859 0.011621234938502312 506
1615459211396 0.013708824291825294 507
1615459245862 0.013095417991280556 508
1615459280289 0.012281974777579308 509
1615459316448 0.012193538248538971 510
1615459351051 0.010420120321214199 511
1615459385563 0.010377034544944763 512
1615459420172 0.011747918091714382 513
1615459454732 0.010900577530264854 514
1615459489158 0.01224181242287159 515
1615459523522 0.010449652560055256 516
1615459557769 0.011407722719013691 517
1615459592096 0.012559525668621063 518
1615459626348 0.013266876339912415 519
1615459662379 0.012527777813374996 520
1615459696877 0.012993644922971725 521
1615459731116 0.011966373771429062 522
1615459765399 0.012351706624031067 523
1615459799750 0.011121472343802452 524
1615459834108 0.01217661052942276 525
1615459868348 0.010589895769953728 526
1615459902561 0.012017222121357918 527
1615459936821 0.011260267347097397 528
1615459971239 0.012148261070251465 529
1615460007346 0.011490058153867722 530
1615460041902 0.01326459739357233 531
1615460076812 0.012606849893927574 532
1615460111575 0.013396646827459335 533
1615460146008 0.01154631283134222 534
1615460180268 0.012445611879229546 535
1615460214750 0.00979071855545044 536
1615460249096 0.01223680842667818 537
1615460283412 0.011715935543179512 538
1615460317875 0.012469103559851646 539
1615460354206 0.010106289759278297 540
1615460388519 0.011951746419072151 541
1615460422799 0.013950027525424957 542
1615460457033 0.011703257448971272 543
1615460491330 0.010274987667798996 544
1615460525587 0.011153554543852806 545
1615460559924 0.012677241116762161 546
1615460594094 0.010400565341114998 547
1615460628337 0.012572999112308025 548
1615460662753 0.012834243476390839 549
1615460698869 0.011666025035083294 550
1615460733505 0.010752719826996326 551
1615460768175 0.011629430577158928 552
1615460802535 0.010784965008497238 553
1615460837036 0.01468621101230383 554
1615460871490 0.011234158650040627 555
1615460905915 0.01039418950676918 556
1615460940287 0.012245593592524529 557
1615460974745 0.012834591791033745 558
1615461009074 0.01399615965783596 559
1615461045205 0.009986117482185364 560
1615461079672 0.013467425480484962 561
1615461113928 0.014930101111531258 562
1615461148179 0.01291586458683014 563
1615461182339 0.009256509132683277 564
1615461216671 0.014092396944761276 565
1615461251769 0.009569519199430943 566
1615461286428 0.012033184990286827 567
1615461321023 0.010095907375216484 568
1615461355549 0.011625150218605995 569
1615461391967 0.012677149847149849 570
1615461426325 0.012386415153741837 571
1615461460753 0.011720065958797932 572
1615461495127 0.011170271784067154 573
1615461529556 0.010595263913273811 574
1615461563862 0.011548091657459736 575
1615461598505 0.011520035564899445 576
1615461632847 0.010295731015503407 577
1615461667099 0.010973874479532242 578
1615461701321 0.011827735230326653 579
1615461737600 0.011249808594584465 580
1615461772451 0.009355073794722557 581
1615461807099 0.012172969058156013 582
1615461841913 0.01164634246379137 583
1615461876534 0.013458870351314545 584
1615461911134 0.011547192931175232 585
1615461945504 0.012039761058986187 586
1615461979926 0.008921629749238491 587
1615462014251 0.011073238216340542 588
1615462048568 0.011342303827404976 589
1615462084486 0.011589624918997288 590
1615462118994 0.01171193365007639 591
1615462153771 0.011702058836817741 592
1615462188078 0.011973894201219082 593
1615462222374 0.011592047289013863 594
1615462256647 0.011491894721984863 595
1615462290918 0.010078154504299164 596
1615462325209 0.011294318363070488 597
1615462359438 0.011777883395552635 598
1615462393710 0.012931160628795624 599
1615462429623 0.012399486266076565 600
1615462463918 0.00906129740178585 601
1615462498165 0.013068245723843575 602
1615462532523 0.01399919018149376 603
1615462566999 0.012565643526613712 604
1615462601680 0.011384323239326477 605
1615462636528 0.01068282499909401 606
1615462671300 0.012044169008731842 607
1615462705791 0.01055748201906681 608
1615462740182 0.012279382906854153 609
1615462776602 0.010896842926740646 610
1615462810995 0.013845342211425304 611
1615462845387 0.012626074254512787 612
1615462879742 0.01213522907346487 613
1615462914122 0.011837251484394073 614
1615462949153 0.011586874723434448 615
1615462983488 0.01078367605805397 616
1615463017761 0.01294553093612194 617
1615463052056 0.009607702493667603 618
1615463086410 0.012118658050894737 619
1615463122669 0.011143404990434647 620
1615463157879 0.010288628749549389 621
1615463193030 0.013573731295764446 622
1615463227456 0.01290751900523901 623
1615463261841 0.010351520963013172 624
1615463296314 0.009931949898600578 625
1615463330702 0.011261188425123692 626
1615463365907 0.010338881053030491 627
1615463400152 0.011411236599087715 628
1615463434420 0.01129581592977047 629
1615463470535 0.011307292617857456 630
1615463504773 0.010564232245087624 631
1615463539020 0.013358160853385925 632
1615463573297 0.010863207280635834 633
1615463607411 0.011096620000898838 634
1615463641688 0.013372006826102734 635
1615463675973 0.012727278284728527 636
1615463710737 0.00975557416677475 637
1615463745402 0.012038925662636757 638
1615463779939 0.010748951695859432 639
1615463816266 0.011891050264239311 640
1615463850917 0.011711306869983673 641
1615463885422 0.012040338478982449 642
1615463919776 0.009655307047069073 643
1615463954219 0.010091894306242466 644
1615463988582 0.011944510042667389 645
1615464022894 0.009431956335902214 646
1615464057308 0.012600412592291832 647
1615464091810 0.01144380122423172 648
1615464126106 0.010606333613395691 649
1615464162717 0.010492571629583836 650
1615464197012 0.011743495240807533 651
1615464231281 0.010435591451823711 652
1615464265595 0.010572010651230812 653
1615464299904 0.010002795606851578 654
1615464334270 0.009796266444027424 655
1615464368522 0.01000659167766571 656
1615464402828 0.010757889598608017 657
1615464437689 0.013147633522748947 658
1615464472136 0.011215398088097572 659
1615464508541 0.012035279534757137 660
1615464543113 0.00934022106230259 661
1615464577492 0.012969567440450191 662
1615464611876 0.01205386035144329 663
1615464646332 0.011521336622536182 664
1615464680744 0.010278566740453243 665
1615464715059 0.011418960988521576 666
1615464749399 0.010498188436031342 667
1615464783639 0.011489778757095337 668
1615464818197 0.01068614050745964 669
1615464854201 0.01078718900680542 670
1615464888415 0.01222984865307808 671
1615464922804 0.013425000011920929 672
1615464957259 0.01353001594543457 673
1615464991877 0.010461234487593174 674
1615465026448 0.012151574715971947 675
1615465061565 0.01052074320614338 676
1615465095966 0.010426528751850128 677
1615465130516 0.010427240282297134 678
1615465164838 0.010968003422021866 679
1615465201028 0.01036791317164898 680
1615465235274 0.01122264377772808 681
1615465269561 0.009673422202467918 682
1615465304327 0.010418087244033813 683
1615465338534 0.011571954004466534 684
1615465372789 0.010172282345592976 685
1615465407071 0.01008722186088562 686
1615465441312 0.008413039147853851 687
1615465475867 0.012648497708141804 688
1615465510598 0.013592740520834923 689
1615465547354 0.012238966301083565 690
1615465582070 0.010251659899950027 691
1615465616726 0.008793971501290798 692
1615465651152 0.010277495719492435 693
1615465685568 0.010777078568935394 694
1615465720096 0.011084317229688168 695
1615465754508 0.009738272987306118 696
1615465788835 0.009983034804463387 697
1615465823410 0.01096020545810461 698
1615465857999 0.011022016406059265 699
1615465894015 0.009916878305375576 700
1615465928244 0.011294878087937832 701
1615465962574 0.010518623515963554 702
1615465996873 0.009489044547080994 703
1615466031142 0.011176150292158127 704
1615466065348 0.010572904720902443 705
1615466099571 0.01042582280933857 706
1615466133867 0.01184915006160736 707
1615466168155 0.009256906807422638 708
1615466202527 0.010526228696107864 709
1615466238504 0.01082590688019991 710
1615466272871 0.009993398562073708 711
1615466307700 0.009824400767683983 712
1615466342616 0.01037922129034996 713
1615466377307 0.010731769725680351 714
1615466411711 0.010946275666356087 715
1615466446078 0.012400992214679718 716
1615466480369 0.008962256833910942 717
1615466514869 0.009161590598523617 718
1615466549247 0.00990583747625351 719
1615466585522 0.01057456899434328 720
1615466620179 0.01123686321079731 721
1615466654429 0.012655266560614109 722
1615466688724 0.010611800476908684 723
1615466722929 0.009866630658507347 724
1615466757224 0.012169744819402695 725
1615466791990 0.009529294446110725 726
1615466827840 0.007797444239258766 727
1615466862638 0.011166127398610115 728
1615466897096 0.008870651014149189 729
1615466933765 0.008858909830451012 730
1615466968185 0.00959155336022377 731
1615467002495 0.010697053745388985 732
1615467036773 0.009561847895383835 733
1615467071008 0.01201857253909111 734
1615467105727 0.011276129633188248 735
1615467140025 0.010597050189971924 736
1615467174409 0.00886576622724533 737
1615467208784 0.010320769622921944 738
1615467243091 0.009141027927398682 739
1615467278941 0.012142214924097061 740
1615467313630 0.012592524290084839 741
1615467348867 0.009190713055431843 742
1615467383539 0.009211933240294456 743
1615467418032 0.007816344499588013 744
1615467452551 0.011061616241931915 745
1615467486873 0.009335112757980824 746
1615467521343 0.009884485974907875 747
1615467557995 0.010268411599099636 748
1615467592381 0.011523641645908356 749
1615467628398 0.010269958525896072 750
1615467662715 0.012585800141096115 751
1615467696916 0.011732225306332111 752
1615467731200 0.013099154457449913 753
1615467765527 0.010168854147195816 754
1615467799777 0.0104255061596632 755
1615467834132 0.009187677875161171 756
1615467868683 0.012354442849755287 757
1615467903373 0.010724654421210289 758
1615467938386 0.009190361946821213 759
1615467975050 0.010935449972748756 760
1615468009398 0.011550894007086754 761
1615468043740 0.010782118886709213 762
1615468078187 0.010997382923960686 763
1615468112594 0.010613723658025265 764
1615468146997 0.011803772300481796 765
1615468181354 0.009684758260846138 766
1615468215618 0.009819509461522102 767
1615468251467 0.010825803503394127 768
1615468285746 0.009126586839556694 769
1615468321686 0.010688192211091518 770
1615468355965 0.012002906762063503 771
1615468390246 0.011167237535119057 772
1615468424526 0.009008735418319702 773
1615468458842 0.011057092808187008 774
1615468493333 0.01275607943534851 775
1615468528125 0.009159580804407597 776
1615468562669 0.009529303759336472 777
1615468597189 0.01187882199883461 778
1615468631814 0.011544139124453068 779
1615468668369 0.00947235431522131 780
1615468702885 0.013762187212705612 781
1615468737258 0.009127124212682247 782
1615468771647 0.00890070665627718 783
1615468805812 0.01001359336078167 784
1615468840187 0.00898025743663311 785
1615468874629 0.0120470579713583 786
1615468909524 0.011353093199431896 787
1615468943907 0.010480200871825218 788
1615468978148 0.011380990967154503 789
1615469014049 0.010462449863553047 790
1615469048364 0.011053092777729034 791
1615469082792 0.010245533660054207 792
1615469117309 0.011665708385407925 793
1615469151778 0.00945855863392353 794
1615469186201 0.01026935875415802 795
1615469221123 0.010277347639203072 796
1615469255523 0.009565874002873898 797
1615469290087 0.011536115780472755 798
1615469324523 0.008258728310465813 799
1615469360486 0.010584020987153053 800
1615469394796 0.01158985123038292 801
1615469429014 0.011491585522890091 802
1615469463290 0.00947125069797039 803
1615469497541 0.009604733437299728 804
1615469531841 0.012314163148403168 805
1615469566154 0.010387944057583809 806
1615469600863 0.010890284553170204 807
1615469635191 0.011077163740992546 808
1615469669428 0.012422306463122368 809
1615469705267 0.010695970617234707 810
1615469739609 0.012302940711379051 811
1615469773903 0.010264437645673752 812
1615469808215 0.008956173434853554 813
1615469842439 0.009105438366532326 814
1615469876705 0.009987963363528252 815
1615469911111 0.011464391835033894 816
1615469945475 0.007602183148264885 817
1615469979912 0.011462971568107605 818
1615470014466 0.011908497661352158 819
1615470050649 0.01358066126704216 820
1615470085327 0.010162499733269215 821
1615470119893 0.011243386194109917 822
1615470154203 0.010345350950956345 823
1615470188513 0.010166740976274014 824
1615470222873 0.0117534464225173 825
1615470257276 0.009931342676281929 826
1615470291704 0.012030282989144325 827
1615470326055 0.009049233049154282 828
1615470360761 0.009298417717218399 829
1615470396852 0.011115502566099167 830
1615470431119 0.01187068223953247 831
1615470465392 0.009989086538553238 832
1615470499706 0.008528713136911392 833
1615470533987 0.010385975241661072 834
1615470568346 0.011000990867614746 835
1615470602525 0.010171163827180862 836
1615470636876 0.013244088739156723 837
1615470671221 0.010986430570483208 838
1615470705646 0.010870244354009628 839
1615470741858 0.009014977142214775 840
1615470776550 0.011700466275215149 841
1615470811215 0.010736210271716118 842
1615470845672 0.008460279554128647 843
1615470880100 0.009406907483935356 844
1615470914532 0.01071166805922985 845
1615470948799 0.009039191529154778 846
1615470983018 0.009132036939263344 847
1615471017422 0.010934870690107346 848
1615471051783 0.01366649940609932 849
1615471087854 0.010549968108534813 850
1615471122204 0.007889955304563046 851
1615471156523 0.007342278026044369 852
1615471191142 0.01249694637954235 853
1615471225419 0.010924696922302246 854
1615471259721 0.011090236715972424 855
1615471293914 0.011233435943722725 856
1615471328204 0.01124277338385582 857
1615471362496 0.009647738188505173 858
1615471396720 0.008918476291000843 859
1615471432436 0.009310953319072723 860
1615471466653 0.011924338527023792 861
1615471500870 0.010630371049046516 862
1615471535085 0.01259031891822815 863
1615471569350 0.012676279991865158 864
1615471603679 0.009535630233585835 865
1615471638298 0.012363115325570107 866
1615471673056 0.00902646780014038 867
1615471707604 0.013698632828891277 868
1615471742340 0.010617819614708424 869
1615471778741 0.008274641819298267 870
1615471813220 0.009911393746733665 871
1615471847793 0.01076193992048502 872
1615471882257 0.01243063434958458 873
1615471916597 0.011144229210913181 874
1615471950883 0.009488008916378021 875
1615471985219 0.010339861735701561 876
1615472019415 0.010907945223152637 877
1615472053670 0.01240605115890503 878
1615472088042 0.00902952067553997 879
1615472124104 0.00829961709678173 880
1615472158393 0.011166367679834366 881
1615472192643 0.009778987616300583 882
1615472227381 0.011382092721760273 883
1615472261624 0.010362660512328148 884
1615472295885 0.012262202799320221 885
1615472330134 0.012569479644298553 886
1615472364430 0.008024875074625015 887
1615472398663 0.009874792769551277 888
1615472432897 0.011325521394610405 889
1615472468749 0.009667464531958103 890
1615472502973 0.00847159419208765 891
1615472537289 0.01035250909626484 892
1615472571569 0.009187860414385796 893
1615472605940 0.009397448971867561 894
1615472640436 0.007095343433320522 895
1615472675042 0.011468149721622467 896
1615472709686 0.012171376496553421 897
1615472744512 0.00967943761497736 898
1615472779081 0.013175569474697113 899
1615472815372 0.009012071415781975 900
1615472849896 0.009497033432126045 901
1615472884359 0.008857550099492073 902
1615472918640 0.010736623778939247 903
1615472953040 0.009831856936216354 904
1615472987305 0.010712672956287861 905
1615473021644 0.010824844241142273 906
1615473056021 0.010874266736209393 907
1615473090346 0.010898668318986893 908
1615473124624 0.010703899897634983 909
1615473160658 0.00858752429485321 910
1615473194910 0.008837336674332619 911
1615473229167 0.011790490709245205 912
1615473263480 0.010608208365738392 913
1615473297696 0.008664380759000778 914
1615473331957 0.01286538876593113 915
1615473366250 0.009576532989740372 916
1615473400592 0.013495823368430138 917
1615473434934 0.010495062917470932 918
1615473469282 0.010261258110404015 919
1615473505344 0.009957089088857174 920
1615473539786 0.010754972696304321 921
1615473574670 0.009320257231593132 922
1615473609207 0.011332109570503235 923
1615473643823 0.00836043432354927 924
1615473678282 0.010647766292095184 925
1615473712735 0.008733795955777168 926
1615473747236 0.009352222084999084 927
1615473781590 0.010675965808331966 928
1615473815963 0.010049812495708466 929
1615473852315 0.012910142540931702 930
1615473886716 0.009934334084391594 931
1615473921047 0.00986818503588438 932
1615473955665 0.010706388391554356 933
1615473989919 0.012175913900136948 934
1615474024177 0.010030725970864296 935
1615474058525 0.013172293081879616 936
1615474092808 0.012938577681779861 937
1615474127030 0.010751585476100445 938
1615474161364 0.011277309618890285 939
1615474197185 0.0102342264726758 940
1615474231422 0.012097366154193878 941
1615474265751 0.011834521777927876 942
1615474300101 0.011215686798095703 943
1615474334401 0.010095365345478058 944
1615474368849 0.009552826173603535 945
1615474403200 0.008507848717272282 946
1615474437809 0.013913953676819801 947
1615474472381 0.009112933650612831 948
1615474507051 0.008467519655823708 949
1615474543057 0.010413816198706627 950
1615474577609 0.01034774724394083 951
1615474612267 0.008869876153767109 952
1615474646835 0.009290245361626148 953
1615474681149 0.009070593863725662 954
1615474715498 0.011605561710894108 955
1615474749811 0.00843440368771553 956
1615474784258 0.010637795552611351 957
1615474818652 0.008937649428844452 958
1615474852841 0.009926306083798409 959
1615474888736 0.012911483645439148 960
1615474923325 0.010420671664178371 961
1615474957666 0.00957550574094057 962
1615474991880 0.010511687025427818 963
1615475026194 0.009337635710835457 964
1615475060432 0.008709575980901718 965
1615475094769 0.010732966475188732 966
1615475129096 0.009439725428819656 967
1615475163340 0.008375776000320911 968
1615475197524 0.009958485141396523 969
1615475233274 0.012545772828161716 970
1615475267614 0.009029960259795189 971
1615475301918 0.010255012661218643 972
1615475336205 0.010377291589975357 973
1615475370654 0.010336548089981079 974
1615475405215 0.011059440672397614 975
1615475439730 0.008671439252793789 976
1615475474072 0.008873864077031612 977
1615475508564 0.012095863930881023 978
1615475543053 0.009843891486525536 979
1615475579252 0.012881170958280563 980
1615475613746 0.01128985546529293 981
1615475648066 0.010962948203086853 982
1615475682457 0.010630249977111816 983
1615475716815 0.008280988782644272 984
1615475751192 0.009461533278226852 985
1615475785452 0.009618561714887619 986
1615475819831 0.009655334055423737 987
1615475854145 0.00935710035264492 988
1615475888504 0.00900878757238388 989
1615475924544 0.01014993991702795 990
1615475959182 0.01080805342644453 991
1615475993502 0.00922364741563797 992
1615476027838 0.010443376377224922 993
1615476062063 0.00866551510989666 994
1615476096232 0.008130909875035286 995
1615476130476 0.009320003911852837 996
1615476164819 0.007532297167927027 997
1615476199055 0.010309578850865364 998
1615476234962 0.010669946670532227 999
1615476271685 0.009457792155444622 1000
1615476306448 0.008980382233858109 1001
1615476340978 0.009154247120022774 1002
1615476375510 0.010545381344854832 1003
1615476410414 0.011125200428068638 1004
1615476444736 0.01086982898414135 1005
1615476479003 0.011545793153345585 1006
1615476513357 0.009951690211892128 1007
1615476547640 0.010633371770381927 1008
1615476581887 0.013805882073938847 1009
1615476617666 0.010853094048798084 1010
1615476652025 0.008399969898164272 1011
1615476686368 0.009258478879928589 1012
1615476720735 0.011805295944213867 1013
1615476755121 0.009896313771605492 1014
1615476789611 0.010322783142328262 1015
1615476824081 0.011900574900209904 1016
1615476858825 0.010631648823618889 1017
1615476893601 0.00855184718966484 1018
1615476928208 0.009555326774716377 1019
1615476964468 0.009967590682208538 1020
1615476998898 0.011169067583978176 1021
1615477033276 0.013127986341714859 1022
1615477067736 0.009254513308405876 1023
1615477102073 0.009668264538049698 1024
1615477136476 0.011992808431386948 1025
1615477170782 0.008667955175042152 1026
1615477205266 0.01047670841217041 1027
1615477239557 0.010446363128721714 1028
1615477274149 0.009636450558900833 1029
1615477310183 0.01093283947557211 1030
1615477344374 0.010851317085325718 1031
1615477378598 0.011075031012296677 1032
1615477412918 0.010000055655837059 1033
1615477447211 0.008748874068260193 1034
1615477481503 0.009023459628224373 1035
1615477515791 0.009835619479417801 1036
1615477550094 0.0096682608127594 1037
1615477584381 0.010776691138744354 1038
1615477618680 0.0106592308729887 1039
1615477654744 0.011172297410666943 1040
1615477689368 0.008253725245594978 1041
1615477724045 0.010316376574337482 1042
1615477758823 0.009409099817276001 1043
1615477793475 0.011017793789505959 1044
1615477828205 0.009255880489945412 1045
1615477862732 0.010121932253241539 1046
1615477897255 0.011445877142250538 1047
1615477931662 0.010086500085890293 1048
1615477966037 0.01121114008128643 1049
1615478002734 0.010196313261985779 1050
1615478037069 0.011265122331678867 1051
1615478071639 0.011822781525552273 1052
1615478105969 0.009133034385740757 1053
1615478140245 0.010757219046354294 1054
1615478174500 0.01033114455640316 1055
1615478208809 0.008607974275946617 1056
1615478243036 0.00852883979678154 1057
1615478277266 0.01283443532884121 1058
1615478311850 0.012946674600243568 1059
1615478348022 0.010423784144222736 1060
1615478382573 0.009391440078616142 1061
1615478417359 0.010957751423120499 1062
1615478451948 0.01223674975335598 1063
1615478486349 0.012231716886162758 1064
1615478520888 0.010880179703235626 1065
1615478555208 0.01096869446337223 1066
1615478589688 0.011318091303110123 1067
1615478624228 0.010508280247449875 1068
1615478659184 0.00903318915516138 1069
1615478695438 0.011464463546872139 1070
1615478729709 0.010032044723629951 1071
1615478764072 0.012568820267915726 1072
1615478798272 0.010954510420560837 1073
1615478832713 0.010671306401491165 1074
1615478867337 0.008960932493209839 1075
1615478901824 0.009838348254561424 1076
1615478936486 0.011768165044486523 1077
1615478973051 0.01001272164285183 1078
1615479007699 0.010383917018771172 1079
1615479043959 0.01085103489458561 1080
1615479078575 0.011680283583700657 1081
1615479113202 0.013114241883158684 1082
1615479147558 0.011727471835911274 1083
1615479182121 0.011949172243475914 1084
1615479216377 0.011365879327058792 1085
1615479250630 0.009499014355242252 1086
1615479284920 0.009295660071074963 1087
1615479319181 0.009577156975865364 1088
1615479353437 0.010686095803976059 1089
1615479389346 0.009769713506102562 1090
1615479423639 0.009531065821647644 1091
1615479457819 0.010479642078280449 1092
1615479492022 0.009688977152109146 1093
1615479526422 0.011843664571642876 1094
1615479560755 0.00928613729774952 1095
1615479595334 0.00872357003390789 1096
1615479629931 0.011901212856173515 1097
1615479664703 0.01003305520862341 1098
1615479699367 0.008527668192982674 1099
1615479736151 0.0094402264803648 1100
1615479770630 0.008805423974990845 1101
1615479805092 0.010789865627884865 1102
1615479839431 0.009000197052955627 1103
1615479873739 0.010235114023089409 1104
1615479908089 0.011878307908773422 1105
1615479942537 0.008924365043640137 1106
1615479976809 0.010932506062090397 1107
1615480011120 0.009324530139565468 1108
1615480045790 0.009314028546214104 1109
1615480081865 0.007710785139352083 1110
1615480116199 0.010714991949498653 1111
1615480150558 0.012024998664855957 1112
1615480184887 0.010674643330276012 1113
1615480219127 0.009082680568099022 1114
1615480253429 0.010098977014422417 1115
1615480287707 0.008237689733505249 1116
1615480322020 0.010014730505645275 1117
1615480356359 0.009570170193910599 1118
1615480391114 0.011942606419324875 1119
1615480427358 0.010759323835372925 1120
1615480461831 0.010108349844813347 1121
1615480496371 0.009284814819693565 1122
1615480531023 0.009187854826450348 1123
1615480565585 0.009239446371793747 1124
1615480599909 0.009350760839879513 1125
1615480634284 0.00957517884671688 1126
1615480668621 0.008563049137592316 1127
1615480703088 0.009874105453491211 1128
1615480737396 0.009389784187078476 1129
1615480773398 0.00847967155277729 1130
1615480807593 0.011633668094873428 1131
1615480842523 0.008025641553103924 1132
1615480876760 0.010418612509965897 1133
1615480911072 0.009569171816110611 1134
1615480945414 0.010403956286609173 1135
1615480979709 0.00829472579061985 1136
1615481014001 0.00970376841723919 1137
1615481048290 0.009944689460098743 1138
1615481082518 0.010434949770569801 1139
1615481118460 0.01149702351540327 1140
1615481152828 0.01051096711307764 1141
1615481187137 0.011499056592583656 1142
1615481221569 0.010362669825553894 1143
1615481256103 0.01057484745979309 1144
1615481290753 0.009277976118028164 1145
1615481325495 0.011762792244553566 1146
1615481360069 0.007691588252782822 1147
1615481394543 0.010355323553085327 1148
1615481429062 0.010803327895700932 1149
1615481465169 0.010542957112193108 1150
1615481499651 0.010576561093330383 1151
1615481533979 0.010280749760568142 1152
1615481568870 0.010056423023343086 1153
1615481603121 0.01160759013146162 1154
1615481637516 0.01050267368555069 1155
1615481671817 0.00903091486543417 1156
1615481706162 0.010623986832797527 1157
1615481740407 0.010223163291811943 1158
1615481774685 0.012338757514953613 1159
1615481810526 0.010674655437469482 1160
1615481844974 0.010160944424569607 1161
1615481879577 0.007790303789079189 1162
1615481914175 0.008618188090622425 1163
1615481949058 0.01007173117250204 1164
1615481983914 0.012251177802681923 1165
1615482018616 0.009600119665265083 1166
1615482052949 0.010504696518182755 1167
1615482087226 0.011362774297595024 1168
1615482121637 0.009634587913751602 1169
1615482157645 0.009020471014082432 1170
1615482192011 0.009812342002987862 1171
1615482226290 0.010599665343761444 1172
1615482260748 0.011617586016654968 1173
1615482295486 0.011083662509918213 1174
1615482329871 0.01007472351193428 1175
1615482364125 0.008262019604444504 1176
1615482398376 0.007822654210031033 1177
1615482432676 0.010791249573230743 1178
1615482466991 0.009645793586969376 1179
1615482502897 0.010255610570311546 1180
1615482537132 0.008848447352647781 1181
1615482571358 0.011448143050074577 1182
1615482605716 0.010245304554700851 1183
1615482640048 0.008996586315333843 1184
1615482674679 0.010141279548406601 1185
1615482709353 0.01076086238026619 1186
1615482744010 0.01026084553450346 1187
1615482778508 0.010685916990041733 1188
1615482812969 0.007729616481810808 1189
1615482849298 0.009662000462412834 1190
1615482883621 0.008931032381951809 1191
1615482917997 0.007800032384693623 1192
1615482952255 0.010298850014805794 1193
1615482986676 0.01036743726581335 1194
1615483020933 0.011501404456794262 1195
1615483055400 0.009881660342216492 1196
1615483089799 0.010219963267445564 1197
1615483124138 0.010009480640292168 1198
1615483158844 0.009215900674462318 1199
1615483194792 0.011836562305688858 1200
1615483219045 0.00916534848511219 0
1615483219057 0.00916534848511219 0
