1615322806053 0.23444338142871857 1
1615322840314 0.31993141770362854 2
1615322874577 0.4889623522758484 3
1615322908928 0.594515860080719 4
1615322943132 0.6104485392570496 5
1615322977346 0.6313169002532959 6
1615323011478 0.6352398991584778 7
1615323045807 0.6463412046432495 8
1615323079976 0.6765269041061401 9
1615323116227 0.6511318683624268 10
1615323150597 0.7133693695068359 11
1615323184872 0.6895615458488464 12
1615323219266 0.651676595211029 13
1615323253903 0.6674184799194336 14
1615323288300 0.6761573553085327 15
1615323322690 0.6905062794685364 16
1615323357124 0.7118152976036072 17
1615323391269 0.7351589202880859 18
1615323425561 0.7003138065338135 19
1615323461639 0.7298687696456909 20
1615323495979 0.7197448015213013 21
1615323530250 0.7431385517120361 22
1615323564885 0.7534049153327942 23
1615323599164 0.7498416900634766 24
1615323633330 0.7261810302734375 25
1615323667595 0.7717940211296082 26
1615323701782 0.7455426454544067 27
1615323735936 0.7593631744384766 28
1615323770107 0.7292835712432861 29
1615323806001 0.7365880012512207 30
1615323840365 0.7626186013221741 31
1615323874684 0.7420298457145691 32
1615323909010 0.7653752565383911 33
1615323943349 0.7523272037506104 34
1615323977869 0.7723650932312012 35
1615324012408 0.7699410915374756 36
1615324046854 0.7958232760429382 37
1615324081415 0.7904074192047119 38
1615324115708 0.7780113220214844 39
1615324151915 0.7745106220245361 40
1615324186398 0.7765260338783264 41
1615324220796 0.7450816035270691 42
1615324255067 0.7667655348777771 43
1615324289791 0.786347508430481 44
1615324323997 0.7738590240478516 45
1615324358205 0.7456963062286377 46
1615324392447 0.7772873640060425 47
1615324426683 0.8301920890808105 48
1615324460982 0.8007467985153198 49
1615324496942 0.7884442806243896 50
1615324531237 0.7903380393981934 51
1615324565485 0.7199001312255859 52
1615324599742 0.7495036721229553 53
1615324634080 0.7727727293968201 54
1615324668977 0.7608100175857544 55
1615324703950 0.7776210904121399 56
1615324738481 0.7562385201454163 57
1615324772807 0.7665494680404663 58
1615324807092 0.7898173332214355 59
1615324843423 0.7872568368911743 60
1615324877699 0.7748154401779175 61
1615324912138 0.7718956470489502 62
1615324946497 0.7677007913589478 63
1615324980795 0.7370889186859131 64
1615325015013 0.7816324234008789 65
1615325049521 0.8051645755767822 66
1615325083707 0.802344560623169 67
1615325117938 0.807720959186554 68
1615325152137 0.7716068625450134 69
1615325188035 0.7773842811584473 70
1615325222328 0.7710546255111694 71
1615325256576 0.7514438629150391 72
1615325290908 0.7591571807861328 73
1615325325490 0.7757083177566528 74
1615325360027 0.7950781583786011 75
1615325394624 0.8060097694396973 76
1615325429475 0.8187557458877563 77
1615325464037 0.8221281170845032 78
1615325498419 0.7959824800491333 79
1615325534290 0.771655797958374 80
1615325568519 0.7831606864929199 81
1615325602840 0.8257628679275513 82
1615325637256 0.8012598156929016 83
1615325671647 0.8259165287017822 84
1615325706016 0.8127124905586243 85
1615325740364 0.8109043836593628 86
1615325774572 0.827754557132721 87
1615325809226 0.8291568756103516 88
1615325843606 0.8129581809043884 89
1615325879400 0.8054196238517761 90
1615325913673 0.8137816190719604 91
1615325947922 0.7943580150604248 92
1615325982193 0.8118793368339539 93
1615326016489 0.8317152261734009 94
1615326050740 0.8384674787521362 95
1615326085039 0.7981773018836975 96
1615326119275 0.789446234703064 97
1615326153631 0.7734874486923218 98
1615326188089 0.8047460913658142 99
1615326224432 0.8083161115646362 100
1615326259041 0.8239826560020447 101
1615326293501 0.7952775359153748 102
1615326327992 0.8225629925727844 103
1615326362314 0.8372060060501099 104
1615326396623 0.7978947162628174 105
1615326430952 0.7567477822303772 106
1615326465389 0.80950528383255 107
1615326499615 0.7979731559753418 108
1615326533945 0.819368302822113 109
1615326570201 0.8007572889328003 110
1615326604415 0.8237000703811646 111
1615326638775 0.8190573453903198 112
1615326672977 0.8043614029884338 113
1615326707248 0.7823377847671509 114
1615326741880 0.8080177903175354 115
1615326776192 0.7924667596817017 116
1615326810449 0.8202878832817078 117
1615326844677 0.7519931793212891 118
1615326878942 0.8224010467529297 119
1615326914940 0.8084427118301392 120
1615326949215 0.8257547616958618 121
1615326983384 0.8047218918800354 122
1615327017614 0.7803972959518433 123
1615327052042 0.7921015620231628 124
1615327086682 0.802009105682373 125
1615327121159 0.8247866630554199 126
1615327155724 0.8320931196212769 127
1615327190407 0.828152060508728 128
1615327224917 0.8174842596054077 129
1615327261432 0.834368109703064 130
1615327295882 0.8157205581665039 131
1615327330116 0.8206911087036133 132
1615327364409 0.839816689491272 133
1615327398687 0.8089251518249512 134
1615327432898 0.8613853454589844 135
1615327467176 0.8601174354553223 136
1615327501494 0.8253512382507324 137
1615327535789 0.7943156957626343 138
1615327570013 0.7985563278198242 139
1615327605883 0.8067225217819214 140
1615327640407 0.8060228824615479 141
1615327674649 0.8255680203437805 142
1615327708904 0.8483935594558716 143
1615327743175 0.8191167116165161 144
1615327777479 0.8573119044303894 145
1615327811685 0.8299169540405273 146
1615327845919 0.817903995513916 147
1615327880163 0.8144419193267822 148
1615327914526 0.832055926322937 149
1615327950699 0.8229970932006836 150
1615327985202 0.8333775997161865 151
1615328019832 0.8311935663223267 152
1615328054330 0.8399499654769897 153
1615328089015 0.8875057697296143 154
1615328123563 0.8491123914718628 155
1615328157961 0.8604055643081665 156
1615328192282 0.8583526611328125 157
1615328226701 0.8392702341079712 158
1615328260980 0.873381495475769 159
1615328297580 0.8562835454940796 160
1615328331861 0.7954577207565308 161
1615328366121 0.8163899779319763 162
1615328400406 0.8295434713363647 163
1615328434687 0.8545925617218018 164
1615328468898 0.827385425567627 165
1615328503132 0.8030869960784912 166
1615328537372 0.8437691926956177 167
1615328571540 0.8520724773406982 168
1615328605856 0.878205418586731 169
1615328641794 0.841240406036377 170
1615328676529 0.8242038488388062 171
1615328711149 0.8560148477554321 172
1615328745971 0.8388229608535767 173
1615328780804 0.8344117999076843 174
1615328815211 0.835718035697937 175
1615328849476 0.8344602584838867 176
1615328883887 0.8056989908218384 177
1615328918233 0.8267192840576172 178
1615328952640 0.8175108432769775 179
1615328989210 0.8786673545837402 180
1615329023675 0.8418589234352112 181
1615329058000 0.8230921030044556 182
1615329092288 0.7937226891517639 183
1615329126517 0.8496408462524414 184
1615329160766 0.8414492607116699 185
1615329194996 0.8335821628570557 186
1615329229163 0.8128334879875183 187
1615329263388 0.8222019672393799 188
1615329297881 0.826468825340271 189
1615329333763 0.8353210687637329 190
1615329368117 0.8765199780464172 191
1615329402574 0.8315353393554688 192
1615329436922 0.8076674938201904 193
1615329471672 0.818570613861084 194
1615329506285 0.8515841960906982 195
1615329540780 0.8009942173957825 196
1615329575103 0.8446310758590698 197
1615329609615 0.8407898545265198 198
1615329644177 0.8401992321014404 199
1615329680138 0.8175526261329651 200
1615329714362 0.8118975758552551 201
1615329748847 0.8021724224090576 202
1615329783170 0.8283748626708984 203
1615329817440 0.8367825746536255 204
1615329851682 0.847831130027771 205
1615329885916 0.8594456911087036 206
1615329920205 0.8654299974441528 207
1615329954419 0.8643413782119751 208
1615329988647 0.8709210157394409 209
1615330024495 0.8091818690299988 210
1615330058894 0.8471998572349548 211
1615330093607 0.8472545146942139 212
1615330128146 0.7983019948005676 213
1615330162702 0.8210330605506897 214
1615330197463 0.8577650189399719 215
1615330231886 0.8213380575180054 216
1615330266335 0.837695837020874 217
1615330300655 0.8393591642379761 218
1615330335076 0.8355153799057007 219
1615330371238 0.837271511554718 220
1615330405491 0.8291311264038086 221
1615330440133 0.8228777647018433 222
1615330474411 0.8561103343963623 223
1615330508606 0.8490511178970337 224
1615330542840 0.8227987885475159 225
1615330577122 0.8355336785316467 226
1615330611355 0.8247296810150146 227
1615330645584 0.8501546382904053 228
1615330679974 0.8723803758621216 229
1615330715868 0.8524357080459595 230
1615330750215 0.8761310577392578 231
1615330784523 0.8554946184158325 232
1615330818932 0.8276424407958984 233
1615330853602 0.8474897742271423 234
1615330888324 0.8405523300170898 235
1615330923451 0.8464483022689819 236
1615330957847 0.8501681089401245 237
1615330992161 0.8449865579605103 238
1615331026447 0.8765138983726501 239
1615331063108 0.8392751812934875 240
1615331097319 0.8280633687973022 241
1615331131643 0.8473466634750366 242
1615331165936 0.8538709282875061 243
1615331200561 0.8660000562667847 244
1615331234815 0.8463884592056274 245
1615331269093 0.8503060340881348 246
1615331303384 0.8154327869415283 247
1615331337657 0.8442854285240173 248
1615331371823 0.8396549224853516 249
1615331407799 0.8499453067779541 250
1615331441946 0.872260570526123 251
1615331476133 0.8369107246398926 252
1615331510597 0.8075995445251465 253
1615331545404 0.8313310146331787 254
1615331579773 0.8535242080688477 255
1615331614324 0.8524712324142456 256
1615331648919 0.8905655145645142 257
1615331683335 0.8552554249763489 258
1615331717732 0.8463176488876343 259
1615331753986 0.8262656331062317 260
1615331788373 0.8580565452575684 261
1615331823296 0.8666684627532959 262
1615331857579 0.8473148345947266 263
1615331891826 0.8177619576454163 264
1615331926022 0.846850574016571 265
1615331960305 0.838204026222229 266
1615331994573 0.8535182476043701 267
1615332028800 0.8322722315788269 268
1615332063231 0.8520029187202454 269
1615332099655 0.8507417440414429 270
1615332134409 0.8690148591995239 271
1615332168856 0.8546494245529175 272
1615332203292 0.8457752466201782 273
1615332237817 0.8505852222442627 274
1615332272359 0.8379544019699097 275
1615332306723 0.803414523601532 276
1615332341066 0.8880183696746826 277
1615332375370 0.8377484083175659 278
1615332409716 0.8754435777664185 279
1615332445681 0.8697963356971741 280
1615332480376 0.8578200340270996 281
1615332514631 0.8701227307319641 282
1615332548957 0.8443571329116821 283
1615332583111 0.860930323600769 284
1615332617767 0.8150848150253296 285
1615332652100 0.8612602353096008 286
1615332686334 0.8437312841415405 287
1615332720503 0.833055853843689 288
1615332754748 0.8583430051803589 289
1615332790696 0.8423811793327332 290
1615332825154 0.8655208349227905 291
1615332859837 0.8552015423774719 292
1615332894734 0.8644530773162842 293
1615332929251 0.8530350923538208 294
1615332963761 0.8435014486312866 295
1615332998324 0.8397452235221863 296
1615333032741 0.8670530319213867 297
1615333067105 0.8578824996948242 298
1615333101422 0.8743741512298584 299
1615333137558 0.8701205253601074 300
1615333171968 0.8143128156661987 301
1615333206627 0.8587510585784912 302
1615333240889 0.8822576999664307 303
1615333275294 0.8748162984848022 304
1615333309673 0.8427339196205139 305
1615333343973 0.8353855609893799 306
1615333378320 0.8550132513046265 307
1615333412553 0.9098188877105713 308
1615333446761 0.8924243450164795 309
1615333482519 0.8262950778007507 310
1615333516672 0.8236048221588135 311
1615333551112 0.8492187261581421 312
1615333585596 0.8379184007644653 313
1615333620615 0.8839280605316162 314
1615333655291 0.8513748049736023 315
1615333689742 0.8647974729537964 316
1615333724022 0.8755959272384644 317
1615333758399 0.8473635315895081 318
1615333792656 0.8498739004135132 319
1615333828904 0.8626571893692017 320
1615333863290 0.8538782596588135 321
1615333897531 0.8481978178024292 322
1615333931851 0.8253118991851807 323
1615333966228 0.8748469948768616 324
1615334000518 0.8335813879966736 325
1615334035015 0.8534919023513794 326
1615334069291 0.8574509024620056 327
1615334103598 0.8703643679618835 328
1615334137951 0.8807949423789978 329
1615334173740 0.8245633840560913 330
1615334208003 0.8340219855308533 331
1615334242441 0.8487051129341125 332
1615334276821 0.8883882164955139 333
1615334311198 0.8405427932739258 334
1615334345682 0.8629283905029297 335
1615334380161 0.841661810874939 336
1615334414629 0.8714466094970703 337
1615334449160 0.8314201831817627 338
1615334483894 0.8868536949157715 339
1615334520523 0.8767706155776978 340
1615334554976 0.8543103933334351 341
1615334589207 0.8750163912773132 342
1615334623594 0.8436263799667358 343
1615334658071 0.8576045036315918 344
1615334692245 0.8441843390464783 345
1615334726498 0.8221124410629272 346
1615334760793 0.8078276515007019 347
1615334795130 0.8427160978317261 348
1615334829397 0.8733165264129639 349
1615334865392 0.886795699596405 350
1615334899665 0.8693272471427917 351
1615334933923 0.8658657073974609 352
1615334968225 0.8745133280754089 353
1615335002522 0.8837462663650513 354
1615335036683 0.8730223178863525 355
1615335071252 0.8541315793991089 356
1615335106168 0.8756384253501892 357
1615335140688 0.8965461850166321 358
1615335175503 0.8378901481628418 359
1615335212043 0.8538243770599365 360
1615335246434 0.8856973648071289 361
1615335280780 0.8859115839004517 362
1615335315367 0.8655878901481628 363
1615335349635 0.8431976437568665 364
1615335384215 0.8666020631790161 365
1615335418525 0.8476616144180298 366
1615335452779 0.8678169250488281 367
1615335487061 0.8800536394119263 368
1615335521372 0.8451773524284363 369
1615335557131 0.85822594165802 370
1615335591350 0.8989158868789673 371
1615335625637 0.8839205503463745 372
1615335659911 0.8604729771614075 373
1615335694185 0.8599655628204346 374
1615335728446 0.863946795463562 375
1615335762800 0.8559502363204956 376
1615335797195 0.8098055124282837 377
1615335831766 0.824937105178833 378
1615335866215 0.8383454084396362 379
1615335902404 0.8373348712921143 380
1615335936962 0.8633794188499451 381
1615335971666 0.864959716796875 382
1615336005901 0.8476119041442871 383
1615336040297 0.867246150970459 384
1615336074662 0.8777686357498169 385
1615336108923 0.8661419153213501 386
1615336143380 0.8465233445167542 387
1615336177732 0.8611879944801331 388
1615336212266 0.8606441020965576 389
1615336248372 0.8432546854019165 390
1615336282932 0.845641016960144 391
1615336317230 0.8468794226646423 392
1615336351498 0.8633980751037598 393
1615336385730 0.8389822840690613 394
1615336419949 0.9055079221725464 395
1615336454329 0.8563104867935181 396
1615336488800 0.8784868121147156 397
1615336523222 0.8840970993041992 398
1615336557539 0.8626951575279236 399
1615336593583 0.8748562335968018 400
1615336628124 0.8648582696914673 401
1615336662698 0.865339994430542 402
1615336697151 0.827597975730896 403
1615336731589 0.8820761442184448 404
1615336765950 0.8635392189025879 405
1615336800172 0.8659460544586182 406
1615336834411 0.8215216398239136 407
1615336868590 0.8711326122283936 408
1615336902916 0.850304365158081 409
1615336938935 0.8584431409835815 410
1615336973129 0.8593339920043945 411
1615337007776 0.8783760666847229 412
1615337042069 0.8815455436706543 413
1615337076297 0.8524660468101501 414
1615337110594 0.8406673669815063 415
1615337144814 0.8670682907104492 416
1615337179122 0.8580350875854492 417
1615337213545 0.8690722584724426 418
1615337248018 0.8631148338317871 419
1615337284303 0.878172755241394 420
1615337318830 0.8669458031654358 421
1615337353346 0.8626017570495605 422
1615337387789 0.839158296585083 423
1615337422159 0.8513785600662231 424
1615337456819 0.8830276727676392 425
1615337491536 0.8614242672920227 426
1615337525958 0.8813584446907043 427
1615337560072 0.8543903827667236 428
1615337594404 0.8243146538734436 429
1615337630291 0.8372983932495117 430
1615337664552 0.8700345754623413 431
1615337698811 0.8579321503639221 432
1615337733118 0.8524444103240967 433
1615337767686 0.8694900870323181 434
1615337802204 0.795669674873352 435
1615337837189 0.8681014776229858 436
1615337871751 0.8628621101379395 437
1615337906139 0.8658150434494019 438
1615337940599 0.8331592082977295 439
1615337976870 0.8955371379852295 440
1615338011221 0.8778502941131592 441
1615338045486 0.8399638533592224 442
1615338080245 0.8645979166030884 443
1615338114577 0.8865470886230469 444
1615338149018 0.8628451824188232 445
1615338183219 0.8486023545265198 446
1615338217454 0.8400732278823853 447
1615338251707 0.8674147725105286 448
1615338286006 0.8781053423881531 449
1615338322105 0.8890016078948975 450
1615338356533 0.879660427570343 451
1615338391249 0.8651078939437866 452
1615338425661 0.8587422966957092 453
1615338460340 0.8512535095214844 454
1615338494620 0.8880071640014648 455
1615338528908 0.8500074148178101 456
1615338563418 0.8334804773330688 457
1615338597678 0.8310361504554749 458
1615338631929 0.8695604801177979 459
1615338668012 0.8766258358955383 460
1615338702562 0.8794006109237671 461
1615338736943 0.8811211585998535 462
1615338771213 0.8587355613708496 463
1615338805514 0.8623170852661133 464
1615338839681 0.8736898303031921 465
1615338873918 0.8561110496520996 466
1615338908156 0.8448753952980042 467
1615338942376 0.8564981818199158 468
1615338976664 0.8695566058158875 469
1615339012422 0.8432493209838867 470
1615339046740 0.8412911891937256 471
1615339081255 0.8558245897293091 472
1615339115667 0.8590434789657593 473
1615339150053 0.8537026643753052 474
1615339184544 0.8806573152542114 475
1615339219181 0.8559173345565796 476
1615339253605 0.8597668409347534 477
1615339287894 0.8680891394615173 478
1615339322187 0.9003423452377319 479
1615339358183 0.8917193412780762 480
1615339392457 0.8679800033569336 481
1615339427146 0.88133704662323 482
1615339461380 0.8596330881118774 483
1615339495618 0.8639631271362305 484
1615339529820 0.8601574897766113 485
1615339564137 0.8535179495811462 486
1615339598392 0.8506196737289429 487
1615339632641 0.869389533996582 488
1615339666861 0.8804469108581543 489
1615339702602 0.8966829776763916 490
1615339736814 0.8678605556488037 491
1615339771430 0.8362507820129395 492
1615339806195 0.9105685353279114 493
1615339841030 0.8225128054618835 494
1615339875685 0.8701433539390564 495
1615339910180 0.8561291694641113 496
1615339944552 0.8889263868331909 497
1615339979042 0.8611782789230347 498
1615340013385 0.8830318450927734 499
1615340049382 0.8573988676071167 500
1615340083749 0.8350009918212891 501
1615340118186 0.8777419328689575 502
1615340152547 0.8858352899551392 503
1615340186784 0.8926085233688354 504
1615340221270 0.8652568459510803 505
1615340255623 0.8836777210235596 506
1615340289932 0.8444799184799194 507
1615340324143 0.8602229356765747 508
1615340358401 0.8757314682006836 509
1615340394395 0.8691775798797607 510
1615340428773 0.9118499755859375 511
1615340463182 0.8777917623519897 512
1615340497541 0.8822983503341675 513
1615340531891 0.888736367225647 514
1615340566228 0.8621481657028198 515
1615340600585 0.883701741695404 516
1615340635045 0.8961738348007202 517
1615340669672 0.864592432975769 518
1615340704663 0.8513544797897339 519
1615340740740 0.8456346988677979 520
1615340775042 0.8353028297424316 521
1615340809462 0.864923894405365 522
1615340843854 0.8814223408699036 523
1615340878150 0.8784201145172119 524
1615340912490 0.864399790763855 525
1615340947010 0.9088654518127441 526
1615340981182 0.8711915016174316 527
1615341015504 0.8638491630554199 528
1615341049787 0.9014503955841064 529
1615341085730 0.8689292669296265 530
1615341120039 0.8509924411773682 531
1615341154273 0.8598941564559937 532
1615341188450 0.8637599945068359 533
1615341222646 0.8727582693099976 534
1615341256979 0.8607394695281982 535
1615341291577 0.9076993465423584 536
1615341326060 0.8592644929885864 537
1615341360461 0.8757779598236084 538
1615341395176 0.8682609796524048 539
1615341431366 0.9010941386222839 540
1615341465615 0.8598687648773193 541
1615341499918 0.8459867238998413 542
1615341534400 0.8758735060691833 543
1615341568796 0.8856195211410522 544
1615341603131 0.8705614805221558 545
1615341637512 0.8826063871383667 546
1615341672145 0.9071350693702698 547
1615341706437 0.8553114533424377 548
1615341740722 0.8509416580200195 549
1615341776516 0.8889896869659424 550
1615341810747 0.8782591819763184 551
1615341845100 0.8788621425628662 552
1615341879593 0.895814836025238 553
1615341914113 0.8359009027481079 554
1615341948919 0.8670182228088379 555
1615341983687 0.8922419548034668 556
1615342018249 0.8674336671829224 557
1615342052722 0.8676661252975464 558
1615342087301 0.8472335338592529 559
1615342123330 0.8917287588119507 560
1615342157746 0.8653061389923096 561
1615342192079 0.8589274883270264 562
1615342226362 0.8702925443649292 563
1615342260583 0.9202737212181091 564
1615342294933 0.8494370579719543 565
1615342330194 0.8851321935653687 566
1615342364940 0.8747700452804565 567
1615342399653 0.9006798267364502 568
1615342434205 0.8750596046447754 569
1615342470300 0.8757312893867493 570
1615342504677 0.8461334705352783 571
1615342539276 0.8652849197387695 572
1615342573620 0.8633924722671509 573
1615342607968 0.8850721120834351 574
1615342642563 0.8659065961837769 575
1615342676796 0.8734893202781677 576
1615342710955 0.8978590369224548 577
1615342745198 0.8992481231689453 578
1615342779329 0.8804092407226562 579
1615342815177 0.892183780670166 580
1615342849504 0.9051645994186401 581
1615342883831 0.8416905403137207 582
1615342918786 0.8676366806030273 583
1615342953618 0.8808574676513672 584
1615342988231 0.864202618598938 585
1615343022898 0.8763763904571533 586
1615343057218 0.9051678776741028 587
1615343091663 0.8708065748214722 588
1615343126185 0.8623936176300049 589
1615343162342 0.8892168998718262 590
1615343196982 0.8765869140625 591
1615343231352 0.8722147941589355 592
1615343265638 0.8608444929122925 593
1615343299965 0.8708127737045288 594
1615343334226 0.8846546411514282 595
1615343368456 0.8786022663116455 596
1615343403068 0.888563871383667 597
1615343437912 0.8684622049331665 598
1615343472786 0.8691425323486328 599
1615343509057 0.8538905382156372 600
1615343543584 0.9059758186340332 601
1615343577917 0.8786587119102478 602
1615343612449 0.8408253192901611 603
1615343646845 0.861512303352356 604
1615343681305 0.8767499923706055 605
1615343715617 0.8748533725738525 606
1615343750016 0.8775945901870728 607
1615343784640 0.891726016998291 608
1615343819001 0.8783791661262512 609
1615343854864 0.87787264585495 610
1615343889126 0.8395074605941772 611
1615343923399 0.8768860101699829 612
1615343957697 0.868944525718689 613
1615343992237 0.8790320158004761 614
1615344026866 0.8592345714569092 615
1615344061816 0.8789429664611816 616
1615344096825 0.8602898120880127 617
1615344131400 0.8967020511627197 618
1615344165781 0.8717062473297119 619
1615344202088 0.8630858659744263 620
1615344236410 0.8873637914657593 621
1615344270729 0.8495473861694336 622
1615344305104 0.8575462102890015 623
1615344339572 0.8822720646858215 624
1615344374234 0.903183102607727 625
1615344408404 0.891960620880127 626
1615344442739 0.8870957493782043 627
1615344476994 0.8750918507575989 628
1615344511183 0.8525307178497314 629
1615344547066 0.8730391263961792 630
1615344581300 0.9082231521606445 631
1615344615560 0.8568255305290222 632
1615344649800 0.8996576070785522 633
1615344684103 0.8855817914009094 634
1615344718499 0.8446670770645142 635
1615344752948 0.8625394701957703 636
1615344787592 0.8934000730514526 637
1615344822674 0.8753707408905029 638
1615344857495 0.8787195682525635 639
1615344893615 0.874958872795105 640
1615344928006 0.8793351650238037 641
1615344962367 0.8636804223060608 642
1615344996693 0.8801831007003784 643
1615345031001 0.8877288103103638 644
1615345065228 0.8849397301673889 645
1615345099626 0.8845142722129822 646
1615345134006 0.8899909257888794 647
1615345168275 0.8611105680465698 648
1615345202921 0.8887133598327637 649
1615345238740 0.9104202389717102 650
1615345272972 0.8709434270858765 651
1615345309644 0.8848150968551636 652
1615345344039 0.8755028247833252 653
1615345378734 0.896519124507904 654
1615345413188 0.8846009969711304 655
1615345447966 0.8850499391555786 656
1615345482448 0.8786411285400391 657
1615345516911 0.8578365445137024 658
1615345551192 0.8585027456283569 659
1615345587323 0.8726106882095337 660
1615345621698 0.8964326977729797 661
1615345656001 0.8721009492874146 662
1615345690327 0.862209677696228 663
1615345724638 0.8721860647201538 664
1615345759150 0.8931622505187988 665
1615345793696 0.8781273365020752 666
1615345828020 0.8863087892532349 667
1615345862318 0.8770474791526794 668
1615345896537 0.8647888898849487 669
1615345932775 0.8815348744392395 670
1615345967331 0.8768742084503174 671
1615346001978 0.8385801315307617 672
1615346036591 0.8455482721328735 673
1615346071167 0.8680527210235596 674
1615346105808 0.8445687294006348 675
1615346140143 0.8802995681762695 676
1615346174493 0.8686358332633972 677
1615346208864 0.8833780288696289 678
1615346243121 0.86952805519104 679
1615346279257 0.8811947107315063 680
1615346314216 0.876249372959137 681
1615346348570 0.899902880191803 682
1615346382785 0.9011672735214233 683
1615346417031 0.8736103177070618 684
1615346451379 0.8748416900634766 685
1615346485684 0.8764369487762451 686
1615346520080 0.9175369739532471 687
1615346554539 0.8665601015090942 688
1615346589285 0.833810567855835 689
1615346625891 0.8825687170028687 690
1615346660433 0.8838882446289062 691
1615346694858 0.909684419631958 692
1615346729145 0.8946614265441895 693
1615346763451 0.8829642534255981 694
1615346797731 0.8672807812690735 695
1615346832097 0.8865447044372559 696
1615346866600 0.8960935473442078 697
1615346900889 0.8840640187263489 698
1615346935635 0.8999719619750977 699
1615346971647 0.8951914310455322 700
1615347005959 0.8698465824127197 701
1615347040235 0.8770934343338013 702
1615347074504 0.9052197337150574 703
1615347108796 0.8810870051383972 704
1615347143076 0.8583738803863525 705
1615347177368 0.8759444952011108 706
1615347211778 0.8829859495162964 707
1615347246117 0.895295262336731 708
1615347280782 0.8638746738433838 709
1615347317235 0.8963726758956909 710
1615347351915 0.8922711610794067 711
1615347386534 0.8806973099708557 712
1615347421019 0.8933408260345459 713
1615347455416 0.9010939598083496 714
1615347489742 0.8822875022888184 715
1615347524011 0.8615691661834717 716
1615347558411 0.905631959438324 717
1615347592718 0.9112800359725952 718
1615347627308 0.879125714302063 719
1615347663545 0.8922327160835266 720
1615347697775 0.8724623322486877 721
1615347733776 0.8544079065322876 722
1615347768031 0.873303234577179 723
1615347802317 0.8892543315887451 724
1615347836656 0.8667637705802917 725
1615347870928 0.9081000089645386 726
1615347905327 0.9253360033035278 727
1615347939669 0.8747082352638245 728
1615347973978 0.9180904626846313 729
1615348010087 0.9120322465896606 730
1615348044931 0.8968919515609741 731
1615348079516 0.893050491809845 732
1615348113982 0.9014232754707336 733
1615348148352 0.8657587766647339 734
1615348182796 0.8798146843910217 735
1615348217229 0.8923816680908203 736
1615348251467 0.9052905440330505 737
1615348285953 0.8827416300773621 738
1615348320239 0.8891390562057495 739
1615348356102 0.866374671459198 740
1615348390364 0.858132004737854 741
1615348424901 0.8930325508117676 742
1615348459214 0.9051839113235474 743
1615348493725 0.9242158532142639 744
1615348528018 0.8665748834609985 745
1615348562334 0.8863760232925415 746
1615348596569 0.8715872168540955 747
1615348630838 0.8740094304084778 748
1615348665430 0.8751250505447388 749
1615348701691 0.9156448841094971 750
1615348736202 0.8623964786529541 751
1615348770574 0.8777977228164673 752
1615348805127 0.8686543107032776 753
1615348839870 0.8807543516159058 754
1615348874373 0.8837172985076904 755
1615348908918 0.8989661931991577 756
1615348943190 0.8786674737930298 757
1615348977749 0.8672887682914734 758
1615349012432 0.9227474927902222 759
1615349048502 0.8748937845230103 760
1615349082753 0.8598260283470154 761
1615349116949 0.8673543334007263 762
1615349151305 0.8856377601623535 763
1615349185624 0.8959826827049255 764
1615349219947 0.873429000377655 765
1615349254151 0.8877420425415039 766
1615349288449 0.8894286155700684 767
1615349323077 0.8684195876121521 768
1615349357760 0.8933579921722412 769
1615349394904 0.87815260887146 770
1615349429462 0.8571780920028687 771
1615349463797 0.880696177482605 772
1615349498567 0.8947707414627075 773
1615349532927 0.886786699295044 774
1615349567332 0.8568956851959229 775
1615349601820 0.8954419493675232 776
1615349636493 0.8843161463737488 777
1615349671366 0.8697611689567566 778
1615349706081 0.8584833145141602 779
1615349742195 0.8987669348716736 780
1615349776941 0.8268575668334961 781
1615349811444 0.8979838490486145 782
1615349845758 0.9119372367858887 783
1615349880105 0.8963473439216614 784
1615349914519 0.8930635452270508 785
1615349948816 0.8593251705169678 786
1615349983206 0.8776049613952637 787
1615350017476 0.9031369090080261 788
1615350052065 0.8763859868049622 789
1615350087950 0.8805854320526123 790
1615350122236 0.8720362186431885 791
1615350156388 0.9015487432479858 792
1615350190725 0.8667174577713013 793
1615350225114 0.9060418605804443 794
1615350259542 0.8636351823806763 795
1615350293936 0.8706467151641846 796
1615350328847 0.8917416334152222 797
1615350363333 0.8654718399047852 798
1615350398035 0.9090186953544617 799
1615350434100 0.8680195808410645 800
1615350468512 0.8568919897079468 801
1615350502772 0.8769518136978149 802
1615350537041 0.8915595412254333 803
1615350571377 0.8714436292648315 804
1615350605693 0.876095175743103 805
1615350639992 0.8734930753707886 806
1615350674724 0.8823862075805664 807
1615350708994 0.8804721832275391 808
1615350743205 0.8648478388786316 809
1615350779080 0.8886919021606445 810
1615350813245 0.8600038290023804 811
1615350847607 0.8718674182891846 812
1615350881848 0.9087191820144653 813
1615350916159 0.9090902805328369 814
1615350950407 0.8816928863525391 815
1615350984908 0.8589719533920288 816
1615351019558 0.9151672124862671 817
1615351054417 0.8625373840332031 818
1615351089198 0.8722285032272339 819
1615351125513 0.8358573913574219 820
1615351160000 0.896602213382721 821
1615351194361 0.8694841265678406 822
1615351228809 0.8801882266998291 823
1615351263159 0.8920472264289856 824
1615351297432 0.8649317026138306 825
1615351331901 0.8623976707458496 826
1615351366170 0.8717151880264282 827
1615351400732 0.9002755880355835 828
1615351434937 0.8906233310699463 829
1615351470813 0.8771534562110901 830
1615351505131 0.884575366973877 831
1615351539341 0.8908786773681641 832
1615351573566 0.9008041620254517 833
1615351607948 0.8835246562957764 834
1615351642225 0.8640879988670349 835
1615351676456 0.8991923332214355 836
1615351710825 0.8376792669296265 837
1615351745327 0.8923246264457703 838
1615351780063 0.8957273960113525 839
1615351817048 0.8891810178756714 840
1615351851646 0.86760413646698 841
1615351886370 0.9002183675765991 842
1615351921114 0.9077556133270264 843
1615351955334 0.8986835479736328 844
1615351989591 0.8812216520309448 845
1615352023850 0.8824249505996704 846
1615352058067 0.8890012502670288 847
1615352092352 0.8624091148376465 848
1615352126735 0.8572574257850647 849
1615352162863 0.8696731328964233 850
1615352197355 0.9118019342422485 851
1615352231822 0.9262369275093079 852
1615352266282 0.8602945804595947 853
1615352301142 0.8720060586929321 854
1615352335801 0.8765361309051514 855
1615352370302 0.8860194683074951 856
1615352404749 0.8712411522865295 857
1615352439068 0.8937526941299438 858
1615352473368 0.8906431794166565 859
1615352509370 0.8904949426651001 860
1615352543683 0.8556429147720337 861
1615352578109 0.8850817680358887 862
1615352612391 0.8773880004882812 863
1615352646631 0.8546059727668762 864
1615352681228 0.8778871893882751 865
1615352715512 0.86173015832901 866
1615352749771 0.8981375694274902 867
1615352784046 0.8596134185791016 868
1615352818219 0.866597056388855 869
1615352854073 0.9086946845054626 870
1615352888394 0.8717695474624634 871
1615352922651 0.9012632369995117 872
1615352957000 0.8793217539787292 873
1615352991850 0.9020551443099976 874
1615353026487 0.8877080082893372 875
1615353060972 0.8983175754547119 876
1615353095545 0.8784791827201843 877
1615353129897 0.848777711391449 878
1615353164446 0.9020651578903198 879
1615353200797 0.8994832634925842 880
1615353235106 0.8747944235801697 881
1615353269499 0.8844658136367798 882
1615353303808 0.8588715195655823 883
1615353338118 0.9019712209701538 884
1615353372514 0.8712518215179443 885
1615353406969 0.845248818397522 886
1615353441700 0.9091154336929321 887
1615353476008 0.8793817758560181 888
1615353510274 0.8425949215888977 889
1615353546245 0.8783054351806641 890
1615353580501 0.9116442203521729 891
1615353614942 0.8826777935028076 892
1615353649244 0.8850964307785034 893
1615353684103 0.8946024179458618 894
1615353718893 0.9193193912506104 895
1615353753391 0.8488999605178833 896
1615353787965 0.8699031472206116 897
1615353822370 0.8875049352645874 898
1615353856814 0.8407312631607056 899
1615353893373 0.9181356430053711 900
1615353927697 0.8799452185630798 901
1615353962081 0.8998392820358276 902
1615353996409 0.8878492712974548 903
1615354030731 0.8867250084877014 904
1615354064996 0.8856702446937561 905
1615354099321 0.8684029579162598 906
1615354134772 0.866051197052002 907
1615354169358 0.865027129650116 908
1615354204088 0.8866690993309021 909
1615354240181 0.9026069641113281 910
1615354274550 0.9033765196800232 911
1615354308801 0.8484364748001099 912
1615354344439 0.8873285055160522 913
1615354378747 0.9045596122741699 914
1615354413195 0.860945463180542 915
1615354447548 0.8949381113052368 916
1615354482147 0.8384997844696045 917
1615354516513 0.8794716000556946 918
1615354550835 0.8859680891036987 919
1615354586783 0.8872466087341309 920
1615354621054 0.883959949016571 921
1615354655254 0.8835666179656982 922
1615354689522 0.8835657835006714 923
1615354723814 0.907881498336792 924
1615354758064 0.8756699562072754 925
1615354792661 0.9024206399917603 926
1615354827461 0.8975226879119873 927
1615354862148 0.8831648826599121 928
1615354896610 0.8964518308639526 929
1615354932716 0.8517923951148987 930
1615354967488 0.8839970827102661 931
1615355001736 0.8918102979660034 932
1615355036050 0.8894392848014832 933
1615355070392 0.8560928702354431 934
1615355104749 0.868800163269043 935
1615355139021 0.8536206483840942 936
1615355173267 0.8679397106170654 937
1615355207622 0.8735187649726868 938
1615355242101 0.8936772346496582 939
1615355278754 0.8958055973052979 940
1615355313201 0.8629099130630493 941
1615355347932 0.8656482696533203 942
1615355382448 0.858020544052124 943
1615355416935 0.9115102291107178 944
1615355451341 0.8930530548095703 945
1615355485701 0.9126056432723999 946
1615355519991 0.8214235305786133 947
1615355554439 0.8987041711807251 948
1615355588864 0.9111060500144958 949
1615355625228 0.8734252452850342 950
1615355659613 0.8771317005157471 951
1615355693888 0.9226105213165283 952
1615355728207 0.891987681388855 953
1615355762459 0.8891993761062622 954
1615355796619 0.8743754625320435 955
1615355830956 0.8855705261230469 956
1615355865482 0.8839439153671265 957
1615355900047 0.8866790533065796 958
1615355934744 0.897009015083313 959
1615355971160 0.8735039830207825 960
1615356005692 0.8710982799530029 961
1615356040327 0.881864070892334 962
1615356074787 0.8779721260070801 963
1615356109178 0.8830040097236633 964
1615356143994 0.9093090295791626 965
1615356178309 0.8678175210952759 966
1615356212658 0.8953296542167664 967
1615356246934 0.9266344308853149 968
1615356281246 0.879642128944397 969
1615356317234 0.8854602575302124 970
1615356351434 0.904205858707428 971
1615356385755 0.8736282587051392 972
1615356420032 0.8780573606491089 973
1615356454261 0.8915529847145081 974
1615356488665 0.8480438590049744 975
1615356522981 0.8962396383285522 976
1615356557302 0.8967841267585754 977
1615356591611 0.8498047590255737 978
1615356625957 0.892491340637207 979
1615356661997 0.8300715088844299 980
1615356696558 0.882517397403717 981
1615356731769 0.8737044930458069 982
1615356766242 0.876136064529419 983
1615356800826 0.9228579998016357 984
1615356835325 0.8956469893455505 985
1615356869616 0.9089961051940918 986
1615356903883 0.8801453113555908 987
1615356938534 0.8959245681762695 988
1615356972844 0.8895307779312134 989
1615357008741 0.877004861831665 990
1615357043057 0.8840221166610718 991
1615357077325 0.90833580493927 992
1615357111626 0.8541896343231201 993
1615357145897 0.9109560251235962 994
1615357180182 0.905078113079071 995
1615357214597 0.904873251914978 996
1615357249033 0.925269365310669 997
1615357283561 0.8911829590797424 998
1615357318054 0.8581328392028809 999
1615357354180 0.9186457395553589 1000
1615357388709 0.9088441133499146 1001
1615357423218 0.9142746925354004 1002
1615357457647 0.9030729532241821 1003
1615357492093 0.8918337821960449 1004
1615357526700 0.8796595335006714 1005
1615357561035 0.873973548412323 1006
1615357595363 0.8770694732666016 1007
1615357629923 0.8929899334907532 1008
1615357664165 0.848434329032898 1009
1615357700085 0.8582428097724915 1010
1615357734415 0.9148637056350708 1011
1615357768640 0.8870875835418701 1012
1615357803039 0.8685919642448425 1013
1615357837329 0.8874455690383911 1014
1615357871531 0.885978102684021 1015
1615357905813 0.8911730647087097 1016
1615357940233 0.8652105331420898 1017
1615357974831 0.9142289161682129 1018
1615358009561 0.9038496017456055 1019
1615358045739 0.897563636302948 1020
1615358080387 0.8739533424377441 1021
1615358114774 0.8491673469543457 1022
1615358149191 0.9048522710800171 1023
1615358183944 0.8720129728317261 1024
1615358218322 0.8279949426651001 1025
1615358252984 0.9085347652435303 1026
1615358287273 0.8671636581420898 1027
1615358321603 0.8894950747489929 1028
1615358355941 0.8980706930160522 1029
1615358391826 0.8715337514877319 1030
1615358426136 0.8663374185562134 1031
1615358460430 0.870451807975769 1032
1615358494741 0.9038556814193726 1033
1615358529239 0.8952884674072266 1034
1615358563612 0.8945930004119873 1035
1615358598132 0.8949460387229919 1036
1615358632772 0.8918278217315674 1037
1615358667167 0.8678883910179138 1038
1615358701830 0.8880609273910522 1039
1615358738231 0.8633126616477966 1040
1615358772630 0.9211851358413696 1041
1615358806960 0.886398434638977 1042
1615358841484 0.870261549949646 1043
1615358875849 0.8785727024078369 1044
1615358910173 0.908366322517395 1045
1615358944759 0.8696257472038269 1046
1615358979066 0.86207115650177 1047
1615359013382 0.8964986205101013 1048
1615359047721 0.886919379234314 1049
1615359083570 0.8955087065696716 1050
1615359117828 0.8670123815536499 1051
1615359155312 0.8417981863021851 1052
1615359189757 0.8925203680992126 1053
1615359224339 0.8840824961662292 1054
1615359258820 0.8875688910484314 1055
1615359293322 0.9077591896057129 1056
1615359327694 0.9047667384147644 1057
1615359362290 0.8517316579818726 1058
1615359396703 0.8464363813400269 1059
1615359432702 0.8867205381393433 1060
1615359467087 0.8831268548965454 1061
1615359501687 0.8757756948471069 1062
1615359536244 0.8665968179702759 1063
1615359570539 0.8503463268280029 1064
1615359604922 0.8713178038597107 1065
1615359639280 0.89512699842453 1066
1615359673621 0.8703891038894653 1067
1615359707929 0.8773806095123291 1068
1615359742890 0.8954057693481445 1069
1615359779649 0.8639959096908569 1070
1615359814317 0.8722072243690491 1071
1615359848818 0.8544735908508301 1072
1615359883226 0.884162962436676 1073
1615359917557 0.8815330266952515 1074
1615359951950 0.8997154831886292 1075
1615359986523 0.8794506788253784 1076
1615360020829 0.8690081834793091 1077
1615360055405 0.8911318778991699 1078
1615360089658 0.8949098587036133 1079
1615360125567 0.855147659778595 1080
1615360159839 0.8528591394424438 1081
1615360194118 0.8582132458686829 1082
1615360228453 0.8489362001419067 1083
1615360262687 0.8743196129798889 1084
1615360296995 0.8654828071594238 1085
1615360331320 0.8936569690704346 1086
1615360365601 0.8863487243652344 1087
1615360399942 0.8859894275665283 1088
1615360434406 0.8944268226623535 1089
1615360470546 0.8854386210441589 1090
1615360505388 0.895258903503418 1091
1615360540035 0.8847829699516296 1092
1615360574592 0.891876220703125 1093
1615360609089 0.8589189052581787 1094
1615360643477 0.8937039375305176 1095
1615360677946 0.90073561668396 1096
1615360712304 0.8665243983268738 1097
1615360746712 0.8677337169647217 1098
1615360781202 0.910786509513855 1099
1615360817480 0.9046635627746582 1100
1615360851921 0.899584949016571 1101
1615360886373 0.8702806234359741 1102
1615360920749 0.9116775989532471 1103
1615360955062 0.887873649597168 1104
1615360989472 0.865659236907959 1105
1615361023793 0.8929036855697632 1106
1615361058150 0.8749101161956787 1107
1615361092495 0.9010425806045532 1108
1615361126865 0.9010576605796814 1109
1615361163012 0.9153978824615479 1110
1615361197661 0.8811106085777283 1111
1615361232425 0.8780861496925354 1112
1615361267013 0.8842000961303711 1113
1615361301457 0.9093061685562134 1114
1615361335937 0.8843013048171997 1115
1615361370264 0.9059373736381531 1116
1615361404643 0.8942739963531494 1117
1615361439037 0.9004182815551758 1118
1615361473331 0.8609095811843872 1119
1615361510422 0.8925023078918457 1120
1615361544706 0.8896673917770386 1121
1615361579030 0.8707107901573181 1122
1615361613282 0.8746656179428101 1123
1615361647804 0.8808468580245972 1124
1615361682236 0.8898520469665527 1125
1615361716454 0.8841903805732727 1126
1615361750778 0.9038010835647583 1127
1615361785224 0.8977108001708984 1128
1615361819678 0.8894428014755249 1129
1615361856079 0.9042844176292419 1130
1615361890974 0.8687658905982971 1131
1615361925568 0.9165747165679932 1132
1615361960024 0.8916641473770142 1133
1615361994634 0.8838828802108765 1134
1615362029173 0.8827593326568604 1135
1615362063615 0.9159433841705322 1136
1615362097989 0.9024230241775513 1137
1615362132350 0.8795469403266907 1138
1615362166683 0.8681144118309021 1139
1615362202882 0.886060357093811 1140
1615362237267 0.8736166954040527 1141
1615362272053 0.8813984394073486 1142
1615362306416 0.895575225353241 1143
1615362340703 0.8791384696960449 1144
1615362375032 0.9065732955932617 1145
1615362409351 0.8900935053825378 1146
1615362443694 0.9287996292114258 1147
1615362478050 0.8847324848175049 1148
1615362512400 0.8804527521133423 1149
1615362548290 0.8826233744621277 1150
1615362582583 0.8818113803863525 1151
1615362616929 0.8766554594039917 1152
1615362651336 0.8640090823173523 1153
1615362685755 0.8640649318695068 1154
1615362720345 0.8751740455627441 1155
1615362755407 0.9058144092559814 1156
1615362790153 0.894081711769104 1157
1615362824544 0.887436032295227 1158
1615362858959 0.8579608201980591 1159
1615362895322 0.8735648393630981 1160
1615362929655 0.8823518753051758 1161
1615362964065 0.9278541803359985 1162
1615362998566 0.9029414653778076 1163
1615363032866 0.8922131061553955 1164
1615363067187 0.8712529540061951 1165
1615363101438 0.8837145566940308 1166
1615363135787 0.876806378364563 1167
1615363170193 0.8785613179206848 1168
1615363204668 0.9019666910171509 1169
1615363240604 0.8921658992767334 1170
1615363274927 0.8894548416137695 1171
1615363309207 0.8878737688064575 1172
1615363343559 0.8583924770355225 1173
1615363377832 0.8850076794624329 1174
1615363412256 0.8653892278671265 1175
1615363446540 0.9044814705848694 1176
1615363480899 0.9138875603675842 1177
1615363516023 0.8512358665466309 1178
1615363550723 0.8883141279220581 1179
1615363587385 0.8733989000320435 1180
1615363622039 0.9276052713394165 1181
1615363656469 0.8724743127822876 1182
1615363690868 0.8735899925231934 1183
1615363725300 0.8830286860466003 1184
1615363759735 0.8820194005966187 1185
1615363794143 0.8768998980522156 1186
1615363828560 0.8821283578872681 1187
1615363863240 0.8758289217948914 1188
1615363897447 0.9141864776611328 1189
1615363933330 0.8752156496047974 1190
1615363967727 0.8952053785324097 1191
1615364002084 0.9144726395606995 1192
1615364036585 0.8620560765266418 1193
1615364071235 0.8886300921440125 1194
1615364105723 0.8912054896354675 1195
1615364140293 0.8850953578948975 1196
1615364174775 0.9017428159713745 1197
1615364209350 0.8940880298614502 1198
1615364243783 0.8974224328994751 1199
1615364279692 0.8666088581085205 1200
1615364304831 0.905940592288971 0
1615364304843 0.905940592288971 0
