1615322806053 0.13944658637046814 1
1615322840314 0.1839277744293213 2
1615322874577 0.25074684619903564 3
1615322908928 0.29207924008369446 4
1615322943132 0.2959316670894623 5
1615322977346 0.30495914816856384 6
1615323011478 0.3063567876815796 7
1615323045807 0.31766319274902344 8
1615323079976 0.32624879479408264 9
1615323116227 0.3157790005207062 10
1615323150597 0.34996700286865234 11
1615323184872 0.33022135496139526 12
1615323219266 0.31452232599258423 13
1615323253903 0.3248055875301361 14
1615323288300 0.3273155093193054 15
1615323322690 0.3337686061859131 16
1615323357124 0.35263973474502563 17
1615323391269 0.3597601056098938 18
1615323425561 0.3386839032173157 19
1615323461639 0.3517519235610962 20
1615323495979 0.35078248381614685 21
1615323530250 0.35714083909988403 22
1615323564885 0.3746260404586792 23
1615323599164 0.3731944262981415 24
1615323633330 0.35567569732666016 25
1615323667595 0.3853335976600647 26
1615323701782 0.3665314316749573 27
1615323735936 0.3742120862007141 28
1615323770107 0.3559247851371765 29
1615323806001 0.3580288290977478 30
1615323840365 0.3819746971130371 31
1615323874684 0.36141446232795715 32
1615323909010 0.3816984295845032 33
1615323943349 0.3578000068664551 34
1615323977869 0.38420766592025757 35
1615324012408 0.3847126364707947 36
1615324046854 0.39637434482574463 37
1615324081415 0.3976138234138489 38
1615324115708 0.3849559724330902 39
1615324151915 0.38652729988098145 40
1615324186398 0.3829926550388336 41
1615324220796 0.3625483214855194 42
1615324255067 0.37572944164276123 43
1615324289791 0.3824673295021057 44
1615324323997 0.3781591057777405 45
1615324358205 0.3635439872741699 46
1615324392447 0.389957994222641 47
1615324426683 0.4189930558204651 48
1615324460982 0.4024779200553894 49
1615324496942 0.3969939649105072 50
1615324531237 0.3958698511123657 51
1615324565485 0.35077622532844543 52
1615324599742 0.3677636384963989 53
1615324634080 0.37681517004966736 54
1615324668977 0.3659711480140686 55
1615324703950 0.38045230507850647 56
1615324738481 0.37228816747665405 57
1615324772807 0.37938976287841797 58
1615324807092 0.3943425118923187 59
1615324843423 0.39567387104034424 60
1615324877699 0.38413214683532715 61
1615324912138 0.3818718492984772 62
1615324946497 0.3817196786403656 63
1615324980795 0.356536328792572 64
1615325015013 0.38532155752182007 65
1615325049521 0.4085461497306824 66
1615325083707 0.40375691652297974 67
1615325117938 0.4074900150299072 68
1615325152137 0.38409969210624695 69
1615325188035 0.3893025517463684 70
1615325222328 0.38386353850364685 71
1615325256576 0.3632305860519409 72
1615325290908 0.38196009397506714 73
1615325325490 0.3912642300128937 74
1615325360027 0.39766478538513184 75
1615325394624 0.40758103132247925 76
1615325429475 0.41918957233428955 77
1615325464037 0.4215666949748993 78
1615325498419 0.39816197752952576 79
1615325534290 0.38264065980911255 80
1615325568519 0.3934883773326874 81
1615325602840 0.41906309127807617 82
1615325637256 0.40142151713371277 83
1615325671647 0.4251948595046997 84
1615325706016 0.4140312671661377 85
1615325740364 0.4148799777030945 86
1615325774572 0.42423301935195923 87
1615325809226 0.4307398796081543 88
1615325843606 0.41438835859298706 89
1615325879400 0.40570008754730225 90
1615325913673 0.4194774925708771 91
1615325947922 0.3948867917060852 92
1615325982193 0.4171988368034363 93
1615326016489 0.4313886761665344 94
1615326050740 0.430462509393692 95
1615326085039 0.3984171152114868 96
1615326119275 0.399158775806427 97
1615326153631 0.3785111606121063 98
1615326188089 0.4034886956214905 99
1615326224432 0.40454787015914917 100
1615326259041 0.41767024993896484 101
1615326293501 0.4003642797470093 102
1615326327992 0.4200887978076935 103
1615326362314 0.4322139322757721 104
1615326396623 0.39759334921836853 105
1615326430952 0.377000093460083 106
1615326465389 0.4091055989265442 107
1615326499615 0.4051215648651123 108
1615326533945 0.41882967948913574 109
1615326570201 0.4036847949028015 110
1615326604415 0.4252301752567291 111
1615326638775 0.4188084602355957 112
1615326672977 0.40553781390190125 113
1615326707248 0.39603495597839355 114
1615326741880 0.4105561375617981 115
1615326776192 0.3967355489730835 116
1615326810449 0.4122045636177063 117
1615326844677 0.36603379249572754 118
1615326878942 0.421606183052063 119
1615326914940 0.4094502329826355 120
1615326949215 0.42414796352386475 121
1615326983384 0.41321879625320435 122
1615327017614 0.39060941338539124 123
1615327052042 0.3976399302482605 124
1615327086682 0.41168850660324097 125
1615327121159 0.4248514771461487 126
1615327155724 0.4271184206008911 127
1615327190407 0.4309485852718353 128
1615327224917 0.4200837016105652 129
1615327261432 0.4352402091026306 130
1615327295882 0.4179268777370453 131
1615327330116 0.4207374155521393 132
1615327364409 0.4304211437702179 133
1615327398687 0.4086278975009918 134
1615327432898 0.45497310161590576 135
1615327467176 0.4529750347137451 136
1615327501494 0.4272817373275757 137
1615327535789 0.39871618151664734 138
1615327570013 0.40942978858947754 139
1615327605883 0.4075712561607361 140
1615327640407 0.40491998195648193 141
1615327674649 0.4243611693382263 142
1615327708904 0.4434637427330017 143
1615327743175 0.4227854013442993 144
1615327777479 0.45012062788009644 145
1615327811685 0.43162792921066284 146
1615327845919 0.41204166412353516 147
1615327880163 0.4162295460700989 148
1615327914526 0.4291050434112549 149
1615327950699 0.42628929018974304 150
1615327985202 0.43426311016082764 151
1615328019832 0.4313305616378784 152
1615328054330 0.44203048944473267 153
1615328089015 0.4819726347923279 154
1615328123563 0.4430443048477173 155
1615328157961 0.4498194456100464 156
1615328192282 0.452518105506897 157
1615328226701 0.4397488236427307 158
1615328260980 0.4646187722682953 159
1615328297580 0.45320114493370056 160
1615328331861 0.40062081813812256 161
1615328366121 0.42271238565444946 162
1615328400406 0.43467819690704346 163
1615328434687 0.4529174268245697 164
1615328468898 0.4261065125465393 165
1615328503132 0.41117173433303833 166
1615328537372 0.4429042339324951 167
1615328571540 0.4455234408378601 168
1615328605856 0.47045251727104187 169
1615328641794 0.4395870566368103 170
1615328676529 0.4211292862892151 171
1615328711149 0.4542286992073059 172
1615328745971 0.4381573796272278 173
1615328780804 0.4268202781677246 174
1615328815211 0.4347790479660034 175
1615328849476 0.4291117191314697 176
1615328883887 0.40630775690078735 177
1615328918233 0.42880484461784363 178
1615328952640 0.4189761281013489 179
1615328989210 0.47114354372024536 180
1615329023675 0.44067031145095825 181
1615329058000 0.4258895516395569 182
1615329092288 0.40394115447998047 183
1615329126517 0.44826430082321167 184
1615329160766 0.43862301111221313 185
1615329194996 0.4370834231376648 186
1615329229163 0.41676896810531616 187
1615329263388 0.41837579011917114 188
1615329297881 0.43008285760879517 189
1615329333763 0.42903321981430054 190
1615329368117 0.47584331035614014 191
1615329402574 0.4260863661766052 192
1615329436922 0.4117674231529236 193
1615329471672 0.4130265712738037 194
1615329506285 0.44779932498931885 195
1615329540780 0.40816324949264526 196
1615329575103 0.4379505515098572 197
1615329609615 0.4462045431137085 198
1615329644177 0.44251924753189087 199
1615329680138 0.41901856660842896 200
1615329714362 0.4155823290348053 201
1615329748847 0.4091120660305023 202
1615329783170 0.42741549015045166 203
1615329817440 0.4380112886428833 204
1615329851682 0.4495827257633209 205
1615329885916 0.45522546768188477 206
1615329920205 0.4652590751647949 207
1615329954419 0.4579443335533142 208
1615329988647 0.4659780263900757 209
1615330024495 0.41088640689849854 210
1615330058894 0.44759601354599 211
1615330093607 0.443789541721344 212
1615330128146 0.40267932415008545 213
1615330162702 0.42065876722335815 214
1615330197463 0.4530203938484192 215
1615330231886 0.4236268997192383 216
1615330266335 0.44125309586524963 217
1615330300655 0.43736547231674194 218
1615330335076 0.4401223063468933 219
1615330371238 0.43230322003364563 220
1615330405491 0.4303056597709656 221
1615330440133 0.42693477869033813 222
1615330474411 0.4515165388584137 223
1615330508606 0.4515921473503113 224
1615330542840 0.4250747263431549 225
1615330577122 0.43638181686401367 226
1615330611355 0.4261015057563782 227
1615330645584 0.4477126896381378 228
1615330679974 0.4702262580394745 229
1615330715868 0.4520781338214874 230
1615330750215 0.4728850722312927 231
1615330784523 0.4530329406261444 232
1615330818932 0.4298071563243866 233
1615330853602 0.4454861283302307 234
1615330888324 0.44169020652770996 235
1615330923451 0.4444889724254608 236
1615330957847 0.45199501514434814 237
1615330992161 0.44230806827545166 238
1615331026447 0.47714704275131226 239
1615331063108 0.4441410303115845 240
1615331097319 0.4294990301132202 241
1615331131643 0.4480605125427246 242
1615331165936 0.45419788360595703 243
1615331200561 0.4638958275318146 244
1615331234815 0.45481395721435547 245
1615331269093 0.45325586199760437 246
1615331303384 0.42071080207824707 247
1615331337657 0.4461834132671356 248
1615331371823 0.4377123713493347 249
1615331407799 0.45383787155151367 250
1615331441946 0.4743826985359192 251
1615331476133 0.4416927695274353 252
1615331510597 0.41748160123825073 253
1615331545404 0.44253501296043396 254
1615331579773 0.4594460725784302 255
1615331614324 0.44806885719299316 256
1615331648919 0.48800140619277954 257
1615331683335 0.45719093084335327 258
1615331717732 0.4420432448387146 259
1615331753986 0.437286913394928 260
1615331788373 0.46715641021728516 261
1615331823296 0.47506746649742126 262
1615331857579 0.4518407881259918 263
1615331891826 0.42636430263519287 264
1615331926022 0.45019057393074036 265
1615331960305 0.43801140785217285 266
1615331994573 0.45327889919281006 267
1615332028800 0.43515026569366455 268
1615332063231 0.4592658579349518 269
1615332099655 0.46304434537887573 270
1615332134409 0.4710876941680908 271
1615332168856 0.45284372568130493 272
1615332203292 0.45505422353744507 273
1615332237817 0.45109429955482483 274
1615332272359 0.4477022886276245 275
1615332306723 0.41384056210517883 276
1615332341066 0.48638883233070374 277
1615332375370 0.4453800916671753 278
1615332409716 0.48209500312805176 279
1615332445681 0.47421538829803467 280
1615332480376 0.4575890302658081 281
1615332514631 0.47563594579696655 282
1615332548957 0.44878852367401123 283
1615332583111 0.4615028202533722 284
1615332617767 0.422899067401886 285
1615332652100 0.4674287438392639 286
1615332686334 0.44797736406326294 287
1615332720503 0.435651957988739 288
1615332754748 0.4589186906814575 289
1615332790696 0.4440494477748871 290
1615332825154 0.4643399119377136 291
1615332859837 0.47377809882164 292
1615332894734 0.4728469252586365 293
1615332929251 0.45219340920448303 294
1615332963761 0.4539761543273926 295
1615332998324 0.4478698670864105 296
1615333032741 0.4757440388202667 297
1615333067105 0.46300435066223145 298
1615333101422 0.4764908254146576 299
1615333137558 0.47675037384033203 300
1615333171968 0.4259907603263855 301
1615333206627 0.4565233588218689 302
1615333240889 0.49114856123924255 303
1615333275294 0.4929071068763733 304
1615333309673 0.446471631526947 305
1615333343973 0.4404839873313904 306
1615333378320 0.4652438163757324 307
1615333412553 0.5261774659156799 308
1615333446761 0.5098469257354736 309
1615333482519 0.42778295278549194 310
1615333516672 0.4454764127731323 311
1615333551112 0.4555140733718872 312
1615333585596 0.4564783573150635 313
1615333620615 0.49772125482559204 314
1615333655291 0.4539667069911957 315
1615333689742 0.47592592239379883 316
1615333724022 0.477544903755188 317
1615333758399 0.45777350664138794 318
1615333792656 0.4609071910381317 319
1615333828904 0.4698184132575989 320
1615333863290 0.4649447202682495 321
1615333897531 0.46357250213623047 322
1615333931851 0.43195247650146484 323
1615333966228 0.48465466499328613 324
1615334000518 0.44894278049468994 325
1615334035015 0.47062844038009644 326
1615334069291 0.4698493480682373 327
1615334103598 0.48477885127067566 328
1615334137951 0.49534738063812256 329
1615334173740 0.44364702701568604 330
1615334208003 0.4452739953994751 331
1615334242441 0.4614306092262268 332
1615334276821 0.49112650752067566 333
1615334311198 0.4602210521697998 334
1615334345682 0.46938633918762207 335
1615334380161 0.4695590138435364 336
1615334414629 0.4938507080078125 337
1615334449160 0.451224684715271 338
1615334483894 0.4996357560157776 339
1615334520523 0.4835807681083679 340
1615334554976 0.47588762640953064 341
1615334589207 0.5071762204170227 342
1615334623594 0.4699934720993042 343
1615334658071 0.4719852805137634 344
1615334692245 0.46344542503356934 345
1615334726498 0.4420534074306488 346
1615334760793 0.43416404724121094 347
1615334795130 0.47456902265548706 348
1615334829397 0.4985586702823639 349
1615334865392 0.5107046365737915 350
1615334899665 0.49857011437416077 351
1615334933923 0.5057360529899597 352
1615334968225 0.4890790581703186 353
1615335002522 0.51169753074646 354
1615335036683 0.4958497881889343 355
1615335071252 0.47377848625183105 356
1615335106168 0.48912355303764343 357
1615335140688 0.5192265510559082 358
1615335175503 0.4495575726032257 359
1615335212043 0.47953033447265625 360
1615335246434 0.514862060546875 361
1615335280780 0.5044005513191223 362
1615335315367 0.48509877920150757 363
1615335349635 0.4774123430252075 364
1615335384215 0.48002544045448303 365
1615335418525 0.4681049585342407 366
1615335452779 0.48628175258636475 367
1615335487061 0.5085673332214355 368
1615335521372 0.46458908915519714 369
1615335557131 0.4749297499656677 370
1615335591350 0.5179972648620605 371
1615335625637 0.5135726928710938 372
1615335659911 0.48899877071380615 373
1615335694185 0.48116981983184814 374
1615335728446 0.4834236204624176 375
1615335762800 0.47323739528656006 376
1615335797195 0.4310321807861328 377
1615335831766 0.44186151027679443 378
1615335866215 0.44897353649139404 379
1615335902404 0.4501112997531891 380
1615335936962 0.4703269600868225 381
1615335971666 0.49011003971099854 382
1615336005901 0.4589405655860901 383
1615336040297 0.48749274015426636 384
1615336074662 0.5011537075042725 385
1615336108923 0.49571773409843445 386
1615336143380 0.47069209814071655 387
1615336177732 0.4775170683860779 388
1615336212266 0.4794049859046936 389
1615336248372 0.46963322162628174 390
1615336282932 0.4594757556915283 391
1615336317230 0.46444693207740784 392
1615336351498 0.4910932779312134 393
1615336385730 0.4638897776603699 394
1615336419949 0.5331895351409912 395
1615336454329 0.4850645959377289 396
1615336488800 0.5099512338638306 397
1615336523222 0.5013542771339417 398
1615336557539 0.4843803644180298 399
1615336593583 0.48867589235305786 400
1615336628124 0.48100972175598145 401
1615336662698 0.4878731667995453 402
1615336697151 0.45105984807014465 403
1615336731589 0.5084100961685181 404
1615336765950 0.47744065523147583 405
1615336800172 0.5023884773254395 406
1615336834411 0.45252206921577454 407
1615336868590 0.5074964165687561 408
1615336902916 0.4768487215042114 409
1615336938935 0.4914287328720093 410
1615336973129 0.48832595348358154 411
1615337007776 0.5133365392684937 412
1615337042069 0.5058999061584473 413
1615337076297 0.46738627552986145 414
1615337110594 0.4704132676124573 415
1615337144814 0.49777424335479736 416
1615337179122 0.4726577699184418 417
1615337213545 0.5016518235206604 418
1615337248018 0.4996998608112335 419
1615337284303 0.510044515132904 420
1615337318830 0.5094490051269531 421
1615337353346 0.480496883392334 422
1615337387789 0.46600380539894104 423
1615337422159 0.48792776465415955 424
1615337456819 0.5044159889221191 425
1615337491536 0.47742581367492676 426
1615337525958 0.5026084780693054 427
1615337560072 0.4796147644519806 428
1615337594404 0.44528910517692566 429
1615337630291 0.46218088269233704 430
1615337664552 0.48700273036956787 431
1615337698811 0.48634153604507446 432
1615337733118 0.4674350321292877 433
1615337767686 0.4956051707267761 434
1615337802204 0.4367085099220276 435
1615337837189 0.48293718695640564 436
1615337871751 0.4928089380264282 437
1615337906139 0.49254587292671204 438
1615337940599 0.470319926738739 439
1615337976870 0.528536319732666 440
1615338011221 0.5011247396469116 441
1615338045486 0.46934330463409424 442
1615338080245 0.4973423480987549 443
1615338114577 0.5244861245155334 444
1615338149018 0.49146461486816406 445
1615338183219 0.4762870669364929 446
1615338217454 0.4669189453125 447
1615338251707 0.48989060521125793 448
1615338286006 0.5108067989349365 449
1615338322105 0.524667501449585 450
1615338356533 0.5028107166290283 451
1615338391249 0.5035566091537476 452
1615338425661 0.4882541298866272 453
1615338460340 0.4839337468147278 454
1615338494620 0.5344363451004028 455
1615338528908 0.4856172204017639 456
1615338563418 0.4669566750526428 457
1615338597678 0.46012794971466064 458
1615338631929 0.49890029430389404 459
1615338668012 0.5146322250366211 460
1615338702562 0.5129347443580627 461
1615338736943 0.5211302042007446 462
1615338771213 0.48822465538978577 463
1615338805514 0.5006431937217712 464
1615338839681 0.5154552459716797 465
1615338873918 0.48748159408569336 466
1615338908156 0.4892543852329254 467
1615338942376 0.4850148558616638 468
1615338976664 0.5003812313079834 469
1615339012422 0.48144978284835815 470
1615339046740 0.4609087407588959 471
1615339081255 0.4915333390235901 472
1615339115667 0.5063657760620117 473
1615339150053 0.49052971601486206 474
1615339184544 0.5062673687934875 475
1615339219181 0.4864131212234497 476
1615339253605 0.48710155487060547 477
1615339287894 0.500557005405426 478
1615339322187 0.5473806262016296 479
1615339358183 0.5209395289421082 480
1615339392457 0.5026922225952148 481
1615339427146 0.5225422382354736 482
1615339461380 0.4955236315727234 483
1615339495618 0.5067486763000488 484
1615339529820 0.49814221262931824 485
1615339564137 0.4800052344799042 486
1615339598392 0.4819953441619873 487
1615339632641 0.4920836389064789 488
1615339666861 0.5386595726013184 489
1615339702602 0.5371546149253845 490
1615339736814 0.502388596534729 491
1615339771430 0.4900217056274414 492
1615339806195 0.557093620300293 493
1615339841030 0.460497111082077 494
1615339875685 0.5026984214782715 495
1615339910180 0.4983791708946228 496
1615339944552 0.5269699096679688 497
1615339979042 0.5114091634750366 498
1615340013385 0.5168182849884033 499
1615340049382 0.5043208003044128 500
1615340083749 0.48207616806030273 501
1615340118186 0.5148564577102661 502
1615340152547 0.5302139520645142 503
1615340186784 0.5249672532081604 504
1615340221270 0.5026662945747375 505
1615340255623 0.5167646408081055 506
1615340289932 0.4834437370300293 507
1615340324143 0.4802900552749634 508
1615340358401 0.5111644268035889 509
1615340394395 0.5003076791763306 510
1615340428773 0.5395704507827759 511
1615340463182 0.5259292721748352 512
1615340497541 0.5358477830886841 513
1615340531891 0.5192856788635254 514
1615340566228 0.4967367947101593 515
1615340600585 0.5242930054664612 516
1615340635045 0.5305038690567017 517
1615340669672 0.5048454999923706 518
1615340704663 0.4870409667491913 519
1615340740740 0.4919000267982483 520
1615340775042 0.4847276508808136 521
1615340809462 0.49979862570762634 522
1615340843854 0.5160897374153137 523
1615340878150 0.5341506004333496 524
1615340912490 0.5074600577354431 525
1615340947010 0.5394002199172974 526
1615340981182 0.5055676698684692 527
1615341015504 0.5070918798446655 528
1615341049787 0.5524284839630127 529
1615341085730 0.5056617856025696 530
1615341120039 0.48889482021331787 531
1615341154273 0.49730736017227173 532
1615341188450 0.5094798803329468 533
1615341222646 0.5088703036308289 534
1615341256979 0.5126913785934448 535
1615341291577 0.5597274303436279 536
1615341326060 0.5023203492164612 537
1615341360461 0.5199771523475647 538
1615341395176 0.5145499110221863 539
1615341431366 0.5682497620582581 540
1615341465615 0.5061638355255127 541
1615341499918 0.4792375862598419 542
1615341534400 0.5111719369888306 543
1615341568796 0.5309178829193115 544
1615341603131 0.519243597984314 545
1615341637512 0.5179245471954346 546
1615341672145 0.5421100854873657 547
1615341706437 0.4954584240913391 548
1615341740722 0.5006555318832397 549
1615341776516 0.5192281007766724 550
1615341810747 0.5233176946640015 551
1615341845100 0.5236797332763672 552
1615341879593 0.5486679673194885 553
1615341914113 0.47624653577804565 554
1615341948919 0.5219210386276245 555
1615341983687 0.5402708053588867 556
1615342018249 0.5097988843917847 557
1615342052722 0.5027117133140564 558
1615342087301 0.4826764464378357 559
1615342123330 0.5415028929710388 560
1615342157746 0.514636218547821 561
1615342192079 0.4784180521965027 562
1615342226362 0.5013035535812378 563
1615342260583 0.5705739259719849 564
1615342294933 0.48044395446777344 565
1615342330194 0.5369053483009338 566
1615342364940 0.5322520732879639 567
1615342399653 0.5377399921417236 568
1615342434205 0.5290567874908447 569
1615342470300 0.5144385099411011 570
1615342504677 0.48703038692474365 571
1615342539276 0.527046263217926 572
1615342573620 0.5236063003540039 573
1615342607968 0.5353163480758667 574
1615342642563 0.5126317143440247 575
1615342676796 0.5154198408126831 576
1615342710955 0.5625194311141968 577
1615342745198 0.5440442562103271 578
1615342779329 0.5219475030899048 579
1615342815177 0.5301870703697205 580
1615342849504 0.5658026933670044 581
1615342883831 0.5081068277359009 582
1615342918786 0.5222365856170654 583
1615342953618 0.5135611295700073 584
1615342988231 0.5188412666320801 585
1615343022898 0.5298829674720764 586
1615343057218 0.5595680475234985 587
1615343091663 0.5408409833908081 588
1615343126185 0.5176535844802856 589
1615343162342 0.5391510725021362 590
1615343196982 0.5331451296806335 591
1615343231352 0.5257102251052856 592
1615343265638 0.5132626295089722 593
1615343299965 0.523669958114624 594
1615343334226 0.5290999412536621 595
1615343368456 0.5364376306533813 596
1615343403068 0.5433374643325806 597
1615343437912 0.5247180461883545 598
1615343472786 0.5103573799133301 599
1615343509057 0.505555272102356 600
1615343543584 0.5703107118606567 601
1615343577917 0.5210144519805908 602
1615343612449 0.47758594155311584 603
1615343646845 0.5100089311599731 604
1615343681305 0.5086939334869385 605
1615343715617 0.5415130257606506 606
1615343750016 0.526600182056427 607
1615343784640 0.5474416017532349 608
1615343819001 0.527337908744812 609
1615343854864 0.534469485282898 610
1615343889126 0.4812695384025574 611
1615343923399 0.5248405933380127 612
1615343957697 0.5114072561264038 613
1615343992237 0.5305737257003784 614
1615344026866 0.5161624550819397 615
1615344061816 0.5252008438110352 616
1615344096825 0.5010254979133606 617
1615344131400 0.5528841018676758 618
1615344165781 0.50337153673172 619
1615344202088 0.5179475545883179 620
1615344236410 0.5397933721542358 621
1615344270729 0.4803333878517151 622
1615344305104 0.5084571242332458 623
1615344339572 0.5382133722305298 624
1615344374234 0.5517382621765137 625
1615344408404 0.5539767742156982 626
1615344442739 0.5326021313667297 627
1615344476994 0.5286018252372742 628
1615344511183 0.5103836059570312 629
1615344547066 0.5256308317184448 630
1615344581300 0.570130467414856 631
1615344615560 0.4971073865890503 632
1615344649800 0.5519710183143616 633
1615344684103 0.5330594182014465 634
1615344718499 0.48713770508766174 635
1615344752948 0.49962684512138367 636
1615344787592 0.5485239028930664 637
1615344822674 0.526959240436554 638
1615344857495 0.5494700074195862 639
1615344893615 0.5228143334388733 640
1615344928006 0.5246045589447021 641
1615344962367 0.5178869366645813 642
1615344996693 0.5522313117980957 643
1615345031001 0.5354304313659668 644
1615345065228 0.533892035484314 645
1615345099626 0.554212212562561 646
1615345134006 0.5388333797454834 647
1615345168275 0.5154337286949158 648
1615345202921 0.5359468460083008 649
1615345238740 0.5641242265701294 650
1615345272972 0.5235176086425781 651
1615345309644 0.5395933389663696 652
1615345344039 0.5325026512145996 653
1615345378734 0.5563446283340454 654
1615345413188 0.5538704991340637 655
1615345447966 0.543708324432373 656
1615345482448 0.5399113893508911 657
1615345516911 0.5002241134643555 658
1615345551192 0.5210060477256775 659
1615345587323 0.527186393737793 660
1615345621698 0.5505938529968262 661
1615345656001 0.5057763457298279 662
1615345690327 0.5152051448822021 663
1615345724638 0.5292327404022217 664
1615345759150 0.5616804361343384 665
1615345793696 0.530742883682251 666
1615345828020 0.5480188131332397 667
1615345862318 0.5300246477127075 668
1615345896537 0.5396517515182495 669
1615345932775 0.5442628860473633 670
1615345967331 0.5248053073883057 671
1615346001978 0.4919303059577942 672
1615346036591 0.4844757914543152 673
1615346071167 0.5307590961456299 674
1615346105808 0.49657076597213745 675
1615346140143 0.5405527949333191 676
1615346174493 0.5340123176574707 677
1615346208864 0.5337605476379395 678
1615346243121 0.531316876411438 679
1615346279257 0.5542168617248535 680
1615346314216 0.5299545526504517 681
1615346348570 0.5671247839927673 682
1615346382785 0.5522269010543823 683
1615346417031 0.5156847834587097 684
1615346451379 0.5449722409248352 685
1615346485684 0.5599557161331177 686
1615346520080 0.5908412337303162 687
1615346554539 0.5120556354522705 688
1615346589285 0.48883056640625 689
1615346625891 0.5278624892234802 690
1615346660433 0.5471013784408569 691
1615346694858 0.5854040384292603 692
1615346729145 0.5565836429595947 693
1615346763451 0.5393599271774292 694
1615346797731 0.5426494479179382 695
1615346832097 0.544933557510376 696
1615346866600 0.5581886768341064 697
1615346900889 0.5385788083076477 698
1615346935635 0.5541088581085205 699
1615346971647 0.550237774848938 700
1615347005959 0.533727765083313 701
1615347040235 0.5525084733963013 702
1615347074504 0.5651416778564453 703
1615347108796 0.5407490730285645 704
1615347143076 0.5291513204574585 705
1615347177368 0.5331027507781982 706
1615347211778 0.5387380719184875 707
1615347246117 0.551215648651123 708
1615347280782 0.5332085490226746 709
1615347317235 0.5449845790863037 710
1615347351915 0.5589603781700134 711
1615347386534 0.5351218581199646 712
1615347421019 0.5492947101593018 713
1615347455416 0.546909749507904 714
1615347489742 0.5486113429069519 715
1615347524011 0.5115296840667725 716
1615347558411 0.5722842216491699 717
1615347592718 0.5830164551734924 718
1615347627308 0.5524082779884338 719
1615347663545 0.5551127195358276 720
1615347697775 0.5328899621963501 721
1615347733776 0.5122935175895691 722
1615347768031 0.5372529029846191 723
1615347802317 0.5451411008834839 724
1615347836656 0.5168504118919373 725
1615347870928 0.5775659084320068 726
1615347905327 0.6085999011993408 727
1615347939669 0.5271514058113098 728
1615347973978 0.5807604789733887 729
1615348010087 0.5926889181137085 730
1615348044931 0.5603035688400269 731
1615348079516 0.5399206876754761 732
1615348113982 0.5651718378067017 733
1615348148352 0.5267084240913391 734
1615348182796 0.5400080680847168 735
1615348217229 0.5480736494064331 736
1615348251467 0.5744652152061462 737
1615348285953 0.5485950112342834 738
1615348320239 0.5633962154388428 739
1615348356102 0.5105878710746765 740
1615348390364 0.5297163724899292 741
1615348424901 0.5664733648300171 742
1615348459214 0.5658206939697266 743
1615348493725 0.5970925092697144 744
1615348528018 0.5251668691635132 745
1615348562334 0.5577877759933472 746
1615348596569 0.5422013998031616 747
1615348630838 0.5287883281707764 748
1615348665430 0.5221954584121704 749
1615348701691 0.5706902146339417 750
1615348736202 0.5110042095184326 751
1615348770574 0.5370731353759766 752
1615348805127 0.5283246040344238 753
1615348839870 0.5427954196929932 754
1615348874373 0.549190104007721 755
1615348908918 0.5601010322570801 756
1615348943190 0.5475837588310242 757
1615348977749 0.5393126606941223 758
1615349012432 0.5792953968048096 759
1615349048502 0.5378690958023071 760
1615349082753 0.5255031585693359 761
1615349116949 0.5260615348815918 762
1615349151305 0.5398916006088257 763
1615349185624 0.5512599349021912 764
1615349219947 0.5317225456237793 765
1615349254151 0.5465818643569946 766
1615349288449 0.5538390874862671 767
1615349323077 0.5314775705337524 768
1615349357760 0.5710247755050659 769
1615349394904 0.5466431379318237 770
1615349429462 0.5137472748756409 771
1615349463797 0.5373365879058838 772
1615349498567 0.5651779174804688 773
1615349532927 0.54891037940979 774
1615349567332 0.512226939201355 775
1615349601820 0.5670512914657593 776
1615349636493 0.5559097528457642 777
1615349671366 0.5393816232681274 778
1615349706081 0.5273458957672119 779
1615349742195 0.5581899881362915 780
1615349776941 0.497780442237854 781
1615349811444 0.5698269605636597 782
1615349845758 0.5826301574707031 783
1615349880105 0.5625858306884766 784
1615349914519 0.5724427700042725 785
1615349948816 0.5305379629135132 786
1615349983206 0.5411051511764526 787
1615350017476 0.5766994953155518 788
1615350052065 0.5359979867935181 789
1615350087950 0.5347553491592407 790
1615350122236 0.5209710597991943 791
1615350156388 0.5647344589233398 792
1615350190725 0.5211082696914673 793
1615350225114 0.5745757222175598 794
1615350259542 0.5530123710632324 795
1615350293936 0.542881965637207 796
1615350328847 0.5604885816574097 797
1615350363333 0.5227702856063843 798
1615350398035 0.5909514427185059 799
1615350434100 0.5337368249893188 800
1615350468512 0.5071898102760315 801
1615350502772 0.5483138561248779 802
1615350537041 0.555888295173645 803
1615350571377 0.5538688898086548 804
1615350605693 0.5322999954223633 805
1615350639992 0.5498966574668884 806
1615350674724 0.5420782566070557 807
1615350708994 0.5365031957626343 808
1615350743205 0.5229920148849487 809
1615350779080 0.5447808504104614 810
1615350813245 0.5144094228744507 811
1615350847607 0.5499377250671387 812
1615350881848 0.580940842628479 813
1615350916159 0.5820201635360718 814
1615350950407 0.5511364936828613 815
1615350984908 0.5253713130950928 816
1615351019558 0.5926895141601562 817
1615351054417 0.5244185924530029 818
1615351089198 0.5313839316368103 819
1615351125513 0.5046385526657104 820
1615351160000 0.5550681352615356 821
1615351194361 0.5387171506881714 822
1615351228809 0.5493847131729126 823
1615351263159 0.5726900100708008 824
1615351297432 0.524631917476654 825
1615351331901 0.5353485345840454 826
1615351366170 0.5352599620819092 827
1615351400732 0.5684391260147095 828
1615351434937 0.5489974617958069 829
1615351470813 0.5535526275634766 830
1615351505131 0.5436181426048279 831
1615351539341 0.5590460300445557 832
1615351573566 0.5796874165534973 833
1615351607948 0.5441409349441528 834
1615351642225 0.535370945930481 835
1615351676456 0.5675747394561768 836
1615351710825 0.4985021948814392 837
1615351745327 0.550035834312439 838
1615351780063 0.5590400099754333 839
1615351817048 0.562287449836731 840
1615351851646 0.5263946056365967 841
1615351886370 0.5687034130096436 842
1615351921114 0.5807052850723267 843
1615351955334 0.563559889793396 844
1615351989591 0.5456184148788452 845
1615352023850 0.5676432847976685 846
1615352058067 0.5696015357971191 847
1615352092352 0.5226081013679504 848
1615352126735 0.5097816586494446 849
1615352162863 0.5390244722366333 850
1615352197355 0.5878424644470215 851
1615352231822 0.6028549671173096 852
1615352266282 0.5219987630844116 853
1615352301142 0.5366957187652588 854
1615352335801 0.5413792133331299 855
1615352370302 0.5577374696731567 856
1615352404749 0.5216257572174072 857
1615352439068 0.5553673505783081 858
1615352473368 0.5645657777786255 859
1615352509370 0.5762742757797241 860
1615352543683 0.515619158744812 861
1615352578109 0.5491175651550293 862
1615352612391 0.5316108465194702 863
1615352646631 0.506931483745575 864
1615352681228 0.5435463786125183 865
1615352715512 0.5275334715843201 866
1615352749771 0.5743144154548645 867
1615352784046 0.5260082483291626 868
1615352818219 0.535286545753479 869
1615352854073 0.5776115655899048 870
1615352888394 0.5442280173301697 871
1615352922651 0.5696436762809753 872
1615352957000 0.5271654725074768 873
1615352991850 0.5620948076248169 874
1615353026487 0.5526313781738281 875
1615353060972 0.5799560546875 876
1615353095545 0.5403633117675781 877
1615353129897 0.4990413188934326 878
1615353164446 0.5809355974197388 879
1615353200797 0.5662865042686462 880
1615353235106 0.540847897529602 881
1615353269499 0.5498622059822083 882
1615353303808 0.5175639390945435 883
1615353338118 0.558895468711853 884
1615353372514 0.5370500087738037 885
1615353406969 0.5135537981987 886
1615353441700 0.5908468961715698 887
1615353476008 0.5500333309173584 888
1615353510274 0.5045056343078613 889
1615353546245 0.5467509031295776 890
1615353580501 0.5918883085250854 891
1615353614942 0.5465034246444702 892
1615353649244 0.5584849119186401 893
1615353684103 0.5567492246627808 894
1615353718893 0.6134395599365234 895
1615353753391 0.5142099261283875 896
1615353787965 0.5198037028312683 897
1615353822370 0.5553961396217346 898
1615353856814 0.49499669671058655 899
1615353893373 0.5896645188331604 900
1615353927697 0.550408124923706 901
1615353962081 0.5668481588363647 902
1615353996409 0.5570460557937622 903
1615354030731 0.560520350933075 904
1615354064996 0.5443925261497498 905
1615354099321 0.5424908399581909 906
1615354134772 0.5275413393974304 907
1615354169358 0.5306503772735596 908
1615354204088 0.5362982749938965 909
1615354240181 0.5661689043045044 910
1615354274550 0.5704014301300049 911
1615354308801 0.5167970657348633 912
1615354344439 0.5494634509086609 913
1615354378747 0.5791096687316895 914
1615354413195 0.4992997646331787 915
1615354447548 0.5736556053161621 916
1615354482147 0.493668794631958 917
1615354516513 0.5545749664306641 918
1615354550835 0.5463244915008545 919
1615354586783 0.5519925355911255 920
1615354621054 0.5408329963684082 921
1615354655254 0.5478119850158691 922
1615354689522 0.5624751448631287 923
1615354723814 0.584296703338623 924
1615354758064 0.5394355058670044 925
1615354792661 0.5841252207756042 926
1615354827461 0.5681616067886353 927
1615354862148 0.5477344393730164 928
1615354896610 0.5575541853904724 929
1615354932716 0.5029162764549255 930
1615354967488 0.5524777770042419 931
1615355001736 0.5589341521263123 932
1615355036050 0.5561918616294861 933
1615355070392 0.5139195919036865 934
1615355104749 0.5351401567459106 935
1615355139021 0.5146721005439758 936
1615355173267 0.508880615234375 937
1615355207622 0.5427390336990356 938
1615355242101 0.5511636137962341 939
1615355278754 0.55550217628479 940
1615355313201 0.5223868489265442 941
1615355347932 0.5366319417953491 942
1615355382448 0.5194841027259827 943
1615355416935 0.5792644619941711 944
1615355451341 0.5617496967315674 945
1615355485701 0.590697169303894 946
1615355519991 0.48446428775787354 947
1615355554439 0.575130820274353 948
1615355588864 0.5861687660217285 949
1615355625228 0.54726243019104 950
1615355659613 0.5485531091690063 951
1615355693888 0.5947416424751282 952
1615355728207 0.5638160705566406 953
1615355762459 0.5684847831726074 954
1615355796619 0.5186079144477844 955
1615355830956 0.5656204223632812 956
1615355865482 0.5474231243133545 957
1615355900047 0.5724621415138245 958
1615355934744 0.556960940361023 959
1615355971160 0.507611870765686 960
1615356005692 0.5482429265975952 961
1615356040327 0.5624628067016602 962
1615356074787 0.5497449040412903 963
1615356109178 0.556411862373352 964
1615356143994 0.5960263609886169 965
1615356178309 0.5251398682594299 966
1615356212658 0.5590016841888428 967
1615356246934 0.5978951454162598 968
1615356281246 0.5495185852050781 969
1615356317234 0.540101170539856 970
1615356351434 0.5786510705947876 971
1615356385755 0.5487743020057678 972
1615356420032 0.5413112640380859 973
1615356454261 0.5485076904296875 974
1615356488665 0.5264055728912354 975
1615356522981 0.5649150609970093 976
1615356557302 0.5670528411865234 977
1615356591611 0.5044436454772949 978
1615356625957 0.5622305274009705 979
1615356661997 0.5002257227897644 980
1615356696558 0.541310727596283 981
1615356731769 0.5384073257446289 982
1615356766242 0.5474463105201721 983
1615356800826 0.6044633388519287 984
1615356835325 0.5727452039718628 985
1615356869616 0.5762159824371338 986
1615356903883 0.547433614730835 987
1615356938534 0.5668017864227295 988
1615356972844 0.566338062286377 989
1615357008741 0.5334858894348145 990
1615357043057 0.5456582903862 991
1615357077325 0.5846389532089233 992
1615357111626 0.5383032560348511 993
1615357145897 0.5896965265274048 994
1615357180182 0.5857205986976624 995
1615357214597 0.571064829826355 996
1615357249033 0.6020651459693909 997
1615357283561 0.5538171529769897 998
1615357318054 0.526373028755188 999
1615357354180 0.5865401029586792 1000
1615357388709 0.5762701034545898 1001
1615357423218 0.5830541253089905 1002
1615357457647 0.5608444213867188 1003
1615357492093 0.5486286282539368 1004
1615357526700 0.5472284555435181 1005
1615357561035 0.5400018692016602 1006
1615357595363 0.5519185066223145 1007
1615357629923 0.5499464273452759 1008
1615357664165 0.522853434085846 1009
1615357700085 0.5183395147323608 1010
1615357734415 0.5787773132324219 1011
1615357768640 0.548774003982544 1012
1615357803039 0.5261601805686951 1013
1615357837329 0.5651312470436096 1014
1615357871531 0.5493559241294861 1015
1615357905813 0.5640223026275635 1016
1615357940233 0.5369076132774353 1017
1615357974831 0.5715488195419312 1018
1615358009561 0.5753412246704102 1019
1615358045739 0.567378044128418 1020
1615358080387 0.5390915274620056 1021
1615358114774 0.5044398307800293 1022
1615358149191 0.5759820938110352 1023
1615358183944 0.5455726981163025 1024
1615358218322 0.5120707154273987 1025
1615358252984 0.5833024978637695 1026
1615358287273 0.5428007245063782 1027
1615358321603 0.5517776608467102 1028
1615358355941 0.5837698578834534 1029
1615358391826 0.5378977656364441 1030
1615358426136 0.5322778224945068 1031
1615358460430 0.5540399551391602 1032
1615358494741 0.5712461471557617 1033
1615358529239 0.5763571262359619 1034
1615358563612 0.5620452165603638 1035
1615358598132 0.5660018920898438 1036
1615358632772 0.5794196128845215 1037
1615358667167 0.5458323955535889 1038
1615358701830 0.5448246002197266 1039
1615358738231 0.5354067087173462 1040
1615358772630 0.5886658430099487 1041
1615358806960 0.5566751956939697 1042
1615358841484 0.5515521764755249 1043
1615358875849 0.5374647378921509 1044
1615358910173 0.5915225148200989 1045
1615358944759 0.5395900011062622 1046
1615358979066 0.5280262231826782 1047
1615359013382 0.5616019368171692 1048
1615359047721 0.5488017797470093 1049
1615359083570 0.5743100643157959 1050
1615359117828 0.5400451421737671 1051
1615359155312 0.5158278942108154 1052
1615359189757 0.5580337047576904 1053
1615359224339 0.5540512800216675 1054
1615359258820 0.5386203527450562 1055
1615359293322 0.5860767364501953 1056
1615359327694 0.5805824995040894 1057
1615359362290 0.5016154050827026 1058
1615359396703 0.49431443214416504 1059
1615359432702 0.5470399856567383 1060
1615359467087 0.5562785863876343 1061
1615359501687 0.5263190269470215 1062
1615359536244 0.5251470804214478 1063
1615359570539 0.5030937790870667 1064
1615359604922 0.5283628702163696 1065
1615359639280 0.5686080455780029 1066
1615359673621 0.5263711214065552 1067
1615359707929 0.5329819917678833 1068
1615359742890 0.5738196969032288 1069
1615359779649 0.5253986120223999 1070
1615359814317 0.5559865832328796 1071
1615359848818 0.5013889670372009 1072
1615359883226 0.5294244289398193 1073
1615359917557 0.5339640974998474 1074
1615359951950 0.5754702091217041 1075
1615359986523 0.5522986650466919 1076
1615360020829 0.5356204509735107 1077
1615360055405 0.5597567558288574 1078
1615360089658 0.555091381072998 1079
1615360125567 0.5330367088317871 1080
1615360159839 0.520037055015564 1081
1615360194118 0.5158388614654541 1082
1615360228453 0.5008265972137451 1083
1615360262687 0.5297027230262756 1084
1615360296995 0.526922345161438 1085
1615360331320 0.5614049434661865 1086
1615360365601 0.5681072473526001 1087
1615360399942 0.5541685819625854 1088
1615360434406 0.5475217700004578 1089
1615360470546 0.5543454885482788 1090
1615360505388 0.5658667087554932 1091
1615360540035 0.5435621738433838 1092
1615360574592 0.5541046857833862 1093
1615360609089 0.5194679498672485 1094
1615360643477 0.5668375492095947 1095
1615360677946 0.5768579244613647 1096
1615360712304 0.5256860256195068 1097
1615360746712 0.5483254194259644 1098
1615360781202 0.5817945003509521 1099
1615360817480 0.5758107900619507 1100
1615360851921 0.5695015788078308 1101
1615360886373 0.5361801385879517 1102
1615360920749 0.5795291066169739 1103
1615360955062 0.5644996166229248 1104
1615360989472 0.5233246088027954 1105
1615361023793 0.5729866027832031 1106
1615361058150 0.5327253341674805 1107
1615361092495 0.5669393539428711 1108
1615361126865 0.5836677551269531 1109
1615361163012 0.6061104536056519 1110
1615361197661 0.5377219915390015 1111
1615361232425 0.5282623767852783 1112
1615361267013 0.5376033186912537 1113
1615361301457 0.5767114162445068 1114
1615361335937 0.5497509241104126 1115
1615361370264 0.5917925238609314 1116
1615361404643 0.5710092782974243 1117
1615361439037 0.5673438310623169 1118
1615361473331 0.5179165005683899 1119
1615361510422 0.5620546340942383 1120
1615361544706 0.5536350011825562 1121
1615361579030 0.5415371656417847 1122
1615361613282 0.5506311655044556 1123
1615361647804 0.5516965389251709 1124
1615361682236 0.5628008842468262 1125
1615361716454 0.5634979605674744 1126
1615361750778 0.5789517164230347 1127
1615361785224 0.5641893744468689 1128
1615361819678 0.5673263072967529 1129
1615361856079 0.5863060355186462 1130
1615361890974 0.5263484716415405 1131
1615361925568 0.593130886554718 1132
1615361960024 0.5675541162490845 1133
1615361994634 0.5498210787773132 1134
1615362029173 0.549912691116333 1135
1615362063615 0.5948875546455383 1136
1615362097989 0.5665127038955688 1137
1615362132350 0.5422894954681396 1138
1615362166683 0.5393529534339905 1139
1615362202882 0.5443537831306458 1140
1615362237267 0.5198910236358643 1141
1615362272053 0.5479778051376343 1142
1615362306416 0.5681847333908081 1143
1615362340703 0.5430291891098022 1144
1615362375032 0.5794391632080078 1145
1615362409351 0.5442687273025513 1146
1615362443694 0.6018626689910889 1147
1615362478050 0.5688450336456299 1148
1615362512400 0.5532504320144653 1149
1615362548290 0.5542811751365662 1150
1615362582583 0.5550380945205688 1151
1615362616929 0.5459549427032471 1152
1615362651336 0.5315226316452026 1153
1615362685755 0.5326106548309326 1154
1615362720345 0.5392920970916748 1155
1615362755407 0.5820380449295044 1156
1615362790153 0.5519500374794006 1157
1615362824544 0.5673357248306274 1158
1615362858959 0.5098859071731567 1159
1615362895322 0.5348720550537109 1160
1615362929655 0.5479569435119629 1161
1615362964065 0.6057706475257874 1162
1615362998566 0.5706173181533813 1163
1615363032866 0.5599938631057739 1164
1615363067187 0.5247628688812256 1165
1615363101438 0.5552219152450562 1166
1615363135787 0.5526017546653748 1167
1615363170193 0.5321860313415527 1168
1615363204668 0.553817868232727 1169
1615363240604 0.5632343292236328 1170
1615363274927 0.5656747817993164 1171
1615363309207 0.5490350723266602 1172
1615363343559 0.5199858546257019 1173
1615363377832 0.5629411339759827 1174
1615363412256 0.5373449325561523 1175
1615363446540 0.5787951946258545 1176
1615363480899 0.5874309539794922 1177
1615363516023 0.5226105451583862 1178
1615363550723 0.5501388311386108 1179
1615363587385 0.5408653616905212 1180
1615363622039 0.5993926525115967 1181
1615363656469 0.5309116840362549 1182
1615363690868 0.549599289894104 1183
1615363725300 0.5533468723297119 1184
1615363759735 0.552695631980896 1185
1615363794143 0.5430883765220642 1186
1615363828560 0.5496523380279541 1187
1615363863240 0.5451431274414062 1188
1615363897447 0.595422625541687 1189
1615363933330 0.559087872505188 1190
1615363967727 0.5574997663497925 1191
1615364002084 0.5910834074020386 1192
1615364036585 0.529158353805542 1193
1615364071235 0.5375621914863586 1194
1615364105723 0.5509834289550781 1195
1615364140293 0.5510013699531555 1196
1615364174775 0.5491566061973572 1197
1615364209350 0.5597646236419678 1198
1615364243783 0.5672647953033447 1199
1615364279692 0.532791256904602 1200
1615364304831 0.5777917504310608 0
1615364304843 0.5777917504310608 0
