1615322806053 0.3059372901916504 1
1615322840314 0.40472301840782166 2
1615322874577 0.5476105213165283 3
1615322908928 0.6380399465560913 4
1615322943132 0.6533671617507935 5
1615322977346 0.6701226234436035 6
1615323011478 0.672713577747345 7
1615323045807 0.6860443353652954 8
1615323079976 0.7105896472930908 9
1615323116227 0.6885329484939575 10
1615323150597 0.7440075874328613 11
1615323184872 0.7212646007537842 12
1615323219266 0.6889500617980957 13
1615323253903 0.7046505808830261 14
1615323288300 0.7123459577560425 15
1615323322690 0.7232423424720764 16
1615323357124 0.7436392307281494 17
1615323391269 0.7614924907684326 18
1615323425561 0.7311869859695435 19
1615323461639 0.7551676034927368 20
1615323495979 0.7482807636260986 21
1615323530250 0.765730619430542 22
1615323564885 0.7789790630340576 23
1615323599164 0.7761962413787842 24
1615323633330 0.7531418800354004 25
1615323667595 0.793129026889801 26
1615323701782 0.7701036930084229 27
1615323735936 0.7834624648094177 28
1615323770107 0.7558778524398804 29
1615323806001 0.7610731720924377 30
1615323840365 0.7869091033935547 31
1615323874684 0.7674411535263062 32
1615323909010 0.7887281775474548 33
1615323943349 0.7724670171737671 34
1615323977869 0.7941382527351379 35
1615324012408 0.7924525737762451 36
1615324046854 0.8152022361755371 37
1615324081415 0.8111315965652466 38
1615324115708 0.7998526692390442 39
1615324151915 0.7949118614196777 40
1615324186398 0.797060489654541 41
1615324220796 0.7690451145172119 42
1615324255067 0.7874768972396851 43
1615324289791 0.8023302555084229 44
1615324323997 0.7936161756515503 45
1615324358205 0.770111083984375 46
1615324392447 0.7997193336486816 47
1615324426683 0.84501713514328 48
1615324460982 0.8168753385543823 49
1615324496942 0.8081514835357666 50
1615324531237 0.810210108757019 51
1615324565485 0.7476891875267029 52
1615324599742 0.7755065560340881 53
1615324634080 0.7937933206558228 54
1615324668977 0.7816770076751709 55
1615324703950 0.7971780300140381 56
1615324738481 0.7777032256126404 57
1615324772807 0.7894909381866455 58
1615324807092 0.809434175491333 59
1615324843423 0.8079715967178345 60
1615324877699 0.7964053750038147 61
1615324912138 0.7932194471359253 62
1615324946497 0.7891896963119507 63
1615324980795 0.7633030414581299 64
1615325015013 0.8017396926879883 65
1615325049521 0.8236315250396729 66
1615325083707 0.8204931020736694 67
1615325117938 0.825189471244812 68
1615325152137 0.7943050861358643 69
1615325188035 0.7984719276428223 70
1615325222328 0.7932407855987549 71
1615325256576 0.7743169069290161 72
1615325290908 0.7836689949035645 73
1615325325490 0.7973969578742981 74
1615325360027 0.8124645352363586 75
1615325394624 0.8246904611587524 76
1615325429475 0.8358257412910461 77
1615325464037 0.8379172086715698 78
1615325498419 0.8150267601013184 79
1615325534290 0.7939867973327637 80
1615325568519 0.8048590421676636 81
1615325602840 0.8402540683746338 82
1615325637256 0.8190841674804688 83
1615325671647 0.8417340517044067 84
1615325706016 0.8299314975738525 85
1615325740364 0.8285285830497742 86
1615325774572 0.8433014154434204 87
1615325809226 0.84495609998703 88
1615325843606 0.83016437292099 89
1615325879400 0.8218346238136292 90
1615325913673 0.8304609060287476 91
1615325947922 0.8126181960105896 92
1615325982193 0.8291890025138855 93
1615326016489 0.8471255898475647 94
1615326050740 0.8519273996353149 95
1615326085039 0.8157086372375488 96
1615326119275 0.8095890879631042 97
1615326153631 0.7930712699890137 98
1615326188089 0.8217239379882812 99
1615326224432 0.8249070644378662 100
1615326259041 0.8384589552879333 101
1615326293501 0.814915657043457 102
1615326327992 0.8393114805221558 103
1615326362314 0.8524977564811707 104
1615326396623 0.8159791231155396 105
1615326430952 0.7818232774734497 106
1615326465389 0.8258839845657349 107
1615326499615 0.8177956342697144 108
1615326533945 0.8355173468589783 109
1615326570201 0.8190577030181885 110
1615326604415 0.8399772644042969 111
1615326638775 0.8359090089797974 112
1615326672977 0.8219540119171143 113
1615326707248 0.8037177324295044 114
1615326741880 0.8273364305496216 115
1615326776192 0.8114712834358215 116
1615326810449 0.835691511631012 117
1615326844677 0.7754080891609192 118
1615326878942 0.8392213582992554 119
1615326914940 0.8266204595565796 120
1615326949215 0.8419663310050964 121
1615326983384 0.8239189386367798 122
1615327017614 0.802527904510498 123
1615327052042 0.8113480806350708 124
1615327086682 0.8216166496276855 125
1615327121159 0.8408448696136475 126
1615327155724 0.8476124405860901 127
1615327190407 0.8448766469955444 128
1615327224917 0.8340073823928833 129
1615327261432 0.8492308259010315 130
1615327295882 0.8320159316062927 131
1615327330116 0.8372671604156494 132
1615327364409 0.8534428477287292 133
1615327398687 0.8263980150222778 134
1615327432898 0.8735265731811523 135
1615327467176 0.8718148469924927 136
1615327501494 0.8393120169639587 137
1615327535789 0.8144471645355225 138
1615327570013 0.8183659911155701 139
1615327605883 0.824170708656311 140
1615327640407 0.8232049942016602 141
1615327674649 0.8417847156524658 142
1615327708904 0.8613070249557495 143
1615327743175 0.836357831954956 144
1615327777479 0.869164228439331 145
1615327811685 0.8454010486602783 146
1615327845919 0.8328815698623657 147
1615327880163 0.831406831741333 148
1615327914526 0.847360372543335 149
1615327950699 0.8396520018577576 150
1615327985202 0.8489886522293091 151
1615328019832 0.8460997343063354 152
1615328054330 0.8541848063468933 153
1615328089015 0.8959155082702637 154
1615328123563 0.8620175123214722 155
1615328157961 0.8713202476501465 156
1615328192282 0.8701285123825073 157
1615328226701 0.8535448312759399 158
1615328260980 0.8836721181869507 159
1615328297580 0.8682092428207397 160
1615328331861 0.8145343661308289 161
1615328366121 0.8338153958320618 162
1615328400406 0.845621645450592 163
1615328434687 0.8670303821563721 164
1615328468898 0.8417797088623047 165
1615328503132 0.8221453428268433 166
1615328537372 0.8583943247795105 167
1615328571540 0.8644270896911621 168
1615328605856 0.886972188949585 169
1615328641794 0.8557767868041992 170
1615328676529 0.8405739068984985 171
1615328711149 0.8677718639373779 172
1615328745971 0.8540953397750854 173
1615328780804 0.8478574156761169 174
1615328815211 0.850120484828949 175
1615328849476 0.8471570611000061 176
1615328883887 0.8234133720397949 177
1615328918233 0.8439793586730957 178
1615328952640 0.834802508354187 179
1615328989210 0.8879212141036987 180
1615329023675 0.8554009199142456 181
1615329058000 0.8401395678520203 182
1615329092288 0.8137632012367249 183
1615329126517 0.862288236618042 184
1615329160766 0.8554618954658508 185
1615329194996 0.8496208190917969 186
1615329229163 0.8295086622238159 187
1615329263388 0.8368740081787109 188
1615329297881 0.8434709310531616 189
1615329333763 0.8503484725952148 190
1615329368117 0.8862433433532715 191
1615329402574 0.8456021547317505 192
1615329436922 0.8254475593566895 193
1615329471672 0.8349738121032715 194
1615329506285 0.8644700050354004 195
1615329540780 0.8205587863922119 196
1615329575103 0.8575359582901001 197
1615329609615 0.8553440570831299 198
1615329644177 0.8538840413093567 199
1615329680138 0.8345028162002563 200
1615329714362 0.8294243812561035 201
1615329748847 0.8208624124526978 202
1615329783170 0.8426744341850281 203
1615329817440 0.8520570993423462 204
1615329851682 0.8603115081787109 205
1615329885916 0.871168315410614 206
1615329920205 0.8780168890953064 207
1615329954419 0.8734318017959595 208
1615329988647 0.8811122179031372 209
1615330024495 0.8261815905570984 210
1615330058894 0.8610718250274658 211
1615330093607 0.8614981770515442 212
1615330128146 0.8172992467880249 213
1615330162702 0.8380987644195557 214
1615330197463 0.8699929714202881 215
1615330231886 0.8375656604766846 216
1615330266335 0.8534327745437622 217
1615330300655 0.855046272277832 218
1615330335076 0.8506486415863037 219
1615330371238 0.851628303527832 220
1615330405491 0.8461079597473145 221
1615330440133 0.8395720720291138 222
1615330474411 0.8678573966026306 223
1615330508606 0.8627530336380005 224
1615330542840 0.8398281335830688 225
1615330577122 0.8508179187774658 226
1615330611355 0.8414767980575562 227
1615330645584 0.862241268157959 228
1615330679974 0.882868766784668 229
1615330715868 0.865371584892273 230
1615330750215 0.8854273557662964 231
1615330784523 0.8676194548606873 232
1615330818932 0.8430192470550537 233
1615330853602 0.860834002494812 234
1615330888324 0.85500168800354 235
1615330923451 0.859705924987793 236
1615330957847 0.8633926510810852 237
1615330992161 0.8582848310470581 238
1615331026447 0.8859297633171082 239
1615331063108 0.85335373878479 240
1615331097319 0.8440837860107422 241
1615331131643 0.861060619354248 242
1615331165936 0.8670650720596313 243
1615331200561 0.8762631416320801 244
1615331234815 0.8598775267601013 245
1615331269093 0.8611915111541748 246
1615331303384 0.833864688873291 247
1615331337657 0.8579428791999817 248
1615331371823 0.8536059856414795 249
1615331407799 0.8619105815887451 250
1615331441946 0.8827418088912964 251
1615331476133 0.8517156839370728 252
1615331510597 0.8258020877838135 253
1615331545404 0.8463653922080994 254
1615331579773 0.8660880327224731 255
1615331614324 0.8644190430641174 256
1615331648919 0.8972745537757874 257
1615331683335 0.8687865138053894 258
1615331717732 0.8584968447685242 259
1615331753986 0.8421427011489868 260
1615331788373 0.8707389831542969 261
1615331823296 0.8782427310943604 262
1615331857579 0.8598425388336182 263
1615331891826 0.8343237042427063 264
1615331926022 0.8603152632713318 265
1615331960305 0.8521366119384766 266
1615331994573 0.8659607172012329 267
1615332028800 0.8472152948379517 268
1615332063231 0.8655961751937866 269
1615332099655 0.8626309037208557 270
1615332134409 0.8791533708572388 271
1615332168856 0.8673465847969055 272
1615332203292 0.8581428527832031 273
1615332237817 0.8616625070571899 274
1615332272359 0.8524388670921326 275
1615332306723 0.8225210905075073 276
1615332341066 0.8963651061058044 277
1615332375370 0.851129412651062 278
1615332409716 0.8851725459098816 279
1615332445681 0.879976749420166 280
1615332480376 0.8695769309997559 281
1615332514631 0.8810205459594727 282
1615332548957 0.8583922386169434 283
1615332583111 0.8729023933410645 284
1615332617767 0.8307780027389526 285
1615332652100 0.8724103569984436 286
1615332686334 0.8569621443748474 287
1615332720503 0.8478626012802124 288
1615332754748 0.8704979419708252 289
1615332790696 0.8579872846603394 290
1615332825154 0.876948893070221 291
1615332859837 0.8679286241531372 292
1615332894734 0.8753119111061096 293
1615332929251 0.8654509782791138 294
1615332963761 0.8579322695732117 295
1615332998324 0.8521156311035156 296
1615333032741 0.8783146142959595 297
1615333067105 0.8699177503585815 298
1615333101422 0.8846131563186646 299
1615333137558 0.8794788122177124 300
1615333171968 0.8315611481666565 301
1615333206627 0.8710552453994751 302
1615333240889 0.8914824724197388 303
1615333275294 0.8855369091033936 304
1615333309673 0.8557627201080322 305
1615333343973 0.8505614995956421 306
1615333378320 0.8680828809738159 307
1615333412553 0.9158101081848145 308
1615333446761 0.8998640775680542 309
1615333482519 0.8409424424171448 310
1615333516672 0.8407478928565979 311
1615333551112 0.862101674079895 312
1615333585596 0.8527798056602478 313
1615333620615 0.8927723169326782 314
1615333655291 0.8627648949623108 315
1615333689742 0.8757066130638123 316
1615333724022 0.8846869468688965 317
1615333758399 0.8610621690750122 318
1615333792656 0.8643460869789124 319
1615333828904 0.8735306262969971 320
1615333863290 0.8664904832839966 321
1615333897531 0.8620356917381287 322
1615333931851 0.8401734828948975 323
1615333966228 0.8836294412612915 324
1615334000518 0.8480519652366638 325
1615334035015 0.8666553497314453 326
1615334069291 0.8704878091812134 327
1615334103598 0.880572497844696 328
1615334137951 0.890188455581665 329
1615334173740 0.8397424221038818 330
1615334208003 0.848330020904541 331
1615334242441 0.8623268604278564 332
1615334276821 0.8964760899543762 333
1615334311198 0.8556540012359619 334
1615334345682 0.8734023571014404 335
1615334380161 0.8567594289779663 336
1615334414629 0.8824822902679443 337
1615334449160 0.8482193946838379 338
1615334483894 0.8939052224159241 339
1615334520523 0.886509120464325 340
1615334554976 0.8675104379653931 341
1615334589207 0.8851598501205444 342
1615334623594 0.8557892441749573 343
1615334658071 0.8700128793716431 344
1615334692245 0.8581695556640625 345
1615334726498 0.8387856483459473 346
1615334760793 0.8241283297538757 347
1615334795130 0.8579598069190979 348
1615334829397 0.883520245552063 349
1615334865392 0.8951184749603271 350
1615334899665 0.8802160024642944 351
1615334933923 0.8761870265007019 352
1615334968225 0.8837358951568604 353
1615335002522 0.892991304397583 354
1615335036683 0.8836619257926941 355
1615335071252 0.8660718202590942 356
1615335106168 0.8820626735687256 357
1615335140688 0.9032373428344727 358
1615335175503 0.8519575595855713 359
1615335212043 0.8654503226280212 360
1615335246434 0.8924040794372559 361
1615335280780 0.8935309648513794 362
1615335315367 0.8769092559814453 363
1615335349635 0.8578618168830872 364
1615335384215 0.877021312713623 365
1615335418525 0.8596882820129395 366
1615335452779 0.8777339458465576 367
1615335487061 0.8890988826751709 368
1615335521372 0.8580787181854248 369
1615335557131 0.8696627020835876 370
1615335591350 0.9052325487136841 371
1615335625637 0.892392635345459 372
1615335659911 0.8707051277160645 373
1615335694185 0.8724983334541321 374
1615335728446 0.874312162399292 375
1615335762800 0.8654599189758301 376
1615335797195 0.8285669088363647 377
1615335831766 0.8396439552307129 378
1615335866215 0.8536255359649658 379
1615335902404 0.8532712459564209 380
1615335936962 0.8751593828201294 381
1615335971666 0.8768614530563354 382
1615336005901 0.8616191148757935 383
1615336040297 0.8792656660079956 384
1615336074662 0.8867976069450378 385
1615336108923 0.8773735761642456 386
1615336143380 0.8596970438957214 387
1615336177732 0.8724017143249512 388
1615336212266 0.8724002242088318 389
1615336248372 0.8555262088775635 390
1615336282932 0.859078049659729 391
1615336317230 0.8612512350082397 392
1615336351498 0.8760659098625183 393
1615336385730 0.8529331088066101 394
1615336419949 0.9115406274795532 395
1615336454329 0.8652628660202026 396
1615336488800 0.8893290758132935 397
1615336523222 0.8934075832366943 398
1615336557539 0.8750897645950317 399
1615336593583 0.884601354598999 400
1615336628124 0.8746328353881836 401
1615336662698 0.8764944076538086 402
1615336697151 0.8446540832519531 403
1615336731589 0.8916488289833069 404
1615336765950 0.8749840259552002 405
1615336800172 0.876849889755249 406
1615336834411 0.8366104364395142 407
1615336868590 0.8806254267692566 408
1615336902916 0.8628697991371155 409
1615336938935 0.8711351156234741 410
1615336973129 0.8720322847366333 411
1615337007776 0.8871773481369019 412
1615337042069 0.8904702663421631 413
1615337076297 0.8657108545303345 414
1615337110594 0.8552027940750122 415
1615337144814 0.8778125047683716 416
1615337179122 0.8693981170654297 417
1615337213545 0.8807275295257568 418
1615337248018 0.8749498128890991 419
1615337284303 0.8881708979606628 420
1615337318830 0.8784170150756836 421
1615337353346 0.8734925985336304 422
1615337387789 0.8554551601409912 423
1615337422159 0.8655472993850708 424
1615337456819 0.8907365798950195 425
1615337491536 0.8707840442657471 426
1615337525958 0.8908851146697998 427
1615337560072 0.8668545484542847 428
1615337594404 0.8375928401947021 429
1615337630291 0.8533830642700195 430
1615337664552 0.8812718987464905 431
1615337698811 0.8708310127258301 432
1615337733118 0.8628389835357666 433
1615337767686 0.879656195640564 434
1615337802204 0.815684974193573 435
1615337837189 0.879636287689209 436
1615337871751 0.8753874897956848 437
1615337906139 0.877204954624176 438
1615337940599 0.8501043319702148 439
1615337976870 0.9031744003295898 440
1615338011221 0.8870017528533936 441
1615338045486 0.8548949360847473 442
1615338080245 0.87689208984375 443
1615338114577 0.89533531665802 444
1615338149018 0.8756502866744995 445
1615338183219 0.8632352948188782 446
1615338217454 0.8537147045135498 447
1615338251707 0.8788462281227112 448
1615338286006 0.8883188962936401 449
1615338322105 0.8974471092224121 450
1615338356533 0.8890923261642456 451
1615338391249 0.8766745924949646 452
1615338425661 0.8701997995376587 453
1615338460340 0.8648808598518372 454
1615338494620 0.8969036340713501 455
1615338528908 0.8631939888000488 456
1615338563418 0.8486990928649902 457
1615338597678 0.8469250202178955 458
1615338631929 0.8809182047843933 459
1615338668012 0.8875094652175903 460
1615338702562 0.8881688117980957 461
1615338736943 0.8903576135635376 462
1615338771213 0.8703286647796631 463
1615338805514 0.8753082752227783 464
1615338839681 0.8846707344055176 465
1615338873918 0.8670073747634888 466
1615338908156 0.8597499132156372 467
1615338942376 0.8691550493240356 468
1615338976664 0.8810846209526062 469
1615339012422 0.857399582862854 470
1615339046740 0.8552019596099854 471
1615339081255 0.8660262227058411 472
1615339115667 0.8717743158340454 473
1615339150053 0.8672212362289429 474
1615339184544 0.889755129814148 475
1615339219181 0.8686115741729736 476
1615339253605 0.8712876439094543 477
1615339287894 0.8795571327209473 478
1615339322187 0.9087574481964111 479
1615339358183 0.8984599113464355 480
1615339392457 0.8791121244430542 481
1615339427146 0.8892772793769836 482
1615339461380 0.8730525970458984 483
1615339495618 0.8758353590965271 484
1615339529820 0.8731527328491211 485
1615339564137 0.866668164730072 486
1615339598392 0.8637926578521729 487
1615339632641 0.8805967569351196 488
1615339666861 0.8916743993759155 489
1615339702602 0.9043740034103394 490
1615339736814 0.8796238899230957 491
1615339771430 0.8514009118080139 492
1615339806195 0.9149713516235352 493
1615339841030 0.8395730257034302 494
1615339875685 0.8800536394119263 495
1615339910180 0.8683822154998779 496
1615339944552 0.8988837003707886 497
1615339979042 0.8720223903656006 498
1615340013385 0.8927011489868164 499
1615340049382 0.870524525642395 500
1615340083749 0.8506399393081665 501
1615340118186 0.8876696825027466 502
1615340152547 0.8955477476119995 503
1615340186784 0.8995014429092407 504
1615340221270 0.877117931842804 505
1615340255623 0.8926922082901001 506
1615340289932 0.857591986656189 507
1615340324143 0.8723757266998291 508
1615340358401 0.8863639235496521 509
1615340394395 0.8801491260528564 510
1615340428773 0.9174190759658813 511
1615340463182 0.8874537348747253 512
1615340497541 0.8928846120834351 513
1615340531891 0.8959835767745972 514
1615340566228 0.874651312828064 515
1615340600585 0.8930644989013672 516
1615340635045 0.9020441770553589 517
1615340669672 0.8771478533744812 518
1615340704663 0.8652700185775757 519
1615340740740 0.8597265481948853 520
1615340775042 0.8514965772628784 521
1615340809462 0.8761045932769775 522
1615340843854 0.8898898363113403 523
1615340878150 0.888371467590332 524
1615340912490 0.8742996454238892 525
1615340947010 0.9134130477905273 526
1615340981182 0.8834527134895325 527
1615341015504 0.8768084645271301 528
1615341049787 0.9074603319168091 529
1615341085730 0.8797106742858887 530
1615341120039 0.8652184009552002 531
1615341154273 0.8729457855224609 532
1615341188450 0.8749299049377441 533
1615341222646 0.8833775520324707 534
1615341256979 0.8741339445114136 535
1615341291577 0.9135609865188599 536
1615341326060 0.8715828061103821 537
1615341360461 0.8867406845092773 538
1615341395176 0.8790178298950195 539
1615341431366 0.908649206161499 540
1615341465615 0.8721421957015991 541
1615341499918 0.8592705726623535 542
1615341534400 0.8860275745391846 543
1615341568796 0.8939255475997925 544
1615341603131 0.8825657367706299 545
1615341637512 0.8923355340957642 546
1615341672145 0.9118714332580566 547
1615341706437 0.8690862059593201 548
1615341740722 0.8648194670677185 549
1615341776516 0.8967887163162231 550
1615341810747 0.8877407312393188 551
1615341845100 0.8891849517822266 552
1615341879593 0.9039499163627625 553
1615341914113 0.8507698774337769 554
1615341948919 0.8788546919822693 555
1615341983687 0.9007643461227417 556
1615342018249 0.8799786567687988 557
1615342052722 0.8788080215454102 558
1615342087301 0.8616794347763062 559
1615342123330 0.9011446237564087 560
1615342157746 0.8758683204650879 561
1615342192079 0.8693796396255493 562
1615342226362 0.8813617825508118 563
1615342260583 0.9241288900375366 564
1615342294933 0.8628890514373779 565
1615342330194 0.8952175974845886 566
1615342364940 0.8854355812072754 567
1615342399653 0.9065629839897156 568
1615342434205 0.8853647708892822 569
1615342470300 0.8855880498886108 570
1615342504677 0.8598310947418213 571
1615342539276 0.8762921094894409 572
1615342573620 0.8753663301467896 573
1615342607968 0.8940178155899048 574
1615342642563 0.8772472739219666 575
1615342676796 0.8839777708053589 576
1615342710955 0.9053564071655273 577
1615342745198 0.9056686162948608 578
1615342779329 0.8903976082801819 579
1615342815177 0.9000368118286133 580
1615342849504 0.9122850894927979 581
1615342883831 0.8580574989318848 582
1615342918786 0.8786967396736145 583
1615342953618 0.887937068939209 584
1615342988231 0.8771653175354004 585
1615343022898 0.8864229321479797 586
1615343057218 0.9129025936126709 587
1615343091663 0.8818659782409668 588
1615343126185 0.8740496635437012 589
1615343162342 0.8975508213043213 590
1615343196982 0.8875796794891357 591
1615343231352 0.8824855089187622 592
1615343265638 0.8736181259155273 593
1615343299965 0.8816008567810059 594
1615343334226 0.8950754404067993 595
1615343368456 0.8895690441131592 596
1615343403068 0.8975472450256348 597
1615343437912 0.880147397518158 598
1615343472786 0.8805422782897949 599
1615343509057 0.8677570223808289 600
1615343543584 0.9119505882263184 601
1615343577917 0.8879084587097168 602
1615343612449 0.8555355072021484 603
1615343646845 0.8756799101829529 604
1615343681305 0.8874586820602417 605
1615343715617 0.8854279518127441 606
1615343750016 0.8878744840621948 607
1615343784640 0.9007890224456787 608
1615343819001 0.8885303735733032 609
1615343854864 0.8882427215576172 610
1615343889126 0.8533810377120972 611
1615343923399 0.885245680809021 612
1615343957697 0.8812706470489502 613
1615343992237 0.8903107643127441 614
1615344026866 0.8722708821296692 615
1615344061816 0.8894280195236206 616
1615344096825 0.8720855712890625 617
1615344131400 0.9057812690734863 618
1615344165781 0.8825269937515259 619
1615344202088 0.8758633136749268 620
1615344236410 0.8971844911575317 621
1615344270729 0.8622883558273315 622
1615344305104 0.8691234588623047 623
1615344339572 0.8909358978271484 624
1615344374234 0.9096077680587769 625
1615344408404 0.899429440498352 626
1615344442739 0.8975000977516174 627
1615344476994 0.885633111000061 628
1615344511183 0.8664510250091553 629
1615344547066 0.883590579032898 630
1615344581300 0.9139431715011597 631
1615344615560 0.869026243686676 632
1615344649800 0.907660961151123 633
1615344684103 0.8950597047805786 634
1615344718499 0.8574477434158325 635
1615344752948 0.8736624717712402 636
1615344787592 0.90221107006073 637
1615344822674 0.8865649700164795 638
1615344857495 0.8903262615203857 639
1615344893615 0.8862138986587524 640
1615344928006 0.8875397443771362 641
1615344962367 0.8772299885749817 642
1615344996693 0.8898664712905884 643
1615345031001 0.8961521983146667 644
1615345065228 0.8937956094741821 645
1615345099626 0.8953313827514648 646
1615345134006 0.8975735902786255 647
1615345168275 0.8744686245918274 648
1615345202921 0.8964583873748779 649
1615345238740 0.9169971346855164 650
1615345272972 0.8822684288024902 651
1615345309644 0.8949546813964844 652
1615345344039 0.8862297534942627 653
1615345378734 0.9054785966873169 654
1615345413188 0.8938684463500977 655
1615345447966 0.8958213329315186 656
1615345482448 0.8882337808609009 657
1615345516911 0.8706095218658447 658
1615345551192 0.8729590177536011 659
1615345587323 0.8839893341064453 660
1615345621698 0.9054566621780396 661
1615345656001 0.8819711208343506 662
1615345690327 0.874585747718811 663
1615345724638 0.8825942277908325 664
1615345759150 0.9020712375640869 665
1615345793696 0.8890601396560669 666
1615345828020 0.894162654876709 667
1615345862318 0.886726975440979 668
1615345896537 0.8775207996368408 669
1615345932775 0.891307532787323 670
1615345967331 0.887701153755188 671
1615346001978 0.854567289352417 672
1615346036591 0.8597419261932373 673
1615346071167 0.880132794380188 674
1615346105808 0.8590327501296997 675
1615346140143 0.8909655809402466 676
1615346174493 0.8799607753753662 677
1615346208864 0.8933418393135071 678
1615346243121 0.8810832500457764 679
1615346279257 0.8919758796691895 680
1615346314216 0.886318564414978 681
1615346348570 0.9071274995803833 682
1615346382785 0.9077759981155396 683
1615346417031 0.884788990020752 684
1615346451379 0.8869162797927856 685
1615346485684 0.8874140977859497 686
1615346520080 0.9237145185470581 687
1615346554539 0.8780378103256226 688
1615346589285 0.8506882190704346 689
1615346625891 0.8899612426757812 690
1615346660433 0.8948732614517212 691
1615346694858 0.9176902770996094 692
1615346729145 0.9032222032546997 693
1615346763451 0.8909389972686768 694
1615346797731 0.8798454403877258 695
1615346832097 0.8964974880218506 696
1615346866600 0.9031872749328613 697
1615346900889 0.8932786583900452 698
1615346935635 0.9072825908660889 699
1615346971647 0.9036949872970581 700
1615347005959 0.8821686506271362 701
1615347040235 0.8881974816322327 702
1615347074504 0.9127405881881714 703
1615347108796 0.8912606239318848 704
1615347143076 0.8701695799827576 705
1615347177368 0.8874144554138184 706
1615347211778 0.8922756910324097 707
1615347246117 0.9041630625724792 708
1615347280782 0.8776017427444458 709
1615347317235 0.9034203290939331 710
1615347351915 0.9009222984313965 711
1615347386534 0.8908400535583496 712
1615347421019 0.901646077632904 713
1615347455416 0.9088598489761353 714
1615347489742 0.8924347162246704 715
1615347524011 0.8733907341957092 716
1615347558411 0.9137892723083496 717
1615347592718 0.9180576205253601 718
1615347627308 0.8900389671325684 719
1615347663545 0.9006141424179077 720
1615347697775 0.884161114692688 721
1615347733776 0.869065523147583 722
1615347768031 0.8834223747253418 723
1615347802317 0.8982372879981995 724
1615347836656 0.8779592514038086 725
1615347870928 0.915278971195221 726
1615347905327 0.92958664894104 727
1615347939669 0.8855542540550232 728
1615347973978 0.9231199026107788 729
1615348010087 0.9189396500587463 730
1615348044931 0.9043532609939575 731
1615348079516 0.9016355276107788 732
1615348113982 0.9089720249176025 733
1615348148352 0.876962423324585 734
1615348182796 0.8899538516998291 735
1615348217229 0.9017529487609863 736
1615348251467 0.9126496315002441 737
1615348285953 0.8929197788238525 738
1615348320239 0.8981775045394897 739
1615348356102 0.8779515027999878 740
1615348390364 0.8699719905853271 741
1615348424901 0.9024717807769775 742
1615348459214 0.9122616052627563 743
1615348493725 0.929039478302002 744
1615348528018 0.8791434168815613 745
1615348562334 0.8959250450134277 746
1615348596569 0.8827100992202759 747
1615348630838 0.8849918842315674 748
1615348665430 0.8850939273834229 749
1615348701691 0.9205450415611267 750
1615348736202 0.8752641081809998 751
1615348770574 0.8891336917877197 752
1615348805127 0.8794125318527222 753
1615348839870 0.8904732465744019 754
1615348874373 0.8937340974807739 755
1615348908918 0.9072787761688232 756
1615348943190 0.8883761167526245 757
1615348977749 0.8782268762588501 758
1615349012432 0.9266032576560974 759
1615349048502 0.8859978914260864 760
1615349082753 0.8728009462356567 761
1615349116949 0.8798648118972778 762
1615349151305 0.8950798511505127 763
1615349185624 0.9044939279556274 764
1615349219947 0.8831522464752197 765
1615349254151 0.8978185653686523 766
1615349288449 0.8984912633895874 767
1615349323077 0.882111668586731 768
1615349357760 0.9020369052886963 769
1615349394904 0.8902953863143921 770
1615349429462 0.8700189590454102 771
1615349463797 0.891294002532959 772
1615349498567 0.9029678106307983 773
1615349532927 0.8964177370071411 774
1615349567332 0.8704357147216797 775
1615349601820 0.9041186571121216 776
1615349636493 0.8948235511779785 777
1615349671366 0.8810127377510071 778
1615349706081 0.8719638586044312 779
1615349742195 0.9058994054794312 780
1615349776941 0.8435109853744507 781
1615349811444 0.9050366878509521 782
1615349845758 0.9182313680648804 783
1615349880105 0.9046926498413086 784
1615349914519 0.9016476273536682 785
1615349948816 0.8724684715270996 786
1615349983206 0.8879731297492981 787
1615350017476 0.9109711647033691 788
1615350052065 0.8881703019142151 789
1615350087950 0.8913826942443848 790
1615350122236 0.8829057216644287 791
1615350156388 0.9096885919570923 792
1615350190725 0.8793368935585022 793
1615350225114 0.9127770066261292 794
1615350259542 0.878265380859375 795
1615350293936 0.8819341659545898 796
1615350328847 0.9001570343971252 797
1615350363333 0.8776519298553467 798
1615350398035 0.914668619632721 799
1615350434100 0.8797349333763123 800
1615350468512 0.8699871301651001 801
1615350502772 0.8867835402488708 802
1615350537041 0.900181770324707 803
1615350571377 0.8831439018249512 804
1615350605693 0.8870506286621094 805
1615350639992 0.8840920329093933 806
1615350674724 0.8923861980438232 807
1615350708994 0.8907194137573242 808
1615350743205 0.8774656057357788 809
1615350779080 0.8976086378097534 810
1615350813245 0.8728623986244202 811
1615350847607 0.8839303255081177 812
1615350881848 0.9159224033355713 813
1615350916159 0.9161365032196045 814
1615350950407 0.8916659355163574 815
1615350984908 0.8726825714111328 816
1615351019558 0.9217789173126221 817
1615351054417 0.8762224912643433 818
1615351089198 0.8830333948135376 819
1615351125513 0.8517569303512573 820
1615351160000 0.9051670432090759 821
1615351194361 0.88190758228302 822
1615351228809 0.8911134004592896 823
1615351263159 0.9013821482658386 824
1615351297432 0.8758506774902344 825
1615351331901 0.8753271698951721 826
1615351366170 0.8833081722259521 827
1615351400732 0.9087148904800415 828
1615351434937 0.900388240814209 829
1615351470813 0.8874058127403259 830
1615351505131 0.8936707973480225 831
1615351539341 0.9005415439605713 832
1615351573566 0.9098082780838013 833
1615351607948 0.8926210403442383 834
1615351642225 0.876814067363739 835
1615351676456 0.9075682163238525 836
1615351710825 0.853861927986145 837
1615351745327 0.9009861946105957 838
1615351780063 0.9048097133636475 839
1615351817048 0.8993656635284424 840
1615351851646 0.8792692422866821 841
1615351886370 0.9068452715873718 842
1615351921114 0.9147585034370422 843
1615351955334 0.907454252243042 844
1615351989591 0.8921371698379517 845
1615352023850 0.8945109844207764 846
1615352058067 0.8988499045372009 847
1615352092352 0.874535322189331 848
1615352126735 0.8682539463043213 849
1615352162863 0.8824489712715149 850
1615352197355 0.9192572832107544 851
1615352231822 0.9314974546432495 852
1615352266282 0.8744488954544067 853
1615352301142 0.8836385011672974 854
1615352335801 0.887541651725769 855
1615352370302 0.8963462710380554 856
1615352404749 0.8822823762893677 857
1615352439068 0.9017376899719238 858
1615352473368 0.9008752107620239 859
1615352509370 0.9006633758544922 860
1615352543683 0.8697366714477539 861
1615352578109 0.8958772420883179 862
1615352612391 0.8886321783065796 863
1615352646631 0.8679417371749878 864
1615352681228 0.8881654739379883 865
1615352715512 0.8740634918212891 866
1615352749771 0.9055672883987427 867
1615352784046 0.8730120658874512 868
1615352818219 0.8790287375450134 869
1615352854073 0.9147382974624634 870
1615352888394 0.8836100101470947 871
1615352922651 0.9084594249725342 872
1615352957000 0.8900302648544312 873
1615352991850 0.9096856117248535 874
1615353026487 0.8962825536727905 875
1615353060972 0.9068719744682312 876
1615353095545 0.8897454738616943 877
1615353129897 0.8629758358001709 878
1615353164446 0.9105122089385986 879
1615353200797 0.9077227115631104 880
1615353235106 0.8852208852767944 881
1615353269499 0.8944305181503296 882
1615353303808 0.8719413876533508 883
1615353338118 0.9106824398040771 884
1615353372514 0.8812222480773926 885
1615353406969 0.8604137897491455 886
1615353441700 0.9167230129241943 887
1615353476008 0.8908871412277222 888
1615353510274 0.8581740856170654 889
1615353546245 0.8901751041412354 890
1615353580501 0.9179267883300781 891
1615353614942 0.8935655951499939 892
1615353649244 0.8952500224113464 893
1615353684103 0.9035866260528564 894
1615353718893 0.9253087043762207 895
1615353753391 0.8630542755126953 896
1615353787965 0.882444441318512 897
1615353822370 0.8973631858825684 898
1615353856814 0.8557005524635315 899
1615353893373 0.9237750768661499 900
1615353927697 0.891231894493103 901
1615353962081 0.9076551198959351 902
1615353996409 0.8960776329040527 903
1615354030731 0.8969807624816895 904
1615354064996 0.8960214257240295 905
1615354099321 0.8812930583953857 906
1615354134772 0.878239095211029 907
1615354169358 0.8766446113586426 908
1615354204088 0.8962646126747131 909
1615354240181 0.9095922708511353 910
1615354274550 0.9100663065910339 911
1615354308801 0.8640317320823669 912
1615354344439 0.89689040184021 913
1615354378747 0.9119068384170532 914
1615354413195 0.8732346296310425 915
1615354447548 0.904747486114502 916
1615354482147 0.8531851768493652 917
1615354516513 0.8909755945205688 918
1615354550835 0.8945682644844055 919
1615354586783 0.8965983986854553 920
1615354621054 0.8939284682273865 921
1615354655254 0.8937061429023743 922
1615354689522 0.8932924270629883 923
1615354723814 0.9150394201278687 924
1615354758064 0.8869550228118896 925
1615354792661 0.9113553762435913 926
1615354827461 0.9063315391540527 927
1615354862148 0.8939448595046997 928
1615354896610 0.9042980074882507 929
1615354932716 0.8654320240020752 930
1615354967488 0.8936572074890137 931
1615355001736 0.9001699090003967 932
1615355036050 0.8976191878318787 933
1615355070392 0.8690828680992126 934
1615355104749 0.8814620971679688 935
1615355139021 0.867459237575531 936
1615355173267 0.8792734146118164 937
1615355207622 0.884196400642395 938
1615355242101 0.9023882746696472 939
1615355278754 0.9033570289611816 940
1615355313201 0.8754067420959473 941
1615355347932 0.8772518634796143 942
1615355382448 0.8705253601074219 943
1615355416935 0.9177500009536743 944
1615355451341 0.901456892490387 945
1615355485701 0.9193164110183716 946
1615355519991 0.8396189212799072 947
1615355554439 0.9064601063728333 948
1615355588864 0.918168306350708 949
1615355625228 0.8842548131942749 950
1615355659613 0.8885590434074402 951
1615355693888 0.9281278252601624 952
1615355728207 0.9009801745414734 953
1615355762459 0.8978608846664429 954
1615355796619 0.8852871656417847 955
1615355830956 0.8966720104217529 956
1615355865482 0.8937651515007019 957
1615355900047 0.8965942859649658 958
1615355934744 0.9055811166763306 959
1615355971160 0.8840421438217163 960
1615356005692 0.88306725025177 961
1615356040327 0.8920384645462036 962
1615356074787 0.8892807960510254 963
1615356109178 0.8935743570327759 964
1615356143994 0.916826605796814 965
1615356178309 0.8802536725997925 966
1615356212658 0.9035455584526062 967
1615356246934 0.9309892654418945 968
1615356281246 0.8890911340713501 969
1615356317234 0.8941934108734131 970
1615356351434 0.9111169576644897 971
1615356385755 0.8854259252548218 972
1615356420032 0.8884674310684204 973
1615356454261 0.9009511470794678 974
1615356488665 0.863775908946991 975
1615356522981 0.9052193760871887 976
1615356557302 0.9056087732315063 977
1615356591611 0.8648718595504761 978
1615356625957 0.9018598794937134 979
1615356661997 0.8473734855651855 980
1615356696558 0.893047034740448 981
1615356731769 0.8845958709716797 982
1615356766242 0.8887406587600708 983
1615356800826 0.9275388121604919 984
1615356835325 0.9048033952713013 985
1615356869616 0.915652871131897 986
1615356903883 0.8913134336471558 987
1615356938534 0.9051564335823059 988
1615356972844 0.8990556001663208 989
1615357008741 0.887438952922821 990
1615357043057 0.8947569727897644 991
1615357077325 0.916054368019104 992
1615357111626 0.8690654635429382 993
1615357145897 0.9185599088668823 994
1615357180182 0.9131175875663757 995
1615357214597 0.9116856455802917 996
1615357249033 0.9299250841140747 997
1615357283561 0.9009652137756348 998
1615357318054 0.8708750605583191 999
1615357354180 0.9234026670455933 1000
1615357388709 0.9162298440933228 1001
1615357423218 0.9196234941482544 1002
1615357457647 0.9108651280403137 1003
1615357492093 0.9010526537895203 1004
1615357526700 0.890584409236908 1005
1615357561035 0.8838286995887756 1006
1615357595363 0.8879514932632446 1007
1615357629923 0.9016624689102173 1008
1615357664165 0.863327145576477 1009
1615357700085 0.8714534044265747 1010
1615357734415 0.9203979969024658 1011
1615357768640 0.8975526690483093 1012
1615357803039 0.8793270587921143 1013
1615357837329 0.8979766368865967 1014
1615357871531 0.8961269855499268 1015
1615357905813 0.8999740481376648 1016
1615357940233 0.8783148527145386 1017
1615357974831 0.9197361469268799 1018
1615358009561 0.9116296768188477 1019
1615358045739 0.9052444696426392 1020
1615358080387 0.8849389553070068 1021
1615358114774 0.863702654838562 1022
1615358149191 0.9132694005966187 1023
1615358183944 0.884240448474884 1024
1615358218322 0.8444820642471313 1025
1615358252984 0.914915919303894 1026
1615358287273 0.8784918785095215 1027
1615358321603 0.8989002704620361 1028
1615358355941 0.9053981900215149 1029
1615358391826 0.8830877542495728 1030
1615358426136 0.8780415058135986 1031
1615358460430 0.8825118541717529 1032
1615358494741 0.9106547236442566 1033
1615358529239 0.9037400484085083 1034
1615358563612 0.9041755795478821 1035
1615358598132 0.9024111032485962 1036
1615358632772 0.901086151599884 1037
1615358667167 0.8814951777458191 1038
1615358701830 0.8976396322250366 1039
1615358738231 0.8755514621734619 1040
1615358772630 0.925910472869873 1041
1615358806960 0.8956512212753296 1042
1615358841484 0.8820313215255737 1043
1615358875849 0.8891018629074097 1044
1615358910173 0.916259765625 1045
1615358944759 0.8814494609832764 1046
1615358979066 0.8753734827041626 1047
1615359013382 0.9051281213760376 1048
1615359047721 0.8964931964874268 1049
1615359083570 0.9045636653900146 1050
1615359117828 0.8779062032699585 1051
1615359155312 0.8576671481132507 1052
1615359189757 0.9020181894302368 1053
1615359224339 0.8949779272079468 1054
1615359258820 0.896373987197876 1055
1615359293322 0.915357232093811 1056
1615359327694 0.9120270013809204 1057
1615359362290 0.8655409812927246 1058
1615359396703 0.8592761754989624 1059
1615359432702 0.8959372639656067 1060
1615359467087 0.8920357823371887 1061
1615359501687 0.8859601616859436 1062
1615359536244 0.8767651319503784 1063
1615359570539 0.864783763885498 1064
1615359604922 0.8829407691955566 1065
1615359639280 0.9036076068878174 1066
1615359673621 0.8821830749511719 1067
1615359707929 0.8879116773605347 1068
1615359742890 0.9048312902450562 1069
1615359779649 0.8763534426689148 1070
1615359814317 0.8857275247573853 1071
1615359848818 0.8677147626876831 1072
1615359883226 0.8942620754241943 1073
1615359917557 0.8921328783035278 1074
1615359951950 0.9081013202667236 1075
1615359986523 0.8906195163726807 1076
1615360020829 0.8803505897521973 1077
1615360055405 0.9012327790260315 1078
1615360089658 0.9041988253593445 1079
1615360125567 0.8704832792282104 1080
1615360159839 0.8664557933807373 1081
1615360194118 0.8714250326156616 1082
1615360228453 0.863213300704956 1083
1615360262687 0.8851466178894043 1084
1615360296995 0.8775995969772339 1085
1615360331320 0.9025102853775024 1086
1615360365601 0.8970686197280884 1087
1615360399942 0.895738959312439 1088
1615360434406 0.903002142906189 1089
1615360470546 0.8947607278823853 1090
1615360505388 0.904082179069519 1091
1615360540035 0.8940092921257019 1092
1615360574592 0.9007135033607483 1093
1615360609089 0.8712697625160217 1094
1615360643477 0.9024264812469482 1095
1615360677946 0.9102887511253357 1096
1615360712304 0.8785256147384644 1097
1615360746712 0.8803942799568176 1098
1615360781202 0.9170812368392944 1099
1615360817480 0.9124153852462769 1100
1615360851921 0.9079923033714294 1101
1615360886373 0.8822208642959595 1102
1615360920749 0.9170225858688354 1103
1615360955062 0.8980963230133057 1104
1615360989472 0.8775860071182251 1105
1615361023793 0.9022805690765381 1106
1615361058150 0.8858201503753662 1107
1615361092495 0.9096391201019287 1108
1615361126865 0.9095756411552429 1109
1615361163012 0.9223572611808777 1110
1615361197661 0.8908657431602478 1111
1615361232425 0.8879369497299194 1112
1615361267013 0.8933902382850647 1113
1615361301457 0.9144027829170227 1114
1615361335937 0.8949214816093445 1115
1615361370264 0.9141818284988403 1116
1615361404643 0.9028258323669434 1117
1615361439037 0.9077744483947754 1118
1615361473331 0.8735779523849487 1119
1615361510422 0.901898980140686 1120
1615361544706 0.8984606266021729 1121
1615361579030 0.8835344314575195 1122
1615361613282 0.8864487409591675 1123
1615361647804 0.8915339112281799 1124
1615361682236 0.8980097770690918 1125
1615361716454 0.8947707414627075 1126
1615361750778 0.9113690257072449 1127
1615361785224 0.905310332775116 1128
1615361819678 0.899267852306366 1129
1615361856079 0.9114978313446045 1130
1615361890974 0.8806396722793579 1131
1615361925568 0.9237896203994751 1132
1615361960024 0.8994150757789612 1133
1615361994634 0.8939497470855713 1134
1615362029173 0.8927299976348877 1135
1615362063615 0.9216209650039673 1136
1615362097989 0.9109271764755249 1137
1615362132350 0.8905150294303894 1138
1615362166683 0.8803595304489136 1139
1615362202882 0.8960601091384888 1140
1615362237267 0.8836674690246582 1141
1615362272053 0.8907128572463989 1142
1615362306416 0.9055600166320801 1143
1615362340703 0.8897124528884888 1144
1615362375032 0.9128131866455078 1145
1615362409351 0.8989608883857727 1146
1615362443694 0.9331621527671814 1147
1615362478050 0.8945738077163696 1148
1615362512400 0.8909285068511963 1149
1615362548290 0.8921201825141907 1150
1615362582583 0.8920024633407593 1151
1615362616929 0.8877475261688232 1152
1615362651336 0.876213550567627 1153
1615362685755 0.8757733702659607 1154
1615362720345 0.8866462111473083 1155
1615362755407 0.9126991033554077 1156
1615362790153 0.9023023843765259 1157
1615362824544 0.8977034091949463 1158
1615362858959 0.8697900176048279 1159
1615362895322 0.8850609064102173 1160
1615362929655 0.8923839330673218 1161
1615362964065 0.9329437017440796 1162
1615362998566 0.9117390513420105 1163
1615363032866 0.9014114141464233 1164
1615363067187 0.8837991952896118 1165
1615363101438 0.8937285542488098 1166
1615363135787 0.887829065322876 1167
1615363170193 0.8895537853240967 1168
1615363204668 0.9101623892784119 1169
1615363240604 0.9006472826004028 1170
1615363274927 0.8983550071716309 1171
1615363309207 0.8956763744354248 1172
1615363343559 0.8716146945953369 1173
1615363377832 0.8948755264282227 1174
1615363412256 0.8775017261505127 1175
1615363446540 0.9125321507453918 1176
1615363480899 0.9205830097198486 1177
1615363516023 0.8657155632972717 1178
1615363550723 0.8979393243789673 1179
1615363587385 0.884537935256958 1180
1615363622039 0.9316183924674988 1181
1615363656469 0.8848981261253357 1182
1615363690868 0.8856269121170044 1183
1615363725300 0.8925161361694336 1184
1615363759735 0.8934349417686462 1185
1615363794143 0.8873915076255798 1186
1615363828560 0.8921210765838623 1187
1615363863240 0.8869369029998779 1188
1615363897447 0.9203565120697021 1189
1615363933330 0.8869101405143738 1190
1615363967727 0.9049414396286011 1191
1615364002084 0.920824408531189 1192
1615364036585 0.8757244348526001 1193
1615364071235 0.8975642919540405 1194
1615364105723 0.8995680809020996 1195
1615364140293 0.8954683542251587 1196
1615364174775 0.9083395600318909 1197
1615364209350 0.9027879238128662 1198
1615364243783 0.905187726020813 1199
1615364279692 0.8787246346473694 1200
1615364304830 0.91352379322052 0
1615364304842 0.91352379322052 0
