1615322806053 0.17967131733894348 1
1615322840314 0.2310566008090973 2
1615322874577 0.2619112432003021 3
1615322908928 0.281427800655365 4
1615322943132 0.27718329429626465 5
1615322977346 0.28332069516181946 6
1615323011478 0.2837924361228943 7
1615323045807 0.3066467046737671 8
1615323079976 0.30218738317489624 9
1615323116227 0.296195387840271 10
1615323150597 0.3365316390991211 11
1615323184872 0.30110248923301697 12
1615323219266 0.29184576869010925 13
1615323253903 0.3069327473640442 14
1615323288300 0.3057888150215149 15
1615323322690 0.3107995390892029 16
1615323357124 0.3461039662361145 17
1615323391269 0.34412142634391785 18
1615323425561 0.31573787331581116 19
1615323461639 0.3253788352012634 20
1615323495979 0.3326026201248169 21
1615323530250 0.3282839357852936 22
1615323564885 0.370473176240921 23
1615323599164 0.36974161863327026 24
1615323633330 0.34084606170654297 25
1615323667595 0.384204626083374 26
1615323701782 0.3540515899658203 27
1615323735936 0.36327311396598816 28
1615323770107 0.3384908437728882 29
1615323806001 0.33749857544898987 30
1615323840365 0.3833048939704895 31
1615323874684 0.34219545125961304 32
1615323909010 0.3797200918197632 33
1615323943349 0.3210727870464325 34
1615323977869 0.3802579641342163 35
1615324012408 0.3841966390609741 36
1615324046854 0.39329978823661804 37
1615324081415 0.40243327617645264 38
1615324115708 0.37685662508010864 39
1615324151915 0.3850712776184082 40
1615324186398 0.37245193123817444 41
1615324220796 0.3425633907318115 42
1615324255067 0.3604227900505066 43
1615324289791 0.3610544800758362 44
1615324323997 0.3606182932853699 45
1615324358205 0.34493571519851685 46
1615324392447 0.3925865888595581 47
1615324426683 0.4267871081829071 48
1615324460982 0.4066869020462036 49
1615324496942 0.40253758430480957 50
1615324531237 0.3972715735435486 51
1615324565485 0.33242863416671753 52
1615324599742 0.35378730297088623 53
1615324634080 0.3576727509498596 54
1615324668977 0.3371022343635559 55
1615324703950 0.36373576521873474 56
1615324738481 0.3606260418891907 57
1615324772807 0.3716197907924652 58
1615324807092 0.39321017265319824 59
1615324843423 0.399764746427536 60
1615324877699 0.3775809705257416 61
1615324912138 0.3737199604511261 62
1615324946497 0.37745821475982666 63
1615324980795 0.3325200378894806 64
1615325015013 0.3743322491645813 65
1615325049521 0.4204738140106201 66
1615325083707 0.4089261591434479 67
1615325117938 0.4147491157054901 68
1615325152137 0.3806923031806946 69
1615325188035 0.39052343368530273 70
1615325222328 0.38053596019744873 71
1615325256576 0.33824795484542847 72
1615325290908 0.3867231011390686 73
1615325325490 0.3980844020843506 74
1615325360027 0.397916316986084 75
1615325394624 0.41673338413238525 76
1615325429475 0.43881309032440186 77
1615325464037 0.4425719380378723 78
1615325498419 0.3985034227371216 79
1615325534290 0.37626615166664124 80
1615325568519 0.3973044157028198 81
1615325602840 0.4313591718673706 82
1615325637256 0.4030047655105591 83
1615325671647 0.4496680796146393 84
1615325706016 0.4293813109397888 85
1615325740364 0.4337341785430908 86
1615325774572 0.44494450092315674 87
1615325809226 0.46306276321411133 88
1615325843606 0.43020695447921753 89
1615325879400 0.4116806983947754 90
1615325913673 0.4446508586406708 91
1615325947922 0.3902047276496887 92
1615325982193 0.4381936192512512 93
1615326016489 0.4624507427215576 94
1615326050740 0.45292001962661743 95
1615326085039 0.39665687084198 96
1615326119275 0.4080278277397156 97
1615326153631 0.3620460033416748 98
1615326188089 0.4057200253009796 99
1615326224432 0.40532752871513367 100
1615326259041 0.4261280298233032 101
1615326293501 0.40581536293029785 102
1615326327992 0.43770331144332886 103
1615326362314 0.45943570137023926 104
1615326396623 0.3948853015899658 105
1615326430952 0.37425243854522705 106
1615326465389 0.41780588030815125 107
1615326499615 0.4173915982246399 108
1615326533945 0.4371207356452942 109
1615326570201 0.41029706597328186 110
1615326604415 0.4519904851913452 111
1615326638775 0.4373680353164673 112
1615326672977 0.4122519791126251 113
1615326707248 0.4057670533657074 114
1615326741880 0.42365068197250366 115
1615326776192 0.3977399468421936 116
1615326810449 0.41632580757141113 117
1615326844677 0.34610819816589355 118
1615326878942 0.44241756200790405 119
1615326914940 0.4198276996612549 120
1615326949215 0.44668906927108765 121
1615326983384 0.4349345564842224 122
1615327017614 0.3913520872592926 123
1615327052042 0.4008181393146515 124
1615327086682 0.43305647373199463 125
1615327121159 0.4497677683830261 126
1615327155724 0.4492621421813965 127
1615327190407 0.4646936357021332 128
1615327224917 0.44276684522628784 129
1615327261432 0.47135260701179504 130
1615327295882 0.43806004524230957 131
1615327330116 0.4413928687572479 132
1615327364409 0.4514467716217041 133
1615327398687 0.4169585704803467 134
1615327432898 0.5035297274589539 135
1615327467176 0.4987921714782715 136
1615327501494 0.4562605619430542 137
1615327535789 0.4003191590309143 138
1615327570013 0.42963820695877075 139
1615327605883 0.41599124670028687 140
1615327640407 0.4086863398551941 141
1615327674649 0.44744908809661865 142
1615327708904 0.48199766874313354 143
1615327743175 0.44923943281173706 144
1615327777479 0.4930500090122223 145
1615327811685 0.46496596932411194 146
1615327845919 0.41822096705436707 147
1615327880163 0.4341742992401123 148
1615327914526 0.4552523195743561 149
1615327950699 0.4558708071708679 150
1615327985202 0.4694117605686188 151
1615328019832 0.46279799938201904 152
1615328054330 0.486141562461853 153
1615328089015 0.5583845376968384 154
1615328123563 0.4800204336643219 155
1615328157961 0.48905283212661743 156
1615328192282 0.49920159578323364 157
1615328226701 0.47747790813446045 158
1615328260980 0.5204748511314392 159
1615328297580 0.5033199787139893 160
1615328331861 0.40635520219802856 161
1615328366121 0.45174622535705566 162
1615328400406 0.47446101903915405 163
1615328434687 0.504159688949585 164
1615328468898 0.45090028643608093 165
1615328503132 0.4295966625213623 166
1615328537372 0.4848061203956604 167
1615328571540 0.48319900035858154 168
1615328605856 0.5286242961883545 169
1615328641794 0.4771212041378021 170
1615328676529 0.4388843774795532 171
1615328711149 0.5059784650802612 172
1615328745971 0.47244948148727417 173
1615328780804 0.445577472448349 174
1615328815211 0.4675179719924927 175
1615328849476 0.45150476694107056 176
1615328883887 0.40980762243270874 177
1615328918233 0.4596881568431854 178
1615328952640 0.43941110372543335 179
1615328989210 0.5340515375137329 180
1615329023675 0.4801519215106964 181
1615329058000 0.4545176029205322 182
1615329092288 0.4181008040904999 183
1615329126517 0.49455690383911133 184
1615329160766 0.47441941499710083 185
1615329194996 0.4766024351119995 186
1615329229163 0.43734729290008545 187
1615329263388 0.43211549520492554 188
1615329297881 0.4637787938117981 189
1615329333763 0.45155617594718933 190
1615329368117 0.5483159422874451 191
1615329402574 0.4464661478996277 192
1615329436922 0.4126502275466919 193
1615329471672 0.42050617933273315 194
1615329506285 0.4914014935493469 195
1615329540780 0.42344534397125244 196
1615329575103 0.4692091643810272 197
1615329609615 0.49573493003845215 198
1615329644177 0.4778733253479004 199
1615329680138 0.439411461353302 200
1615329714362 0.4348137676715851 201
1615329748847 0.4251638650894165 202
1615329783170 0.45383626222610474 203
1615329817440 0.4769076406955719 204
1615329851682 0.5009168386459351 205
1615329885916 0.5040623545646667 206
1615329920205 0.5253533124923706 207
1615329954419 0.5093820095062256 208
1615329988647 0.5243439674377441 209
1615330024495 0.4234773516654968 210
1615330058894 0.495577871799469 211
1615330093607 0.48326441645622253 212
1615330128146 0.40962928533554077 213
1615330162702 0.44036149978637695 214
1615330197463 0.49660724401474 215
1615330231886 0.44728922843933105 216
1615330266335 0.4853570759296417 217
1615330300655 0.47273093461990356 218
1615330335076 0.4706994891166687 219
1615330371238 0.4593234658241272 220
1615330405491 0.4600897431373596 221
1615330440133 0.45532000064849854 222
1615330474411 0.4983254075050354 223
1615330508606 0.5057086944580078 224
1615330542840 0.4524080753326416 225
1615330577122 0.4735768437385559 226
1615330611355 0.45357489585876465 227
1615330645584 0.4923514127731323 228
1615330679974 0.536801815032959 229
1615330715868 0.5037752389907837 230
1615330750215 0.5420252084732056 231
1615330784523 0.5035295486450195 232
1615330818932 0.4590405821800232 233
1615330853602 0.4886353015899658 234
1615330888324 0.47740280628204346 235
1615330923451 0.48679715394973755 236
1615330957847 0.5052886605262756 237
1615330992161 0.4726656675338745 238
1615331026447 0.5508345365524292 239
1615331063108 0.47948646545410156 240
1615331097319 0.45375630259513855 241
1615331131643 0.4867469072341919 242
1615331165936 0.5056041479110718 243
1615331200561 0.5232131481170654 244
1615331234815 0.49851658940315247 245
1615331269093 0.5017603635787964 246
1615331303384 0.43998003005981445 247
1615331337657 0.479442834854126 248
1615331371823 0.4683057963848114 249
1615331407799 0.4959135353565216 250
1615331441946 0.5390065312385559 251
1615331476133 0.4821038544178009 252
1615331510597 0.4246886968612671 253
1615331545404 0.48534727096557617 254
1615331579773 0.5072623491287231 255
1615331614324 0.4804924726486206 256
1615331648919 0.5684105157852173 257
1615331683335 0.5132864117622375 258
1615331717732 0.4697744846343994 259
1615331753986 0.46346548199653625 260
1615331788373 0.5286515355110168 261
1615331823296 0.529565691947937 262
1615331857579 0.4953416585922241 263
1615331891826 0.4481663703918457 264
1615331926022 0.5017927885055542 265
1615331960305 0.4737666845321655 266
1615331994573 0.5023476481437683 267
1615332028800 0.4706791639328003 268
1615332063231 0.5122185349464417 269
1615332099655 0.5036885142326355 270
1615332134409 0.5364665389060974 271
1615332168856 0.4923800230026245 272
1615332203292 0.48924022912979126 273
1615332237817 0.4876343607902527 274
1615332272359 0.49688535928726196 275
1615332306723 0.4254637658596039 276
1615332341066 0.5583707094192505 277
1615332375370 0.4775274395942688 278
1615332409716 0.5514910221099854 279
1615332445681 0.548675537109375 280
1615332480376 0.5072086453437805 281
1615332514631 0.5231835842132568 282
1615332548957 0.4909426271915436 283
1615332583111 0.506965160369873 284
1615332617767 0.43109700083732605 285
1615332652100 0.5233080387115479 286
1615332686334 0.48757344484329224 287
1615332720503 0.4658644199371338 288
1615332754748 0.5095516443252563 289
1615332790696 0.48182976245880127 290
1615332825154 0.512637734413147 291
1615332859837 0.5035737752914429 292
1615332894734 0.5291696786880493 293
1615332929251 0.49221333861351013 294
1615332963761 0.49486660957336426 295
1615332998324 0.4856629967689514 296
1615333032741 0.523649275302887 297
1615333067105 0.5016223788261414 298
1615333101422 0.5360127687454224 299
1615333137558 0.5243855714797974 300
1615333171968 0.44628047943115234 301
1615333206627 0.49957966804504395 302
1615333240889 0.5628937482833862 303
1615333275294 0.5553967952728271 304
1615333309673 0.478209912776947 305
1615333343973 0.46852606534957886 306
1615333378320 0.5119792222976685 307
1615333412553 0.6312885284423828 308
1615333446761 0.5767147541046143 309
1615333482519 0.43958839774131775 310
1615333516672 0.4735681712627411 311
1615333551112 0.5034393668174744 312
1615333585596 0.4895687401294708 313
1615333620615 0.5667545795440674 314
1615333655291 0.48236650228500366 315
1615333689742 0.5239797830581665 316
1615333724022 0.5226593017578125 317
1615333758399 0.4979100823402405 318
1615333792656 0.5109875798225403 319
1615333828904 0.5216424465179443 320
1615333863290 0.5195978879928589 321
1615333897531 0.5098342299461365 322
1615333931851 0.4496091306209564 323
1615333966228 0.5481440424919128 324
1615334000518 0.48185840249061584 325
1615334035015 0.4970829486846924 326
1615334069291 0.5150285363197327 327
1615334103598 0.5513486862182617 328
1615334137951 0.5541269779205322 329
1615334173740 0.46948614716529846 330
1615334208003 0.4702678620815277 331
1615334242441 0.49857985973358154 332
1615334276821 0.5713187456130981 333
1615334311198 0.505874752998352 334
1615334345682 0.5093633532524109 335
1615334380161 0.4780193567276001 336
1615334414629 0.5419435501098633 337
1615334449160 0.4589291214942932 338
1615334483894 0.5557799339294434 339
1615334520523 0.5476515293121338 340
1615334554976 0.5099537372589111 341
1615334589207 0.5417113900184631 342
1615334623594 0.48500633239746094 343
1615334658071 0.5175915360450745 344
1615334692245 0.48401883244514465 345
1615334726498 0.4553995132446289 346
1615334760793 0.425718754529953 347
1615334795130 0.5042107105255127 348
1615334829397 0.5575693845748901 349
1615334865392 0.5852999091148376 350
1615334899665 0.5481350421905518 351
1615334933923 0.5402774810791016 352
1615334968225 0.5471055507659912 353
1615335002522 0.5756867527961731 354
1615335036683 0.5472118854522705 355
1615335071252 0.5100310444831848 356
1615335106168 0.5493035316467285 357
1615335140688 0.5896314382553101 358
1615335175503 0.44973915815353394 359
1615335212043 0.5173543691635132 360
1615335246434 0.5688334703445435 361
1615335280780 0.5923678278923035 362
1615335315367 0.5396125912666321 363
1615335349635 0.4993862211704254 364
1615335384215 0.5227712988853455 365
1615335418525 0.5119673013687134 366
1615335452779 0.5317498445510864 367
1615335487061 0.5584128499031067 368
1615335521372 0.5025831460952759 369
1615335557131 0.5071451663970947 370
1615335591350 0.5990492105484009 371
1615335625637 0.5790305137634277 372
1615335659911 0.526011049747467 373
1615335694185 0.5419442653656006 374
1615335728446 0.5372660756111145 375
1615335762800 0.4911900758743286 376
1615335797195 0.43883973360061646 377
1615335831766 0.4704166650772095 378
1615335866215 0.4983302056789398 379
1615335902404 0.4772118628025055 380
1615335936962 0.5149384140968323 381
1615335971666 0.5295498371124268 382
1615336005901 0.48706644773483276 383
1615336040297 0.5494110584259033 384
1615336074662 0.5424878001213074 385
1615336108923 0.5491567850112915 386
1615336143380 0.502892017364502 387
1615336177732 0.5207871198654175 388
1615336212266 0.5200753211975098 389
1615336248372 0.5041245222091675 390
1615336282932 0.486900269985199 391
1615336317230 0.5030810832977295 392
1615336351498 0.5494029521942139 393
1615336385730 0.4909461736679077 394
1615336419949 0.6268827319145203 395
1615336454329 0.5117636919021606 396
1615336488800 0.5562523603439331 397
1615336523222 0.5649012923240662 398
1615336557539 0.5158799886703491 399
1615336593583 0.5462009906768799 400
1615336628124 0.5115193128585815 401
1615336662698 0.5381759405136108 402
1615336697151 0.4714958667755127 403
1615336731589 0.5710593461990356 404
1615336765950 0.5390400886535645 405
1615336800172 0.5511521697044373 406
1615336834411 0.46194595098495483 407
1615336868590 0.5588192939758301 408
1615336902916 0.49407488107681274 409
1615336938935 0.5213154554367065 410
1615336973129 0.529495358467102 411
1615337007776 0.568993330001831 412
1615337042069 0.5698984861373901 413
1615337076297 0.5028578042984009 414
1615337110594 0.47216254472732544 415
1615337144814 0.5428166389465332 416
1615337179122 0.5158511400222778 417
1615337213545 0.5544741749763489 418
1615337248018 0.5459761619567871 419
1615337284303 0.5664938688278198 420
1615337318830 0.5457756519317627 421
1615337353346 0.527826189994812 422
1615337387789 0.4955866038799286 423
1615337422159 0.5268650650978088 424
1615337456819 0.5835592746734619 425
1615337491536 0.5134509205818176 426
1615337525958 0.565920352935791 427
1615337560072 0.5229250192642212 428
1615337594404 0.4491817355155945 429
1615337630291 0.5003602504730225 430
1615337664552 0.5550526976585388 431
1615337698811 0.5192225575447083 432
1615337733118 0.4993090033531189 433
1615337767686 0.5466824769973755 434
1615337802204 0.4392467141151428 435
1615337837189 0.5318553447723389 436
1615337871751 0.5222457051277161 437
1615337906139 0.5345996618270874 438
1615337940599 0.4832945466041565 439
1615337976870 0.6089121103286743 440
1615338011221 0.5551446676254272 441
1615338045486 0.48069071769714355 442
1615338080245 0.551720380783081 443
1615338114577 0.5927407741546631 444
1615338149018 0.5239694118499756 445
1615338183219 0.5178620219230652 446
1615338217454 0.4893805980682373 447
1615338251707 0.539564847946167 448
1615338286006 0.5538110136985779 449
1615338322105 0.5945862531661987 450
1615338356533 0.559512197971344 451
1615338391249 0.5223236083984375 452
1615338425661 0.5289232134819031 453
1615338460340 0.5143009424209595 454
1615338494620 0.5955915451049805 455
1615338528908 0.498963862657547 456
1615338563418 0.4858331084251404 457
1615338597678 0.46145111322402954 458
1615338631929 0.5473345518112183 459
1615338668012 0.5669127702713013 460
1615338702562 0.5588830709457397 461
1615338736943 0.561306893825531 462
1615338771213 0.5273350477218628 463
1615338805514 0.5454895496368408 464
1615338839681 0.5459785461425781 465
1615338873918 0.5112781524658203 466
1615338908156 0.49170804023742676 467
1615338942376 0.5200545191764832 468
1615338976664 0.5364909172058105 469
1615339012422 0.4997844696044922 470
1615339046740 0.4933587312698364 471
1615339081255 0.5372240543365479 472
1615339115667 0.5320018529891968 473
1615339150053 0.5146849751472473 474
1615339184544 0.5665626525878906 475
1615339219181 0.5143156051635742 476
1615339253605 0.5270520448684692 477
1615339287894 0.5355435609817505 478
1615339322187 0.624290943145752 479
1615339358183 0.583908200263977 480
1615339392457 0.5368680953979492 481
1615339427146 0.5756570100784302 482
1615339461380 0.5462902784347534 483
1615339495618 0.5412797927856445 484
1615339529820 0.5164597034454346 485
1615339564137 0.5077770948410034 486
1615339598392 0.5188913941383362 487
1615339632641 0.541852593421936 488
1615339666861 0.5819948315620422 489
1615339702602 0.6031640768051147 490
1615339736814 0.5329420566558838 491
1615339771430 0.5157170295715332 492
1615339806195 0.6382948160171509 493
1615339841030 0.48301202058792114 494
1615339875685 0.5246108770370483 495
1615339910180 0.5199304819107056 496
1615339944552 0.5920370221138 497
1615339979042 0.5416887998580933 498
1615340013385 0.5911903381347656 499
1615340049382 0.52608323097229 500
1615340083749 0.4942035973072052 501
1615340118186 0.584558367729187 502
1615340152547 0.5845770239830017 503
1615340186784 0.597374677658081 504
1615340221270 0.5384234189987183 505
1615340255623 0.5663924813270569 506
1615340289932 0.49116671085357666 507
1615340324143 0.518976092338562 508
1615340358401 0.5713900327682495 509
1615340394395 0.5415641069412231 510
1615340428773 0.6371219158172607 511
1615340463182 0.5490074157714844 512
1615340497541 0.5842304229736328 513
1615340531891 0.5935704708099365 514
1615340566228 0.5323749780654907 515
1615340600585 0.5943518280982971 516
1615340635045 0.6040128469467163 517
1615340669672 0.5245165228843689 518
1615340704663 0.5099577307701111 519
1615340740740 0.5041677951812744 520
1615340775042 0.49179595708847046 521
1615340809462 0.5394792556762695 522
1615340843854 0.5703697800636292 523
1615340878150 0.5740830898284912 524
1615340912490 0.5291759967803955 525
1615340947010 0.6228345632553101 526
1615340981182 0.5440324544906616 527
1615341015504 0.5438779592514038 528
1615341049787 0.630441427230835 529
1615341085730 0.5450702905654907 530
1615341120039 0.5048139691352844 531
1615341154273 0.5266895294189453 532
1615341188450 0.5569075345993042 533
1615341222646 0.5612561702728271 534
1615341256979 0.5302138328552246 535
1615341291577 0.6352839469909668 536
1615341326060 0.54042649269104 537
1615341360461 0.5633652210235596 538
1615341395176 0.5560424327850342 539
1615341431366 0.6386671662330627 540
1615341465615 0.5173435211181641 541
1615341499918 0.5201238393783569 542
1615341534400 0.5510167479515076 543
1615341568796 0.5858153104782104 544
1615341603131 0.5514906644821167 545
1615341637512 0.5748058557510376 546
1615341672145 0.6194531321525574 547
1615341706437 0.5191080570220947 548
1615341740722 0.5257719159126282 549
1615341776516 0.5708889365196228 550
1615341810747 0.5699574947357178 551
1615341845100 0.5710055828094482 552
1615341879593 0.615512490272522 553
1615341914113 0.48354464769363403 554
1615341948919 0.5456784963607788 555
1615341983687 0.5924128293991089 556
1615342018249 0.5468525886535645 557
1615342052722 0.5264227390289307 558
1615342087301 0.5029321312904358 559
1615342123330 0.6129459142684937 560
1615342157746 0.5433543920516968 561
1615342192079 0.5250149965286255 562
1615342226362 0.5433635115623474 563
1615342260583 0.657368540763855 564
1615342294933 0.5078017711639404 565
1615342330194 0.5835628509521484 566
1615342364940 0.5535674095153809 567
1615342399653 0.6047979593276978 568
1615342434205 0.5743246078491211 569
1615342470300 0.5640820264816284 570
1615342504677 0.5125911831855774 571
1615342539276 0.5513537526130676 572
1615342573620 0.5419834852218628 573
1615342607968 0.5886108875274658 574
1615342642563 0.5381931662559509 575
1615342676796 0.549117922782898 576
1615342710955 0.6237429976463318 577
1615342745198 0.6153742074966431 578
1615342779329 0.5685459971427917 579
1615342815177 0.579626202583313 580
1615342849504 0.6323639154434204 581
1615342883831 0.513629674911499 582
1615342918786 0.5508127212524414 583
1615342953618 0.5720357894897461 584
1615342988231 0.5327317714691162 585
1615343022898 0.5711190700531006 586
1615343057218 0.634452223777771 587
1615343091663 0.5718597173690796 588
1615343126185 0.5604857802391052 589
1615343162342 0.590441107749939 590
1615343196982 0.595162034034729 591
1615343231352 0.5704717040061951 592
1615343265638 0.5305840969085693 593
1615343299965 0.5574589967727661 594
1615343334226 0.581379771232605 595
1615343368456 0.576533317565918 596
1615343403068 0.6127630472183228 597
1615343437912 0.5495080351829529 598
1615343472786 0.5582014918327332 599
1615343509057 0.522942304611206 600
1615343543584 0.6332074403762817 601
1615343577917 0.5618044137954712 602
1615343612449 0.4998593330383301 603
1615343646845 0.552756667137146 604
1615343681305 0.5533236265182495 605
1615343715617 0.5783469676971436 606
1615343750016 0.5612059831619263 607
1615343784640 0.5926223993301392 608
1615343819001 0.5675261616706848 609
1615343854864 0.5705710649490356 610
1615343889126 0.5047092437744141 611
1615343923399 0.5682488679885864 612
1615343957697 0.5676940679550171 613
1615343992237 0.5865032076835632 614
1615344026866 0.5531729459762573 615
1615344061816 0.5636508464813232 616
1615344096825 0.52962327003479 617
1615344131400 0.6109570860862732 618
1615344165781 0.546412467956543 619
1615344202088 0.5287920236587524 620
1615344236410 0.6000991463661194 621
1615344270729 0.5045234560966492 622
1615344305104 0.5452272891998291 623
1615344339572 0.5607343912124634 624
1615344374234 0.6261043548583984 625
1615344408404 0.6275409460067749 626
1615344442739 0.6044955849647522 627
1615344476994 0.5641063451766968 628
1615344511183 0.5295602083206177 629
1615344547066 0.5501667261123657 630
1615344581300 0.6385341882705688 631
1615344615560 0.5317995548248291 632
1615344649800 0.6304309368133545 633
1615344684103 0.5677193403244019 634
1615344718499 0.5055209398269653 635
1615344752948 0.5287262201309204 636
1615344787592 0.6097346544265747 637
1615344822674 0.5796865224838257 638
1615344857495 0.5738042593002319 639
1615344893615 0.571743369102478 640
1615344928006 0.5695573091506958 641
1615344962367 0.549152135848999 642
1615344996693 0.5626900792121887 643
1615345031001 0.5833797454833984 644
1615345065228 0.5864603519439697 645
1615345099626 0.5890130996704102 646
1615345134006 0.5842933654785156 647
1615345168275 0.5395787954330444 648
1615345202921 0.595497727394104 649
1615345238740 0.6399272680282593 650
1615345272972 0.5512537956237793 651
1615345309644 0.5883036255836487 652
1615345344039 0.5760530233383179 653
1615345378734 0.6144089698791504 654
1615345413188 0.5707709789276123 655
1615345447966 0.5846191644668579 656
1615345482448 0.5890020728111267 657
1615345516911 0.5095187425613403 658
1615345551192 0.5380146503448486 659
1615345587323 0.5519765615463257 660
1615345621698 0.6173356771469116 661
1615345656001 0.5448057651519775 662
1615345690327 0.5500665307044983 663
1615345724638 0.6021143198013306 664
1615345759150 0.6029471158981323 665
1615345793696 0.5708909034729004 666
1615345828020 0.5926604866981506 667
1615345862318 0.5477942228317261 668
1615345896537 0.5505653023719788 669
1615345932775 0.5824775695800781 670
1615345967331 0.5575193166732788 671
1615346001978 0.4882994294166565 672
1615346036591 0.4977860450744629 673
1615346071167 0.54709792137146 674
1615346105808 0.5071070194244385 675
1615346140143 0.5566956996917725 676
1615346174493 0.5525671243667603 677
1615346208864 0.5638195276260376 678
1615346243121 0.5670915246009827 679
1615346279257 0.5955237150192261 680
1615346314216 0.5657715201377869 681
1615346348570 0.6039251089096069 682
1615346382785 0.6135660409927368 683
1615346417031 0.5463083982467651 684
1615346451379 0.579688310623169 685
1615346485684 0.5930635929107666 686
1615346520080 0.6573033332824707 687
1615346554539 0.5419946312904358 688
1615346589285 0.48637089133262634 689
1615346625891 0.5830937027931213 690
1615346660433 0.6019047498703003 691
1615346694858 0.6678793430328369 692
1615346729145 0.6098480820655823 693
1615346763451 0.5727485418319702 694
1615346797731 0.5627608299255371 695
1615346832097 0.5875815153121948 696
1615346866600 0.6289461255073547 697
1615346900889 0.5999943017959595 698
1615346935635 0.6312563419342041 699
1615346971647 0.6048760414123535 700
1615347005959 0.5475503206253052 701
1615347040235 0.5833243131637573 702
1615347074504 0.6227640509605408 703
1615347108796 0.576248288154602 704
1615347143076 0.5485793352127075 705
1615347177368 0.55179363489151 706
1615347211778 0.591201663017273 707
1615347246117 0.6092692613601685 708
1615347280782 0.5666569471359253 709
1615347317235 0.5969289541244507 710
1615347351915 0.5902233123779297 711
1615347386534 0.5672682523727417 712
1615347421019 0.5921730399131775 713
1615347455416 0.6191291213035583 714
1615347489742 0.6017370223999023 715
1615347524011 0.5281343460083008 716
1615347558411 0.6432887315750122 717
1615347592718 0.6368645429611206 718
1615347627308 0.5740886330604553 719
1615347663545 0.6023386716842651 720
1615347697775 0.5374544858932495 721
1615347733776 0.5171351432800293 722
1615347768031 0.5458940267562866 723
1615347802317 0.5927078127861023 724
1615347836656 0.5362969040870667 725
1615347870928 0.6522712707519531 726
1615347905327 0.6894469261169434 727
1615347939669 0.5605087280273438 728
1615347973978 0.6534136533737183 729
1615348010087 0.6560437679290771 730
1615348044931 0.6158325672149658 731
1615348079516 0.6018673181533813 732
1615348113982 0.6227575540542603 733
1615348148352 0.5450191497802734 734
1615348182796 0.6038656234741211 735
1615348217229 0.5973940491676331 736
1615348251467 0.6315828561782837 737
1615348285953 0.5938041806221008 738
1615348320239 0.5806227326393127 739
1615348356102 0.5354135036468506 740
1615348390364 0.5454142093658447 741
1615348424901 0.5935322046279907 742
1615348459214 0.6224840879440308 743
1615348493725 0.6755132079124451 744
1615348528018 0.5412702560424805 745
1615348562334 0.5967194437980652 746
1615348596569 0.5632988214492798 747
1615348630838 0.5635490417480469 748
1615348665430 0.5667792558670044 749
1615348701691 0.6532691717147827 750
1615348736202 0.5418654084205627 751
1615348770574 0.5994505882263184 752
1615348805127 0.542132556438446 753
1615348839870 0.5763155221939087 754
1615348874373 0.5926370620727539 755
1615348908918 0.6188284158706665 756
1615348943190 0.5814203023910522 757
1615348977749 0.5477332472801208 758
1615349012432 0.675870418548584 759
1615349048502 0.5595885515213013 760
1615349082753 0.56361985206604 761
1615349116949 0.5502817630767822 762
1615349151305 0.591289758682251 763
1615349185624 0.6057978868484497 764
1615349219947 0.5696433782577515 765
1615349254151 0.5966798663139343 766
1615349288449 0.6049331426620483 767
1615349323077 0.5556095838546753 768
1615349357760 0.6182451844215393 769
1615349394904 0.5882183313369751 770
1615349429462 0.532660722732544 771
1615349463797 0.5656041502952576 772
1615349498567 0.6168696284294128 773
1615349532927 0.5927767753601074 774
1615349567332 0.5362327098846436 775
1615349601820 0.597477376461029 776
1615349636493 0.5986204147338867 777
1615349671366 0.551101803779602 778
1615349706081 0.5610833168029785 779
1615349742195 0.598545253276825 780
1615349776941 0.47005990147590637 781
1615349811444 0.6336278319358826 782
1615349845758 0.659019947052002 783
1615349880105 0.611238956451416 784
1615349914519 0.6163396239280701 785
1615349948816 0.5414347648620605 786
1615349983206 0.557801365852356 787
1615350017476 0.6304736733436584 788
1615350052065 0.5650334358215332 789
1615350087950 0.5660510063171387 790
1615350122236 0.5581343173980713 791
1615350156388 0.6167256832122803 792
1615350190725 0.5480434894561768 793
1615350225114 0.6383363008499146 794
1615350259542 0.5685150623321533 795
1615350293936 0.5725533962249756 796
1615350328847 0.6046271324157715 797
1615350363333 0.560602068901062 798
1615350398035 0.6261293888092041 799
1615350434100 0.5496703386306763 800
1615350468512 0.5097154974937439 801
1615350502772 0.5841377973556519 802
1615350537041 0.6086541414260864 803
1615350571377 0.5690855979919434 804
1615350605693 0.5690033435821533 805
1615350639992 0.5969555377960205 806
1615350674724 0.5706324577331543 807
1615350708994 0.5544478893280029 808
1615350743205 0.5403634905815125 809
1615350779080 0.5735946893692017 810
1615350813245 0.5495253205299377 811
1615350847607 0.5518766045570374 812
1615350881848 0.6399522423744202 813
1615350916159 0.6467778086662292 814
1615350950407 0.5855976343154907 815
1615350984908 0.5236152410507202 816
1615351019558 0.6709762811660767 817
1615351054417 0.5305464863777161 818
1615351089198 0.5742484927177429 819
1615351125513 0.4891468286514282 820
1615351160000 0.6152341365814209 821
1615351194361 0.5748728513717651 822
1615351228809 0.5754916667938232 823
1615351263159 0.6210782527923584 824
1615351297432 0.5401228666305542 825
1615351331901 0.5332663655281067 826
1615351366170 0.5766081809997559 827
1615351400732 0.6217900514602661 828
1615351434937 0.6061198711395264 829
1615351470813 0.5906162261962891 830
1615351505131 0.5935220718383789 831
1615351539341 0.5973823070526123 832
1615351573566 0.6194933652877808 833
1615351607948 0.5750938057899475 834
1615351642225 0.5560752749443054 835
1615351676456 0.6286531686782837 836
1615351710825 0.48353374004364014 837
1615351745327 0.607999324798584 838
1615351780063 0.6084409952163696 839
1615351817048 0.5941765904426575 840
1615351851646 0.5658721327781677 841
1615351886370 0.6113137006759644 842
1615351921114 0.6350947022438049 843
1615351955334 0.6172323226928711 844
1615351989591 0.5963889360427856 845
1615352023850 0.6037797331809998 846
1615352058067 0.602666974067688 847
1615352092352 0.5385304689407349 848
1615352126735 0.5249887108802795 849
1615352162863 0.5437021255493164 850
1615352197355 0.6512787342071533 851
1615352231822 0.6977598667144775 852
1615352266282 0.5449306964874268 853
1615352301142 0.5713993310928345 854
1615352335801 0.5825485587120056 855
1615352370302 0.5895262956619263 856
1615352404749 0.5541951656341553 857
1615352439068 0.6043596267700195 858
1615352473368 0.614465594291687 859
1615352509370 0.6109990477561951 860
1615352543683 0.5185943245887756 861
1615352578109 0.5886678695678711 862
1615352612391 0.5845863819122314 863
1615352646631 0.5107998251914978 864
1615352681228 0.5630678534507751 865
1615352715512 0.5547134876251221 866
1615352749771 0.6379246711730957 867
1615352784046 0.5440510511398315 868
1615352818219 0.5507545471191406 869
1615352854073 0.6293946504592896 870
1615352888394 0.5463402271270752 871
1615352922651 0.6348968744277954 872
1615352957000 0.5572468638420105 873
1615352991850 0.6319195032119751 874
1615353026487 0.5966043472290039 875
1615353060972 0.6357883214950562 876
1615353095545 0.568938672542572 877
1615353129897 0.5052585601806641 878
1615353164446 0.6352176666259766 879
1615353200797 0.6207940578460693 880
1615353235106 0.571847140789032 881
1615353269499 0.5849331021308899 882
1615353303808 0.5179484486579895 883
1615353338118 0.6478784084320068 884
1615353372514 0.5956966876983643 885
1615353406969 0.5030413269996643 886
1615353441700 0.6414569020271301 887
1615353476008 0.5721448659896851 888
1615353510274 0.5028282403945923 889
1615353546245 0.5826733708381653 890
1615353580501 0.6668581962585449 891
1615353614942 0.5955162048339844 892
1615353649244 0.6066352725028992 893
1615353684103 0.6090574264526367 894
1615353718893 0.670945405960083 895
1615353753391 0.5246599912643433 896
1615353787965 0.5699648261070251 897
1615353822370 0.5907571315765381 898
1615353856814 0.5101516246795654 899
1615353893373 0.6717469692230225 900
1615353927697 0.567352294921875 901
1615353962081 0.6161760687828064 902
1615353996409 0.6012746691703796 903
1615354030731 0.5768899917602539 904
1615354064996 0.5871419906616211 905
1615354099321 0.545502781867981 906
1615354134772 0.5554567575454712 907
1615354169358 0.5498034954071045 908
1615354204088 0.5871901512145996 909
1615354240181 0.6145923733711243 910
1615354274550 0.6320160627365112 911
1615354308801 0.5216293334960938 912
1615354344439 0.5950307846069336 913
1615354378747 0.6431846618652344 914
1615354413195 0.5302956104278564 915
1615354447548 0.604435920715332 916
1615354482147 0.49101412296295166 917
1615354516513 0.5822932124137878 918
1615354550835 0.5796284675598145 919
1615354586783 0.6040588617324829 920
1615354621054 0.581926703453064 921
1615354655254 0.5814176797866821 922
1615354689522 0.60212242603302 923
1615354723814 0.6263877153396606 924
1615354758064 0.5514548420906067 925
1615354792661 0.6280639171600342 926
1615354827461 0.6091679930686951 927
1615354862148 0.5739147067070007 928
1615354896610 0.6113158464431763 929
1615354932716 0.5137768387794495 930
1615354967488 0.5951603651046753 931
1615355001736 0.5912868976593018 932
1615355036050 0.599268913269043 933
1615355070392 0.5344036817550659 934
1615355104749 0.5540629029273987 935
1615355139021 0.5405443906784058 936
1615355173267 0.5418415665626526 937
1615355207622 0.5705342292785645 938
1615355242101 0.5856783986091614 939
1615355278754 0.6026401519775391 940
1615355313201 0.5410305261611938 941
1615355347932 0.5691615343093872 942
1615355382448 0.5226386189460754 943
1615355416935 0.6634021401405334 944
1615355451341 0.6108481884002686 945
1615355485701 0.6748979091644287 946
1615355519991 0.46616291999816895 947
1615355554439 0.6311388611793518 948
1615355588864 0.6701306700706482 949
1615355625228 0.5653953552246094 950
1615355659613 0.56815105676651 951
1615355693888 0.6804516315460205 952
1615355728207 0.5943371057510376 953
1615355762459 0.5942546129226685 954
1615355796619 0.5491795539855957 955
1615355830956 0.5833110213279724 956
1615355865482 0.5863892436027527 957
1615355900047 0.6136379837989807 958
1615355934744 0.6163992881774902 959
1615355971160 0.5450557470321655 960
1615356005692 0.5847483277320862 961
1615356040327 0.5866148471832275 962
1615356074787 0.5696329474449158 963
1615356109178 0.5773804783821106 964
1615356143994 0.6535934209823608 965
1615356178309 0.545282781124115 966
1615356212658 0.6150962710380554 967
1615356246934 0.6908069849014282 968
1615356281246 0.5997856259346008 969
1615356317234 0.5865355134010315 970
1615356351434 0.6415743827819824 971
1615356385755 0.5717597007751465 972
1615356420032 0.5715465545654297 973
1615356454261 0.5888251066207886 974
1615356488665 0.5090243220329285 975
1615356522981 0.6116523742675781 976
1615356557302 0.6230288147926331 977
1615356591611 0.4967266321182251 978
1615356625957 0.600334644317627 979
1615356661997 0.47291672229766846 980
1615356696558 0.5748534202575684 981
1615356731769 0.570575475692749 982
1615356766242 0.5750076770782471 983
1615356800826 0.6848689913749695 984
1615356835325 0.6098951101303101 985
1615356869616 0.6440531015396118 986
1615356903883 0.5896714329719543 987
1615356938534 0.619111955165863 988
1615356972844 0.589824914932251 989
1615357008741 0.5613652467727661 990
1615357043057 0.5727416276931763 991
1615357077325 0.6657558679580688 992
1615357111626 0.5259830951690674 993
1615357145897 0.6493567228317261 994
1615357180182 0.6303046345710754 995
1615357214597 0.6404463052749634 996
1615357249033 0.6900604963302612 997
1615357283561 0.5912232398986816 998
1615357318054 0.5210815668106079 999
1615357354180 0.6683667898178101 1000
1615357388709 0.6448596119880676 1001
1615357423218 0.6475074291229248 1002
1615357457647 0.626163125038147 1003
1615357492093 0.6188586950302124 1004
1615357526700 0.5678907632827759 1005
1615357561035 0.5749651193618774 1006
1615357595363 0.565420925617218 1007
1615357629923 0.5941208600997925 1008
1615357664165 0.5270854234695435 1009
1615357700085 0.5249460935592651 1010
1615357734415 0.6401515007019043 1011
1615357768640 0.568396270275116 1012
1615357803039 0.5620580911636353 1013
1615357837329 0.617861270904541 1014
1615357871531 0.5778464078903198 1015
1615357905813 0.6110663414001465 1016
1615357940233 0.5606264472007751 1017
1615357974831 0.6432600021362305 1018
1615358009561 0.629509449005127 1019
1615358045739 0.6115078926086426 1020
1615358080387 0.5762029886245728 1021
1615358114774 0.5380104184150696 1022
1615358149191 0.6464518904685974 1023
1615358183944 0.5507330894470215 1024
1615358218322 0.48053085803985596 1025
1615358252984 0.6517311334609985 1026
1615358287273 0.5643541812896729 1027
1615358321603 0.5947228670120239 1028
1615358355941 0.6176972389221191 1029
1615358391826 0.5891569256782532 1030
1615358426136 0.538385272026062 1031
1615358460430 0.5635482668876648 1032
1615358494741 0.6214048862457275 1033
1615358529239 0.6093125343322754 1034
1615358563612 0.6134962439537048 1035
1615358598132 0.6123008728027344 1036
1615358632772 0.611261785030365 1037
1615358667167 0.5582222938537598 1038
1615358701830 0.5919851064682007 1039
1615358738231 0.5512191653251648 1040
1615358772630 0.6793090105056763 1041
1615358806960 0.5701497793197632 1042
1615358841484 0.5493611097335815 1043
1615358875849 0.5851168036460876 1044
1615358910173 0.6616952419281006 1045
1615358944759 0.5830157995223999 1046
1615358979066 0.5456651449203491 1047
1615359013382 0.6134160757064819 1048
1615359047721 0.5921525955200195 1049
1615359083570 0.6054573655128479 1050
1615359117828 0.5476891994476318 1051
1615359155312 0.5019665956497192 1052
1615359189757 0.5933090448379517 1053
1615359224339 0.6003909111022949 1054
1615359258820 0.5832228660583496 1055
1615359293322 0.6410681009292603 1056
1615359327694 0.635402262210846 1057
1615359362290 0.4975011944770813 1058
1615359396703 0.50148606300354 1059
1615359432702 0.6045025587081909 1060
1615359467087 0.5931662321090698 1061
1615359501687 0.5551988482475281 1062
1615359536244 0.5434461832046509 1063
1615359570539 0.5003466606140137 1064
1615359604922 0.5655626058578491 1065
1615359639280 0.6071795225143433 1066
1615359673621 0.5687748193740845 1067
1615359707929 0.5563876628875732 1068
1615359742890 0.5988370180130005 1069
1615359779649 0.5270904302597046 1070
1615359814317 0.5587307214736938 1071
1615359848818 0.506206750869751 1072
1615359883226 0.57243812084198 1073
1615359917557 0.5874243974685669 1074
1615359951950 0.6140336990356445 1075
1615359986523 0.5658084154129028 1076
1615360020829 0.5525550842285156 1077
1615360055405 0.6006896495819092 1078
1615360089658 0.6254127025604248 1079
1615360125567 0.526164174079895 1080
1615360159839 0.5061195492744446 1081
1615360194118 0.5323551893234253 1082
1615360228453 0.5072253942489624 1083
1615360262687 0.5584529638290405 1084
1615360296995 0.5423194169998169 1085
1615360331320 0.6065661907196045 1086
1615360365601 0.5986989736557007 1087
1615360399942 0.5932169556617737 1088
1615360434406 0.5963447093963623 1089
1615360470546 0.5996364951133728 1090
1615360505388 0.6115546822547913 1091
1615360540035 0.5836478471755981 1092
1615360574592 0.6036942005157471 1093
1615360609089 0.5233076810836792 1094
1615360643477 0.6235141158103943 1095
1615360677946 0.6122195720672607 1096
1615360712304 0.5515411496162415 1097
1615360746712 0.5605713725090027 1098
1615360781202 0.6567683815956116 1099
1615360817480 0.6432216167449951 1100
1615360851921 0.6143578290939331 1101
1615360886373 0.5561040043830872 1102
1615360920749 0.6445664167404175 1103
1615360955062 0.5883557796478271 1104
1615360989472 0.5382860898971558 1105
1615361023793 0.6223870515823364 1106
1615361058150 0.5542325973510742 1107
1615361092495 0.6160269975662231 1108
1615361126865 0.6391881704330444 1109
1615361163012 0.6597273349761963 1110
1615361197661 0.5756304264068604 1111
1615361232425 0.5546125769615173 1112
1615361267013 0.5801215171813965 1113
1615361301457 0.6403857469558716 1114
1615361335937 0.5958748459815979 1115
1615361370264 0.627109169960022 1116
1615361404643 0.599714994430542 1117
1615361439037 0.6127098798751831 1118
1615361473331 0.5430521965026855 1119
1615361510422 0.6017752885818481 1120
1615361544706 0.6060541272163391 1121
1615361579030 0.5616608262062073 1122
1615361613282 0.5649404525756836 1123
1615361647804 0.5804445743560791 1124
1615361682236 0.6092837452888489 1125
1615361716454 0.5875140428543091 1126
1615361750778 0.6288742423057556 1127
1615361785224 0.6451253294944763 1128
1615361819678 0.5908905267715454 1129
1615361856079 0.6363905072212219 1130
1615361890974 0.5548752546310425 1131
1615361925568 0.6677922010421753 1132
1615361960024 0.6123411059379578 1133
1615361994634 0.5876765847206116 1134
1615362029173 0.6022480726242065 1135
1615362063615 0.6546828746795654 1136
1615362097989 0.6363736391067505 1137
1615362132350 0.5631285905838013 1138
1615362166683 0.5596828460693359 1139
1615362202882 0.5853254795074463 1140
1615362237267 0.5593774318695068 1141
1615362272053 0.6025211811065674 1142
1615362306416 0.6081887483596802 1143
1615362340703 0.5887943506240845 1144
1615362375032 0.640640139579773 1145
1615362409351 0.6054989695549011 1146
1615362443694 0.6927855014801025 1147
1615362478050 0.5972501039505005 1148
1615362512400 0.5841206312179565 1149
1615362548290 0.6088694334030151 1150
1615362582583 0.5882467031478882 1151
1615362616929 0.5464513897895813 1152
1615362651336 0.548638105392456 1153
1615362685755 0.5674288272857666 1154
1615362720345 0.5747610330581665 1155
1615362755407 0.658136248588562 1156
1615362790153 0.6029561758041382 1157
1615362824544 0.6195024251937866 1158
1615362858959 0.5298337936401367 1159
1615362895322 0.5706639289855957 1160
1615362929655 0.5956175327301025 1161
1615362964065 0.6960513591766357 1162
1615362998566 0.6201196312904358 1163
1615363032866 0.61683189868927 1164
1615363067187 0.5821713209152222 1165
1615363101438 0.5832889080047607 1166
1615363135787 0.6052940487861633 1167
1615363170193 0.577223539352417 1168
1615363204668 0.6331687569618225 1169
1615363240604 0.6118547916412354 1170
1615363274927 0.578025221824646 1171
1615363309207 0.594101071357727 1172
1615363343559 0.5236034393310547 1173
1615363377832 0.6017635464668274 1174
1615363412256 0.577755331993103 1175
1615363446540 0.6126485466957092 1176
1615363480899 0.64771968126297 1177
1615363516023 0.527466356754303 1178
1615363550723 0.5968523621559143 1179
1615363587385 0.5847398042678833 1180
1615363622039 0.6849480271339417 1181
1615363656469 0.5637891292572021 1182
1615363690868 0.5590651035308838 1183
1615363725300 0.5873632431030273 1184
1615363759735 0.5832229852676392 1185
1615363794143 0.5679572820663452 1186
1615363828560 0.578169584274292 1187
1615363863240 0.5854858160018921 1188
1615363897447 0.6555517315864563 1189
1615363933330 0.57783043384552 1190
1615363967727 0.6043635606765747 1191
1615364002084 0.6725443005561829 1192
1615364036585 0.5569791197776794 1193
1615364071235 0.5988266468048096 1194
1615364105723 0.6051148176193237 1195
1615364140293 0.5811853408813477 1196
1615364174775 0.6293788552284241 1197
1615364209350 0.6071995496749878 1198
1615364243783 0.6049182415008545 1199
1615364279692 0.5678293704986572 1200
1615364304832 0.6475403904914856 0
1615364304844 0.6475403904914856 0
