1615322806053 0.04158277064561844 1
1615322840314 0.03516824170947075 2
1615322874577 0.032562483102083206 3
1615322908928 0.03095666691660881 4
1615322943132 0.029554877430200577 5
1615322977346 0.029446542263031006 6
1615323011478 0.028714759275317192 7
1615323045807 0.02641705423593521 8
1615323079976 0.026990443468093872 9
1615323116227 0.026593659073114395 10
1615323150597 0.025426402688026428 11
1615323184872 0.025405695661902428 12
1615323219266 0.025842741131782532 13
1615323253903 0.024725861847400665 14
1615323288300 0.02408348210155964 15
1615323322690 0.023639094084501266 16
1615323357124 0.022265031933784485 17
1615323391269 0.02372179925441742 18
1615323425561 0.023803362622857094 19
1615323461639 0.02355874702334404 20
1615323495979 0.02253948524594307 21
1615323530250 0.02475670725107193 22
1615323564885 0.0222478024661541 23
1615323599164 0.020722826942801476 24
1615323633330 0.022471778094768524 25
1615323667595 0.02174307219684124 26
1615323701782 0.0216296948492527 27
1615323735936 0.022211045026779175 28
1615323770107 0.021862786263227463 29
1615323806001 0.02274191379547119 30
1615323840365 0.019715622067451477 31
1615323874684 0.02227122150361538 32
1615323909010 0.020746581256389618 33
1615323943349 0.024706324562430382 34
1615323977869 0.020288769155740738 35
1615324012408 0.02119418978691101 36
1615324046854 0.020172201097011566 37
1615324081415 0.018995601683855057 38
1615324115708 0.020657561719417572 39
1615324151915 0.02047071047127247 40
1615324186398 0.02048414573073387 41
1615324220796 0.02223672717809677 42
1615324255067 0.021637432277202606 43
1615324289791 0.02335602417588234 44
1615324323997 0.021194789558649063 45
1615324358205 0.020806320011615753 46
1615324392447 0.01904531568288803 47
1615324426683 0.01923965848982334 48
1615324460982 0.01959635317325592 49
1615324496942 0.019267285242676735 50
1615324531237 0.019542381167411804 51
1615324565485 0.02233497053384781 52
1615324599742 0.020154505968093872 53
1615324634080 0.0205338466912508 54
1615324668977 0.02387191727757454 55
1615324703950 0.02027646265923977 56
1615324738481 0.019972629845142365 57
1615324772807 0.01935044303536415 58
1615324807092 0.01980476826429367 59
1615324843423 0.01860581338405609 60
1615324877699 0.01992126926779747 61
1615324912138 0.0196162611246109 62
1615324946497 0.02000225894153118 63
1615324980795 0.02054893970489502 64
1615325015013 0.018693476915359497 65
1615325049521 0.01843922585248947 66
1615325083707 0.018601398915052414 67
1615325117938 0.01860469952225685 68
1615325152137 0.0192131195217371 69
1615325188035 0.019599605351686478 70
1615325222328 0.019720660522580147 71
1615325256576 0.02071187272667885 72
1615325290908 0.01885002851486206 73
1615325325490 0.01877540349960327 74
1615325360027 0.018971718847751617 75
1615325394624 0.017927678301930428 76
1615325429475 0.01798206940293312 77
1615325464037 0.01749977096915245 78
1615325498419 0.01857719197869301 79
1615325534290 0.019432105123996735 80
1615325568519 0.018224086612462997 81
1615325602840 0.01784110814332962 82
1615325637256 0.018757011741399765 83
1615325671647 0.016488853842020035 84
1615325706016 0.017536239698529243 85
1615325740364 0.016825618222355843 86
1615325774572 0.016944866627454758 87
1615325809226 0.016572296619415283 88
1615325843606 0.0175212100148201 89
1615325879400 0.019261661916971207 90
1615325913673 0.018792791292071342 91
1615325947922 0.019264349713921547 92
1615325982193 0.017277248203754425 93
1615326016489 0.01644139178097248 94
1615326050740 0.01741887256503105 95
1615326085039 0.020824875682592392 96
1615326119275 0.018538083881139755 97
1615326153631 0.022044308483600616 98
1615326188089 0.019050084054470062 99
1615326224432 0.020078020170331 100
1615326259041 0.01857021450996399 101
1615326293501 0.018812604248523712 102
1615326327992 0.017702806740999222 103
1615326362314 0.01739652454853058 104
1615326396623 0.019002841785550117 105
1615326430952 0.01829003170132637 106
1615326465389 0.018086960539221764 107
1615326499615 0.01755218207836151 108
1615326533945 0.01709245704114437 109
1615326570201 0.018391110002994537 110
1615326604415 0.016522129997611046 111
1615326638775 0.017258573323488235 112
1615326672977 0.01871728152036667 113
1615326707248 0.018023833632469177 114
1615326741880 0.01699940115213394 115
1615326776192 0.019209563732147217 116
1615326810449 0.01848175749182701 117
1615326844677 0.020485874265432358 118
1615326878942 0.0170123353600502 119
1615326914940 0.017876392230391502 120
1615326949215 0.016844723373651505 121
1615326983384 0.016486722975969315 122
1615327017614 0.01942005753517151 123
1615327052042 0.01897476427257061 124
1615327086682 0.016703501343727112 125
1615327121159 0.017073551192879677 126
1615327155724 0.017037369310855865 127
1615327190407 0.016518278047442436 128
1615327224917 0.01753176376223564 129
1615327261432 0.01612049899995327 130
1615327295882 0.018154848366975784 131
1615327330116 0.017256079241633415 132
1615327364409 0.01723289117217064 133
1615327398687 0.017314225435256958 134
1615327432898 0.015734780579805374 135
1615327467176 0.014835493639111519 136
1615327501494 0.017009075731039047 137
1615327535789 0.01823212206363678 138
1615327570013 0.016606774181127548 139
1615327605883 0.01810254156589508 140
1615327640407 0.017995715141296387 141
1615327674649 0.017585810273885727 142
1615327708904 0.01593777723610401 143
1615327743175 0.015886833891272545 144
1615327777479 0.015570756047964096 145
1615327811685 0.016274344176054 146
1615327845919 0.018096262589097023 147
1615327880163 0.01635255664587021 148
1615327914526 0.016122929751873016 149
1615327950699 0.016884934157133102 150
1615327985202 0.015903698280453682 151
1615328019832 0.01606442965567112 152
1615328054330 0.01517712976783514 153
1615328089015 0.013434376567602158 154
1615328123563 0.015688899904489517 155
1615328157961 0.01517099142074585 156
1615328192282 0.014949114061892033 157
1615328226701 0.014872189611196518 158
1615328260980 0.014574549160897732 159
1615328297580 0.015306208282709122 160
1615328331861 0.018826739862561226 161
1615328366121 0.015863236039876938 162
1615328400406 0.015352589078247547 163
1615328434687 0.015388648957014084 164
1615328468898 0.016541244462132454 165
1615328503132 0.01647735945880413 166
1615328537372 0.01495656929910183 167
1615328571540 0.015125549398362637 168
1615328605856 0.014566995203495026 169
1615328641794 0.015281574800610542 170
1615328676529 0.017811831086874008 171
1615328711149 0.01522134430706501 172
1615328745971 0.015601354651153088 173
1615328780804 0.01719801127910614 174
1615328815211 0.015686044469475746 175
1615328849476 0.01682509481906891 176
1615328883887 0.01826600730419159 177
1615328918233 0.015786875039339066 178
1615328952640 0.016122734174132347 179
1615328989210 0.01409926638007164 180
1615329023675 0.01606854796409607 181
1615329058000 0.016088102012872696 182
1615329092288 0.01780182495713234 183
1615329126517 0.014582542702555656 184
1615329160766 0.016161972656846046 185
1615329194996 0.015784915536642075 186
1615329229163 0.016336508095264435 187
1615329263388 0.019486235454678535 188
1615329297881 0.015258856117725372 189
1615329333763 0.01598506234586239 190
1615329368117 0.013361683115363121 191
1615329402574 0.01696847379207611 192
1615329436922 0.020298317074775696 193
1615329471672 0.016775408759713173 194
1615329506285 0.015106230974197388 195
1615329540780 0.01703188382089138 196
1615329575103 0.01579073816537857 197
1615329609615 0.016471071168780327 198
1615329644177 0.01556357555091381 199
1615329680138 0.017202159389853477 200
1615329714362 0.016785135492682457 201
1615329748847 0.016759734600782394 202
1615329783170 0.016739804297685623 203
1615329817440 0.015947118401527405 204
1615329851682 0.014449970796704292 205
1615329885916 0.015256487764418125 206
1615329920205 0.014705667272210121 207
1615329954419 0.015988148748874664 208
1615329988647 0.0146121084690094 209
1615330024495 0.017506282776594162 210
1615330058894 0.014921585097908974 211
1615330093607 0.015386728569865227 212
1615330128146 0.018180042505264282 213
1615330162702 0.015101725235581398 214
1615330197463 0.014445669949054718 215
1615330231886 0.01732032001018524 216
1615330266335 0.015329517424106598 217
1615330300655 0.015782687813043594 218
1615330335076 0.015546905808150768 219
1615330371238 0.015980826690793037 220
1615330405491 0.014930738136172295 221
1615330440133 0.015978263691067696 222
1615330474411 0.01521302666515112 223
1615330508606 0.014977695420384407 224
1615330542840 0.016979031264781952 225
1615330577122 0.015731390565633774 226
1615330611355 0.015512701123952866 227
1615330645584 0.016987886279821396 228
1615330679974 0.01413596048951149 229
1615330715868 0.014204636216163635 230
1615330750215 0.013942976482212543 231
1615330784523 0.014932243153452873 232
1615330818932 0.015924468636512756 233
1615330853602 0.014043559320271015 234
1615330888324 0.015247417613863945 235
1615330923451 0.015377625823020935 236
1615330957847 0.013985703699290752 237
1615330992161 0.014870425686240196 238
1615331026447 0.012777693569660187 239
1615331063108 0.015460696071386337 240
1615331097319 0.014840170741081238 241
1615331131643 0.014912329614162445 242
1615331165936 0.01364506222307682 243
1615331200561 0.013276087120175362 244
1615331234815 0.014816626906394958 245
1615331269093 0.01592894084751606 246
1615331303384 0.015380535274744034 247
1615331337657 0.014103412628173828 248
1615331371823 0.015102816745638847 249
1615331407799 0.01399717852473259 250
1615331441946 0.014475898817181587 251
1615331476133 0.01566077023744583 252
1615331510597 0.017446160316467285 253
1615331545404 0.015643078833818436 254
1615331579773 0.013734592124819756 255
1615331614324 0.015303270891308784 256
1615331648919 0.013049839064478874 257
1615331683335 0.015444263815879822 258
1615331717732 0.015014464035630226 259
1615331753986 0.01460421271622181 260
1615331788373 0.01489389780908823 261
1615331823296 0.014752298593521118 262
1615331857579 0.01617773249745369 263
1615331891826 0.0167815200984478 264
1615331926022 0.014638513326644897 265
1615331960305 0.01573982462286949 266
1615331994573 0.015262100845575333 267
1615332028800 0.015791170299053192 268
1615332063231 0.01389787346124649 269
1615332099655 0.013969158753752708 270
1615332134409 0.013947790488600731 271
1615332168856 0.013750100508332253 272
1615332203292 0.014620084315538406 273
1615332237817 0.014308142475783825 274
1615332272359 0.014983030036091805 275
1615332306723 0.016356779262423515 276
1615332341066 0.013690290972590446 277
1615332375370 0.014711862429976463 278
1615332409716 0.013787396252155304 279
1615332445681 0.015484205447137356 280
1615332480376 0.013697163201868534 281
1615332514631 0.013810419477522373 282
1615332548957 0.014433122240006924 283
1615332583111 0.014543348923325539 284
1615332617767 0.01565677486360073 285
1615332652100 0.016117293387651443 286
1615332686334 0.014302130788564682 287
1615332720503 0.015031900256872177 288
1615332754748 0.015492190606892109 289
1615332790696 0.013920986093580723 290
1615332825154 0.013285139575600624 291
1615332859837 0.013777360320091248 292
1615332894734 0.013085110113024712 293
1615332929251 0.014609739184379578 294
1615332963761 0.015167376026511192 295
1615332998324 0.015830105170607567 296
1615333032741 0.013033047318458557 297
1615333067105 0.015664007514715195 298
1615333101422 0.013430745340883732 299
1615333137558 0.013997548259794712 300
1615333171968 0.015312270261347294 301
1615333206627 0.01521594263613224 302
1615333240889 0.01234651543200016 303
1615333275294 0.013051999732851982 304
1615333309673 0.016257092356681824 305
1615333343973 0.014971545897424221 306
1615333378320 0.013308332301676273 307
1615333412553 0.01076558604836464 308
1615333446761 0.012562135234475136 309
1615333482519 0.017069987952709198 310
1615333516672 0.015414615161716938 311
1615333551112 0.013770557008683681 312
1615333585596 0.014295083470642567 313
1615333620615 0.011820248328149319 314
1615333655291 0.014915350824594498 315
1615333689742 0.013306884095072746 316
1615333724022 0.01423482596874237 317
1615333758399 0.013767109252512455 318
1615333792656 0.013858282938599586 319
1615333828904 0.01482858881354332 320
1615333863290 0.014004098251461983 321
1615333897531 0.01416553370654583 322
1615333931851 0.014746762812137604 323
1615333966228 0.013414275832474232 324
1615334000518 0.014956394210457802 325
1615334035015 0.014147549867630005 326
1615334069291 0.013362044468522072 327
1615334103598 0.013257217593491077 328
1615334137951 0.012265980243682861 329
1615334173740 0.015409579500555992 330
1615334208003 0.015029867179691792 331
1615334242441 0.013887885957956314 332
1615334276821 0.013261932879686356 333
1615334311198 0.014933266676962376 334
1615334345682 0.014340849593281746 335
1615334380161 0.012729060836136341 336
1615334414629 0.013555716723203659 337
1615334449160 0.014147469773888588 338
1615334483894 0.01260329782962799 339
1615334520523 0.012498870491981506 340
1615334554976 0.01337549090385437 341
1615334589207 0.011898281052708626 342
1615334623594 0.014474678784608841 343
1615334658071 0.01370256207883358 344
1615334692245 0.01421690359711647 345
1615334726498 0.015613242983818054 346
1615334760793 0.018151309341192245 347
1615334795130 0.013314669951796532 348
1615334829397 0.012060733512043953 349
1615334865392 0.011407151818275452 350
1615334899665 0.014045673422515392 351
1615334933923 0.012832965701818466 352
1615334968225 0.012930931523442268 353
1615335002522 0.012213834561407566 354
1615335036683 0.013258127495646477 355
1615335071252 0.01485489308834076 356
1615335106168 0.01391739770770073 357
1615335140688 0.011791301891207695 358
1615335175503 0.015139449387788773 359
1615335212043 0.013075880706310272 360
1615335246434 0.011247902177274227 361
1615335280780 0.012780760414898396 362
1615335315367 0.013160277158021927 363
1615335349635 0.013597961515188217 364
1615335384215 0.012650007382035255 365
1615335418525 0.013981666415929794 366
1615335452779 0.014538239687681198 367
1615335487061 0.011609017848968506 368
1615335521372 0.014854777604341507 369
1615335557131 0.013890426605939865 370
1615335591350 0.010813983157277107 371
1615335625637 0.011521884240210056 372
1615335659911 0.013649063184857368 373
1615335694185 0.013879425823688507 374
1615335728446 0.014503518119454384 375
1615335762800 0.014170924201607704 376
1615335797195 0.0157451368868351 377
1615335831766 0.015440789982676506 378
1615335866215 0.013879507780075073 379
1615335902404 0.014571944251656532 380
1615335936962 0.014105777256190777 381
1615335971666 0.012940437532961369 382
1615336005901 0.014523792080581188 383
1615336040297 0.012613730505108833 384
1615336074662 0.012583846226334572 385
1615336108923 0.013004080392420292 386
1615336143380 0.013780571520328522 387
1615336177732 0.01359585765749216 388
1615336212266 0.013112397864460945 389
1615336248372 0.015085697174072266 390
1615336282932 0.015673723071813583 391
1615336317230 0.01314419787377119 392
1615336351498 0.01331352349370718 393
1615336385730 0.014374318532645702 394
1615336419949 0.010711376555263996 395
1615336454329 0.015642590820789337 396
1615336488800 0.011986741796135902 397
1615336523222 0.012370996177196503 398
1615336557539 0.012353375554084778 399
1615336593583 0.011997601017355919 400
1615336628124 0.013600362464785576 401
1615336662698 0.01266196183860302 402
1615336697151 0.014486378990113735 403
1615336731589 0.011578932404518127 404
1615336765950 0.014481890946626663 405
1615336800172 0.012086207047104836 406
1615336834411 0.01567605510354042 407
1615336868590 0.010809719562530518 408
1615336902916 0.013243677094578743 409
1615336938935 0.01278034970164299 410
1615336973129 0.011449179612100124 411
1615337007776 0.012288851663470268 412
1615337042069 0.012609371915459633 413
1615337076297 0.013713128864765167 414
1615337110594 0.015041867271065712 415
1615337144814 0.012963379733264446 416
1615337179122 0.013252140954136848 417
1615337213545 0.012243269011378288 418
1615337248018 0.012893873266875744 419
1615337284303 0.011978508904576302 420
1615337318830 0.01205581333488226 421
1615337353346 0.014146845787763596 422
1615337387789 0.012623360380530357 423
1615337422159 0.012293366715312004 424
1615337456819 0.015469087287783623 425
1615337491536 0.014108417555689812 426
1615337525958 0.012170541100203991 427
1615337560072 0.013711486011743546 428
1615337594404 0.01677653379738331 429
1615337630291 0.01353964302688837 430
1615337664552 0.013419538736343384 431
1615337698811 0.012492066249251366 432
1615337733118 0.01727394573390484 433
1615337767686 0.01214277371764183 434
1615337802204 0.015197566710412502 435
1615337837189 0.01331096701323986 436
1615337871751 0.012985868379473686 437
1615337906139 0.012138848192989826 438
1615337940599 0.014036053791642189 439
1615337976870 0.012073440477252007 440
1615338011221 0.012810934334993362 441
1615338045486 0.012807227671146393 442
1615338080245 0.01265043020248413 443
1615338114577 0.011299753561615944 444
1615338149018 0.01398646179586649 445
1615338183219 0.013867795467376709 446
1615338217454 0.01497475802898407 447
1615338251707 0.013068053871393204 448
1615338286006 0.010990297421813011 449
1615338322105 0.01106693223118782 450
1615338356533 0.012715901248157024 451
1615338391249 0.013733815401792526 452
1615338425661 0.013102348893880844 453
1615338460340 0.012613918632268906 454
1615338494620 0.010674552991986275 455
1615338528908 0.012938533909618855 456
1615338563418 0.014786641113460064 457
1615338597678 0.013875599950551987 458
1615338631929 0.012327327392995358 459
1615338668012 0.010814230889081955 460
1615338702562 0.012669204734265804 461
1615338736943 0.01178329810500145 462
1615338771213 0.013024726882576942 463
1615338805514 0.012441903352737427 464
1615338839681 0.011263441294431686 465
1615338873918 0.015321038663387299 466
1615338908156 0.013068420812487602 467
1615338942376 0.01313093677163124 468
1615338976664 0.012392531149089336 469
1615339012422 0.01395466923713684 470
1615339046740 0.014234615489840508 471
1615339081255 0.013204086571931839 472
1615339115667 0.011434102430939674 473
1615339150053 0.012872224673628807 474
1615339184544 0.012252487242221832 475
1615339219181 0.013431664556264877 476
1615339253605 0.012384416535496712 477
1615339287894 0.011683562770485878 478
1615339322187 0.010881558991968632 479
1615339358183 0.011193454265594482 480
1615339392457 0.012364349327981472 481
1615339427146 0.011931639164686203 482
1615339461380 0.013505131006240845 483
1615339495618 0.011652599088847637 484
1615339529820 0.010812297463417053 485
1615339564137 0.014357328414916992 486
1615339598392 0.013290696777403355 487
1615339632641 0.012629757635295391 488
1615339666861 0.010759151540696621 489
1615339702602 0.011611725203692913 490
1615339736814 0.011660833843052387 491
1615339771430 0.014097342267632484 492
1615339806195 0.010134086012840271 493
1615339841030 0.01593480445444584 494
1615339875685 0.012383004650473595 495
1615339910180 0.013006752356886864 496
1615339944552 0.010781653225421906 497
1615339979042 0.013138949871063232 498
1615340013385 0.011987868696451187 499
1615340049382 0.012064432725310326 500
1615340083749 0.013056512922048569 501
1615340118186 0.012721879407763481 502
1615340152547 0.010747396387159824 503
1615340186784 0.01163468323647976 504
1615340221270 0.012173345312476158 505
1615340255623 0.011621234938502312 506
1615340289932 0.013708824291825294 507
1615340324143 0.013095417991280556 508
1615340358401 0.012281974777579308 509
1615340394395 0.012193538248538971 510
1615340428773 0.010420120321214199 511
1615340463182 0.010377034544944763 512
1615340497541 0.011747918091714382 513
1615340531891 0.010900577530264854 514
1615340566228 0.01224181242287159 515
1615340600585 0.010449652560055256 516
1615340635045 0.011407722719013691 517
1615340669672 0.012559525668621063 518
1615340704663 0.013266876339912415 519
1615340740740 0.012527777813374996 520
1615340775042 0.012993644922971725 521
1615340809462 0.011966373771429062 522
1615340843854 0.012351706624031067 523
1615340878150 0.011121472343802452 524
1615340912490 0.01217661052942276 525
1615340947010 0.010589895769953728 526
1615340981182 0.012017222121357918 527
1615341015504 0.011260267347097397 528
1615341049787 0.012148261070251465 529
1615341085730 0.011490058153867722 530
1615341120039 0.01326459739357233 531
1615341154273 0.012606849893927574 532
1615341188450 0.013396646827459335 533
1615341222646 0.01154631283134222 534
1615341256979 0.012445611879229546 535
1615341291577 0.00979071855545044 536
1615341326060 0.01223680842667818 537
1615341360461 0.011715935543179512 538
1615341395176 0.012469103559851646 539
1615341431366 0.010106289759278297 540
1615341465615 0.011951746419072151 541
1615341499918 0.013950027525424957 542
1615341534400 0.011703257448971272 543
1615341568796 0.010274987667798996 544
1615341603131 0.011153554543852806 545
1615341637512 0.012677241116762161 546
1615341672145 0.010400565341114998 547
1615341706437 0.012572999112308025 548
1615341740722 0.012834243476390839 549
1615341776516 0.011666025035083294 550
1615341810747 0.010752719826996326 551
1615341845100 0.011629430577158928 552
1615341879593 0.010784965008497238 553
1615341914113 0.01468621101230383 554
1615341948919 0.011234158650040627 555
1615341983687 0.01039418950676918 556
1615342018249 0.012245593592524529 557
1615342052722 0.012834591791033745 558
1615342087301 0.01399615965783596 559
1615342123330 0.009986117482185364 560
1615342157746 0.013467425480484962 561
1615342192079 0.014930101111531258 562
1615342226362 0.01291586458683014 563
1615342260583 0.009256509132683277 564
1615342294933 0.014092396944761276 565
1615342330194 0.009569519199430943 566
1615342364940 0.012033184990286827 567
1615342399653 0.010095907375216484 568
1615342434205 0.011625150218605995 569
1615342470300 0.012677149847149849 570
1615342504677 0.012386415153741837 571
1615342539276 0.011720065958797932 572
1615342573620 0.011170271784067154 573
1615342607968 0.010595263913273811 574
1615342642563 0.011548091657459736 575
1615342676796 0.011520035564899445 576
1615342710955 0.010295731015503407 577
1615342745198 0.010973874479532242 578
1615342779329 0.011827735230326653 579
1615342815177 0.011249808594584465 580
1615342849504 0.009355073794722557 581
1615342883831 0.012172969058156013 582
1615342918786 0.01164634246379137 583
1615342953618 0.013458870351314545 584
1615342988231 0.011547192931175232 585
1615343022898 0.012039761058986187 586
1615343057218 0.008921629749238491 587
1615343091663 0.011073238216340542 588
1615343126185 0.011342303827404976 589
1615343162342 0.011589624918997288 590
1615343196982 0.01171193365007639 591
1615343231352 0.011702058836817741 592
1615343265638 0.011973894201219082 593
1615343299965 0.011592047289013863 594
1615343334226 0.011491894721984863 595
1615343368456 0.010078154504299164 596
1615343403068 0.011294318363070488 597
1615343437912 0.011777883395552635 598
1615343472786 0.012931160628795624 599
1615343509057 0.012399486266076565 600
1615343543584 0.00906129740178585 601
1615343577917 0.013068245723843575 602
1615343612449 0.01399919018149376 603
1615343646845 0.012565643526613712 604
1615343681305 0.011384323239326477 605
1615343715617 0.01068282499909401 606
1615343750016 0.012044169008731842 607
1615343784640 0.01055748201906681 608
1615343819001 0.012279382906854153 609
1615343854864 0.010896842926740646 610
1615343889126 0.013845342211425304 611
1615343923399 0.012626074254512787 612
1615343957697 0.01213522907346487 613
1615343992237 0.011837251484394073 614
1615344026866 0.011586874723434448 615
1615344061816 0.01078367605805397 616
1615344096825 0.01294553093612194 617
1615344131400 0.009607702493667603 618
1615344165781 0.012118658050894737 619
1615344202088 0.011143404990434647 620
1615344236410 0.010288628749549389 621
1615344270729 0.013573731295764446 622
1615344305104 0.01290751900523901 623
1615344339572 0.010351520963013172 624
1615344374234 0.009931949898600578 625
1615344408404 0.011261188425123692 626
1615344442739 0.010338881053030491 627
1615344476994 0.011411236599087715 628
1615344511183 0.01129581592977047 629
1615344547066 0.011307292617857456 630
1615344581300 0.010564232245087624 631
1615344615560 0.013358160853385925 632
1615344649800 0.010863207280635834 633
1615344684103 0.011096620000898838 634
1615344718499 0.013372006826102734 635
1615344752948 0.012727278284728527 636
1615344787592 0.00975557416677475 637
1615344822674 0.012038925662636757 638
1615344857495 0.010748951695859432 639
1615344893615 0.011891050264239311 640
1615344928006 0.011711306869983673 641
1615344962367 0.012040338478982449 642
1615344996693 0.009655307047069073 643
1615345031001 0.010091894306242466 644
1615345065228 0.011944510042667389 645
1615345099626 0.009431956335902214 646
1615345134006 0.012600412592291832 647
1615345168275 0.01144380122423172 648
1615345202921 0.010606333613395691 649
1615345238740 0.010492571629583836 650
1615345272972 0.011743495240807533 651
1615345309644 0.010435591451823711 652
1615345344039 0.010572010651230812 653
1615345378734 0.010002795606851578 654
1615345413188 0.009796266444027424 655
1615345447966 0.01000659167766571 656
1615345482448 0.010757889598608017 657
1615345516911 0.013147633522748947 658
1615345551192 0.011215398088097572 659
1615345587323 0.012035279534757137 660
1615345621698 0.00934022106230259 661
1615345656001 0.012969567440450191 662
1615345690327 0.01205386035144329 663
1615345724638 0.011521336622536182 664
1615345759150 0.010278566740453243 665
1615345793696 0.011418960988521576 666
1615345828020 0.010498188436031342 667
1615345862318 0.011489778757095337 668
1615345896537 0.01068614050745964 669
1615345932775 0.01078718900680542 670
1615345967331 0.01222984865307808 671
1615346001978 0.013425000011920929 672
1615346036591 0.01353001594543457 673
1615346071167 0.010461234487593174 674
1615346105808 0.012151574715971947 675
1615346140143 0.01052074320614338 676
1615346174493 0.010426528751850128 677
1615346208864 0.010427240282297134 678
1615346243121 0.010968003422021866 679
1615346279257 0.01036791317164898 680
1615346314216 0.01122264377772808 681
1615346348570 0.009673422202467918 682
1615346382785 0.010418087244033813 683
1615346417031 0.011571954004466534 684
1615346451379 0.010172282345592976 685
1615346485684 0.01008722186088562 686
1615346520080 0.008413039147853851 687
1615346554539 0.012648497708141804 688
1615346589285 0.013592740520834923 689
1615346625891 0.012238966301083565 690
1615346660433 0.010251659899950027 691
1615346694858 0.008793971501290798 692
1615346729145 0.010277495719492435 693
1615346763451 0.010777078568935394 694
1615346797731 0.011084317229688168 695
1615346832097 0.009738272987306118 696
1615346866600 0.009983034804463387 697
1615346900889 0.01096020545810461 698
1615346935635 0.011022016406059265 699
1615346971647 0.009916878305375576 700
1615347005959 0.011294878087937832 701
1615347040235 0.010518623515963554 702
1615347074504 0.009489044547080994 703
1615347108796 0.011176150292158127 704
1615347143076 0.010572904720902443 705
1615347177368 0.01042582280933857 706
1615347211778 0.01184915006160736 707
1615347246117 0.009256906807422638 708
1615347280782 0.010526228696107864 709
1615347317235 0.01082590688019991 710
1615347351915 0.009993398562073708 711
1615347386534 0.009824400767683983 712
1615347421019 0.01037922129034996 713
1615347455416 0.010731769725680351 714
1615347489742 0.010946275666356087 715
1615347524011 0.012400992214679718 716
1615347558411 0.008962256833910942 717
1615347592718 0.009161590598523617 718
1615347627308 0.00990583747625351 719
1615347663545 0.01057456899434328 720
1615347697775 0.01123686321079731 721
1615347733776 0.012655266560614109 722
1615347768031 0.010611800476908684 723
1615347802317 0.009866630658507347 724
1615347836656 0.012169744819402695 725
1615347870928 0.009529294446110725 726
1615347905327 0.007797444239258766 727
1615347939669 0.011166127398610115 728
1615347973978 0.008870651014149189 729
1615348010087 0.008858909830451012 730
1615348044931 0.00959155336022377 731
1615348079516 0.010697053745388985 732
1615348113982 0.009561847895383835 733
1615348148352 0.01201857253909111 734
1615348182796 0.011276129633188248 735
1615348217229 0.010597050189971924 736
1615348251467 0.00886576622724533 737
1615348285953 0.010320769622921944 738
1615348320239 0.009141027927398682 739
1615348356102 0.012142214924097061 740
1615348390364 0.012592524290084839 741
1615348424901 0.009190713055431843 742
1615348459214 0.009211933240294456 743
1615348493725 0.007816344499588013 744
1615348528018 0.011061616241931915 745
1615348562334 0.009335112757980824 746
1615348596569 0.009884485974907875 747
1615348630838 0.010268411599099636 748
1615348665430 0.011523641645908356 749
1615348701691 0.010269958525896072 750
1615348736202 0.012585800141096115 751
1615348770574 0.011732225306332111 752
1615348805127 0.013099154457449913 753
1615348839870 0.010168854147195816 754
1615348874373 0.0104255061596632 755
1615348908918 0.009187677875161171 756
1615348943190 0.012354442849755287 757
1615348977749 0.010724654421210289 758
1615349012432 0.009190361946821213 759
1615349048502 0.010935449972748756 760
1615349082753 0.011550894007086754 761
1615349116949 0.010782118886709213 762
1615349151305 0.010997382923960686 763
1615349185624 0.010613723658025265 764
1615349219947 0.011803772300481796 765
1615349254151 0.009684758260846138 766
1615349288449 0.009819509461522102 767
1615349323077 0.010825803503394127 768
1615349357760 0.009126586839556694 769
1615349394904 0.010688192211091518 770
1615349429462 0.012002906762063503 771
1615349463797 0.011167237535119057 772
1615349498567 0.009008735418319702 773
1615349532927 0.011057092808187008 774
1615349567332 0.01275607943534851 775
1615349601820 0.009159580804407597 776
1615349636493 0.009529303759336472 777
1615349671366 0.01187882199883461 778
1615349706081 0.011544139124453068 779
1615349742195 0.00947235431522131 780
1615349776941 0.013762187212705612 781
1615349811444 0.009127124212682247 782
1615349845758 0.00890070665627718 783
1615349880105 0.01001359336078167 784
1615349914519 0.00898025743663311 785
1615349948816 0.0120470579713583 786
1615349983206 0.011353093199431896 787
1615350017476 0.010480200871825218 788
1615350052065 0.011380990967154503 789
1615350087950 0.010462449863553047 790
1615350122236 0.011053092777729034 791
1615350156388 0.010245533660054207 792
1615350190725 0.011665708385407925 793
1615350225114 0.00945855863392353 794
1615350259542 0.01026935875415802 795
1615350293936 0.010277347639203072 796
1615350328847 0.009565874002873898 797
1615350363333 0.011536115780472755 798
1615350398035 0.008258728310465813 799
1615350434100 0.010584020987153053 800
1615350468512 0.01158985123038292 801
1615350502772 0.011491585522890091 802
1615350537041 0.00947125069797039 803
1615350571377 0.009604733437299728 804
1615350605693 0.012314163148403168 805
1615350639992 0.010387944057583809 806
1615350674724 0.010890284553170204 807
1615350708994 0.011077163740992546 808
1615350743205 0.012422306463122368 809
1615350779080 0.010695970617234707 810
1615350813245 0.012302940711379051 811
1615350847607 0.010264437645673752 812
1615350881848 0.008956173434853554 813
1615350916159 0.009105438366532326 814
1615350950407 0.009987963363528252 815
1615350984908 0.011464391835033894 816
1615351019558 0.007602183148264885 817
1615351054417 0.011462971568107605 818
1615351089198 0.011908497661352158 819
1615351125513 0.01358066126704216 820
1615351160000 0.010162499733269215 821
1615351194361 0.011243386194109917 822
1615351228809 0.010345350950956345 823
1615351263159 0.010166740976274014 824
1615351297432 0.0117534464225173 825
1615351331901 0.009931342676281929 826
1615351366170 0.012030282989144325 827
1615351400732 0.009049233049154282 828
1615351434937 0.009298417717218399 829
1615351470813 0.011115502566099167 830
1615351505131 0.01187068223953247 831
1615351539341 0.009989086538553238 832
1615351573566 0.008528713136911392 833
1615351607948 0.010385975241661072 834
1615351642225 0.011000990867614746 835
1615351676456 0.010171163827180862 836
1615351710825 0.013244088739156723 837
1615351745327 0.010986430570483208 838
1615351780063 0.010870244354009628 839
1615351817048 0.009014977142214775 840
1615351851646 0.011700466275215149 841
1615351886370 0.010736210271716118 842
1615351921114 0.008460279554128647 843
1615351955334 0.009406907483935356 844
1615351989591 0.01071166805922985 845
1615352023850 0.009039191529154778 846
1615352058067 0.009132036939263344 847
1615352092352 0.010934870690107346 848
1615352126735 0.01366649940609932 849
1615352162863 0.010549968108534813 850
1615352197355 0.007889955304563046 851
1615352231822 0.007342278026044369 852
1615352266282 0.01249694637954235 853
1615352301142 0.010924696922302246 854
1615352335801 0.011090236715972424 855
1615352370302 0.011233435943722725 856
1615352404749 0.01124277338385582 857
1615352439068 0.009647738188505173 858
1615352473368 0.008918476291000843 859
1615352509370 0.009310953319072723 860
1615352543683 0.011924338527023792 861
1615352578109 0.010630371049046516 862
1615352612391 0.01259031891822815 863
1615352646631 0.012676279991865158 864
1615352681228 0.009535630233585835 865
1615352715512 0.012363115325570107 866
1615352749771 0.00902646780014038 867
1615352784046 0.013698632828891277 868
1615352818219 0.010617819614708424 869
1615352854073 0.008274641819298267 870
1615352888394 0.009911393746733665 871
1615352922651 0.01076193992048502 872
1615352957000 0.01243063434958458 873
1615352991850 0.011144229210913181 874
1615353026487 0.009488008916378021 875
1615353060972 0.010339861735701561 876
1615353095545 0.010907945223152637 877
1615353129897 0.01240605115890503 878
1615353164446 0.00902952067553997 879
1615353200797 0.00829961709678173 880
1615353235106 0.011166367679834366 881
1615353269499 0.009778987616300583 882
1615353303808 0.011382092721760273 883
1615353338118 0.010362660512328148 884
1615353372514 0.012262202799320221 885
1615353406969 0.012569479644298553 886
1615353441700 0.008024875074625015 887
1615353476008 0.009874792769551277 888
1615353510274 0.011325521394610405 889
1615353546245 0.009667464531958103 890
1615353580501 0.00847159419208765 891
1615353614942 0.01035250909626484 892
1615353649244 0.009187860414385796 893
1615353684103 0.009397448971867561 894
1615353718893 0.007095343433320522 895
1615353753391 0.011468149721622467 896
1615353787965 0.012171376496553421 897
1615353822370 0.00967943761497736 898
1615353856814 0.013175569474697113 899
1615353893373 0.009012071415781975 900
1615353927697 0.009497033432126045 901
1615353962081 0.008857550099492073 902
1615353996409 0.010736623778939247 903
1615354030731 0.009831856936216354 904
1615354064996 0.010712672956287861 905
1615354099321 0.010824844241142273 906
1615354134772 0.010874266736209393 907
1615354169358 0.010898668318986893 908
1615354204088 0.010703899897634983 909
1615354240181 0.00858752429485321 910
1615354274550 0.008837336674332619 911
1615354308801 0.011790490709245205 912
1615354344439 0.010608208365738392 913
1615354378747 0.008664380759000778 914
1615354413195 0.01286538876593113 915
1615354447548 0.009576532989740372 916
1615354482147 0.013495823368430138 917
1615354516513 0.010495062917470932 918
1615354550835 0.010261258110404015 919
1615354586783 0.009957089088857174 920
1615354621054 0.010754972696304321 921
1615354655254 0.009320257231593132 922
1615354689522 0.011332109570503235 923
1615354723814 0.00836043432354927 924
1615354758064 0.010647766292095184 925
1615354792661 0.008733795955777168 926
1615354827461 0.009352222084999084 927
1615354862148 0.010675965808331966 928
1615354896610 0.010049812495708466 929
1615354932716 0.012910142540931702 930
1615354967488 0.009934334084391594 931
1615355001736 0.00986818503588438 932
1615355036050 0.010706388391554356 933
1615355070392 0.012175913900136948 934
1615355104749 0.010030725970864296 935
1615355139021 0.013172293081879616 936
1615355173267 0.012938577681779861 937
1615355207622 0.010751585476100445 938
1615355242101 0.011277309618890285 939
1615355278754 0.0102342264726758 940
1615355313201 0.012097366154193878 941
1615355347932 0.011834521777927876 942
1615355382448 0.011215686798095703 943
1615355416935 0.010095365345478058 944
1615355451341 0.009552826173603535 945
1615355485701 0.008507848717272282 946
1615355519991 0.013913953676819801 947
1615355554439 0.009112933650612831 948
1615355588864 0.008467519655823708 949
1615355625228 0.010413816198706627 950
1615355659613 0.01034774724394083 951
1615355693888 0.008869876153767109 952
1615355728207 0.009290245361626148 953
1615355762459 0.009070593863725662 954
1615355796619 0.011605561710894108 955
1615355830956 0.00843440368771553 956
1615355865482 0.010637795552611351 957
1615355900047 0.008937649428844452 958
1615355934744 0.009926306083798409 959
1615355971160 0.012911483645439148 960
1615356005692 0.010420671664178371 961
1615356040327 0.00957550574094057 962
1615356074787 0.010511687025427818 963
1615356109178 0.009337635710835457 964
1615356143994 0.008709575980901718 965
1615356178309 0.010732966475188732 966
1615356212658 0.009439725428819656 967
1615356246934 0.008375776000320911 968
1615356281246 0.009958485141396523 969
1615356317234 0.012545772828161716 970
1615356351434 0.009029960259795189 971
1615356385755 0.010255012661218643 972
1615356420032 0.010377291589975357 973
1615356454261 0.010336548089981079 974
1615356488665 0.011059440672397614 975
1615356522981 0.008671439252793789 976
1615356557302 0.008873864077031612 977
1615356591611 0.012095863930881023 978
1615356625957 0.009843891486525536 979
1615356661997 0.012881170958280563 980
1615356696558 0.01128985546529293 981
1615356731769 0.010962948203086853 982
1615356766242 0.010630249977111816 983
1615356800826 0.008280988782644272 984
1615356835325 0.009461533278226852 985
1615356869616 0.009618561714887619 986
1615356903883 0.009655334055423737 987
1615356938534 0.00935710035264492 988
1615356972844 0.00900878757238388 989
1615357008741 0.01014993991702795 990
1615357043057 0.01080805342644453 991
1615357077325 0.00922364741563797 992
1615357111626 0.010443376377224922 993
1615357145897 0.00866551510989666 994
1615357180182 0.008130909875035286 995
1615357214597 0.009320003911852837 996
1615357249033 0.007532297167927027 997
1615357283561 0.010309578850865364 998
1615357318054 0.010669946670532227 999
1615357354180 0.009457792155444622 1000
1615357388709 0.008980382233858109 1001
1615357423218 0.009154247120022774 1002
1615357457647 0.010545381344854832 1003
1615357492093 0.011125200428068638 1004
1615357526700 0.01086982898414135 1005
1615357561035 0.011545793153345585 1006
1615357595363 0.009951690211892128 1007
1615357629923 0.010633371770381927 1008
1615357664165 0.013805882073938847 1009
1615357700085 0.010853094048798084 1010
1615357734415 0.008399969898164272 1011
1615357768640 0.009258478879928589 1012
1615357803039 0.011805295944213867 1013
1615357837329 0.009896313771605492 1014
1615357871531 0.010322783142328262 1015
1615357905813 0.011900574900209904 1016
1615357940233 0.010631648823618889 1017
1615357974831 0.00855184718966484 1018
1615358009561 0.009555326774716377 1019
1615358045739 0.009967590682208538 1020
1615358080387 0.011169067583978176 1021
1615358114774 0.013127986341714859 1022
1615358149191 0.009254513308405876 1023
1615358183944 0.009668264538049698 1024
1615358218322 0.011992808431386948 1025
1615358252984 0.008667955175042152 1026
1615358287273 0.01047670841217041 1027
1615358321603 0.010446363128721714 1028
1615358355941 0.009636450558900833 1029
1615358391826 0.01093283947557211 1030
1615358426136 0.010851317085325718 1031
1615358460430 0.011075031012296677 1032
1615358494741 0.010000055655837059 1033
1615358529239 0.008748874068260193 1034
1615358563612 0.009023459628224373 1035
1615358598132 0.009835619479417801 1036
1615358632772 0.0096682608127594 1037
1615358667167 0.010776691138744354 1038
1615358701830 0.0106592308729887 1039
1615358738231 0.011172297410666943 1040
1615358772630 0.008253725245594978 1041
1615358806960 0.010316376574337482 1042
1615358841484 0.009409099817276001 1043
1615358875849 0.011017793789505959 1044
1615358910173 0.009255880489945412 1045
1615358944759 0.010121932253241539 1046
1615358979066 0.011445877142250538 1047
1615359013382 0.010086500085890293 1048
1615359047721 0.01121114008128643 1049
1615359083570 0.010196313261985779 1050
1615359117828 0.011265122331678867 1051
1615359155312 0.011822781525552273 1052
1615359189757 0.009133034385740757 1053
1615359224339 0.010757219046354294 1054
1615359258820 0.01033114455640316 1055
1615359293322 0.008607974275946617 1056
1615359327694 0.00852883979678154 1057
1615359362290 0.01283443532884121 1058
1615359396703 0.012946674600243568 1059
1615359432702 0.010423784144222736 1060
1615359467087 0.009391440078616142 1061
1615359501687 0.010957751423120499 1062
1615359536244 0.01223674975335598 1063
1615359570539 0.012231716886162758 1064
1615359604922 0.010880179703235626 1065
1615359639280 0.01096869446337223 1066
1615359673621 0.011318091303110123 1067
1615359707929 0.010508280247449875 1068
1615359742890 0.00903318915516138 1069
1615359779649 0.011464463546872139 1070
1615359814317 0.010032044723629951 1071
1615359848818 0.012568820267915726 1072
1615359883226 0.010954510420560837 1073
1615359917557 0.010671306401491165 1074
1615359951950 0.008960932493209839 1075
1615359986523 0.009838348254561424 1076
1615360020829 0.011768165044486523 1077
1615360055405 0.01001272164285183 1078
1615360089658 0.010383917018771172 1079
1615360125567 0.01085103489458561 1080
1615360159839 0.011680283583700657 1081
1615360194118 0.013114241883158684 1082
1615360228453 0.011727471835911274 1083
1615360262687 0.011949172243475914 1084
1615360296995 0.011365879327058792 1085
1615360331320 0.009499014355242252 1086
1615360365601 0.009295660071074963 1087
1615360399942 0.009577156975865364 1088
1615360434406 0.010686095803976059 1089
1615360470546 0.009769713506102562 1090
1615360505388 0.009531065821647644 1091
1615360540035 0.010479642078280449 1092
1615360574592 0.009688977152109146 1093
1615360609089 0.011843664571642876 1094
1615360643477 0.00928613729774952 1095
1615360677946 0.00872357003390789 1096
1615360712304 0.011901212856173515 1097
1615360746712 0.01003305520862341 1098
1615360781202 0.008527668192982674 1099
1615360817480 0.0094402264803648 1100
1615360851921 0.008805423974990845 1101
1615360886373 0.010789865627884865 1102
1615360920749 0.009000197052955627 1103
1615360955062 0.010235114023089409 1104
1615360989472 0.011878307908773422 1105
1615361023793 0.008924365043640137 1106
1615361058150 0.010932506062090397 1107
1615361092495 0.009324530139565468 1108
1615361126865 0.009314028546214104 1109
1615361163012 0.007710785139352083 1110
1615361197661 0.010714991949498653 1111
1615361232425 0.012024998664855957 1112
1615361267013 0.010674643330276012 1113
1615361301457 0.009082680568099022 1114
1615361335937 0.010098977014422417 1115
1615361370264 0.008237689733505249 1116
1615361404643 0.010014730505645275 1117
1615361439037 0.009570170193910599 1118
1615361473331 0.011942606419324875 1119
1615361510422 0.010759323835372925 1120
1615361544706 0.010108349844813347 1121
1615361579030 0.009284814819693565 1122
1615361613282 0.009187854826450348 1123
1615361647804 0.009239446371793747 1124
1615361682236 0.009350760839879513 1125
1615361716454 0.00957517884671688 1126
1615361750778 0.008563049137592316 1127
1615361785224 0.009874105453491211 1128
1615361819678 0.009389784187078476 1129
1615361856079 0.00847967155277729 1130
1615361890974 0.011633668094873428 1131
1615361925568 0.008025641553103924 1132
1615361960024 0.010418612509965897 1133
1615361994634 0.009569171816110611 1134
1615362029173 0.010403956286609173 1135
1615362063615 0.00829472579061985 1136
1615362097989 0.00970376841723919 1137
1615362132350 0.009944689460098743 1138
1615362166683 0.010434949770569801 1139
1615362202882 0.01149702351540327 1140
1615362237267 0.01051096711307764 1141
1615362272053 0.011499056592583656 1142
1615362306416 0.010362669825553894 1143
1615362340703 0.01057484745979309 1144
1615362375032 0.009277976118028164 1145
1615362409351 0.011762792244553566 1146
1615362443694 0.007691588252782822 1147
1615362478050 0.010355323553085327 1148
1615362512400 0.010803327895700932 1149
1615362548290 0.010542957112193108 1150
1615362582583 0.010576561093330383 1151
1615362616929 0.010280749760568142 1152
1615362651336 0.010056423023343086 1153
1615362685755 0.01160759013146162 1154
1615362720345 0.01050267368555069 1155
1615362755407 0.00903091486543417 1156
1615362790153 0.010623986832797527 1157
1615362824544 0.010223163291811943 1158
1615362858959 0.012338757514953613 1159
1615362895322 0.010674655437469482 1160
1615362929655 0.010160944424569607 1161
1615362964065 0.007790303789079189 1162
1615362998566 0.008618188090622425 1163
1615363032866 0.01007173117250204 1164
1615363067187 0.012251177802681923 1165
1615363101438 0.009600119665265083 1166
1615363135787 0.010504696518182755 1167
1615363170193 0.011362774297595024 1168
1615363204668 0.009634587913751602 1169
1615363240604 0.009020471014082432 1170
1615363274927 0.009812342002987862 1171
1615363309207 0.010599665343761444 1172
1615363343559 0.011617586016654968 1173
1615363377832 0.011083662509918213 1174
1615363412256 0.01007472351193428 1175
1615363446540 0.008262019604444504 1176
1615363480899 0.007822654210031033 1177
1615363516023 0.010791249573230743 1178
1615363550723 0.009645793586969376 1179
1615363587385 0.010255610570311546 1180
1615363622039 0.008848447352647781 1181
1615363656469 0.011448143050074577 1182
1615363690868 0.010245304554700851 1183
1615363725300 0.008996586315333843 1184
1615363759735 0.010141279548406601 1185
1615363794143 0.01076086238026619 1186
1615363828560 0.01026084553450346 1187
1615363863240 0.010685916990041733 1188
1615363897447 0.007729616481810808 1189
1615363933330 0.009662000462412834 1190
1615363967727 0.008931032381951809 1191
1615364002084 0.007800032384693623 1192
1615364036585 0.010298850014805794 1193
1615364071235 0.01036743726581335 1194
1615364105723 0.011501404456794262 1195
1615364140293 0.009881660342216492 1196
1615364174775 0.010219963267445564 1197
1615364209350 0.010009480640292168 1198
1615364243783 0.009215900674462318 1199
1615364279692 0.011836562305688858 1200
1615364304829 0.00916534848511219 0
1615364304842 0.00916534848511219 0
