1615722325369 0.004273775964975357 1
1615722360051 0.0007569193840026855 2
1615722394538 0.0012764111161231995 3
1615722428890 0.0003194152086507529 4
1615722463112 8.264924690593034e-05 5
1615722497449 0.0004880707710981369 6
1615722532196 3.461101368884556e-05 7
1615722566935 4.483260454435367e-06 8
1615722601886 5.094857897347538e-06 9
1615722640523 5.841236998094246e-05 10
1615722675196 4.003621597803431e-06 11
1615722709837 2.7087585294793826e-06 12
1615722744582 9.64179853326641e-05 13
1615722778787 0.00026974105276167393 14
1615722812991 1.3015015611017589e-05 15
1615722847855 0.0 16
1615722882233 0.0 17
1615722916853 3.75871218238899e-06 18
1615722951668 0.0 19
1615722991052 4.06221687399011e-07 20
1615723025854 0.0 21
1615723060936 0.0 22
1615723095857 0.0 23
1615723130491 0.0 24
1615723165466 0.0 25
1615723200040 2.2809599613538012e-05 26
1615723234201 0.0 27
1615723268393 0.0 28
1615723302545 0.0 29
1615723341967 0.0 30
1615723376708 0.0 31
1615723411054 0.0 32
1615723445600 0.0 33
1615723480138 0.0 34
1615723514944 0.0 35
1615723549177 0.0 36
1615723584003 0.0 37
1615723618820 0.0 38
1615723653443 0.0 39
1615723692831 0.0 40
1615723727262 0.0 41
1615723761464 0.0 42
1615723796279 0.0 43
1615723830897 0.0 44
1615723865655 0.0 45
1615723900388 0.0 46
1615723934574 0.0 47
1615723968684 0.0 48
1615724003474 0.0 49
1615724042400 0.0 50
1615724077056 0.0 51
1615724112035 0.0 52
1615724146655 0.0 53
1615724181032 0.0 54
1615724215986 0.0 55
1615724250910 0.0 56
1615724285323 0.0 57
1615724319735 0.0 58
1615724354487 0.0 59
1615724394103 0.0 60
1615724428354 0.0 61
1615724463050 0.0 62
1615724497214 0.0 63
1615724532015 0.0 64
1615724566881 0.0 65
1615724601584 0.0 66
1615724636102 7.712691513006575e-06 67
1615724670584 3.5386990930419415e-05 68
1615724705444 0.0 69
1615724744483 0.0 70
1615724779104 0.0 71
1615724813811 0.0 72
1615724848649 0.0 73
1615724883142 0.0 74
1615724917716 0.0 75
1615724952330 0.0 76
1615724986830 0.0 77
1615725021636 0.0 78
1615725055895 0.0 79
1615725095172 0.0 80
1615725129419 0.0 81
1615725163740 0.0 82
1615725198522 0.0 83
1615725233204 0.0 84
1615725267873 0.0029147763270884752 85
1615725302230 0.0 86
1615725337078 0.0 87
1615725371857 0.0 88
1615725406634 0.0 89
1615725446120 0.0 90
1615725481200 0.0 91
1615725515734 0.0 92
1615725549977 0.0 93
1615725584291 0.0 94
1615725618966 1.6294209217448952e-06 95
1615725654147 0.0 96
1615725688905 3.692523762310884e-07 97
1615725723589 0.0 98
1615725757773 0.0 99
1615725796469 0.0 100
1615725830822 0.0 101
1615725865429 0.0 102
1615725900292 0.0 103
1615725934744 0.0 104
1615725969160 0.0 105
1615726003977 7.010164699750021e-05 106
1615726038395 0.0 107
1615726073139 0.0 108
1615726108041 8.972748764790595e-05 109
1615726146986 1.5833431916689733e-06 110
1615726181535 0.0 111
1615726215938 0.0 112
1615726250794 0.0 113
1615726284990 0.0 114
1615726319096 0.0 115
1615726353643 0.0 116
1615726388149 0.0 117
1615726422627 0.0 118
1615726457372 7.428146636812016e-05 119
1615726496521 0.0 120
1615726531099 0.0 121
1615726565865 0.0 122
1615726600602 1.5647003237972967e-05 123
1615726635245 0.0 124
1615726669886 0.0 125
1615726704328 0.0 126
1615726738589 0.0 127
1615726773283 0.0 128
1615726808123 0.0 129
1615726846838 0.0 130
1615726881348 0.00037492907722480595 131
1615726915708 0.00013654649956151843 132
1615726950296 0.0005121451686136425 133
1615726984647 0.0054239071905612946 134
1615727019209 1.54156095959479e-05 135
1615727053906 5.238512676442042e-05 136
1615727088455 0.0 137
1615727122672 0.0012757895747199655 138
1615727157441 0.0 139
1615727196121 0.0 140
1615727230676 2.603606617412879e-06 141
1615727265066 0.0 142
1615727299861 0.0 143
1615727334350 0.0 144
1615727369234 0.0 145
1615727403863 0.0 146
1615727438688 5.082462666905485e-05 147
1615727473195 0.0020806582178920507 148
1615727508010 0.0 149
1615727547463 0.0 150
1615727582608 5.2673778554890305e-05 151
1615727617304 0.0 152
1615727651834 0.0 153
1615727686113 0.0027320566587150097 154
1615727720921 0.0 155
1615727755505 0.0 156
1615727789686 0.0 157
1615727824019 0.0 158
1615727858743 0.0 159
1615727897649 0.0 160
1615727932459 0.0 161
1615727967204 0.0 162
1615728002092 0.0 163
1615728036527 3.6609922062780242e-06 164
1615728070892 0.0 165
1615728105709 0.0 166
1615728140525 0.0003961502225138247 167
1615728175720 5.538363438972738e-06 168
1615728210113 4.0974427975015715e-05 169
1615728249418 2.5611005185055546e-05 170
1615728283798 0.0 171
1615728318627 0.00030997866997495294 172
1615728352904 0.0006287064170464873 173
1615728387507 3.2784042559796944e-05 174
1615728422235 2.483484877302544e-06 175
1615728456669 0.0019678932148963213 176
1615728491519 0.0005438729422166944 177
1615728526396 0.0 178
1615728560854 0.0 179
1615728599965 0.0 180
1615728634806 0.0 181
1615728669554 0.0 182
1615728704099 0.0 183
1615728738605 0.0 184
1615728773446 0.0 185
1615728807803 0.0 186
1615728841986 0.0 187
1615728876734 5.05560492456425e-05 188
1615728911336 0.00035144633147865534 189
1615728950338 7.80972623033449e-05 190
1615728985221 0.0 191
1615729020049 0.00017572306387592107 192
1615729054874 8.299100045405794e-06 193
1615729089445 0.0 194
1615729123812 0.0 195
1615729158879 0.0 196
1615729193747 0.0 197
1615729227987 4.16202747146599e-05 198
1615729262642 0.0 199
1615729301055 2.0777190002263524e-05 200
1615729335407 0.001878990326076746 201
1615729370031 0.0 202
1615729404648 0.0 203
1615729439079 0.0 204
1615729473367 0.0 205
1615729508291 0.0 206
1615729542708 0.0 207
1615729577192 0.0 208
1615729612247 0.0002868610026780516 209
1615729651462 0.0 210
1615729686266 0.0 211
1615729720852 0.0 212
1615729755579 0.0 213
1615729789754 9.044607395480853e-06 214
1615729824524 0.001156974001787603 215
1615729859350 6.666592980764108e-06 216
1615729894054 0.00017132703214883804 217
1615729928401 0.00013362446043174714 218
1615729962581 0.005792530253529549 219
1615730001360 1.2733771654893644e-05 220
1615730036509 0.0014521986013278365 221
1615730071536 0.002250000834465027 222
1615730106424 0.0 223
1615730141064 0.0004643907304853201 224
1615730175934 2.3934896944410866e-06 225
1615730210677 7.352671218541218e-07 226
1615730245078 0.0 227
1615730279303 0.0001094163817469962 228
1615730313641 0.0 229
1615730352396 0.0001424678775947541 230
1615730387294 0.0009534192504361272 231
1615730422181 9.562159539200366e-05 232
1615730456810 0.0008318460895679891 233
1615730491543 0.0026270351372659206 234
1615730526154 0.002870401367545128 235
1615730560439 4.309533323976211e-05 236
1615730595480 0.00019718352996278554 237
1615730630254 6.278325599851087e-05 238
1615730665107 0.00019784164032898843 239
1615730704247 0.0021834159269928932 240
1615730738828 0.0018266977276653051 241
1615730773228 0.00031901421607472 242
1615730807928 0.008413788862526417 243
1615730842683 0.0011319934856146574 244
1615730877245 0.0008246356155723333 245
1615730911530 0.0097965057939291 246
1615730946214 0.009451232850551605 247
1615730980932 0.0029923489782959223 248
1615731015719 0.0020488370209932327 249
1615731055242 0.001569274696521461 250
1615731090142 0.012102887034416199 251
1615731124618 0.004156417213380337 252
1615731159101 0.017070317640900612 253
1615731193948 0.0017999317497015 254
1615731228679 0.00772903673350811 255
1615731262907 0.0005436301580630243 256
1615731297558 0.01926000416278839 257
1615731331861 0.0054291728883981705 258
1615731366707 0.01927608624100685 259
1615731406264 0.011150487698614597 260
1615731441389 0.005966627039015293 261
1615731476181 0.024562232196331024 262
1615731510887 0.009690871462225914 263
1615731545205 0.012842562049627304 264
1615731580101 0.013505158014595509 265
1615731614330 0.007948474958539009 266
1615731648579 0.0025277792010456324 267
1615731683518 0.008602834306657314 268
1615731718354 0.022534051910042763 269
1615731757937 0.011029209941625595 270
1615731792183 0.0038366452790796757 271
1615731827037 0.002612309530377388 272
1615731861722 0.028438275679945946 273
1615731896208 0.036671336740255356 274
1615731930733 0.04688819497823715 275
1615731965026 0.01046867948025465 276
1615731999481 0.019883833825588226 277
1615732034116 0.011522233486175537 278
1615732068571 0.010852192528545856 279
1615732107454 0.02056717500090599 280
1615732141783 0.008124913088977337 281
1615732176292 0.04710223525762558 282
1615732211089 0.02834068052470684 283
1615732245844 0.01276342011988163 284
1615732280434 0.03288579732179642 285
1615732315390 0.0274881012737751 286
1615732350268 0.009632021188735962 287
1615732384594 0.005785917863249779 288
1615732419108 0.003130049677565694 289
1615732458731 0.019082307815551758 290
1615732493780 0.025241568684577942 291
1615732528155 0.024823686107993126 292
1615732562597 0.038071658462285995 293
1615732597633 0.04402299225330353 294
1615732632408 0.02373930998146534 295
1615732666836 0.014592595398426056 296
1615732701143 0.002758568152785301 297
1615732735471 0.019634205847978592 298
1615732770233 0.02358654886484146 299
1615732809046 0.02366025000810623 300
1615732843321 0.027103103697299957 301
1615732877658 0.02930406853556633 302
1615732912437 0.028797419741749763 303
1615732947180 0.05075280740857124 304
1615732981651 0.0073576983995735645 305
1615733016257 0.022031094878911972 306
1615733051153 0.059838879853487015 307
1615733085938 0.03798571228981018 308
1615733120345 0.031311050057411194 309
1615733159191 0.023279085755348206 310
1615733193901 0.044852472841739655 311
1615733228962 0.024045053869485855 312
1615733263739 0.05057016760110855 313
1615733298484 0.024970637634396553 314
1615733333241 0.029253952205181122 315
1615733367748 0.03595111519098282 316
1615733402262 0.011684132739901543 317
1615733437088 0.03786487877368927 318
1615733471973 0.023567911237478256 319
1615733510896 0.050863057374954224 320
1615733545695 0.027750249952077866 321
1615733580147 0.03275172784924507 322
1615733614787 0.04181200638413429 323
1615733649481 0.044092170894145966 324
1615733684061 0.025238974019885063 325
1615733718845 0.03357873857021332 326
1615733753314 0.04168180748820305 327
1615733788371 0.047561950981616974 328
1615733823253 0.06798015534877777 329
1615733862217 0.045042797923088074 330
1615733896902 0.05199485644698143 331
1615733932242 0.05189983546733856 332
1615733966642 0.05660196393728256 333
1615734000870 0.048888131976127625 334
1615734035211 0.049753934144973755 335
1615734069639 0.1335233449935913 336
1615734104441 0.06463660299777985 337
1615734139294 0.08656860888004303 338
1615734174185 0.06965382397174835 339
1615734213513 0.06055951118469238 340
1615734248202 0.06736379861831665 341
1615734282714 0.09354464709758759 342
1615734317420 0.08346244692802429 343
1615734352091 0.03477353975176811 344
1615734387317 0.0752769410610199 345
1615734421857 0.03610504791140556 346
1615734456123 0.030558357015252113 347
1615734490460 0.06837636977434158 348
1615734525117 0.06658471375703812 349
1615734563830 0.05492907017469406 350
1615734598610 0.07863292098045349 351
1615734633342 0.07327349483966827 352
1615734667773 0.052726179361343384 353
1615734702473 0.09689586609601974 354
1615734737564 0.06889685988426208 355
1615734772129 0.04855673760175705 356
1615734807007 0.06592497229576111 357
1615734841643 0.04513656720519066 358
1615734876484 0.05200865864753723 359
1615734915994 0.04027603566646576 360
1615734950393 0.06533762812614441 361
1615734985010 0.06611557304859161 362
1615735019550 0.06931085139513016 363
1615735054275 0.04344523698091507 364
1615735088557 0.061192721128463745 365
1615735122837 0.04485999420285225 366
1615735157334 0.03717201203107834 367
1615735191700 0.07308396697044373 368
1615735226582 0.030817557126283646 369
1615735265483 0.050320401787757874 370
1615735299973 0.06027587130665779 371
1615735335133 0.0618097260594368 372
1615735369731 0.05233965069055557 373
1615735404235 0.0407363623380661 374
1615735439026 0.06645866483449936 375
1615735474278 0.03877394646406174 376
1615735508568 0.045235875993967056 377
1615735543100 0.03371088579297066 378
1615735577768 0.0551452711224556 379
1615735616941 0.06548774242401123 380
1615735651666 0.051863893866539 381
1615735686353 0.08706924319267273 382
1615735720815 0.05104898661375046 383
1615735755636 0.09322923421859741 384
1615735790497 0.06316058337688446 385
1615735825337 0.06123621016740799 386
1615735860283 0.05933966487646103 387
1615735895167 0.05369279533624649 388
1615735929679 0.05356026440858841 389
1615735968868 0.08041556924581528 390
1615736003735 0.032597292214632034 391
1615736038561 0.04045632854104042 392
1615736072967 0.07823510468006134 393
1615736108179 0.08901543915271759 394
1615736142948 0.05330134183168411 395
1615736177446 0.04835141822695732 396
1615736212097 0.06919382512569427 397
1615736246796 0.06370330601930618 398
1615736281268 0.04594351351261139 399
1615736320252 0.03338077291846275 400
1615736354844 0.06962446868419647 401
1615736389629 0.06694042682647705 402
1615736424200 0.06096616014838219 403
1615736458651 0.08666068315505981 404
1615736493142 0.07239335775375366 405
1615736527562 0.060502346605062485 406
1615736562425 0.07722937315702438 407
1615736597127 0.07870898395776749 408
1615736631755 0.09183897078037262 409
1615736671130 0.05821935832500458 410
1615736705760 0.09494639933109283 411
1615736740444 0.09134762734174728 412
1615736774927 0.08818262070417404 413
1615736809390 0.06544994562864304 414
1615736844257 0.07502012699842453 415
1615736879376 0.09802266955375671 416
1615736914238 0.04614131152629852 417
1615736949495 0.089150071144104 418
1615736983999 0.11423380672931671 419
1615737023375 0.06980070471763611 420
1615737058166 0.09345461428165436 421
1615737092430 0.08479452133178711 422
1615737127335 0.08532281219959259 423
1615737161502 0.09588821232318878 424
1615737195780 0.07157766819000244 425
1615737230452 0.07940234243869781 426
1615737264718 0.1443435251712799 427
1615737299644 0.06994682550430298 428
1615737334233 0.0754391998052597 429
1615737373335 0.03986196219921112 430
1615737408277 0.05572653189301491 431
1615737443083 0.10029463469982147 432
1615737477457 0.04429243505001068 433
1615737511994 0.06385547667741776 434
1615737547047 0.05354277789592743 435
1615737581694 0.06708728522062302 436
1615737616120 0.07812893390655518 437
1615737650837 0.11019060015678406 438
1615737685090 0.11999007314443588 439
1615737724117 0.08885115385055542 440
1615737759006 0.05984778702259064 441
1615737793422 0.09372813999652863 442
1615737828228 0.06534090638160706 443
1615737862975 0.07625293731689453 444
1615737897812 0.07641126215457916 445
1615737932181 0.06540188193321228 446
1615737966425 0.08238965272903442 447
1615738001086 0.04107707366347313 448
1615738035892 0.08299984782934189 449
1615738074890 0.09339368343353271 450
1615738109442 0.08267536014318466 451
1615738144090 0.11294052749872208 452
1615738178805 0.09508905559778214 453
1615738213436 0.07595236599445343 454
1615738247990 0.11422353982925415 455
1615738282217 0.0821886733174324 456
1615738317212 0.0764198824763298 457
1615738352361 0.04473043233156204 458
1615738387444 0.07278906553983688 459
1615738426845 0.10578101873397827 460
1615738461590 0.08675415813922882 461
1615738495894 0.11138541996479034 462
1615738530825 0.11503876745700836 463
1615738565081 0.078773632645607 464
1615738599883 0.09182091057300568 465
1615738634981 0.04550333321094513 466
1615738669835 0.15336304903030396 467
1615738704476 0.12642106413841248 468
1615738739013 0.08713530004024506 469
1615738778369 0.07088786363601685 470
1615738812587 0.06006809324026108 471
1615738846983 0.08116648346185684 472
1615738881479 0.0992608442902565 473
1615738915824 0.09038281440734863 474
1615738950611 0.08478621393442154 475
1615738985092 0.09019747376441956 476
1615739019780 0.056025926023721695 477
1615739055140 0.11120503395795822 478
1615739091304 0.12542837858200073 479
1615739131032 0.07608985155820847 480
1615739166863 0.0925443172454834 481
1615739201121 0.13709789514541626 482
1615739235336 0.06797148287296295 483
1615739270182 0.09651981294155121 484
1615739304951 0.13312315940856934 485
1615739339216 0.07430306822061539 486
1615739374006 0.10766123235225677 487
1615739408728 0.07167556881904602 488
1615739443268 0.1358908712863922 489
1615739482210 0.0992446094751358 490
1615739516427 0.07993081212043762 491
1615739551254 0.08777393400669098 492
1615739585642 0.12293467670679092 493
1615739620368 0.07090097665786743 494
1615739655315 0.08509193360805511 495
1615739690306 0.10779683291912079 496
1615739725446 0.09888467192649841 497
1615739760245 0.08388960361480713 498
1615739795017 0.08536528795957565 499
1615739834349 0.10934220254421234 500
1615739868602 0.1246117353439331 501
1615739904005 0.05657094344496727 502
1615739938422 0.12846139073371887 503
1615739972774 0.08057431876659393 504
1615740007591 0.09823247790336609 505
1615740042225 0.06528756022453308 506
1615740077130 0.12007594108581543 507
1615740111754 0.07192002236843109 508
1615740146303 0.12406831979751587 509
1615740185630 0.09366244077682495 510
1615740220476 0.056263938546180725 511
1615740255360 0.10528813302516937 512
1615740290579 0.12403172254562378 513
1615740325248 0.08495762944221497 514
1615740359643 0.0918230414390564 515
1615740394039 0.09272302687168121 516
1615740428753 0.10882249474525452 517
1615740463636 0.08751460909843445 518
1615740498126 0.10572084784507751 519
1615740536914 0.10877163708209991 520
1615740571904 0.11238690465688705 521
1615740606885 0.10658957064151764 522
1615740641651 0.08696164190769196 523
1615740676962 0.12118133157491684 524
1615740711754 0.10702535510063171 525
1615740746503 0.07041864097118378 526
1615740781217 0.11139270663261414 527
1615740815404 0.12464134395122528 528
1615740849920 0.12158609926700592 529
1615740888682 0.11010964214801788 530
1615740923480 0.10491494834423065 531
1615740957708 0.11879533529281616 532
1615740992305 0.10451534390449524 533
1615741026860 0.08381873369216919 534
1615741061470 0.13539466261863708 535
1615741096476 0.13739638030529022 536
1615741131037 0.1055905669927597 537
1615741165901 0.11231539398431778 538
1615741200586 0.09937653690576553 539
1615741240148 0.1547340452671051 540
1615741274615 0.11111101508140564 541
1615741309148 0.07596579194068909 542
1615741344197 0.09672372043132782 543
1615741378970 0.11395686864852905 544
1615741413204 0.12278302013874054 545
1615741447488 0.0847458690404892 546
1615741481778 0.10101328790187836 547
1615741516653 0.12861593067646027 548
1615741551366 0.12230591475963593 549
1615741589755 0.09164112061262131 550
1615741624540 0.07815763354301453 551
1615741658742 0.11539850383996964 552
1615741693496 0.10334564745426178 553
1615741728254 0.10083668678998947 554
1615741762774 0.13311073184013367 555
1615741797216 0.06435785442590714 556
1615741831798 0.10961250960826874 557
1615741866585 0.09905916452407837 558
1615741900780 0.08050577342510223 559
1615741940693 0.13146066665649414 560
1615741975275 0.11621410399675369 561
1615742009709 0.04495915398001671 562
1615742044436 0.08737915754318237 563
1615742079198 0.10529343038797379 564
1615742113569 0.09762042760848999 565
1615742148445 0.13950864970684052 566
1615742183444 0.1558198183774948 567
1615742218064 0.0981743335723877 568
1615742252677 0.1108546257019043 569
1615742291115 0.086366206407547 570
1615742326172 0.08932723850011826 571
1615742361113 0.08761920034885406 572
1615742395789 0.14944390952587128 573
1615742430032 0.13096341490745544 574
1615742464939 0.13992168009281158 575
1615742499756 0.1407216638326645 576
1615742534440 0.12666621804237366 577
1615742569394 0.11629809439182281 578
1615742604423 0.09441988170146942 579
1615742643556 0.08559666574001312 580
1615742678416 0.1498691737651825 581
1615742713245 0.13607043027877808 582
1615742747984 0.14940305054187775 583
1615742782856 0.07409289479255676 584
1615742817575 0.13419696688652039 585
1615742852690 0.11371029168367386 586
1615742886906 0.09733240306377411 587
1615742921353 0.14752459526062012 588
1615742955743 0.14450258016586304 589
1615742994490 0.12944994866847992 590
1615743028887 0.09616439789533615 591
1615743063418 0.09002220630645752 592
1615743098225 0.1327371597290039 593
1615743133012 0.12175129354000092 594
1615743167820 0.11554387211799622 595
1615743202215 0.1288684457540512 596
1615743236991 0.11717142909765244 597
1615743271795 0.12872005999088287 598
1615743306589 0.08566343039274216 599
1615743346518 0.14644120633602142 600
1615743381046 0.11781179904937744 601
1615743415874 0.09131597727537155 602
1615743450100 0.12593168020248413 603
1615743484815 0.05937914550304413 604
1615743519607 0.08868762850761414 605
1615743553912 0.12121859192848206 606
1615743588317 0.1378118097782135 607
1615743622721 0.1625984162092209 608
1615743657151 0.09662149846553802 609
1615743696624 0.14657731354236603 610
1615743731885 0.12073417752981186 611
1615743767098 0.1325635462999344 612
1615743801424 0.0754428431391716 613
1615743835737 0.11914676427841187 614
1615743870006 0.1634216159582138 615
1615743904618 0.14235042035579681 616
1615743939013 0.1318970024585724 617
1615743973561 0.14831490814685822 618
1615744007935 0.08880287408828735 619
1615744047369 0.13749811053276062 620
1615744082128 0.1449228823184967 621
1615744116695 0.0998779684305191 622
1615744151557 0.12099213898181915 623
1615744186564 0.17407014966011047 624
1615744221225 0.13314391672611237 625
1615744256160 0.1280352771282196 626
1615744290705 0.1393623948097229 627
1615744325494 0.14931166172027588 628
1615744359725 0.15715396404266357 629
1615744398553 0.12119599431753159 630
1615744433012 0.15014752745628357 631
1615744467939 0.09292009472846985 632
1615744502890 0.13925546407699585 633
1615744537326 0.11839421838521957 634
1615744572080 0.14517852663993835 635
1615744607432 0.11893273144960403 636
1615744642695 0.1177770122885704 637
1615744677508 0.10338813066482544 638
1615744712400 0.1957942396402359 639
1615744751860 0.11772330105304718 640
1615744786600 0.1414927989244461 641
1615744821104 0.11213406920433044 642
1615744855691 0.1932879388332367 643
1615744890988 0.11359946429729462 644
1615744926019 0.15217378735542297 645
1615744960722 0.20750567317008972 646
1615744995434 0.11607521772384644 647
1615745030070 0.13035117089748383 648
1615745065450 0.1437227427959442 649
1615745104393 0.11739977449178696 650
1615745138796 0.13439719378948212 651
1615745173637 0.09508728981018066 652
1615745207977 0.14356578886508942 653
1615745242428 0.15321919322013855 654
1615745277601 0.15047253668308258 655
1615745312520 0.13659295439720154 656
1615745346887 0.13824956119060516 657
1615745381759 0.1114346981048584 658
1615745416751 0.1395738273859024 659
1615745455452 0.15603792667388916 660
1615745490087 0.15625664591789246 661
1615745524801 0.09803849458694458 662
1615745559506 0.1401837021112442 663
1615745594252 0.10267762839794159 664
1615745629043 0.16535283625125885 665
1615745663596 0.15745583176612854 666
1615745698033 0.13458162546157837 667
1615745733046 0.09214360266923904 668
1615745768109 0.12893010675907135 669
1615745807089 0.13248145580291748 670
1615745841874 0.16076615452766418 671
1615745876134 0.13915741443634033 672
1615745910960 0.10342106223106384 673
1615745946104 0.16253338754177094 674
1615745980395 0.1261397898197174 675
1615746014732 0.1649031639099121 676
1615746049084 0.163420170545578 677
1615746083924 0.11156440526247025 678
1615746118846 0.15071316063404083 679
1615746157427 0.13898798823356628 680
1615746192373 0.13788488507270813 681
1615746227298 0.14443376660346985 682
1615746262275 0.12009597569704056 683
1615746296597 0.13612744212150574 684
1615746331684 0.16479730606079102 685
1615746366569 0.18499517440795898 686
1615746400927 0.17956307530403137 687
1615746435277 0.10822741687297821 688
1615746469404 0.12796235084533691 689
1615746508494 0.12073352187871933 690
1615746543277 0.1546413153409958 691
1615746577640 0.16891850531101227 692
1615746612529 0.14377900958061218 693
1615746647437 0.12796558439731598 694
1615746682474 0.16066506505012512 695
1615746717493 0.1437593549489975 696
1615746752323 0.13854700326919556 697
1615746786922 0.1318788379430771 698
1615746821613 0.11687040328979492 699
1615746860783 0.13474556803703308 700
1615746895556 0.1676221787929535 701
1615746929934 0.15587294101715088 702
1615746964125 0.15457044541835785 703
1615746998404 0.16968289017677307 704
1615747033101 0.19629263877868652 705
1615747067481 0.15315696597099304 706
1615747102091 0.11034953594207764 707
1615747137021 0.17111019790172577 708
1615747171850 0.17325237393379211 709
1615747211194 0.1442481130361557 710
1615747245834 0.17035827040672302 711
1615747280260 0.15549913048744202 712
1615747314571 0.15830399096012115 713
1615747349554 0.11974664032459259 714
1615747384034 0.12829264998435974 715
1615747418559 0.1426197588443756 716
1615747453039 0.13620170950889587 717
1615747487320 0.16094964742660522 718
1615747522108 0.18221120536327362 719
1615747560590 0.17884454131126404 720
1615747595486 0.17010515928268433 721
1615747630378 0.11137841641902924 722
1615747665338 0.13671992719173431 723
1615747700174 0.15321549773216248 724
1615747734878 0.13616228103637695 725
1615747769238 0.15121734142303467 726
1615747803715 0.15313127636909485 727
1615747838487 0.1260976344347 728
1615747872942 0.13419364392757416 729
1615747912003 0.18674924969673157 730
1615747946703 0.15452605485916138 731
1615747981282 0.11145894229412079 732
1615748015520 0.1374073624610901 733
1615748049908 0.1604650318622589 734
1615748084440 0.1364901065826416 735
1615748118934 0.15284687280654907 736
1615748153614 0.15705618262290955 737
1615748188641 0.18789592385292053 738
1615748223674 0.2129809558391571 739
1615748263231 0.11075911670923233 740
1615748297941 0.16142427921295166 741
1615748332472 0.19874149560928345 742
1615748367368 0.16341574490070343 743
1615748401787 0.15456992387771606 744
1615748436116 0.1412818431854248 745
1615748470401 0.16288377344608307 746
1615748504670 0.18323490023612976 747
1615748539502 0.15058079361915588 748
1615748574560 0.10071634501218796 749
1615748613494 0.14132148027420044 750
1615748647831 0.139242485165596 751
1615748682716 0.11494237184524536 752
1615748717021 0.16751360893249512 753
1615748752144 0.14314185082912445 754
1615748786425 0.15568208694458008 755
1615748821237 0.14948606491088867 756
1615748855934 0.1480751633644104 757
1615748890315 0.16520211100578308 758
1615748925001 0.1313696801662445 759
1615748963811 0.16801729798316956 760
1615748998739 0.13231030106544495 761
1615749033488 0.15120121836662292 762
1615749067971 0.11970411241054535 763
1615749102955 0.15548893809318542 764
1615749137297 0.12086114287376404 765
1615749171525 0.1338292807340622 766
1615749206615 0.1411433219909668 767
1615749241151 0.16594280302524567 768
1615749275902 0.1621636599302292 769
1615749314281 0.18930652737617493 770
1615749348763 0.15843163430690765 771
1615749383163 0.1470593959093094 772
1615749417806 0.18038976192474365 773
1615749452325 0.14414049685001373 774
1615749487058 0.1266149878501892 775
1615749521888 0.20134776830673218 776
1615749556473 0.1535618007183075 777
1615749591557 0.19926032423973083 778
1615749626218 0.13664519786834717 779
1615749665604 0.18159782886505127 780
1615749699938 0.170744389295578 781
1615749734662 0.15835584700107574 782
1615749769244 0.17063391208648682 783
1615749803942 0.15275602042675018 784
1615749839224 0.19740258157253265 785
1615749873517 0.1933533251285553 786
1615749908321 0.17578689754009247 787
1615749942713 0.16468173265457153 788
1615749977514 0.14043396711349487 789
1615750016583 0.14342576265335083 790
1615750051245 0.1444350779056549 791
1615750085958 0.15846657752990723 792
1615750120952 0.16096746921539307 793
1615750155877 0.17973875999450684 794
1615750190782 0.17371070384979248 795
1615750225816 0.19018571078777313 796
1615750260691 0.18561860918998718 797
1615750295622 0.14275765419006348 798
1615750330456 0.22140556573867798 799
1615750369376 0.15136298537254333 800
1615750404562 0.12764351069927216 801
1615750438887 0.14261974394321442 802
1615750473667 0.1565786600112915 803
1615750508450 0.19700032472610474 804
1615750542928 0.1432267725467682 805
1615750577105 0.17800785601139069 806
1615750611944 0.15569978952407837 807
1615750646715 0.16317464411258698 808
1615750680936 0.13332171738147736 809
1615750719370 0.13408653438091278 810
1615750754153 0.13030776381492615 811
1615750788841 0.2231886386871338 812
1615750823704 0.18502652645111084 813
1615750858752 0.1752614974975586 814
1615750893058 0.17936711013317108 815
1615750927861 0.1644049733877182 816
1615750962150 0.17872950434684753 817
1615750996685 0.16667598485946655 818
1615751031534 0.13777489960193634 819
1615751070930 0.1426018476486206 820
1615751105709 0.15886330604553223 821
1615751140583 0.13952606916427612 822
1615751175459 0.15671208500862122 823
1615751209682 0.16261565685272217 824
1615751244097 0.17263707518577576 825
1615751278887 0.18179833889007568 826
1615751313631 0.15655644237995148 827
1615751348427 0.18115556240081787 828
1615751383319 0.1476336419582367 829
1615751421890 0.17392966151237488 830
1615751456812 0.1384461522102356 831
1615751491757 0.1471381038427353 832
1615751526343 0.18523478507995605 833
1615751561170 0.14496678113937378 834
1615751595476 0.16110070049762726 835
1615751629751 0.16693803668022156 836
1615751664558 0.13356049358844757 837
1615751699356 0.11667398363351822 838
1615751733773 0.14277736842632294 839
1615751772807 0.14322292804718018 840
1615751807305 0.147970050573349 841
1615751841812 0.1980176866054535 842
1615751876338 0.1662023961544037 843
1615751910805 0.1660727858543396 844
1615751945122 0.1499752402305603 845
1615751979983 0.18549203872680664 846
1615752014775 0.17672783136367798 847
1615752049780 0.13591629266738892 848
1615752084563 0.1133110299706459 849
1615752123838 0.17464163899421692 850
1615752158176 0.19531220197677612 851
1615752192817 0.18192487955093384 852
1615752227594 0.14010551571846008 853
1615752262108 0.17527393996715546 854
1615752296841 0.15031248331069946 855
1615752331624 0.18164294958114624 856
1615752366028 0.14577597379684448 857
1615752400268 0.1466517299413681 858
1615752434885 0.20840632915496826 859
1615752473886 0.2054091989994049 860
1615752508332 0.15980398654937744 861
1615752543177 0.16816729307174683 862
1615752577791 0.13527576625347137 863
1615752612386 0.1567637324333191 864
1615752646911 0.16279545426368713 865
1615752681241 0.14077234268188477 866
1615752716079 0.19409321248531342 867
1615752751195 0.1619141548871994 868
1615752785783 0.17717023193836212 869
1615752825063 0.1844075471162796 870
1615752859874 0.19509339332580566 871
1615752894634 0.15157997608184814 872
1615752929432 0.12755633890628815 873
1615752963960 0.11976081132888794 874
1615752998379 0.1336824595928192 875
1615753033242 0.20640668272972107 876
1615753067778 0.1604830026626587 877
1615753102244 0.11754366755485535 878
1615753137150 0.17043247818946838 879
1615753176865 0.18017978966236115 880
1615753211470 0.18112559616565704 881
1615753246252 0.16076262295246124 882
1615753281635 0.15729892253875732 883
1615753316439 0.10691111534833908 884
1615753351146 0.12597569823265076 885
1615753385921 0.19597814977169037 886
1615753420193 0.17289789021015167 887
1615753454503 0.18928173184394836 888
1615753489211 0.18267174065113068 889
1615753528524 0.17413868010044098 890
1615753562850 0.1780140995979309 891
1615753597222 0.13667437434196472 892
1615753631521 0.18891777098178864 893
1615753665834 0.16973134875297546 894
1615753700195 0.202334463596344 895
1615753735052 0.18800169229507446 896
1615753769777 0.10675733536481857 897
1615753804634 0.1663958728313446 898
1615753839066 0.14360420405864716 899
1615753878010 0.18295401334762573 900
1615753913027 0.18728557229042053 901
1615753947401 0.16705605387687683 902
1615753982069 0.17883172631263733 903
1615754016240 0.23411475121974945 904
1615754050732 0.1557072401046753 905
1615754085540 0.1865462064743042 906
1615754120290 0.15220199525356293 907
1615754154535 0.12543755769729614 908
1615754189076 0.12958240509033203 909
1615754227618 0.16597020626068115 910
1615754262489 0.1832405924797058 911
1615754297733 0.1839766502380371 912
1615754332564 0.17624551057815552 913
1615754367590 0.18511317670345306 914
1615754402348 0.12219953536987305 915
1615754437146 0.20280037820339203 916
1615754471697 0.14614048600196838 917
1615754506530 0.203623965382576 918
1615754541096 0.1751384288072586 919
1615754580506 0.17248040437698364 920
1615754615332 0.17261479794979095 921
1615754650372 0.16485187411308289 922
1615754685648 0.17883500456809998 923
1615754720317 0.20460975170135498 924
1615754754949 0.19399189949035645 925
1615754789788 0.18276162445545197 926
1615754825133 0.1883903443813324 927
1615754859782 0.15738821029663086 928
1615754893993 0.1794273555278778 929
1615754932615 0.1063346117734909 930
1615754967543 0.18227526545524597 931
1615755002261 0.1806677281856537 932
1615755037191 0.18156416714191437 933
1615755071612 0.13724017143249512 934
1615755106378 0.1874392181634903 935
1615755140963 0.13589835166931152 936
1615755175640 0.12587344646453857 937
1615755210409 0.16673946380615234 938
1615755244772 0.19002166390419006 939
1615755284081 0.14275968074798584 940
1615755318795 0.14880603551864624 941
1615755353224 0.1652817726135254 942
1615755388277 0.1699259728193283 943
1615755422593 0.13190022110939026 944
1615755456965 0.20605826377868652 945
1615755491745 0.2029523104429245 946
1615755526386 0.1472841203212738 947
1615755561017 0.1871873438358307 948
1615755595309 0.1866118609905243 949
1615755634220 0.19625180959701538 950
1615755669146 0.18338093161582947 951
1615755704030 0.19324567914009094 952
1615755739122 0.19585660099983215 953
1615755774206 0.2168952375650406 954
1615755808754 0.13269373774528503 955
1615755844046 0.20974595844745636 956
1615755878810 0.16334658861160278 957
1615755913054 0.22226613759994507 958
1615755947769 0.159646674990654 959
1615755986732 0.09350831806659698 960
1615756021047 0.18534712493419647 961
1615756055351 0.19758719205856323 962
1615756090118 0.18637865781784058 963
1615756125053 0.18137773871421814 964
1615756159410 0.20326991379261017 965
1615756194360 0.14475813508033752 966
1615756228891 0.16270306706428528 967
1615756263814 0.16766461730003357 968
1615756298478 0.13829512894153595 969
1615756337956 0.15907767415046692 970
1615756372788 0.18815824389457703 971
1615756407060 0.17261970043182373 972
1615756441331 0.16593126952648163 973
1615756475778 0.18118634819984436 974
1615756511112 0.205299973487854 975
1615756545952 0.20277440547943115 976
1615756580419 0.20368920266628265 977
1615756614846 0.15641459822654724 978
1615756649739 0.15427793562412262 979
1615756688614 0.18261826038360596 980
1615756723076 0.13671496510505676 981
1615756757274 0.16356872022151947 982
1615756792062 0.19237710535526276 983
1615756826342 0.18260057270526886 984
1615756860599 0.19345667958259583 985
1615756894996 0.17405050992965698 986
1615756929228 0.15658114850521088 987
1615756963594 0.18909476697444916 988
1615756997734 0.19592230021953583 989
1615757036545 0.16196070611476898 990
1615757071455 0.16350379586219788 991
1615757106058 0.1844850480556488 992
1615757140820 0.2251468002796173 993
1615757175742 0.16520914435386658 994
1615757210261 0.20430192351341248 995
1615757245146 0.1614890992641449 996
1615757279804 0.1767396181821823 997
1615757315010 0.18549799919128418 998
1615757349830 0.2166309803724289 999
1615757388647 0.15138867497444153 1000
1615757423059 0.1495860517024994 1001
1615757457784 0.19045379757881165 1002
1615757492144 0.1526799350976944 1003
1615757526623 0.12546777725219727 1004
1615757561396 0.20327025651931763 1005
1615757596264 0.16175395250320435 1006
1615757630978 0.20377695560455322 1007
1615757665334 0.14500418305397034 1008
1615757699823 0.1707221120595932 1009
1615757738784 0.177405446767807 1010
1615757773156 0.18820536136627197 1011
1615757807854 0.1772778034210205 1012
1615757842558 0.15985479950904846 1013
1615757876932 0.1818108856678009 1014
1615757911672 0.18431830406188965 1015
1615757946307 0.16476285457611084 1016
1615757980563 0.17651692032814026 1017
1615758015791 0.14814673364162445 1018
1615758050528 0.17757676541805267 1019
1615758089030 0.17655043303966522 1020
1615758123178 0.15087147057056427 1021
1615758157628 0.1255931556224823 1022
1615758192390 0.17782309651374817 1023
1615758227093 0.20447403192520142 1024
1615758261558 0.1954595446586609 1025
1615758296381 0.1876542568206787 1026
1615758331257 0.171019047498703 1027
1615758366060 0.1573876589536667 1028
1615758400534 0.2170218676328659 1029
1615758439395 0.15075641870498657 1030
1615758474099 0.16740578413009644 1031
1615758508906 0.2150917947292328 1032
1615758543432 0.17036914825439453 1033
1615758578294 0.19832223653793335 1034
1615758612555 0.18689264357089996 1035
1615758647373 0.1817120611667633 1036
1615758681891 0.20035627484321594 1037
1615758716281 0.19995224475860596 1038
1615758750678 0.14868366718292236 1039
1615758789682 0.19122028350830078 1040
1615758824215 0.14581245183944702 1041
1615758859150 0.1928030401468277 1042
1615758893648 0.22676244378089905 1043
1615758928184 0.15709984302520752 1044
1615758962690 0.19728423655033112 1045
1615758997436 0.1431921124458313 1046
1615759032187 0.14973817765712738 1047
1615759066375 0.17498956620693207 1048
1615759101634 0.14327549934387207 1049
1615759140649 0.1681324690580368 1050
1615759175179 0.20423752069473267 1051
1615759209897 0.20869210362434387 1052
1615759244338 0.191388800740242 1053
1615759279191 0.15739698708057404 1054
1615759314280 0.13084056973457336 1055
1615759349257 0.1989058256149292 1056
1615759384148 0.20775720477104187 1057
1615759418767 0.16631567478179932 1058
1615759453612 0.14190398156642914 1059
1615759492577 0.15366972982883453 1060
1615759527017 0.1816963255405426 1061
1615759561678 0.13493813574314117 1062
1615759596169 0.1738974153995514 1063
1615759631065 0.16070982813835144 1064
1615759665978 0.1392522156238556 1065
1615759700739 0.20174841582775116 1066
1615759735200 0.15549476444721222 1067
1615759770003 0.16022810339927673 1068
1615759804783 0.20861594378948212 1069
1615759843912 0.17245802283287048 1070
1615759879119 0.20211568474769592 1071
1615759913386 0.15093427896499634 1072
1615759947635 0.11907608807086945 1073
1615759982164 0.17836681008338928 1074
1615760016436 0.21130265295505524 1075
1615760051220 0.18580111861228943 1076
1615760085543 0.18884316086769104 1077
1615760120395 0.17882192134857178 1078
1615760155151 0.1758275181055069 1079
1615760193738 0.2072453796863556 1080
1615760228122 0.1769459843635559 1081
1615760262977 0.16153138875961304 1082
1615760298160 0.15172111988067627 1083
1615760332938 0.14647310972213745 1084
1615760367886 0.16393795609474182 1085
1615760402890 0.18076151609420776 1086
1615760437733 0.20055261254310608 1087
1615760471913 0.19181707501411438 1088
1615760506144 0.13363857567310333 1089
1615760544434 0.16588877141475677 1090
1615760579185 0.1884268820285797 1091
1615760613536 0.14272469282150269 1092
1615760648110 0.16630160808563232 1093
1615760682969 0.16520258784294128 1094
1615760717539 0.16865840554237366 1095
1615760752525 0.2065567672252655 1096
1615760787190 0.15618759393692017 1097
1615760822114 0.18285506963729858 1098
1615760857228 0.1800929307937622 1099
1615760896737 0.18464267253875732 1100
1615760931144 0.18320292234420776 1101
1615760965541 0.17219480872154236 1102
1615760999768 0.18744805455207825 1103
1615761034433 0.21932950615882874 1104
1615761068656 0.15179657936096191 1105
1615761103327 0.19282597303390503 1106
1615761138024 0.17980647087097168 1107
1615761172872 0.18958833813667297 1108
1615761207315 0.21689453721046448 1109
1615761246651 0.20560358464717865 1110
1615761281072 0.15823298692703247 1111
1615761316225 0.1301182508468628 1112
1615761351117 0.15855908393859863 1113
1615761385872 0.15622252225875854 1114
1615761421152 0.15317799150943756 1115
1615761456057 0.22285060584545135 1116
1615761490434 0.18258588016033173 1117
1615761525063 0.1885613203048706 1118
1615761559313 0.13639739155769348 1119
1615761598262 0.1787796914577484 1120
1615761633007 0.1641371250152588 1121
1615761667578 0.1838676631450653 1122
1615761702375 0.22495940327644348 1123
1615761736755 0.1866419017314911 1124
1615761771062 0.15064026415348053 1125
1615761805743 0.19182071089744568 1126
1615761840702 0.19832539558410645 1127
1615761875582 0.16254767775535583 1128
1615761910233 0.18533280491828918 1129
1615761949140 0.2290782332420349 1130
1615761984074 0.15623749792575836 1131
1615762019187 0.1802504062652588 1132
1615762053557 0.20848935842514038 1133
1615762087902 0.19711129367351532 1134
1615762122711 0.16537442803382874 1135
1615762157541 0.1921311765909195 1136
1615762191890 0.15975388884544373 1137
1615762226102 0.20822088420391083 1138
1615762260276 0.16339194774627686 1139
1615762299033 0.17043884098529816 1140
1615762333814 0.13384699821472168 1141
1615762368455 0.14827841520309448 1142
1615762403337 0.20280759036540985 1143
1615762438004 0.14787912368774414 1144
1615762473032 0.17734001576900482 1145
1615762507835 0.10489034652709961 1146
1615762542716 0.19094616174697876 1147
1615762577073 0.19473329186439514 1148
1615762611313 0.18947970867156982 1149
1615762650193 0.1683552861213684 1150
1615762684459 0.15530528128147125 1151
1615762718878 0.20169933140277863 1152
1615762754024 0.22033123672008514 1153
1615762788705 0.13678652048110962 1154
1615762823554 0.1713266670703888 1155
1615762858268 0.18029841780662537 1156
1615762892523 0.13557465374469757 1157
1615762926878 0.14758533239364624 1158
1615762961388 0.14468859136104584 1159
1615763000738 0.1407192200422287 1160
1615763035641 0.1705957055091858 1161
1615763071116 0.1831914782524109 1162
1615763105590 0.15660783648490906 1163
1615763140184 0.15150707960128784 1164
1615763175008 0.12187153100967407 1165
1615763209327 0.18135453760623932 1166
1615763244121 0.15685366094112396 1167
1615763278836 0.15418006479740143 1168
1615763313198 0.1444643884897232 1169
1615763352001 0.1864226758480072 1170
1615763386871 0.2126229703426361 1171
1615763421756 0.17670437693595886 1172
1615763456194 0.16548192501068115 1173
1615763491108 0.18770980834960938 1174
1615763525518 0.1623058319091797 1175
1615763560196 0.19347919523715973 1176
1615763595288 0.17490944266319275 1177
1615763629564 0.21510541439056396 1178
1615763664819 0.1660134196281433 1179
1615763703913 0.1903502643108368 1180
1615763738117 0.18166187405586243 1181
1615763772825 0.1476181447505951 1182
1615763807034 0.22360888123512268 1183
1615763841757 0.18133069574832916 1184
1615763876267 0.16643041372299194 1185
1615763910844 0.15918415784835815 1186
1615763945498 0.1777791976928711 1187
1615763980482 0.1560923159122467 1188
1615764015153 0.20892000198364258 1189
1615764054594 0.22634637355804443 1190
1615764089490 0.17121246457099915 1191
1615764124348 0.1754721999168396 1192
1615764158860 0.1420009732246399 1193
1615764193614 0.10071607679128647 1194
1615764228502 0.15713542699813843 1195
1615764262805 0.20777294039726257 1196
1615764297504 0.10313598811626434 1197
1615764331860 0.19720903038978577 1198
1615764366645 0.1874135583639145 1199
1615764406181 0.1444108486175537 1200
1615764426174 0.1931351125240326 0
1615764426185 0.1931351125240326 0
