1615722325369 0.13970237970352173 1
1615722360051 0.18340381979942322 2
1615722394538 0.25023043155670166 3
1615722428890 0.2977069616317749 4
1615722463112 0.29014426469802856 5
1615722497449 0.31361281871795654 6
1615722532196 0.31118810176849365 7
1615722566935 0.32067185640335083 8
1615722601886 0.33147022128105164 9
1615722640523 0.3244660496711731 10
1615722675196 0.3502965569496155 11
1615722709837 0.329754501581192 12
1615722744582 0.33639925718307495 13
1615722778787 0.32641205191612244 14
1615722812991 0.3262883424758911 15
1615722847855 0.349210262298584 16
1615722882233 0.37086251378059387 17
1615722916853 0.36015355587005615 18
1615722951668 0.33684465289115906 19
1615722991052 0.34536856412887573 20
1615723025854 0.34748053550720215 21
1615723060936 0.35260921716690063 22
1615723095857 0.38011080026626587 23
1615723130491 0.3616706430912018 24
1615723165466 0.35867178440093994 25
1615723200040 0.377274751663208 26
1615723234201 0.36147981882095337 27
1615723268393 0.36787569522857666 28
1615723302545 0.36366069316864014 29
1615723341967 0.36311864852905273 30
1615723376708 0.370866596698761 31
1615723411054 0.378121018409729 32
1615723445600 0.3854970932006836 33
1615723480138 0.35459282994270325 34
1615723514944 0.38986504077911377 35
1615723549177 0.39257943630218506 36
1615723584003 0.3860546946525574 37
1615723618820 0.39741450548171997 38
1615723653443 0.3740588128566742 39
1615723692831 0.3934282064437866 40
1615723727262 0.3918522000312805 41
1615723761464 0.36499059200286865 42
1615723796279 0.37044158577919006 43
1615723830897 0.39326387643814087 44
1615723865655 0.39872127771377563 45
1615723900388 0.3785264790058136 46
1615723934574 0.39682501554489136 47
1615723968684 0.4294634759426117 48
1615724003474 0.39969950914382935 49
1615724042400 0.3884968161582947 50
1615724077056 0.39570409059524536 51
1615724112035 0.35865503549575806 52
1615724146655 0.3772016763687134 53
1615724181032 0.3791416883468628 54
1615724215986 0.364368736743927 55
1615724250910 0.3740624189376831 56
1615724285323 0.38011741638183594 57
1615724319735 0.4002722203731537 58
1615724354487 0.3928401470184326 59
1615724394103 0.40432941913604736 60
1615724428354 0.3886869549751282 61
1615724463050 0.3839155435562134 62
1615724497214 0.3860287666320801 63
1615724532015 0.3664454221725464 64
1615724566881 0.3878275752067566 65
1615724601584 0.4110014736652374 66
1615724636102 0.40935397148132324 67
1615724670584 0.42838072776794434 68
1615724705444 0.40982428193092346 69
1615724744483 0.3910641670227051 70
1615724779104 0.38998836278915405 71
1615724813811 0.3704097270965576 72
1615724848649 0.39058917760849 73
1615724883142 0.3930354714393616 74
1615724917716 0.4113132953643799 75
1615724952330 0.4194920063018799 76
1615724986830 0.4110219180583954 77
1615725021636 0.4159700870513916 78
1615725055895 0.40037545561790466 79
1615725095172 0.3827211856842041 80
1615725129419 0.39589568972587585 81
1615725163740 0.4269890785217285 82
1615725198522 0.3985980153083801 83
1615725233204 0.42036330699920654 84
1615725267873 0.4044879078865051 85
1615725302230 0.4173697829246521 86
1615725337078 0.4273713529109955 87
1615725371857 0.4301425814628601 88
1615725406634 0.41738077998161316 89
1615725446120 0.4026319980621338 90
1615725481200 0.4147093892097473 91
1615725515734 0.406971275806427 92
1615725549977 0.4118540287017822 93
1615725584291 0.42281103134155273 94
1615725618966 0.43474918603897095 95
1615725654147 0.4071715176105499 96
1615725688905 0.42005234956741333 97
1615725723589 0.3811129629611969 98
1615725757773 0.4054603576660156 99
1615725796469 0.3987109065055847 100
1615725830822 0.4026806354522705 101
1615725865429 0.40085455775260925 102
1615725900292 0.423092246055603 103
1615725934744 0.41300514340400696 104
1615725969160 0.39823734760284424 105
1615726003977 0.3857547640800476 106
1615726038395 0.40285152196884155 107
1615726073139 0.4073030352592468 108
1615726108041 0.41084718704223633 109
1615726146986 0.41136401891708374 110
1615726181535 0.4444515109062195 111
1615726215938 0.4211045503616333 112
1615726250794 0.4052903950214386 113
1615726284990 0.3964076340198517 114
1615726319096 0.42473089694976807 115
1615726353643 0.40951716899871826 116
1615726388149 0.4239221215248108 117
1615726422627 0.3661136329174042 118
1615726457372 0.4191126823425293 119
1615726496521 0.4054531455039978 120
1615726531099 0.4373829960823059 121
1615726565865 0.4363570213317871 122
1615726600602 0.38399872183799744 123
1615726635245 0.3917135000228882 124
1615726669886 0.4329060912132263 125
1615726704328 0.42104822397232056 126
1615726738589 0.42975613474845886 127
1615726773283 0.4336971640586853 128
1615726808123 0.4153957962989807 129
1615726846838 0.4330625534057617 130
1615726881348 0.42379820346832275 131
1615726915708 0.41916728019714355 132
1615726950296 0.4305024743080139 133
1615726984647 0.4050505757331848 134
1615727019209 0.43441787362098694 135
1615727053906 0.4446818232536316 136
1615727088455 0.4256741404533386 137
1615727122672 0.39228081703186035 138
1615727157441 0.4082756042480469 139
1615727196121 0.4006393551826477 140
1615727230676 0.39878901839256287 141
1615727265066 0.4211106300354004 142
1615727299861 0.439485639333725 143
1615727334350 0.417460173368454 144
1615727369234 0.4440024495124817 145
1615727403863 0.4401782155036926 146
1615727438688 0.42396262288093567 147
1615727473195 0.4356796145439148 148
1615727508010 0.4393543601036072 149
1615727547463 0.42558014392852783 150
1615727582608 0.43001800775527954 151
1615727617304 0.4530245065689087 152
1615727651834 0.454964816570282 153
1615727686113 0.48000389337539673 154
1615727720921 0.4159485399723053 155
1615727755505 0.43832874298095703 156
1615727789686 0.4642566740512848 157
1615727824019 0.433167040348053 158
1615727858743 0.4462217092514038 159
1615727897649 0.45326247811317444 160
1615727932459 0.3991086483001709 161
1615727967204 0.4220157861709595 162
1615728002092 0.44277632236480713 163
1615728036527 0.447240948677063 164
1615728070892 0.43568646907806396 165
1615728105709 0.4144831895828247 166
1615728140525 0.42792636156082153 167
1615728175720 0.43741095066070557 168
1615728210113 0.46933770179748535 169
1615728249418 0.44925618171691895 170
1615728283798 0.41377419233322144 171
1615728318627 0.44069796800613403 172
1615728352904 0.43439197540283203 173
1615728387507 0.4304572641849518 174
1615728422235 0.42936861515045166 175
1615728456669 0.42020946741104126 176
1615728491519 0.4015600085258484 177
1615728526396 0.43770089745521545 178
1615728560854 0.41333431005477905 179
1615728599965 0.4504252076148987 180
1615728634806 0.43452852964401245 181
1615728669554 0.42575013637542725 182
1615728704099 0.4067021310329437 183
1615728738605 0.441602885723114 184
1615728773446 0.43362611532211304 185
1615728807803 0.4352933168411255 186
1615728841986 0.4256073832511902 187
1615728876734 0.4224347472190857 188
1615728911336 0.43453389406204224 189
1615728950338 0.43055588006973267 190
1615728985221 0.47442135214805603 191
1615729020049 0.4230070114135742 192
1615729054874 0.40940144658088684 193
1615729089445 0.4193686544895172 194
1615729123812 0.45194706320762634 195
1615729158879 0.41022515296936035 196
1615729193747 0.4256584048271179 197
1615729227987 0.4337847828865051 198
1615729262642 0.44176286458969116 199
1615729301055 0.42835843563079834 200
1615729335407 0.42142337560653687 201
1615729370031 0.4096564054489136 202
1615729404648 0.420951783657074 203
1615729439079 0.44975242018699646 204
1615729473367 0.45049405097961426 205
1615729508291 0.44145268201828003 206
1615729542708 0.4559505581855774 207
1615729577192 0.45658940076828003 208
1615729612247 0.45771175622940063 209
1615729651462 0.41633665561676025 210
1615729686266 0.44637608528137207 211
1615729720852 0.4316515326499939 212
1615729755579 0.40125054121017456 213
1615729789754 0.4331752061843872 214
1615729824524 0.4472997188568115 215
1615729859350 0.41558584570884705 216
1615729894054 0.4418689012527466 217
1615729928401 0.4373638927936554 218
1615729962581 0.43445301055908203 219
1615730001360 0.43793314695358276 220
1615730036509 0.4336566925048828 221
1615730071536 0.4280659556388855 222
1615730106424 0.43694716691970825 223
1615730141064 0.46162867546081543 224
1615730175934 0.4350649118423462 225
1615730210677 0.43095430731773376 226
1615730245078 0.41808515787124634 227
1615730279303 0.4365251958370209 228
1615730313641 0.4675061106681824 229
1615730352396 0.4544304609298706 230
1615730387294 0.4752485752105713 231
1615730422181 0.4498974680900574 232
1615730456810 0.4259744882583618 233
1615730491543 0.45709800720214844 234
1615730526154 0.4454939663410187 235
1615730560439 0.4531939923763275 236
1615730595480 0.45688438415527344 237
1615730630254 0.4300463795661926 238
1615730665107 0.4618316888809204 239
1615730704247 0.4460955858230591 240
1615730738828 0.4531475305557251 241
1615730773228 0.43763405084609985 242
1615730807928 0.4483768939971924 243
1615730842683 0.4666329026222229 244
1615730877245 0.44795432686805725 245
1615730911530 0.45592230558395386 246
1615730946214 0.420726478099823 247
1615730980932 0.462940514087677 248
1615731015719 0.44616392254829407 249
1615731055242 0.442025750875473 250
1615731090142 0.46636509895324707 251
1615731124618 0.44313403964042664 252
1615731159101 0.4156850576400757 253
1615731193948 0.43933331966400146 254
1615731228679 0.46548980474472046 255
1615731262907 0.44962722063064575 256
1615731297558 0.5036535263061523 257
1615731331861 0.47014299035072327 258
1615731366707 0.44325193762779236 259
1615731406264 0.4428226351737976 260
1615731441389 0.4766101837158203 261
1615731476181 0.4832007586956024 262
1615731510887 0.45470237731933594 263
1615731545205 0.4298420250415802 264
1615731580101 0.45755907893180847 265
1615731614330 0.4336996078491211 266
1615731648579 0.45682722330093384 267
1615731683518 0.43627387285232544 268
1615731718354 0.4690812826156616 269
1615731757937 0.45793500542640686 270
1615731792183 0.46638381481170654 271
1615731827037 0.453083872795105 272
1615731861722 0.45539844036102295 273
1615731896208 0.4669787287712097 274
1615731930733 0.4685763120651245 275
1615731965026 0.41595980525016785 276
1615731999481 0.4852924942970276 277
1615732034116 0.44532567262649536 278
1615732068571 0.47403615713119507 279
1615732107454 0.46612924337387085 280
1615732141783 0.47479838132858276 281
1615732176292 0.48410624265670776 282
1615732211089 0.45698216557502747 283
1615732245844 0.46040958166122437 284
1615732280434 0.4252144694328308 285
1615732315390 0.4723609685897827 286
1615732350268 0.44664302468299866 287
1615732384594 0.4376031160354614 288
1615732419108 0.47195667028427124 289
1615732458731 0.45780909061431885 290
1615732493780 0.48043644428253174 291
1615732528155 0.4651060104370117 292
1615732562597 0.48104003071784973 293
1615732597633 0.4683324098587036 294
1615732632408 0.453281432390213 295
1615732666836 0.4468972086906433 296
1615732701143 0.46468856930732727 297
1615732735471 0.4584687352180481 298
1615732770233 0.48195984959602356 299
1615732809046 0.46310579776763916 300
1615732843321 0.4443798065185547 301
1615732877658 0.4607318043708801 302
1615732912437 0.49551868438720703 303
1615732947180 0.4854639768600464 304
1615732981651 0.4423748254776001 305
1615733016257 0.44465500116348267 306
1615733051153 0.48686838150024414 307
1615733085938 0.5271816849708557 308
1615733120345 0.5001707077026367 309
1615733159191 0.4335932731628418 310
1615733193901 0.4512907862663269 311
1615733228962 0.4576268196105957 312
1615733263739 0.4577552080154419 313
1615733298484 0.4948665499687195 314
1615733333241 0.4578720033168793 315
1615733367748 0.47539326548576355 316
1615733402262 0.48168811202049255 317
1615733437088 0.4631492793560028 318
1615733471973 0.4620988368988037 319
1615733510896 0.4746713638305664 320
1615733545695 0.45765256881713867 321
1615733580147 0.4646526575088501 322
1615733614787 0.4504767060279846 323
1615733649481 0.48570430278778076 324
1615733684061 0.44419658184051514 325
1615733718845 0.462184876203537 326
1615733753314 0.47766995429992676 327
1615733788371 0.5030406713485718 328
1615733823253 0.5012089014053345 329
1615733862217 0.4439665675163269 330
1615733896902 0.4565993547439575 331
1615733932242 0.47526848316192627 332
1615733966642 0.5022384524345398 333
1615734000870 0.4722868800163269 334
1615734035211 0.4695492088794708 335
1615734069639 0.4913064241409302 336
1615734104441 0.5012232661247253 337
1615734139294 0.4567747116088867 338
1615734174185 0.5090537667274475 339
1615734213513 0.4905282258987427 340
1615734248202 0.4780513048171997 341
1615734282714 0.5016099214553833 342
1615734317420 0.4782243072986603 343
1615734352091 0.4778205454349518 344
1615734387317 0.46041518449783325 345
1615734421857 0.4331275224685669 346
1615734456123 0.42365753650665283 347
1615734490460 0.48038622736930847 348
1615734525117 0.5048574805259705 349
1615734563830 0.5077165365219116 350
1615734598610 0.49696409702301025 351
1615734633342 0.49555647373199463 352
1615734667773 0.49597275257110596 353
1615734702473 0.518396258354187 354
1615734737564 0.4920883774757385 355
1615734772129 0.4646906852722168 356
1615734807007 0.5092673897743225 357
1615734841643 0.49484705924987793 358
1615734876484 0.44580090045928955 359
1615734915994 0.47471126914024353 360
1615734950393 0.509278416633606 361
1615734985010 0.5145022869110107 362
1615735019550 0.5054605007171631 363
1615735054275 0.4662238359451294 364
1615735088557 0.49373894929885864 365
1615735122837 0.4738258123397827 366
1615735157334 0.4807361662387848 367
1615735191700 0.5106844305992126 368
1615735226582 0.45848315954208374 369
1615735265483 0.4812343716621399 370
1615735299973 0.5274444222450256 371
1615735335133 0.5162776708602905 372
1615735369731 0.4712265133857727 373
1615735404235 0.4803992509841919 374
1615735439026 0.49184107780456543 375
1615735474278 0.46960538625717163 376
1615735508568 0.4554775059223175 377
1615735543100 0.46179765462875366 378
1615735577768 0.482288658618927 379
1615735616941 0.46850329637527466 380
1615735651666 0.48511844873428345 381
1615735686353 0.5074092745780945 382
1615735720815 0.47116005420684814 383
1615735755636 0.5138601064682007 384
1615735790497 0.5025436878204346 385
1615735825337 0.49577629566192627 386
1615735860283 0.4831550419330597 387
1615735895167 0.4836680293083191 388
1615735929679 0.4885917901992798 389
1615735968868 0.48839783668518066 390
1615736003735 0.45595377683639526 391
1615736038561 0.46531039476394653 392
1615736072967 0.498610258102417 393
1615736108179 0.4749610424041748 394
1615736142948 0.5269726514816284 395
1615736177446 0.4824116826057434 396
1615736212097 0.5063177347183228 397
1615736246796 0.5127482414245605 398
1615736281268 0.47032248973846436 399
1615736320252 0.48664215207099915 400
1615736354844 0.4963580369949341 401
1615736389629 0.48950934410095215 402
1615736424200 0.45766833424568176 403
1615736458651 0.527269184589386 404
1615736493142 0.4992603361606598 405
1615736527562 0.4921903610229492 406
1615736562425 0.4584982395172119 407
1615736597127 0.5139268040657043 408
1615736631755 0.48776328563690186 409
1615736671130 0.48187458515167236 410
1615736705760 0.5001981258392334 411
1615736740444 0.5212090611457825 412
1615736774927 0.5148974061012268 413
1615736809390 0.48486796021461487 414
1615736844257 0.4660109281539917 415
1615736879376 0.4907878041267395 416
1615736914238 0.4661780595779419 417
1615736949495 0.5115222930908203 418
1615736983999 0.5134644508361816 419
1615737023375 0.49860405921936035 420
1615737058166 0.5017897486686707 421
1615737092430 0.5026875138282776 422
1615737127335 0.483579158782959 423
1615737161502 0.4990787208080292 424
1615737195780 0.5211822986602783 425
1615737230452 0.4845409393310547 426
1615737264718 0.5309496521949768 427
1615737299644 0.49022427201271057 428
1615737334233 0.4508630931377411 429
1615737373335 0.46593403816223145 430
1615737408277 0.4995182454586029 431
1615737443083 0.48760896921157837 432
1615737477457 0.4717835783958435 433
1615737511994 0.5091791152954102 434
1615737547047 0.45601868629455566 435
1615737581694 0.4969301223754883 436
1615737616120 0.4961935579776764 437
1615737650837 0.5089343190193176 438
1615737685090 0.4869619607925415 439
1615737724117 0.5384519100189209 440
1615737759006 0.5034997463226318 441
1615737793422 0.4665107727050781 442
1615737828228 0.4907073378562927 443
1615737862975 0.5130807161331177 444
1615737897812 0.4845936894416809 445
1615737932181 0.4914153516292572 446
1615737966425 0.47689950466156006 447
1615738001086 0.47818541526794434 448
1615738035892 0.5069930553436279 449
1615738074890 0.526469349861145 450
1615738109442 0.5043652057647705 451
1615738144090 0.5083793997764587 452
1615738178805 0.49916428327560425 453
1615738213436 0.4766910672187805 454
1615738247990 0.5258403420448303 455
1615738282217 0.4852423667907715 456
1615738317212 0.46454232931137085 457
1615738352361 0.4477107524871826 458
1615738387444 0.49326902627944946 459
1615738426845 0.5190946459770203 460
1615738461590 0.5113121271133423 461
1615738495894 0.5284850597381592 462
1615738530825 0.511414647102356 463
1615738565081 0.49859774112701416 464
1615738599883 0.5008020401000977 465
1615738634981 0.4746527075767517 466
1615738669835 0.4930720329284668 467
1615738704476 0.5023842453956604 468
1615738739013 0.49876487255096436 469
1615738778369 0.48086559772491455 470
1615738812587 0.46452003717422485 471
1615738846983 0.4962286949157715 472
1615738881479 0.4960832893848419 473
1615738915824 0.49242347478866577 474
1615738950611 0.5169773101806641 475
1615738985092 0.4902174472808838 476
1615739019780 0.4847961664199829 477
1615739055140 0.5060474872589111 478
1615739091304 0.5499639511108398 479
1615739131032 0.5176129341125488 480
1615739166863 0.4946279227733612 481
1615739201121 0.5365197658538818 482
1615739235336 0.49297255277633667 483
1615739270182 0.5068016648292542 484
1615739304951 0.509232223033905 485
1615739339216 0.4821060299873352 486
1615739374006 0.496961772441864 487
1615739408728 0.49119633436203003 488
1615739443268 0.5343302488327026 489
1615739482210 0.5346096754074097 490
1615739516427 0.4966542720794678 491
1615739551254 0.4808078110218048 492
1615739585642 0.5578097105026245 493
1615739620368 0.47262609004974365 494
1615739655315 0.4998965263366699 495
1615739690306 0.501318633556366 496
1615739725446 0.5231028199195862 497
1615739760245 0.4937097430229187 498
1615739795017 0.5096740126609802 499
1615739834349 0.4902130961418152 500
1615739868602 0.4843084216117859 501
1615739904005 0.5101315975189209 502
1615739938422 0.5351122617721558 503
1615739972774 0.5205790996551514 504
1615740007591 0.507040798664093 505
1615740042225 0.5055040121078491 506
1615740077130 0.4893413782119751 507
1615740111754 0.4934651255607605 508
1615740146303 0.5240063071250916 509
1615740185630 0.5095910429954529 510
1615740220476 0.5354942083358765 511
1615740255360 0.5122438669204712 512
1615740290579 0.532413125038147 513
1615740325248 0.5215973854064941 514
1615740359643 0.4991995394229889 515
1615740394039 0.5304696559906006 516
1615740428753 0.5410220623016357 517
1615740463636 0.49710965156555176 518
1615740498126 0.4866798222064972 519
1615740536914 0.49214649200439453 520
1615740571904 0.4895058274269104 521
1615740606885 0.5094972252845764 522
1615740641651 0.5174821615219116 523
1615740676962 0.5305559635162354 524
1615740711754 0.513592541217804 525
1615740746503 0.5455294847488403 526
1615740781217 0.5133833885192871 527
1615740815404 0.5146335959434509 528
1615740849920 0.5502855777740479 529
1615740888682 0.508378267288208 530
1615740923480 0.49225062131881714 531
1615740957708 0.5063655972480774 532
1615740992305 0.5035362839698792 533
1615741026860 0.5144540071487427 534
1615741061470 0.5099936127662659 535
1615741096476 0.5578228235244751 536
1615741131037 0.49358081817626953 537
1615741165901 0.5122766494750977 538
1615741200586 0.5116949081420898 539
1615741240148 0.5608015060424805 540
1615741274615 0.5033294558525085 541
1615741309148 0.48137885332107544 542
1615741344197 0.5101913809776306 543
1615741378970 0.528427243232727 544
1615741413204 0.5158964991569519 545
1615741447488 0.5116556882858276 546
1615741481778 0.5412873029708862 547
1615741516653 0.5011987686157227 548
1615741551366 0.5003793239593506 549
1615741589755 0.5085134506225586 550
1615741624540 0.5043801069259644 551
1615741658742 0.5208778381347656 552
1615741693496 0.5354974269866943 553
1615741728254 0.47963303327560425 554
1615741762774 0.513232946395874 555
1615741797216 0.5102194547653198 556
1615741831798 0.49984627962112427 557
1615741866585 0.49454882740974426 558
1615741900780 0.4852257966995239 559
1615741940693 0.5480796098709106 560
1615741975275 0.5159620642662048 561
1615742009709 0.48803478479385376 562
1615742044436 0.5016511678695679 563
1615742079198 0.5605466365814209 564
1615742113569 0.4918816089630127 565
1615742148445 0.5357489585876465 566
1615742183444 0.5217485427856445 567
1615742218064 0.535369336605072 568
1615742252677 0.524370551109314 569
1615742291115 0.5049580335617065 570
1615742326172 0.48869001865386963 571
1615742361113 0.5118014812469482 572
1615742395789 0.5238864421844482 573
1615742430032 0.5374554395675659 574
1615742464939 0.5088759064674377 575
1615742499756 0.5287810564041138 576
1615742534440 0.5478445291519165 577
1615742569394 0.5464160442352295 578
1615742604423 0.5119150876998901 579
1615742643556 0.5146849751472473 580
1615742678416 0.5693672895431519 581
1615742713245 0.5058175325393677 582
1615742747984 0.5141394138336182 583
1615742782856 0.5127086043357849 584
1615742817575 0.5136572122573853 585
1615742852690 0.5149217844009399 586
1615742886906 0.5435001850128174 587
1615742921353 0.532493531703949 588
1615742955743 0.5282142758369446 589
1615742994490 0.5406264066696167 590
1615743028887 0.5207316279411316 591
1615743063418 0.5100941061973572 592
1615743098225 0.5088515877723694 593
1615743133012 0.5180968046188354 594
1615743167820 0.5137401819229126 595
1615743202215 0.518957257270813 596
1615743236991 0.5397176146507263 597
1615743271795 0.513768196105957 598
1615743306589 0.5110768675804138 599
1615743346518 0.5163511037826538 600
1615743381046 0.5561765432357788 601
1615743415874 0.4968084990978241 602
1615743450100 0.48764121532440186 603
1615743484815 0.4895104765892029 604
1615743519607 0.5089925527572632 605
1615743553912 0.5246479511260986 606
1615743588317 0.5288347601890564 607
1615743622721 0.5407996773719788 608
1615743657151 0.5090625286102295 609
1615743696624 0.5450989007949829 610
1615743731885 0.49835026264190674 611
1615743767098 0.5268974900245667 612
1615743801424 0.5017785429954529 613
1615743835737 0.5319726467132568 614
1615743870006 0.536239743232727 615
1615743904618 0.5386046767234802 616
1615743939013 0.5055659413337708 617
1615743973561 0.561566174030304 618
1615744007935 0.5117100477218628 619
1615744047369 0.5146502256393433 620
1615744082128 0.5494514107704163 621
1615744116695 0.49647289514541626 622
1615744151557 0.514004111289978 623
1615744186564 0.5351533889770508 624
1615744221225 0.5632124543190002 625
1615744256160 0.5491522550582886 626
1615744290705 0.5482320785522461 627
1615744325494 0.5296186208724976 628
1615744359725 0.5168275237083435 629
1615744398553 0.5112504959106445 630
1615744433012 0.5595314502716064 631
1615744467939 0.49718374013900757 632
1615744502890 0.5530149936676025 633
1615744537326 0.5166609287261963 634
1615744572080 0.5047531723976135 635
1615744607432 0.5095819234848022 636
1615744642695 0.5403925776481628 637
1615744677508 0.5191632509231567 638
1615744712400 0.561308741569519 639
1615744751860 0.5336169004440308 640
1615744786600 0.5457727909088135 641
1615744821104 0.515015721321106 642
1615744855691 0.5423290729522705 643
1615744890988 0.5356342792510986 644
1615744926019 0.5428696274757385 645
1615744960722 0.5628277659416199 646
1615744995434 0.5281640291213989 647
1615745030070 0.5167020559310913 648
1615745065450 0.5426689982414246 649
1615745104393 0.5608086585998535 650
1615745138796 0.5150948762893677 651
1615745173637 0.5261039137840271 652
1615745207977 0.5288128852844238 653
1615745242428 0.5498121976852417 654
1615745277601 0.5301464796066284 655
1615745312520 0.5245825052261353 656
1615745346887 0.5397504568099976 657
1615745381759 0.4945306181907654 658
1615745416751 0.5197338461875916 659
1615745455452 0.5256897211074829 660
1615745490087 0.5551943778991699 661
1615745524801 0.5093753337860107 662
1615745559506 0.5175315141677856 663
1615745594252 0.5325780510902405 664
1615745629043 0.5554715394973755 665
1615745663596 0.5383588075637817 666
1615745698033 0.5421289205551147 667
1615745733046 0.5066436529159546 668
1615745768109 0.5112026929855347 669
1615745807089 0.5374777317047119 670
1615745841874 0.5418339967727661 671
1615745876134 0.5043147206306458 672
1615745910960 0.48787128925323486 673
1615745946104 0.5339619517326355 674
1615745980395 0.5057327747344971 675
1615746014732 0.5371354818344116 676
1615746049084 0.5372539758682251 677
1615746083924 0.5261459350585938 678
1615746118846 0.5332671403884888 679
1615746157427 0.5360736846923828 680
1615746192373 0.53553307056427 681
1615746227298 0.5467603206634521 682
1615746262275 0.5424148440361023 683
1615746296597 0.5251226425170898 684
1615746331684 0.5463996529579163 685
1615746366569 0.5526738166809082 686
1615746400927 0.5822141766548157 687
1615746435277 0.5077303647994995 688
1615746469404 0.4930683970451355 689
1615746508494 0.5360743999481201 690
1615746543277 0.5421634912490845 691
1615746577640 0.5866836309432983 692
1615746612529 0.5508573651313782 693
1615746647437 0.5319373607635498 694
1615746682474 0.5381584763526917 695
1615746717493 0.5372350215911865 696
1615746752323 0.5607097148895264 697
1615746786922 0.5473195314407349 698
1615746821613 0.5545108318328857 699
1615746860783 0.54398113489151 700
1615746895556 0.5382068157196045 701
1615746929934 0.5392907857894897 702
1615746964125 0.5676814317703247 703
1615746998404 0.5479236841201782 704
1615747033101 0.5469131469726562 705
1615747067481 0.5319893956184387 706
1615747102091 0.529298722743988 707
1615747137021 0.5569665431976318 708
1615747171850 0.5438202023506165 709
1615747211194 0.5491663217544556 710
1615747245834 0.5564697980880737 711
1615747280260 0.5330075025558472 712
1615747314571 0.5434855222702026 713
1615747349554 0.5433849096298218 714
1615747384034 0.5361075401306152 715
1615747418559 0.5128425359725952 716
1615747453039 0.5615967512130737 717
1615747487320 0.5616965889930725 718
1615747522108 0.5533638000488281 719
1615747560590 0.5649474263191223 720
1615747595486 0.5346764922142029 721
1615747630378 0.49763232469558716 722
1615747665338 0.5231022834777832 723
1615747700174 0.547382652759552 724
1615747734878 0.5164403915405273 725
1615747769238 0.5672741532325745 726
1615747803715 0.5904472470283508 727
1615747838487 0.5265260934829712 728
1615747872942 0.5713611841201782 729
1615747912003 0.583084762096405 730
1615747946703 0.5514315366744995 731
1615747981282 0.5311802625656128 732
1615748015520 0.5590378046035767 733
1615748049908 0.5288457870483398 734
1615748084440 0.5453534126281738 735
1615748118934 0.5550084114074707 736
1615748153614 0.5645393133163452 737
1615748188641 0.5657530426979065 738
1615748223674 0.5619856119155884 739
1615748263231 0.508263111114502 740
1615748297941 0.5239044427871704 741
1615748332472 0.5615739226341248 742
1615748367368 0.5645833611488342 743
1615748401787 0.5896457433700562 744
1615748436116 0.5229640007019043 745
1615748470401 0.550220251083374 746
1615748504670 0.5404281616210938 747
1615748539502 0.5291467308998108 748
1615748574560 0.5187699198722839 749
1615748613494 0.568730890750885 750
1615748647831 0.5136697292327881 751
1615748682716 0.5338906049728394 752
1615748717021 0.5353294610977173 753
1615748752144 0.5418579578399658 754
1615748786425 0.5457655191421509 755
1615748821237 0.5584288835525513 756
1615748855934 0.5384134650230408 757
1615748890315 0.5299907922744751 758
1615748925001 0.58021080493927 759
1615748963811 0.5333290100097656 760
1615748998739 0.5281624794006348 761
1615749033488 0.5303245782852173 762
1615749067971 0.538495659828186 763
1615749102955 0.5585144758224487 764
1615749137297 0.5267775058746338 765
1615749171525 0.5435917377471924 766
1615749206615 0.5449941754341125 767
1615749241151 0.5398467183113098 768
1615749275902 0.5640430450439453 769
1615749314281 0.5543231964111328 770
1615749348763 0.5279287099838257 771
1615749383163 0.5317232608795166 772
1615749417806 0.566602349281311 773
1615749452325 0.5400557518005371 774
1615749487058 0.516105055809021 775
1615749521888 0.5682573318481445 776
1615749556473 0.5503415465354919 777
1615749591557 0.5496386289596558 778
1615749626218 0.5233651399612427 779
1615749665604 0.5679453611373901 780
1615749699938 0.49395692348480225 781
1615749734662 0.569890022277832 782
1615749769244 0.5791118144989014 783
1615749803942 0.5564975738525391 784
1615749839224 0.5731800198554993 785
1615749873517 0.5328829288482666 786
1615749908321 0.5417688488960266 787
1615749942713 0.567415714263916 788
1615749977514 0.5293846726417542 789
1615750016583 0.5306582450866699 790
1615750051245 0.532733678817749 791
1615750085958 0.5610136985778809 792
1615750120952 0.5326230525970459 793
1615750155877 0.576318621635437 794
1615750190782 0.5403264760971069 795
1615750225816 0.5471788644790649 796
1615750260691 0.5668250322341919 797
1615750295622 0.5239284634590149 798
1615750330456 0.5884564518928528 799
1615750369376 0.5269854068756104 800
1615750404562 0.5062857270240784 801
1615750438887 0.5401577949523926 802
1615750473667 0.5565884113311768 803
1615750508450 0.548316240310669 804
1615750542928 0.5326601266860962 805
1615750577105 0.5520667433738708 806
1615750611944 0.5444464087486267 807
1615750646715 0.5364612340927124 808
1615750680936 0.5170193910598755 809
1615750719370 0.5389924049377441 810
1615750754153 0.5096847414970398 811
1615750788841 0.554190993309021 812
1615750823704 0.5837534666061401 813
1615750858752 0.5805051922798157 814
1615750893058 0.5520026683807373 815
1615750927861 0.5205217003822327 816
1615750962150 0.5890037417411804 817
1615750996685 0.5260026454925537 818
1615751031534 0.5307378768920898 819
1615751070930 0.4968729615211487 820
1615751105709 0.5548548698425293 821
1615751140583 0.5378124713897705 822
1615751175459 0.5382775664329529 823
1615751209682 0.5504172444343567 824
1615751244097 0.5285141468048096 825
1615751278887 0.5359415411949158 826
1615751313631 0.5339549779891968 827
1615751348427 0.5756687521934509 828
1615751383319 0.5500845909118652 829
1615751421890 0.5475252866744995 830
1615751456812 0.5432001352310181 831
1615751491757 0.5460898280143738 832
1615751526343 0.5693280696868896 833
1615751561170 0.5361009240150452 834
1615751595476 0.5305004715919495 835
1615751629751 0.5621452331542969 836
1615751664558 0.49210411310195923 837
1615751699356 0.5402617454528809 838
1615751733773 0.5539790987968445 839
1615751772807 0.5376128554344177 840
1615751807305 0.5325950384140015 841
1615751841812 0.5750503540039062 842
1615751876338 0.569496750831604 843
1615751910805 0.5608466863632202 844
1615751945122 0.5433871746063232 845
1615751979983 0.5572985410690308 846
1615752014775 0.5615329146385193 847
1615752049780 0.5177080631256104 848
1615752084563 0.5028731822967529 849
1615752123838 0.5334519147872925 850
1615752158176 0.5885604619979858 851
1615752192817 0.6057313084602356 852
1615752227594 0.521207332611084 853
1615752262108 0.5459409952163696 854
1615752296841 0.5424836874008179 855
1615752331624 0.5603644251823425 856
1615752366028 0.5249353647232056 857
1615752400268 0.5525528192520142 858
1615752434885 0.5725061297416687 859
1615752473886 0.5730410814285278 860
1615752508332 0.5192949175834656 861
1615752543177 0.549917459487915 862
1615752577791 0.5311335325241089 863
1615752612386 0.5092977285385132 864
1615752646911 0.5420876741409302 865
1615752681241 0.5225752592086792 866
1615752716079 0.5825577974319458 867
1615752751195 0.5189785957336426 868
1615752785783 0.537653923034668 869
1615752825063 0.5767045617103577 870
1615752859874 0.5427846908569336 871
1615752894634 0.5658316612243652 872
1615752929432 0.528546929359436 873
1615752963960 0.5531114935874939 874
1615752998379 0.5379410982131958 875
1615753033242 0.583580732345581 876
1615753067778 0.5361519455909729 877
1615753102244 0.4878125786781311 878
1615753137150 0.5720889568328857 879
1615753176865 0.5750159025192261 880
1615753211470 0.5481433868408203 881
1615753246252 0.5446703433990479 882
1615753281635 0.517756998538971 883
1615753316439 0.5540587902069092 884
1615753351146 0.5345140695571899 885
1615753385921 0.5199223756790161 886
1615753420193 0.5725629329681396 887
1615753454503 0.5567240715026855 888
1615753489211 0.5156176686286926 889
1615753528524 0.5533237457275391 890
1615753562850 0.5879422426223755 891
1615753597222 0.5461520552635193 892
1615753631521 0.5621999502182007 893
1615753665834 0.5671874284744263 894
1615753700195 0.6054004430770874 895
1615753735052 0.5341577529907227 896
1615753769777 0.5244358777999878 897
1615753804634 0.5528242588043213 898
1615753839066 0.5064811706542969 899
1615753878010 0.5958487391471863 900
1615753913027 0.5512065887451172 901
1615753947401 0.5698009729385376 902
1615753982069 0.5633812546730042 903
1615754016240 0.5760775804519653 904
1615754050732 0.5463776588439941 905
1615754085540 0.5395041108131409 906
1615754120290 0.5268030166625977 907
1615754154535 0.5152969360351562 908
1615754189076 0.5397378206253052 909
1615754227618 0.5676689743995667 910
1615754262489 0.5771275162696838 911
1615754297733 0.5267353653907776 912
1615754332564 0.5524975657463074 913
1615754367590 0.5833519697189331 914
1615754402348 0.5113914608955383 915
1615754437146 0.5705461502075195 916
1615754471697 0.49795466661453247 917
1615754506530 0.5579484701156616 918
1615754541096 0.5580306649208069 919
1615754580506 0.5557853579521179 920
1615754615332 0.5559468269348145 921
1615754650372 0.5513929128646851 922
1615754685648 0.5569317936897278 923
1615754720317 0.5827663540840149 924
1615754754949 0.5440402030944824 925
1615754789788 0.5772907137870789 926
1615754825133 0.5718073844909668 927
1615754859782 0.543388843536377 928
1615754893993 0.5647653937339783 929
1615754932615 0.49445396661758423 930
1615754967543 0.5563408136367798 931
1615755002261 0.5553798675537109 932
1615755037191 0.5625748634338379 933
1615755071612 0.514790415763855 934
1615755106378 0.5453003644943237 935
1615755140963 0.5136170387268066 936
1615755175640 0.517751932144165 937
1615755210409 0.5396864414215088 938
1615755244772 0.5611249208450317 939
1615755284081 0.5469838380813599 940
1615755318795 0.5222628116607666 941
1615755353224 0.5393068194389343 942
1615755388277 0.5227409601211548 943
1615755422593 0.5718772411346436 944
1615755456965 0.5761138200759888 945
1615755491745 0.5972669720649719 946
1615755526386 0.48763740062713623 947
1615755561017 0.5763797760009766 948
1615755595309 0.5964627861976624 949
1615755634220 0.552315354347229 950
1615755669146 0.5462045669555664 951
1615755704030 0.6008319854736328 952
1615755739122 0.5688074827194214 953
1615755774206 0.5692539215087891 954
1615755808754 0.5252671241760254 955
1615755844046 0.5613740682601929 956
1615755878810 0.5444194078445435 957
1615755913054 0.5808029174804688 958
1615755947769 0.5653359889984131 959
1615755986732 0.5079969167709351 960
1615756021047 0.5510116219520569 961
1615756055351 0.559955894947052 962
1615756090118 0.5491307377815247 963
1615756125053 0.545865535736084 964
1615756159410 0.5881683826446533 965
1615756194360 0.5298595428466797 966
1615756228891 0.5603036880493164 967
1615756263814 0.6006132364273071 968
1615756298478 0.5381722450256348 969
1615756337956 0.5526300668716431 970
1615756372788 0.5810933709144592 971
1615756407060 0.5501048564910889 972
1615756441331 0.5422837734222412 973
1615756475778 0.5593459606170654 974
1615756511112 0.5241018533706665 975
1615756545952 0.5779297351837158 976
1615756580419 0.5805717706680298 977
1615756614846 0.5149462223052979 978
1615756649739 0.556297779083252 979
1615756688614 0.5068498849868774 980
1615756723076 0.5333389043807983 981
1615756757274 0.5381735563278198 982
1615756792062 0.5528143644332886 983
1615756826342 0.5993660688400269 984
1615756860599 0.5675737261772156 985
1615756894996 0.5823535919189453 986
1615756929228 0.5461605787277222 987
1615756963594 0.5742045640945435 988
1615756997734 0.5674490928649902 989
1615757036545 0.5353124141693115 990
1615757071455 0.5450230836868286 991
1615757106058 0.5852059125900269 992
1615757140820 0.54399174451828 993
1615757175742 0.5709991455078125 994
1615757210261 0.5871621370315552 995
1615757245146 0.5724920034408569 996
1615757279804 0.6035996675491333 997
1615757315010 0.5586471557617188 998
1615757349830 0.539776086807251 999
1615757388647 0.5772722959518433 1000
1615757423059 0.5719890594482422 1001
1615757457784 0.5899744033813477 1002
1615757492144 0.5647345781326294 1003
1615757526623 0.5490963459014893 1004
1615757561396 0.5565226078033447 1005
1615757596264 0.5436503291130066 1006
1615757630978 0.5560882091522217 1007
1615757665334 0.5474650263786316 1008
1615757699823 0.5251598954200745 1009
1615757738784 0.5249494314193726 1010
1615757773156 0.5815246105194092 1011
1615757807854 0.5524680614471436 1012
1615757842558 0.5391744375228882 1013
1615757876932 0.569377064704895 1014
1615757911672 0.5483468770980835 1015
1615757946307 0.5515934228897095 1016
1615757980563 0.5383825302124023 1017
1615758015791 0.5692234039306641 1018
1615758050528 0.5676904320716858 1019
1615758089030 0.5706994533538818 1020
1615758123178 0.5360754728317261 1021
1615758157628 0.5063024163246155 1022
1615758192390 0.5790082216262817 1023
1615758227093 0.5470782518386841 1024
1615758261558 0.4993852972984314 1025
1615758296381 0.5881227254867554 1026
1615758331257 0.5394666194915771 1027
1615758366060 0.5514628887176514 1028
1615758400534 0.5871840715408325 1029
1615758439395 0.5341285467147827 1030
1615758474099 0.5282880067825317 1031
1615758508906 0.5563257336616516 1032
1615758543432 0.5722096562385559 1033
1615758578294 0.5711798667907715 1034
1615758612555 0.5666847229003906 1035
1615758647373 0.5675642490386963 1036
1615758681891 0.5702215433120728 1037
1615758716281 0.5537618398666382 1038
1615758750678 0.5515270233154297 1039
1615758789682 0.5459809303283691 1040
1615758824215 0.5861973762512207 1041
1615758859150 0.5509421229362488 1042
1615758893648 0.5513865947723389 1043
1615758928184 0.5443364381790161 1044
1615758962690 0.5938047766685486 1045
1615758997436 0.5383676290512085 1046
1615759032187 0.5186102390289307 1047
1615759066375 0.5588409900665283 1048
1615759101634 0.5402674674987793 1049
1615759140649 0.5613524317741394 1050
1615759175179 0.5477375388145447 1051
1615759209897 0.522699236869812 1052
1615759244338 0.561692476272583 1053
1615759279191 0.5505409836769104 1054
1615759314280 0.5323829054832458 1055
1615759349257 0.586228609085083 1056
1615759384148 0.5844048857688904 1057
1615759418767 0.5136513113975525 1058
1615759453612 0.5044705867767334 1059
1615759492577 0.5548447370529175 1060
1615759527017 0.5630422830581665 1061
1615759561678 0.5228421092033386 1062
1615759596169 0.5331431031227112 1063
1615759631065 0.5100103616714478 1064
1615759665978 0.5320715308189392 1065
1615759700739 0.5745091438293457 1066
1615759735200 0.5387561321258545 1067
1615759770003 0.5408339500427246 1068
1615759804783 0.5700849890708923 1069
1615759843912 0.5293959379196167 1070
1615759879119 0.5534267425537109 1071
1615759913386 0.5116879940032959 1072
1615759947635 0.5340582728385925 1073
1615759982164 0.5560553073883057 1074
1615760016436 0.5762108564376831 1075
1615760051220 0.5505759716033936 1076
1615760085543 0.5333846211433411 1077
1615760120395 0.560338020324707 1078
1615760155151 0.5727593898773193 1079
1615760193738 0.5349000692367554 1080
1615760228122 0.5210603475570679 1081
1615760262977 0.5274113416671753 1082
1615760298160 0.506770670413971 1083
1615760332938 0.5346601605415344 1084
1615760367886 0.5257381200790405 1085
1615760402890 0.5607924461364746 1086
1615760437733 0.5599337220191956 1087
1615760471913 0.5614109039306641 1088
1615760506144 0.5439162254333496 1089
1615760544434 0.5522867441177368 1090
1615760579185 0.5680643320083618 1091
1615760613536 0.5368415117263794 1092
1615760648110 0.5575523376464844 1093
1615760682969 0.5261833071708679 1094
1615760717539 0.5665446519851685 1095
1615760752525 0.5730735063552856 1096
1615760787190 0.5258929133415222 1097
1615760822114 0.5442297458648682 1098
1615760857228 0.5872738361358643 1099
1615760896737 0.5783330798149109 1100
1615760931144 0.566815197467804 1101
1615760965541 0.5347472429275513 1102
1615760999768 0.5900115966796875 1103
1615761034433 0.5700446963310242 1104
1615761068656 0.5265756845474243 1105
1615761103327 0.5713056325912476 1106
1615761138024 0.535301685333252 1107
1615761172872 0.5706577897071838 1108
1615761207315 0.5911628603935242 1109
1615761246651 0.5963789820671082 1110
1615761281072 0.5404834747314453 1111
1615761316225 0.5224487781524658 1112
1615761351117 0.5461251735687256 1113
1615761385872 0.5770773887634277 1114
1615761421152 0.5507834553718567 1115
1615761456057 0.5814980268478394 1116
1615761490434 0.5610641241073608 1117
1615761525063 0.5714772939682007 1118
1615761559313 0.5156435370445251 1119
1615761598262 0.5617965459823608 1120
1615761633007 0.5580581426620483 1121
1615761667578 0.5452399849891663 1122
1615761702375 0.559612512588501 1123
1615761736755 0.5533668994903564 1124
1615761771062 0.5582636594772339 1125
1615761805743 0.5584374666213989 1126
1615761840702 0.5778985023498535 1127
1615761875582 0.5770831108093262 1128
1615761910233 0.5588430166244507 1129
1615761949140 0.5995988249778748 1130
1615761984074 0.5305942296981812 1131
1615762019187 0.5900611877441406 1132
1615762053557 0.5750170946121216 1133
1615762087902 0.5651026368141174 1134
1615762122711 0.555634081363678 1135
1615762157541 0.5969945788383484 1136
1615762191890 0.5675702095031738 1137
1615762226102 0.5543322563171387 1138
1615762260276 0.534415602684021 1139
1615762299033 0.5500108599662781 1140
1615762333814 0.5265983939170837 1141
1615762368455 0.5484045743942261 1142
1615762403337 0.5635402202606201 1143
1615762438004 0.5406315922737122 1144
1615762473032 0.5794057846069336 1145
1615762507835 0.5380631685256958 1146
1615762542716 0.6065261960029602 1147
1615762577073 0.5567471981048584 1148
1615762611313 0.552807092666626 1149
1615762650193 0.5599747896194458 1150
1615762684459 0.5476450324058533 1151
1615762718878 0.545447826385498 1152
1615762754024 0.5546192526817322 1153
1615762788705 0.5300586819648743 1154
1615762823554 0.5389819741249084 1155
1615762858268 0.5844804048538208 1156
1615762892523 0.5453767776489258 1157
1615762926878 0.5559689998626709 1158
1615762961388 0.5144605040550232 1159
1615763000738 0.5378894805908203 1160
1615763035641 0.5560106039047241 1161
1615763071116 0.6074568033218384 1162
1615763105590 0.5611458420753479 1163
1615763140184 0.5544164776802063 1164
1615763175008 0.5271926522254944 1165
1615763209327 0.5513484477996826 1166
1615763244121 0.5497823357582092 1167
1615763278836 0.5396038293838501 1168
1615763313198 0.5569405555725098 1169
1615763352001 0.5601260662078857 1170
1615763386871 0.5647155046463013 1171
1615763421756 0.5615002512931824 1172
1615763456194 0.5195467472076416 1173
1615763491108 0.5615419149398804 1174
1615763525518 0.5442516803741455 1175
1615763560196 0.5774672031402588 1176
1615763595288 0.5827251672744751 1177
1615763629564 0.5359911918640137 1178
1615763664819 0.5576843023300171 1179
1615763703913 0.5544698238372803 1180
1615763738117 0.6001757979393005 1181
1615763772825 0.5259693264961243 1182
1615763807034 0.5591918230056763 1183
1615763841757 0.5611807107925415 1184
1615763876267 0.5491758584976196 1185
1615763910844 0.547221302986145 1186
1615763945498 0.548477053642273 1187
1615763980482 0.5468918681144714 1188
1615764015153 0.5971798896789551 1189
1615764054594 0.5612775087356567 1190
1615764089490 0.5592777132987976 1191
1615764124348 0.5943930149078369 1192
1615764158860 0.5268936157226562 1193
1615764193614 0.5349733829498291 1194
1615764228502 0.5592188835144043 1195
1615764262805 0.5620232820510864 1196
1615764297504 0.5523134469985962 1197
1615764331860 0.5700260400772095 1198
1615764366645 0.5707327127456665 1199
1615764406181 0.5306152105331421 1200
1615764426172 0.5900084972381592 0
1615764426184 0.5900084972381592 0
