1615722325369 0.30633336305618286 1
1615722360051 0.40434175729751587 2
1615722394538 0.5475121736526489 3
1615722428890 0.6475558280944824 4
1615722463112 0.6416925191879272 5
1615722497449 0.6842399835586548 6
1615722532196 0.6794759035110474 7
1615722566935 0.6926462650299072 8
1615722601886 0.7198365926742554 9
1615722640523 0.7091583013534546 10
1615722675196 0.7444381713867188 11
1615722709837 0.7153953909873962 12
1615722744582 0.7314026951789856 13
1615722778787 0.7091155648231506 14
1615722812991 0.7128603458404541 15
1615722847855 0.7456603050231934 16
1615722882233 0.7700265049934387 17
1615722916853 0.7615702748298645 18
1615722951668 0.7240467071533203 19
1615722991052 0.742107629776001 20
1615723025854 0.7475073933601379 21
1615723060936 0.7615995407104492 22
1615723095857 0.7883988618850708 23
1615723130491 0.7619306445121765 24
1615723165466 0.7603392004966736 25
1615723200040 0.7904191017150879 26
1615723234201 0.7602808475494385 27
1615723268393 0.7727466225624084 28
1615723302545 0.7667482495307922 29
1615723341967 0.7717392444610596 30
1615723376708 0.7725557088851929 31
1615723411054 0.7895963788032532 32
1615723445600 0.7948663830757141 33
1615723480138 0.7603766918182373 34
1615723514944 0.8087301254272461 35
1615723549177 0.8052058219909668 36
1615723584003 0.8026387691497803 37
1615723618820 0.8125756978988647 38
1615723653443 0.779819667339325 39
1615723692831 0.8059824705123901 40
1615723727262 0.8062912225723267 41
1615723761464 0.772922158241272 42
1615723796279 0.7801541090011597 43
1615723830897 0.8112148642539978 44
1615723865655 0.8158672451972961 45
1615723900388 0.7864216566085815 46
1615723934574 0.8097712397575378 47
1615723968684 0.8516408205032349 48
1615724003474 0.8117130994796753 49
1615724042400 0.800360918045044 50
1615724077056 0.8053730130195618 51
1615724112035 0.7593164443969727 52
1615724146655 0.7936276197433472 53
1615724181032 0.7888877391815186 54
1615724215986 0.775831401348114 55
1615724250910 0.7862114310264587 56
1615724285323 0.7904603481292725 57
1615724319735 0.8206691145896912 58
1615724354487 0.8053823709487915 59
1615724394103 0.8187263011932373 60
1615724428354 0.8049662113189697 61
1615724463050 0.7994623780250549 62
1615724497214 0.7996006011962891 63
1615724532015 0.7800507545471191 64
1615724566881 0.7993268966674805 65
1615724601584 0.8284789323806763 66
1615724636102 0.8277467489242554 67
1615724670584 0.8460954427719116 68
1615724705444 0.8308825492858887 69
1615724744483 0.7978268265724182 70
1615724779104 0.8085394501686096 71
1615724813811 0.7920317053794861 72
1615724848649 0.7965999841690063 73
1615724883142 0.8032677173614502 74
1615724917716 0.8374131917953491 75
1615724952330 0.843389630317688 76
1615724986830 0.8270761966705322 77
1615725021636 0.8324178457260132 78
1615725055895 0.8235244750976562 79
1615725095172 0.7909049987792969 80
1615725129419 0.8117180466651917 81
1615725163740 0.8494521379470825 82
1615725198522 0.8124755620956421 83
1615725233204 0.8370355367660522 84
1615725267873 0.8182121515274048 85
1615725302230 0.8350369930267334 86
1615725337078 0.8491467237472534 87
1615725371857 0.8454478979110718 88
1615725406634 0.8399412631988525 89
1615725446120 0.8211653232574463 90
1615725481200 0.8319292068481445 91
1615725515734 0.8250965476036072 92
1615725549977 0.8262981176376343 93
1615725584291 0.8395564556121826 94
1615725618966 0.8560172319412231 95
1615725654147 0.82233726978302 96
1615725688905 0.8385676741600037 97
1615725723589 0.7983765602111816 98
1615725757773 0.8215959072113037 99
1615725796469 0.809538722038269 100
1615725830822 0.8144823312759399 101
1615725865429 0.8127651214599609 102
1615725900292 0.8412232398986816 103
1615725934744 0.8299168944358826 104
1615725969160 0.813761830329895 105
1615726003977 0.7962362766265869 106
1615726038395 0.8181306719779968 107
1615726073139 0.8190667629241943 108
1615726108041 0.8243524432182312 109
1615726146986 0.8252155184745789 110
1615726181535 0.8596110343933105 111
1615726215938 0.8417123556137085 112
1615726250794 0.8204803466796875 113
1615726284990 0.8044736385345459 114
1615726319096 0.846306324005127 115
1615726353643 0.8280903100967407 116
1615726388149 0.8431932330131531 117
1615726422627 0.7748093605041504 118
1615726457372 0.836739182472229 119
1615726496521 0.8244137763977051 120
1615726531099 0.8529270887374878 121
1615726565865 0.8552958965301514 122
1615726600602 0.7964860796928406 123
1615726635245 0.8049886226654053 124
1615726669886 0.8471767902374268 125
1615726704328 0.8363475799560547 126
1615726738589 0.848923921585083 127
1615726773283 0.8513866066932678 128
1615726808123 0.8281154632568359 129
1615726846838 0.8465137481689453 130
1615726881348 0.8387441039085388 131
1615726915708 0.8340398073196411 132
1615726950296 0.8552942276000977 133
1615726984647 0.8189992904663086 134
1615727019209 0.8501363396644592 135
1615727053906 0.8657652735710144 136
1615727088455 0.8478487730026245 137
1615727122672 0.8087179064750671 138
1615727157441 0.8172595500946045 139
1615727196121 0.8222734928131104 140
1615727230676 0.8143854141235352 141
1615727265066 0.8366994857788086 142
1615727299861 0.8562687039375305 143
1615727334350 0.8310090899467468 144
1615727369234 0.8630251884460449 145
1615727403863 0.8531079292297363 146
1615727438688 0.8413148522377014 147
1615727473195 0.8476554155349731 148
1615727508010 0.8599498271942139 149
1615727547463 0.8449503183364868 150
1615727582608 0.8454678058624268 151
1615727617304 0.8694063425064087 152
1615727651834 0.8699343800544739 153
1615727686113 0.8946179151535034 154
1615727720921 0.8287376165390015 155
1615727755505 0.8621814846992493 156
1615727789686 0.8824235200881958 157
1615727824019 0.8478443622589111 158
1615727858743 0.8646777868270874 159
1615727897649 0.8668901920318604 160
1615727932459 0.814031720161438 161
1615727967204 0.8345448970794678 162
1615728002092 0.8555812835693359 163
1615728036527 0.863355278968811 164
1615728070892 0.8510624170303345 165
1615728105709 0.831852912902832 166
1615728140525 0.8425874710083008 167
1615728175720 0.8536275625228882 168
1615728210113 0.8833759427070618 169
1615728249418 0.8644304275512695 170
1615728283798 0.8327786922454834 171
1615728318627 0.8512134552001953 172
1615728352904 0.852712869644165 173
1615728387507 0.8479796648025513 174
1615728422235 0.8474482893943787 175
1615728456669 0.8409708738327026 176
1615728491519 0.8172684907913208 177
1615728526396 0.8569937348365784 178
1615728560854 0.832008421421051 179
1615728599965 0.8636087775230408 180
1615728634806 0.848167896270752 181
1615728669554 0.8376230597496033 182
1615728704099 0.8198109865188599 183
1615728738605 0.8549716472625732 184
1615728773446 0.8521106839179993 185
1615728807803 0.8486104011535645 186
1615728841986 0.8383811712265015 187
1615728876734 0.8395986557006836 188
1615728911336 0.8498044013977051 189
1615728950338 0.8511245250701904 190
1615728985221 0.8865824937820435 191
1615729020049 0.8413628935813904 192
1615729054874 0.8275619745254517 193
1615729089445 0.8366899490356445 194
1615729123812 0.869682788848877 195
1615729158879 0.8227452635765076 196
1615729193747 0.8444836139678955 197
1615729227987 0.846941351890564 198
1615729262642 0.8520933389663696 199
1615729301055 0.840844988822937 200
1615729335407 0.8375456929206848 201
1615729370031 0.8217872381210327 202
1615729404648 0.8371384143829346 203
1615729439079 0.864980936050415 204
1615729473367 0.8627996444702148 205
1615729508291 0.8589575290679932 206
1615729542708 0.8694983720779419 207
1615729577192 0.872427225112915 208
1615729612247 0.8727132081985474 209
1615729651462 0.8334039449691772 210
1615729686266 0.8630955219268799 211
1615729720852 0.8464993238449097 212
1615729755579 0.8150793313980103 213
1615729789754 0.851921021938324 214
1615729824524 0.8625221848487854 215
1615729859350 0.8285874724388123 216
1615729894054 0.8560792803764343 217
1615729928401 0.859281063079834 218
1615729962581 0.8498796224594116 219
1615730001360 0.8553082942962646 220
1615730036509 0.85100257396698 221
1615730071536 0.8415529131889343 222
1615730106424 0.8523920178413391 223
1615730141064 0.8737649321556091 224
1615730175934 0.8498221039772034 225
1615730210677 0.8475151062011719 226
1615730245078 0.8313100337982178 227
1615730279303 0.847927451133728 228
1615730313641 0.8810124397277832 229
1615730352396 0.8686807155609131 230
1615730387294 0.8879249095916748 231
1615730422181 0.8662983775138855 232
1615730456810 0.8353516459465027 233
1615730491543 0.8712635040283203 234
1615730526154 0.8590409755706787 235
1615730560439 0.8661901950836182 236
1615730595480 0.8705514073371887 237
1615730630254 0.8476220965385437 238
1615730665107 0.8713804483413696 239
1615730704247 0.859188437461853 240
1615730738828 0.8754680156707764 241
1615730773228 0.8551054000854492 242
1615730807928 0.858629584312439 243
1615730842683 0.8769611716270447 244
1615730877245 0.859074592590332 245
1615730911530 0.86275315284729 246
1615730946214 0.831710934638977 247
1615730980932 0.8800113201141357 248
1615731015719 0.8598743677139282 249
1615731055242 0.8542560338973999 250
1615731090142 0.8767071962356567 251
1615731124618 0.8545352816581726 252
1615731159101 0.8308820128440857 253
1615731193948 0.8517192602157593 254
1615731228679 0.8767588138580322 255
1615731262907 0.8655459880828857 256
1615731297558 0.9080328941345215 257
1615731331861 0.8840047121047974 258
1615731366707 0.8548746705055237 259
1615731406264 0.852076530456543 260
1615731441389 0.8813493251800537 261
1615731476181 0.8917313814163208 262
1615731510887 0.865192711353302 263
1615731545205 0.8429132699966431 264
1615731580101 0.8641459941864014 265
1615731614330 0.8443906307220459 266
1615731648579 0.8678499460220337 267
1615731683518 0.8434173464775085 268
1615731718354 0.8738605976104736 269
1615731757937 0.8681732416152954 270
1615731792183 0.8788124322891235 271
1615731827037 0.8681732416152954 272
1615731861722 0.8589459657669067 273
1615731896208 0.8687925338745117 274
1615731930733 0.8634836673736572 275
1615731965026 0.8275575637817383 276
1615731999481 0.891584038734436 277
1615732034116 0.8537704944610596 278
1615732068571 0.8823341131210327 279
1615732107454 0.868520975112915 280
1615732141783 0.8843345046043396 281
1615732176292 0.8850484490394592 282
1615732211089 0.8638306856155396 283
1615732245844 0.8701931238174438 284
1615732280434 0.8273088932037354 285
1615732315390 0.8741761445999146 286
1615732350268 0.85288405418396 287
1615732384594 0.8477330207824707 288
1615732419108 0.8835039138793945 289
1615732458731 0.868925929069519 290
1615732493780 0.8871433734893799 291
1615732528155 0.8727512359619141 292
1615732562597 0.879651665687561 293
1615732597633 0.8712655305862427 294
1615732632408 0.8566513061523438 295
1615732666836 0.8566054105758667 296
1615732701143 0.8773564100265503 297
1615732735471 0.8650393486022949 298
1615732770233 0.88798987865448 299
1615732809046 0.8698344230651855 300
1615732843321 0.8451921343803406 301
1615732877658 0.861548125743866 302
1615732912437 0.8957778811454773 303
1615732947180 0.8795273303985596 304
1615732981651 0.8561041355133057 305
1615733016257 0.8528382778167725 306
1615733051153 0.8806712627410889 307
1615733085938 0.9151156544685364 308
1615733120345 0.8995119333267212 309
1615733159191 0.8405940532684326 310
1615733193901 0.846515417098999 311
1615733228962 0.8610270619392395 312
1615733263739 0.8560896515846252 313
1615733298484 0.8975595235824585 314
1615733333241 0.8639018535614014 315
1615733367748 0.8767834901809692 316
1615733402262 0.8936892747879028 317
1615733437088 0.8636409640312195 318
1615733471973 0.8649889230728149 319
1615733510896 0.8699207305908203 320
1615733545695 0.8549584150314331 321
1615733580147 0.8607234358787537 322
1615733614787 0.852798342704773 323
1615733649481 0.8820610046386719 324
1615733684061 0.8456597328186035 325
1615733718845 0.8650593161582947 326
1615733753314 0.8761153817176819 327
1615733788371 0.8922384977340698 328
1615733823253 0.8917088508605957 329
1615733862217 0.8356517553329468 330
1615733896902 0.8518304824829102 331
1615733932242 0.8697924017906189 332
1615733966642 0.8922625780105591 333
1615734000870 0.8643798828125 334
1615734035211 0.867374062538147 335
1615734069639 0.8637465238571167 336
1615734104441 0.8919447064399719 337
1615734139294 0.844097375869751 338
1615734174185 0.8974338173866272 339
1615734213513 0.8798521161079407 340
1615734248202 0.8661768436431885 341
1615734282714 0.8814781904220581 342
1615734317420 0.8683634996414185 343
1615734352091 0.87938392162323 344
1615734387317 0.8494014739990234 345
1615734421857 0.8321441411972046 346
1615734456123 0.8247755169868469 347
1615734490460 0.8676327466964722 348
1615734525117 0.8910331726074219 349
1615734563830 0.8962726593017578 350
1615734598610 0.8787888288497925 351
1615734633342 0.8794211149215698 352
1615734667773 0.8873676061630249 353
1615734702473 0.8938359022140503 354
1615734737564 0.8811115026473999 355
1615734772129 0.8581000566482544 356
1615734807007 0.895901083946228 357
1615734841643 0.8836302161216736 358
1615734876484 0.8466273546218872 359
1615734915994 0.8713573217391968 360
1615734950393 0.8930268883705139 361
1615734985010 0.8933827877044678 362
1615735019550 0.8914687037467957 363
1615735054275 0.8623542189598083 364
1615735088557 0.8856279850006104 365
1615735122837 0.8653686046600342 366
1615735157334 0.8753770589828491 367
1615735191700 0.8956695795059204 368
1615735226582 0.8585982322692871 369
1615735265483 0.876121997833252 370
1615735299973 0.9128508567810059 371
1615735335133 0.8972272872924805 372
1615735369731 0.8669154047966003 373
1615735404235 0.8748577237129211 374
1615735439026 0.878756046295166 375
1615735474278 0.8713850975036621 376
1615735508568 0.855542778968811 377
1615735543100 0.8601900339126587 378
1615735577768 0.8713406324386597 379
1615735616941 0.8605093955993652 380
1615735651666 0.8785523176193237 381
1615735686353 0.8874771595001221 382
1615735720815 0.8703864812850952 383
1615735755636 0.8890858292579651 384
1615735790497 0.8916268348693848 385
1615735825337 0.8825488090515137 386
1615735860283 0.8714756965637207 387
1615735895167 0.8774286508560181 388
1615735929679 0.882788896560669 389
1615735968868 0.8649960160255432 390
1615736003735 0.8590444326400757 391
1615736038561 0.8628020882606506 392
1615736072967 0.8803958892822266 393
1615736108179 0.8531786203384399 394
1615736142948 0.9131001234054565 395
1615736177446 0.8783820867538452 396
1615736212097 0.8945653438568115 397
1615736246796 0.8960139751434326 398
1615736281268 0.8726029396057129 399
1615736320252 0.8833911418914795 400
1615736354844 0.8864670395851135 401
1615736389629 0.8743419647216797 402
1615736424200 0.8488900661468506 403
1615736458651 0.9017888307571411 404
1615736493142 0.8817849159240723 405
1615736527562 0.8763040900230408 406
1615736562425 0.8395137190818787 407
1615736597127 0.8894109129905701 408
1615736631755 0.8741066455841064 409
1615736671130 0.8732695579528809 410
1615736705760 0.8766658306121826 411
1615736740444 0.8939354419708252 412
1615736774927 0.8917491436004639 413
1615736809390 0.8766161203384399 414
1615736844257 0.8594884872436523 415
1615736879376 0.8664603233337402 416
1615736914238 0.8601428270339966 417
1615736949495 0.8855286836624146 418
1615736983999 0.8819240927696228 419
1615737023375 0.8829086422920227 420
1615737058166 0.8780074715614319 421
1615737092430 0.8807156682014465 422
1615737127335 0.8660128116607666 423
1615737161502 0.8731105327606201 424
1615737195780 0.8958617448806763 425
1615737230452 0.8707833886146545 426
1615737264718 0.8898115158081055 427
1615737299644 0.8745072484016418 428
1615737334233 0.8344144821166992 429
1615737373335 0.8598334789276123 430
1615737408277 0.8842512965202332 431
1615737443083 0.8640246391296387 432
1615737477457 0.8679037094116211 433
1615737511994 0.8940975666046143 434
1615737547047 0.849983811378479 435
1615737581694 0.8873881101608276 436
1615737616120 0.8818066120147705 437
1615737650837 0.8825196027755737 438
1615737685090 0.862321674823761 439
1615737724117 0.9055401086807251 440
1615737759006 0.8918508887290955 441
1615737793422 0.8489176630973816 442
1615737828228 0.8749357461929321 443
1615737862975 0.8923555612564087 444
1615737897812 0.8726702928543091 445
1615737932181 0.8747615814208984 446
1615737966425 0.8620721101760864 447
1615738001086 0.8746120929718018 448
1615738035892 0.8908365964889526 449
1615738074890 0.8994112014770508 450
1615738109442 0.8863229751586914 451
1615738144090 0.8794106245040894 452
1615738178805 0.8779104948043823 453
1615738213436 0.8596646785736084 454
1615738247990 0.8917858600616455 455
1615738282217 0.869666576385498 456
1615738317212 0.8499748110771179 457
1615738352361 0.8475406169891357 458
1615738387444 0.8771011233329773 459
1615738426845 0.8898483514785767 460
1615738461590 0.8894777894020081 461
1615738495894 0.8997701406478882 462
1615738530825 0.8808497786521912 463
1615738565081 0.8778434991836548 464
1615738599883 0.8790731430053711 465
1615738634981 0.8680117130279541 466
1615738669835 0.8521149754524231 467
1615738704476 0.8699774742126465 468
1615738739013 0.881665050983429 469
1615738778369 0.8665355443954468 470
1615738812587 0.852752685546875 471
1615738846983 0.8724842071533203 472
1615738881479 0.8688863515853882 473
1615738915824 0.8740421533584595 474
1615738950611 0.8960279226303101 475
1615738985092 0.8733080625534058 476
1615739019780 0.8779099583625793 477
1615739055140 0.8810213804244995 478
1615739091304 0.9106638431549072 479
1615739131032 0.9005276560783386 480
1615739166863 0.8733697533607483 481
1615739201121 0.8958302736282349 482
1615739235336 0.876106858253479 483
1615739270182 0.8804973363876343 484
1615739304951 0.8784827589988708 485
1615739339216 0.8693692684173584 486
1615739374006 0.8704720735549927 487
1615739408728 0.877280592918396 488
1615739443268 0.8961413502693176 489
1615739482210 0.9051705598831177 490
1615739516427 0.8821861743927002 491
1615739551254 0.850494384765625 492
1615739585642 0.9148081541061401 493
1615739620368 0.8572922945022583 494
1615739655315 0.8869157433509827 495
1615739690306 0.8763890862464905 496
1615739725446 0.8959518671035767 497
1615739760245 0.8675779104232788 498
1615739795017 0.8876478672027588 499
1615739834349 0.8633081316947937 500
1615739868602 0.8503690361976624 501
1615739904005 0.892491340637207 502
1615739938422 0.8971089124679565 503
1615739972774 0.8978278040885925 504
1615740007591 0.886260986328125 505
1615740042225 0.8942668437957764 506
1615740077130 0.8592336773872375 507
1615740111754 0.882256269454956 508
1615740146303 0.8873460292816162 509
1615740185630 0.8879927396774292 510
1615740220476 0.9184405207633972 511
1615740255360 0.887811005115509 512
1615740290579 0.8969515562057495 513
1615740325248 0.8957266211509705 514
1615740359643 0.8769232034683228 515
1615740394039 0.8979697227478027 516
1615740428753 0.9087068438529968 517
1615740463636 0.8820953369140625 518
1615740498126 0.8642061948776245 519
1615740536914 0.8658127784729004 520
1615740571904 0.8627306222915649 521
1615740606885 0.8842153549194336 522
1615740641651 0.8931621313095093 523
1615740676962 0.8913425803184509 524
1615740711754 0.8880948424339294 525
1615740746503 0.9213172197341919 526
1615740781217 0.8871891498565674 527
1615740815404 0.8809288740158081 528
1615740849920 0.9062327146530151 529
1615740888682 0.8783890008926392 530
1615740923480 0.8714632987976074 531
1615740957708 0.8765273690223694 532
1615740992305 0.8689407110214233 533
1615741026860 0.8929886817932129 534
1615741061470 0.8733444809913635 535
1615741096476 0.9102582931518555 536
1615741131037 0.8635740876197815 537
1615741165901 0.8852312564849854 538
1615741200586 0.8862690925598145 539
1615741240148 0.9055521488189697 540
1615741274615 0.8769080638885498 541
1615741309148 0.8624852299690247 542
1615741344197 0.889154851436615 543
1615741378970 0.8917642831802368 544
1615741413204 0.8833130598068237 545
1615741447488 0.8885574340820312 546
1615741481778 0.9114871025085449 547
1615741516653 0.8684164881706238 548
1615741551366 0.866240382194519 549
1615741589755 0.887603223323822 550
1615741624540 0.8840045928955078 551
1615741658742 0.8882128000259399 552
1615741693496 0.9006997346878052 553
1615741728254 0.8495748043060303 554
1615741762774 0.876876950263977 555
1615741797216 0.8960241079330444 556
1615741831798 0.8744112849235535 557
1615741866585 0.8752307891845703 558
1615741900780 0.8701931238174438 559
1615741940693 0.9052321910858154 560
1615741975275 0.8798714280128479 561
1615742009709 0.8785021305084229 562
1615742044436 0.8817407488822937 563
1615742079198 0.9227471351623535 564
1615742113569 0.8694413900375366 565
1615742148445 0.8968234062194824 566
1615742183444 0.880940318107605 567
1615742218064 0.907366156578064 568
1615742252677 0.8893296718597412 569
1615742291115 0.8853934407234192 570
1615742326172 0.8653745651245117 571
1615742361113 0.8885747194290161 572
1615742395789 0.8842489719390869 573
1615742430032 0.8981387615203857 574
1615742464939 0.8718721270561218 575
1615742499756 0.8910447359085083 576
1615742534440 0.903954029083252 577
1615742569394 0.9058057069778442 578
1615742604423 0.8835264444351196 579
1615742643556 0.8956051468849182 580
1615742678416 0.9194084405899048 581
1615742713245 0.8675873279571533 582
1615742747984 0.8732928037643433 583
1615742782856 0.8900240659713745 584
1615742817575 0.8796485662460327 585
1615742852690 0.8801147937774658 586
1615742886906 0.9116865396499634 587
1615742921353 0.8843675851821899 588
1615742955743 0.884743869304657 589
1615742994490 0.9020847082138062 590
1615743028887 0.89115309715271 591
1615743063418 0.8806425929069519 592
1615743098225 0.873531699180603 593
1615743133012 0.882197380065918 594
1615743167820 0.8837729692459106 595
1615743202215 0.8837044835090637 596
1615743236991 0.9004566669464111 597
1615743271795 0.8810352087020874 598
1615743306589 0.8873047232627869 599
1615743346518 0.8800495862960815 600
1615743381046 0.9165637493133545 601
1615743415874 0.8743152618408203 602
1615743450100 0.8567187190055847 603
1615743484815 0.8771716356277466 604
1615743519607 0.8903107643127441 605
1615743553912 0.8850159645080566 606
1615743588317 0.892622709274292 607
1615743622721 0.8910444974899292 608
1615743657151 0.8832353949546814 609
1615743696624 0.8995667695999146 610
1615743731885 0.8661906719207764 611
1615743767098 0.8856217265129089 612
1615743801424 0.88105708360672 613
1615743835737 0.8951764106750488 614
1615743870006 0.8842871189117432 615
1615743904618 0.899031400680542 616
1615743939013 0.8713457584381104 617
1615743973561 0.9144726991653442 618
1615744007935 0.8922638893127441 619
1615744047369 0.879607617855072 620
1615744082128 0.90190190076828 621
1615744116695 0.8735651969909668 622
1615744151557 0.8761518597602844 623
1615744186564 0.8886851668357849 624
1615744221225 0.9171639680862427 625
1615744256160 0.901490330696106 626
1615744290705 0.9022483825683594 627
1615744325494 0.8836634159088135 628
1615744359725 0.8700786828994751 629
1615744398553 0.8782095909118652 630
1615744433012 0.9085963368415833 631
1615744467939 0.8722647428512573 632
1615744502890 0.9067834615707397 633
1615744537326 0.885528028011322 634
1615744572080 0.8602473735809326 635
1615744607432 0.8803533315658569 636
1615744642695 0.9023058414459229 637
1615744677508 0.8875691890716553 638
1615744712400 0.9024235010147095 639
1615744751860 0.8984283208847046 640
1615744786600 0.9025723934173584 641
1615744821104 0.8851017951965332 642
1615744855691 0.8864601850509644 643
1615744890988 0.9031118750572205 644
1615744926019 0.8987845182418823 645
1615744960722 0.902206540107727 646
1615744995434 0.8962384462356567 647
1615745030070 0.8816496729850769 648
1615745065450 0.8925030827522278 649
1615745104393 0.9203839898109436 650
1615745138796 0.8768556118011475 651
1615745173637 0.9001241326332092 652
1615745207977 0.8838489055633545 653
1615745242428 0.9039789438247681 654
1615745277601 0.8892441987991333 655
1615745312520 0.8885918259620667 656
1615745346887 0.8949189186096191 657
1615745381759 0.8708769083023071 658
1615745416751 0.8835057020187378 659
1615745455452 0.8815847039222717 660
1615745490087 0.9043606519699097 661
1615745524801 0.8858576416969299 662
1615745559506 0.8746488690376282 663
1615745594252 0.8927357792854309 664
1615745629043 0.9032533764839172 665
1615745663596 0.8925654888153076 666
1615745698033 0.8989694118499756 667
1615745733046 0.8874678611755371 668
1615745768109 0.8771379590034485 669
1615745807089 0.896568238735199 670
1615745841874 0.8991804122924805 671
1615745876134 0.8731597065925598 672
1615745910960 0.867335319519043 673
1615745946104 0.8884444236755371 674
1615745980395 0.8725805878639221 675
1615746014732 0.8949435949325562 676
1615746049084 0.890605092048645 677
1615746083924 0.9021850228309631 678
1615746118846 0.88704514503479 679
1615746157427 0.8910068273544312 680
1615746192373 0.895520806312561 681
1615746227298 0.9029848575592041 682
1615746262275 0.9068444967269897 683
1615746296597 0.8906312584877014 684
1615746331684 0.8964076042175293 685
1615746366569 0.8890674710273743 686
1615746400927 0.9231503009796143 687
1615746435277 0.8810082674026489 688
1615746469404 0.862808346748352 689
1615746508494 0.8972604870796204 690
1615746543277 0.8916195631027222 691
1615746577640 0.9223629236221313 692
1615746612529 0.9048717021942139 693
1615746647437 0.8917732238769531 694
1615746682474 0.8876725435256958 695
1615746717493 0.8955389261245728 696
1615746752323 0.9091531038284302 697
1615746786922 0.9007725715637207 698
1615746821613 0.9141644239425659 699
1615746860783 0.9025527238845825 700
1615746895556 0.8916760087013245 701
1615746929934 0.8906189203262329 702
1615746964125 0.9187650084495544 703
1615746998404 0.8963021039962769 704
1615747033101 0.8834235668182373 705
1615747067481 0.8904876708984375 706
1615747102091 0.8972285985946655 707
1615747137021 0.9060922265052795 708
1615747171850 0.8883300423622131 709
1615747211194 0.9073197841644287 710
1615747245834 0.9061835408210754 711
1615747280260 0.8892681002616882 712
1615747314571 0.8993635177612305 713
1615747349554 0.9067976474761963 714
1615747384034 0.8921829462051392 715
1615747418559 0.8742204904556274 716
1615747453039 0.9137115478515625 717
1615747487320 0.9114346504211426 718
1615747522108 0.8992676138877869 719
1615747560590 0.9067575335502625 720
1615747595486 0.8892020583152771 721
1615747630378 0.8720090389251709 722
1615747665338 0.888359546661377 723
1615747700174 0.9019650220870972 724
1615747734878 0.8792599439620972 725
1615747769238 0.9122180938720703 726
1615747803715 0.9320816397666931 727
1615747838487 0.8904628753662109 728
1615747872942 0.9250643253326416 729
1615747912003 0.9179899096488953 730
1615747946703 0.8996882438659668 731
1615747981282 0.8989002108573914 732
1615748015520 0.9156032204627991 733
1615748049908 0.883154034614563 734
1615748084440 0.8959559202194214 735
1615748118934 0.9080649614334106 736
1615748153614 0.912446141242981 737
1615748188641 0.9042890071868896 738
1615748223674 0.8980677127838135 739
1615748263231 0.8828559517860413 740
1615748297941 0.8702312111854553 741
1615748332472 0.9024267196655273 742
1615748367368 0.9151003360748291 743
1615748401787 0.9329714179039001 744
1615748436116 0.887738823890686 745
1615748470401 0.8971276879310608 746
1615748504670 0.8859426975250244 747
1615748539502 0.8872244358062744 748
1615748574560 0.8897385001182556 749
1615748613494 0.9204208850860596 750
1615748647831 0.8762719035148621 751
1615748682716 0.8937179446220398 752
1615748717021 0.8851561546325684 753
1615748752144 0.8974902033805847 754
1615748786425 0.8969917297363281 755
1615748821237 0.9109729528427124 756
1615748855934 0.8900578022003174 757
1615748890315 0.8822331428527832 758
1615748925001 0.9297157526016235 759
1615748963811 0.8853190541267395 760
1615748998739 0.8846993446350098 761
1615749033488 0.8888260126113892 762
1615749067971 0.9022462964057922 763
1615749102955 0.9103559255599976 764
1615749137297 0.8888535499572754 765
1615749171525 0.9027514457702637 766
1615749206615 0.8976039886474609 767
1615749241151 0.8922606706619263 768
1615749275902 0.9073821306228638 769
1615749314281 0.8936814665794373 770
1615749348763 0.8813982009887695 771
1615749383163 0.8930944204330444 772
1615749417806 0.9055790305137634 773
1615749452325 0.8948471546173096 774
1615749487058 0.8830748200416565 775
1615749521888 0.9084179401397705 776
1615749556473 0.9021018743515015 777
1615749591557 0.8890081644058228 778
1615749626218 0.8757797479629517 779
1615749665604 0.9117381572723389 780
1615749699938 0.8495587706565857 781
1615749734662 0.9109189510345459 782
1615749769244 0.9196253418922424 783
1615749803942 0.9069305658340454 784
1615749839224 0.9066740274429321 785
1615749873517 0.8736026287078857 786
1615749908321 0.8904584646224976 787
1615749942713 0.9117046594619751 788
1615749977514 0.8897908926010132 789
1615750016583 0.8929464817047119 790
1615750051245 0.892611563205719 791
1615750085958 0.9126940965652466 792
1615750120952 0.886670708656311 793
1615750155877 0.9155490398406982 794
1615750190782 0.8853120803833008 795
1615750225816 0.8849093914031982 796
1615750260691 0.9067171812057495 797
1615750295622 0.8806073665618896 798
1615750330456 0.9190174341201782 799
1615750369376 0.8838217258453369 800
1615750404562 0.8777667284011841 801
1615750438887 0.8927475214004517 802
1615750473667 0.906002402305603 803
1615750508450 0.8856083154678345 804
1615750542928 0.890294075012207 805
1615750577105 0.8883923292160034 806
1615750611944 0.9000051021575928 807
1615750646715 0.8940156698226929 808
1615750680936 0.8827397227287292 809
1615750719370 0.9039524793624878 810
1615750754153 0.8685445785522461 811
1615750788841 0.8881370425224304 812
1615750823704 0.9222923517227173 813
1615750858752 0.9187188744544983 814
1615750893058 0.8950711488723755 815
1615750927861 0.8791977167129517 816
1615750962150 0.9238091111183167 817
1615750996685 0.8825399279594421 818
1615751031534 0.8851450681686401 819
1615751070930 0.8607368469238281 820
1615751105709 0.903714656829834 821
1615751140583 0.8905043601989746 822
1615751175459 0.891666054725647 823
1615751209682 0.8962250351905823 824
1615751244097 0.8803473711013794 825
1615751278887 0.8865606784820557 826
1615751313631 0.8837688565254211 827
1615751348427 0.9151675701141357 828
1615751383319 0.9020100235939026 829
1615751421890 0.886333703994751 830
1615751456812 0.9001384973526001 831
1615751491757 0.9010547399520874 832
1615751526343 0.9090039730072021 833
1615751561170 0.8941961526870728 834
1615751595476 0.8810254335403442 835
1615751629751 0.9047664403915405 836
1615751664558 0.8621279001235962 837
1615751699356 0.902086615562439 838
1615751733773 0.9067463874816895 839
1615751772807 0.8969876766204834 840
1615751807305 0.8862626552581787 841
1615751841812 0.9119542837142944 842
1615751876338 0.9149640202522278 843
1615751910805 0.9091024994850159 844
1615751945122 0.8946141004562378 845
1615751979983 0.8957075476646423 846
1615752014775 0.9057914018630981 847
1615752049780 0.8802779316902161 848
1615752084563 0.8684701919555664 849
1615752123838 0.8861261010169983 850
1615752158176 0.9228936433792114 851
1615752192817 0.9353150725364685 852
1615752227594 0.8814137578010559 853
1615752262108 0.8910521268844604 854
1615752296841 0.894834578037262 855
1615752331624 0.90370774269104 856
1615752366028 0.8839877843856812 857
1615752400268 0.9057800769805908 858
1615752434885 0.9040381908416748 859
1615752473886 0.9050997495651245 860
1615752508332 0.879280149936676 861
1615752543177 0.8988641500473022 862
1615752577791 0.8890628218650818 863
1615752612386 0.8711345195770264 864
1615752646911 0.8946176767349243 865
1615752681241 0.8804563283920288 866
1615752716079 0.9120091199874878 867
1615752751195 0.8740148544311523 868
1615752785783 0.8861173391342163 869
1615752825063 0.917768120765686 870
1615752859874 0.8880902528762817 871
1615752894634 0.9121122360229492 872
1615752929432 0.8968574404716492 873
1615752963960 0.912979245185852 874
1615752998379 0.8961650133132935 875
1615753033242 0.9109095335006714 876
1615753067778 0.891800045967102 877
1615753102244 0.8640609979629517 878
1615753137150 0.9132715463638306 879
1615753176865 0.9159133434295654 880
1615753211470 0.8909050226211548 881
1615753246252 0.8961925506591797 882
1615753281635 0.878189206123352 883
1615753316439 0.9139549136161804 884
1615753351146 0.887708306312561 885
1615753385921 0.8673050403594971 886
1615753420193 0.9155176877975464 887
1615753454503 0.9017899036407471 888
1615753489211 0.8667355179786682 889
1615753528524 0.8975498080253601 890
1615753562850 0.9200397729873657 891
1615753597222 0.9030839204788208 892
1615753631521 0.8982119560241699 893
1615753665834 0.9117873311042786 894
1615753700195 0.9309649467468262 895
1615753735052 0.8772797584533691 896
1615753769777 0.8908058404922485 897
1615753804634 0.9030810594558716 898
1615753839066 0.865196943283081 899
1615753878010 0.9283641576766968 900
1615753913027 0.8980835676193237 901
1615753947401 0.9140546321868896 902
1615753982069 0.901824414730072 903
1615754016240 0.9056811332702637 904
1615754050732 0.9002981185913086 905
1615754085540 0.8866282105445862 906
1615754120290 0.882571816444397 907
1615754154535 0.8788962960243225 908
1615754189076 0.9013280868530273 909
1615754227618 0.9141035676002502 910
1615754262489 0.9148019552230835 911
1615754297733 0.8734087944030762 912
1615754332564 0.8969992399215698 913
1615754367590 0.9194091558456421 914
1615754402348 0.8809984922409058 915
1615754437146 0.9087773561477661 916
1615754471697 0.8597404956817627 917
1615754506530 0.8933964967727661 918
1615754541096 0.9056326150894165 919
1615754580506 0.8988932371139526 920
1615754615332 0.9029848575592041 921
1615754650372 0.9009562730789185 922
1615754685648 0.8956242203712463 923
1615754720317 0.9165002703666687 924
1615754754949 0.8899922370910645 925
1615754789788 0.9169682860374451 926
1615754825133 0.9125723242759705 927
1615754859782 0.8997887372970581 928
1615754893993 0.9070361852645874 929
1615754932615 0.8696387410163879 930
1615754967543 0.8976569175720215 931
1615755002261 0.9025740623474121 932
1615755037191 0.9031479358673096 933
1615755071612 0.8755061030387878 934
1615755106378 0.8895400762557983 935
1615755140963 0.8715088963508606 936
1615755175640 0.8848944902420044 937
1615755210409 0.8864502906799316 938
1615755244772 0.9028549194335938 939
1615755284081 0.9029514789581299 940
1615755318795 0.8790690898895264 941
1615755353224 0.8824918270111084 942
1615755388277 0.8712672591209412 943
1615755422593 0.9206010103225708 944
1615755456965 0.9089266061782837 945
1615755491745 0.9197245836257935 946
1615755526386 0.8519910573959351 947
1615755561017 0.9109759330749512 948
1615755595309 0.9254492521286011 949
1615755634220 0.8910893201828003 950
1615755669146 0.8915266990661621 951
1615755704030 0.9299685955047607 952
1615755739122 0.9076510667800903 953
1615755774206 0.898452877998352 954
1615755808754 0.8923245072364807 955
1615755844046 0.898180365562439 956
1615755878810 0.8944087028503418 957
1615755913054 0.906232476234436 958
1615755947769 0.9115782976150513 959
1615755986732 0.8891342878341675 960
1615756021047 0.8878147602081299 961
1615756055351 0.8950835466384888 962
1615756090118 0.893808126449585 963
1615756125053 0.8930801749229431 964
1615756159410 0.9180487394332886 965
1615756194360 0.8924697637557983 966
1615756228891 0.9062796831130981 967
1615756263814 0.9354321360588074 968
1615756298478 0.8906628489494324 969
1615756337956 0.899950385093689 970
1615756372788 0.9142718315124512 971
1615756407060 0.8963428735733032 972
1615756441331 0.8912867307662964 973
1615756475778 0.9054211378097534 974
1615756511112 0.8660361170768738 975
1615756545952 0.9114711284637451 976
1615756580419 0.9110269546508789 977
1615756614846 0.8797133564949036 978
1615756649739 0.9090416431427002 979
1615756688614 0.8610414266586304 980
1615756723076 0.8957648873329163 981
1615756757274 0.8873564004898071 982
1615756792062 0.8943105340003967 983
1615756826342 0.9306313395500183 984
1615756860599 0.9075459241867065 985
1615756894996 0.9220909476280212 986
1615756929228 0.8958621621131897 987
1615756963594 0.911590576171875 988
1615756997734 0.907875120639801 989
1615757036545 0.8911634683609009 990
1615757071455 0.8994894027709961 991
1615757106058 0.9161534905433655 992
1615757140820 0.8790000677108765 993
1615757175742 0.9158797264099121 994
1615757210261 0.9197897911071777 995
1615757245146 0.9153510332107544 996
1615757279804 0.9353813529014587 997
1615757315010 0.9044614434242249 998
1615757349830 0.8795349597930908 999
1615757388647 0.9228911399841309 1000
1615757423059 0.9201644659042358 1001
1615757457784 0.9244961738586426 1002
1615757492144 0.9136679172515869 1003
1615757526623 0.9065401554107666 1004
1615757561396 0.8970794677734375 1005
1615757596264 0.8900823593139648 1006
1615757630978 0.896054744720459 1007
1615757665334 0.9055773019790649 1008
1615757699823 0.8748947381973267 1009
1615757738784 0.8778609037399292 1010
1615757773156 0.9195939302444458 1011
1615757807854 0.9054590463638306 1012
1615757842558 0.8881978988647461 1013
1615757876932 0.9080111980438232 1014
1615757911672 0.8950265049934387 1015
1615757946307 0.8990170955657959 1016
1615757980563 0.8847278356552124 1017
1615758015791 0.9211431741714478 1018
1615758050528 0.9081594944000244 1019
1615758089030 0.9141578674316406 1020
1615758123178 0.8865347504615784 1021
1615758157628 0.8659288287162781 1022
1615758192390 0.9175480604171753 1023
1615758227093 0.8871476054191589 1024
1615758261558 0.8430343270301819 1025
1615758296381 0.9212486743927002 1026
1615758331257 0.8837787508964539 1027
1615758366060 0.9027445316314697 1028
1615758400534 0.9116074442863464 1029
1615758439395 0.8860337138175964 1030
1615758474099 0.8830817341804504 1031
1615758508906 0.8874496221542358 1032
1615758543432 0.9165937900543213 1033
1615758578294 0.9064220190048218 1034
1615758612555 0.9051883220672607 1035
1615758647373 0.9048171639442444 1036
1615758681891 0.9048151969909668 1037
1615758716281 0.8909234404563904 1038
1615758750678 0.9061908721923828 1039
1615758789682 0.8892736434936523 1040
1615758824215 0.9297736883163452 1041
1615758859150 0.8967940807342529 1042
1615758893648 0.8835822343826294 1043
1615758928184 0.8930680751800537 1044
1615758962690 0.9206552505493164 1045
1615758997436 0.8913564682006836 1046
1615759032187 0.875761091709137 1047
1615759066375 0.9031071662902832 1048
1615759101634 0.8961938619613647 1049
1615759140649 0.9086097478866577 1050
1615759175179 0.8859409093856812 1051
1615759209897 0.8647987842559814 1052
1615759244338 0.9045354127883911 1053
1615759279191 0.8996722102165222 1054
1615759314280 0.8941861987113953 1055
1615759349257 0.9197958111763 1056
1615759384148 0.9147582054138184 1057
1615759418767 0.872956395149231 1058
1615759453612 0.8669556379318237 1059
1615759492577 0.9023618698120117 1060
1615759527017 0.9013808965682983 1061
1615759561678 0.8865919709205627 1062
1615759596169 0.8815333843231201 1063
1615759631065 0.8718581795692444 1064
1615759665978 0.8917747139930725 1065
1615759700739 0.910240888595581 1066
1615759735200 0.8913593292236328 1067
1615759770003 0.898047924041748 1068
1615759804783 0.9071263074874878 1069
1615759843912 0.8835184574127197 1070
1615759879119 0.8956704139709473 1071
1615759913386 0.8772571086883545 1072
1615759947635 0.9024758338928223 1073
1615759982164 0.9000084400177002 1074
1615760016436 0.9096424579620361 1075
1615760051220 0.8958258628845215 1076
1615760085543 0.8756970167160034 1077
1615760120395 0.9046744108200073 1078
1615760155151 0.9117334485054016 1079
1615760193738 0.8778516054153442 1080
1615760228122 0.8753755688667297 1081
1615760262977 0.8826901912689209 1082
1615760298160 0.866912841796875 1083
1615760332938 0.8913847208023071 1084
1615760367886 0.8799864649772644 1085
1615760402890 0.9039899110794067 1086
1615760437733 0.8978027701377869 1087
1615760471913 0.9011012315750122 1088
1615760506144 0.9049817323684692 1089
1615760544434 0.897467851638794 1090
1615760579185 0.907619059085846 1091
1615760613536 0.8929523229598999 1092
1615760648110 0.9043503999710083 1093
1615760682969 0.8810520768165588 1094
1615760717539 0.90664142370224 1095
1615760752525 0.909018874168396 1096
1615760787190 0.8768565058708191 1097
1615760822114 0.88912034034729 1098
1615760857228 0.9206089973449707 1099
1615760896737 0.9126068353652954 1100
1615760931144 0.9074684977531433 1101
1615760965541 0.8849302530288696 1102
1615760999768 0.9238203167915344 1103
1615761034433 0.9019407033920288 1104
1615761068656 0.8848177194595337 1105
1615761103327 0.9043986797332764 1106
1615761138024 0.884384274482727 1107
1615761172872 0.9113575220108032 1108
1615761207315 0.9155950546264648 1109
1615761246651 0.924860954284668 1110
1615761281072 0.8917708992958069 1111
1615761316225 0.8894431591033936 1112
1615761351117 0.8983184099197388 1113
1615761385872 0.9209926128387451 1114
1615761421152 0.8999960422515869 1115
1615761456057 0.9118810296058655 1116
1615761490434 0.9045066237449646 1117
1615761525063 0.9104716777801514 1118
1615761559313 0.8754812479019165 1119
1615761598262 0.9054225087165833 1120
1615761633007 0.9030617475509644 1121
1615761667578 0.8895532488822937 1122
1615761702375 0.8917936086654663 1123
1615761736755 0.8949822783470154 1124
1615761771062 0.9052954912185669 1125
1615761805743 0.8984361886978149 1126
1615761840702 0.9117817878723145 1127
1615761875582 0.9172844886779785 1128
1615761910233 0.902666449546814 1129
1615761949140 0.9202852845191956 1130
1615761984074 0.8848097324371338 1131
1615762019187 0.9248708486557007 1132
1615762053557 0.8974817395210266 1133
1615762087902 0.9012347459793091 1134
1615762122711 0.8990904092788696 1135
1615762157541 0.9274867177009583 1136
1615762191890 0.9121371507644653 1137
1615762226102 0.8952187299728394 1138
1615762260276 0.8858073949813843 1139
1615762299033 0.8990368843078613 1140
1615762333814 0.88712078332901 1141
1615762368455 0.8964524269104004 1142
1615762403337 0.900741696357727 1143
1615762438004 0.8949429988861084 1144
1615762473032 0.9172323942184448 1145
1615762507835 0.9032058119773865 1146
1615762542716 0.9357497692108154 1147
1615762577073 0.8951748013496399 1148
1615762611313 0.8942121267318726 1149
1615762650193 0.8986304402351379 1150
1615762684459 0.8993417024612427 1151
1615762718878 0.8921070098876953 1152
1615762754024 0.8860790133476257 1153
1615762788705 0.8844550848007202 1154
1615762823554 0.8888296484947205 1155
1615762858268 0.9171375632286072 1156
1615762892523 0.9030336141586304 1157
1615762926878 0.9049583077430725 1158
1615762961388 0.8734922409057617 1159
1615763000738 0.89445960521698 1160
1615763035641 0.9023361802101135 1161
1615763071116 0.9368162751197815 1162
1615763105590 0.9130261540412903 1163
1615763140184 0.9043319225311279 1164
1615763175008 0.8857459425926208 1165
1615763209327 0.8970928192138672 1166
1615763244121 0.8967562913894653 1167
1615763278836 0.8927520513534546 1168
1615763313198 0.9065700769424438 1169
1615763352001 0.8989338874816895 1170
1615763386871 0.9020147323608398 1171
1615763421756 0.9029765129089355 1172
1615763456194 0.8759092688560486 1173
1615763491108 0.8967902660369873 1174
1615763525518 0.8879408240318298 1175
1615763560196 0.9182683229446411 1176
1615763595288 0.9235371947288513 1177
1615763629564 0.8712594509124756 1178
1615763664819 0.9024487733840942 1179
1615763703913 0.8894976377487183 1180
1615763738117 0.9339181184768677 1181
1615763772825 0.883756160736084 1182
1615763807034 0.8923299312591553 1183
1615763841757 0.9030120968818665 1184
1615763876267 0.8995077610015869 1185
1615763910844 0.896924614906311 1186
1615763945498 0.895226240158081 1187
1615763980482 0.8946828842163086 1188
1615764015153 0.9251253008842468 1189
1615764054594 0.8917291164398193 1190
1615764089490 0.9071637392044067 1191
1615764124348 0.9283157587051392 1192
1615764158860 0.8845270872116089 1193
1615764193614 0.9017317295074463 1194
1615764228502 0.9076807498931885 1195
1615764262805 0.8999810218811035 1196
1615764297504 0.915831446647644 1197
1615764331860 0.9062297344207764 1198
1615764366645 0.9133892059326172 1199
1615764406181 0.8859551548957825 1200
1615764426171 0.9200084209442139 0
1615764426183 0.9200084209442139 0
