1615722325369 0.179876446723938 1
1615722360051 0.2302694171667099 2
1615722394538 0.25937891006469727 3
1615722428890 0.28587979078292847 4
1615722463112 0.2736329734325409 5
1615722497449 0.29467880725860596 6
1615722532196 0.29203057289123535 7
1615722566935 0.3066980242729187 8
1615722601886 0.30713096261024475 9
1615722640523 0.29599064588546753 10
1615722675196 0.3372381925582886 11
1615722709837 0.30651411414146423 12
1615722744582 0.30603283643722534 13
1615722778787 0.3055076599121094 14
1615722812991 0.3005483150482178 15
1615722847855 0.3314967155456543 16
1615722882233 0.3696604371070862 17
1615722916853 0.34570983052253723 18
1615722951668 0.31860342621803284 19
1615722991052 0.32072576880455017 20
1615723025854 0.3229357898235321 21
1615723060936 0.31883472204208374 22
1615723095857 0.3750500977039337 23
1615723130491 0.3491324782371521 24
1615723165466 0.33928507566452026 25
1615723200040 0.36155956983566284 26
1615723234201 0.3511389493942261 27
1615723268393 0.3563280999660492 28
1615723302545 0.35009098052978516 29
1615723341967 0.33979734778404236 30
1615723376708 0.3663078546524048 31
1615723411054 0.36660900712013245 32
1615723445600 0.38443171977996826 33
1615723480138 0.32807493209838867 34
1615723514944 0.3788573145866394 35
1615723549177 0.3933817148208618 36
1615723584003 0.3764403462409973 37
1615723618820 0.4007077217102051 38
1615723653443 0.36812904477119446 39
1615723692831 0.3935996890068054 40
1615723727262 0.3899182379245758 41
1615723761464 0.34568488597869873 42
1615723796279 0.3533436059951782 43
1615723830897 0.38410505652427673 44
1615723865655 0.39655250310897827 45
1615723900388 0.37287819385528564 46
1615723934574 0.4014418423175812 47
1615723968684 0.4507526755332947 48
1615724003474 0.4045982360839844 49
1615724042400 0.38484689593315125 50
1615724077056 0.4018968641757965 51
1615724112035 0.34157794713974 52
1615724146655 0.3594680726528168 53
1615724181032 0.3721016049385071 54
1615724215986 0.34017783403396606 55
1615724250910 0.35670971870422363 56
1615724285323 0.3681471645832062 57
1615724319735 0.3969053626060486 58
1615724354487 0.39357590675354004 59
1615724394103 0.413835734128952 60
1615724428354 0.38100457191467285 61
1615724463050 0.3720713257789612 62
1615724497214 0.3786745071411133 63
1615724532015 0.3417637348175049 64
1615724566881 0.3850793242454529 65
1615724601584 0.4211468994617462 66
1615724636102 0.4181845188140869 67
1615724670584 0.454509437084198 68
1615724705444 0.41363847255706787 69
1615724744483 0.3964070677757263 70
1615724779104 0.3795117735862732 71
1615724813811 0.3375101089477539 72
1615724848649 0.3964250683784485 73
1615724883142 0.3951534032821655 74
1615724917716 0.40989434719085693 75
1615724952330 0.4298728108406067 76
1615724986830 0.4239359498023987 77
1615725021636 0.4324524998664856 78
1615725055895 0.39350104331970215 79
1615725095172 0.3799086809158325 80
1615725129419 0.3955095112323761 81
1615725163740 0.44472163915634155 82
1615725198522 0.40305638313293457 83
1615725233204 0.43995755910873413 84
1615725267873 0.41085150837898254 85
1615725302230 0.4337249994277954 86
1615725337078 0.44744592905044556 87
1615725371857 0.4602135419845581 88
1615725406634 0.42589688301086426 89
1615725446120 0.4036221504211426 90
1615725481200 0.42768335342407227 91
1615725515734 0.4131852388381958 92
1615725549977 0.4266620874404907 93
1615725584291 0.4446551203727722 94
1615725618966 0.46162816882133484 95
1615725654147 0.4150756597518921 96
1615725688905 0.4362633526325226 97
1615725723589 0.36282050609588623 98
1615725757773 0.4121161699295044 99
1615725796469 0.4069088399410248 100
1615725830822 0.4121541976928711 101
1615725865429 0.4099104106426239 102
1615725900292 0.4444444477558136 103
1615725934744 0.42739564180374146 104
1615725969160 0.399638831615448 105
1615726003977 0.3828323483467102 106
1615726038395 0.40856823325157166 107
1615726073139 0.42219698429107666 108
1615726108041 0.42686235904693604 109
1615726146986 0.4263637065887451 110
1615726181535 0.48697972297668457 111
1615726215938 0.4373457431793213 112
1615726250794 0.4139232933521271 113
1615726284990 0.40748631954193115 114
1615726319096 0.44324806332588196 115
1615726353643 0.4176769256591797 116
1615726388149 0.44502583146095276 117
1615726422627 0.34556707739830017 118
1615726457372 0.4377233386039734 119
1615726496521 0.41109609603881836 120
1615726531099 0.4736868739128113 121
1615726565865 0.4670732021331787 122
1615726600602 0.3769679069519043 123
1615726635245 0.3909986913204193 124
1615726669886 0.4674983024597168 125
1615726704328 0.4445761442184448 126
1615726738589 0.4550776779651642 127
1615726773283 0.4652794599533081 128
1615726808123 0.43607181310653687 129
1615726846838 0.4679870009422302 130
1615726881348 0.4474443793296814 131
1615726915708 0.4400857090950012 132
1615726950296 0.4488092064857483 133
1615726984647 0.40912872552871704 134
1615727019209 0.46911224722862244 135
1615727053906 0.48036420345306396 136
1615727088455 0.44017499685287476 137
1615727122672 0.3865061104297638 138
1615727157441 0.4265972375869751 139
1615727196121 0.3958858251571655 140
1615727230676 0.4002498388290405 141
1615727265066 0.44418245553970337 142
1615727299861 0.47563815116882324 143
1615727334350 0.43964728713035583 144
1615727369234 0.48162949085235596 145
1615727403863 0.48153233528137207 146
1615727438688 0.4454406201839447 147
1615727473195 0.4725150167942047 148
1615727508010 0.4715086817741394 149
1615727547463 0.44761377573013306 150
1615727582608 0.4600611925125122 151
1615727617304 0.5012440085411072 152
1615727651834 0.505719780921936 153
1615727686113 0.5513596534729004 154
1615727720921 0.4373655915260315 155
1615727755505 0.4645189344882965 156
1615727789686 0.5206278562545776 157
1615727824019 0.4668630361557007 158
1615727858743 0.48749178647994995 159
1615727897649 0.5060456395149231 160
1615727932459 0.4028701186180115 161
1615727967204 0.447933554649353 162
1615728002092 0.4870343804359436 163
1615728036527 0.4906986355781555 164
1615728070892 0.46928930282592773 165
1615728105709 0.4281647503376007 166
1615728140525 0.4573659598827362 167
1615728175720 0.47262436151504517 168
1615728210113 0.534817099571228 169
1615728249418 0.496704638004303 170
1615728283798 0.42622455954551697 171
1615728318627 0.485840380191803 172
1615728352904 0.4643363952636719 173
1615728387507 0.4571723937988281 174
1615728422235 0.4544137716293335 175
1615728456669 0.43028730154037476 176
1615728491519 0.4061385691165924 177
1615728526396 0.47064363956451416 178
1615728560854 0.42541322112083435 179
1615728599965 0.5014036297798157 180
1615728634806 0.4700844883918762 181
1615728669554 0.4571407437324524 182
1615728704099 0.41983577609062195 183
1615728738605 0.48338019847869873 184
1615728773446 0.4628477990627289 185
1615728807803 0.4739239513874054 186
1615728841986 0.4539073705673218 187
1615728876734 0.4423481822013855 188
1615728911336 0.4696413278579712 189
1615728950338 0.45528435707092285 190
1615728985221 0.5462348461151123 191
1615729020049 0.4432571232318878 192
1615729054874 0.4198898673057556 193
1615729089445 0.4380947947502136 194
1615729123812 0.49856865406036377 195
1615729158879 0.42671120166778564 196
1615729193747 0.4477676749229431 197
1615729227987 0.46993234753608704 198
1615729262642 0.48827123641967773 199
1615729301055 0.4607347548007965 200
1615729335407 0.44053396582603455 201
1615729370031 0.4265790283679962 202
1615729404648 0.44085121154785156 203
1615729439079 0.4974788725376129 204
1615729473367 0.501528263092041 205
1615729508291 0.4788200855255127 206
1615729542708 0.511374831199646 207
1615729577192 0.5072926878929138 208
1615729612247 0.5116584300994873 209
1615729651462 0.4307345747947693 210
1615729686266 0.48893797397613525 211
1615729720852 0.465434730052948 212
1615729755579 0.408296674489975 213
1615729789754 0.46231430768966675 214
1615729824524 0.49119746685028076 215
1615729859350 0.4360731840133667 216
1615729894054 0.4847484230995178 217
1615729928401 0.4663165211677551 218
1615729962581 0.4630673825740814 219
1615730001360 0.4724474251270294 220
1615730036509 0.4646297097206116 221
1615730071536 0.4558131694793701 222
1615730106424 0.47320955991744995 223
1615730141064 0.5225033760070801 224
1615730175934 0.4707256555557251 225
1615730210677 0.4605063199996948 226
1615730245078 0.440883606672287 227
1615730279303 0.4751001000404358 228
1615730313641 0.5325313806533813 229
1615730352396 0.5070961117744446 230
1615730387294 0.5462468862533569 231
1615730422181 0.49563300609588623 232
1615730456810 0.4588467478752136 233
1615730491543 0.5091118812561035 234
1615730526154 0.4885798990726471 235
1615730560439 0.5063364505767822 236
1615730595480 0.5125209093093872 237
1615730630254 0.4578505754470825 238
1615730665107 0.5252901315689087 239
1615730704247 0.49022799730300903 240
1615730738828 0.4923718273639679 241
1615730773228 0.4718623161315918 242
1615730807928 0.49302324652671814 243
1615730842683 0.5328353643417358 244
1615730877245 0.49692755937576294 245
1615730911530 0.5067114233970642 246
1615730946214 0.43941178917884827 247
1615730980932 0.5161889791488647 248
1615731015719 0.4910922348499298 249
1615731055242 0.48305779695510864 250
1615731090142 0.5217634439468384 251
1615731124618 0.4852587580680847 252
1615731159101 0.41553735733032227 253
1615731193948 0.47843730449676514 254
1615731228679 0.5232012867927551 255
1615731262907 0.49461376667022705 256
1615731297558 0.5898833274841309 257
1615731331861 0.5311003923416138 258
1615731366707 0.46963274478912354 259
1615731406264 0.47967517375946045 260
1615731441389 0.5532616376876831 261
1615731476181 0.5420206785202026 262
1615731510887 0.49959421157836914 263
1615731545205 0.44752058386802673 264
1615731580101 0.5074783563613892 265
1615731614330 0.4640417993068695 266
1615731648579 0.5126469731330872 267
1615731683518 0.4726063013076782 268
1615731718354 0.5232946872711182 269
1615731757937 0.5062124729156494 270
1615731792183 0.5256831645965576 271
1615731827037 0.5008224248886108 272
1615731861722 0.49152007699012756 273
1615731896208 0.5056556463241577 274
1615731930733 0.5080164670944214 275
1615731965026 0.42755234241485596 276
1615731999481 0.5534489154815674 277
1615732034116 0.4853110909461975 278
1615732068571 0.5389259457588196 279
1615732107454 0.5201691389083862 280
1615732141783 0.541275143623352 281
1615732176292 0.5307462215423584 282
1615732211089 0.4914531111717224 283
1615732245844 0.5098729133605957 284
1615732280434 0.43208402395248413 285
1615732315390 0.5267181992530823 286
1615732350268 0.491515576839447 287
1615732384594 0.47239455580711365 288
1615732419108 0.5391547679901123 289
1615732458731 0.4987702965736389 290
1615732493780 0.5387991666793823 291
1615732528155 0.5070346593856812 292
1615732562597 0.5355989933013916 293
1615732597633 0.5001481771469116 294
1615732632408 0.4920612573623657 295
1615732666836 0.48127883672714233 296
1615732701143 0.5257476568222046 297
1615732735471 0.503868818283081 298
1615732770233 0.544503927230835 299
1615732809046 0.5072413086891174 300
1615732843321 0.4766242206096649 301
1615732877658 0.5051060914993286 302
1615732912437 0.5698919296264648 303
1615732947180 0.5372927188873291 304
1615732981651 0.47632086277008057 305
1615733016257 0.47392305731773376 306
1615733051153 0.5302537679672241 307
1615733085938 0.6342624425888062 308
1615733120345 0.5749198794364929 309
1615733159191 0.4534826874732971 310
1615733193901 0.47799909114837646 311
1615733228962 0.5006090998649597 312
1615733263739 0.48133811354637146 313
1615733298484 0.5688070058822632 314
1615733333241 0.4925346374511719 315
1615733367748 0.5256791114807129 316
1615733402262 0.5486677289009094 317
1615733437088 0.5013208389282227 318
1615733471973 0.5118346214294434 319
1615733510896 0.5131065249443054 320
1615733545695 0.5043032765388489 321
1615733580147 0.5148636698722839 322
1615733614787 0.4707639217376709 323
1615733649481 0.5389264822006226 324
1615733684061 0.4759543240070343 325
1615733718845 0.5013229846954346 326
1615733753314 0.5274031758308411 327
1615733788371 0.5767648220062256 328
1615733823253 0.5525738000869751 329
1615733862217 0.46750766038894653 330
1615733896902 0.48117268085479736 331
1615733932242 0.5169052481651306 332
1615733966642 0.5674829483032227 333
1615734000870 0.5173479318618774 334
1615734035211 0.5040208697319031 335
1615734069639 0.4912939667701721 336
1615734104441 0.5562673807144165 337
1615734139294 0.45605170726776123 338
1615734174185 0.5671228170394897 339
1615734213513 0.5414248108863831 340
1615734248202 0.5141173601150513 341
1615734282714 0.5391448736190796 342
1615734317420 0.49387025833129883 343
1615734352091 0.5299380421638489 344
1615734387317 0.47189146280288696 345
1615734421857 0.4487345218658447 346
1615734456123 0.43224087357521057 347
1615734490460 0.518141508102417 348
1615734525117 0.5662721991539001 349
1615734563830 0.5806007385253906 350
1615734598610 0.5411801338195801 351
1615734633342 0.5427682399749756 352
1615734667773 0.5564095377922058 353
1615734702473 0.5736085176467896 354
1615734737564 0.5374362468719482 355
1615734772129 0.5006299614906311 356
1615734807007 0.5730551481246948 357
1615734841643 0.5647605061531067 358
1615734876484 0.45420175790786743 359
1615734915994 0.5237584114074707 360
1615734950393 0.576914370059967 361
1615734985010 0.5923116207122803 362
1615735019550 0.5648434162139893 363
1615735054275 0.5048998594284058 364
1615735088557 0.5433911085128784 365
1615735122837 0.5224630236625671 366
1615735157334 0.5411777496337891 367
1615735191700 0.5719423890113831 368
1615735226582 0.4994310736656189 369
1615735265483 0.5276035070419312 370
1615735299973 0.6149063110351562 371
1615735335133 0.5971131324768066 372
1615735369731 0.5055904388427734 373
1615735404235 0.5372517108917236 374
1615735439026 0.5403430461883545 375
1615735474278 0.5092908143997192 376
1615735508568 0.48064786195755005 377
1615735543100 0.5035099983215332 378
1615735577768 0.5331454277038574 379
1615735616941 0.49334967136383057 380
1615735651666 0.5360813140869141 381
1615735686353 0.5572304725646973 382
1615735720815 0.502547025680542 383
1615735755636 0.5689948797225952 384
1615735790497 0.5615008473396301 385
1615735825337 0.5534670948982239 386
1615735860283 0.5309270620346069 387
1615735895167 0.5302364230155945 388
1615735929679 0.5391343832015991 389
1615735968868 0.5309280753135681 390
1615736003735 0.49043506383895874 391
1615736038561 0.506175696849823 392
1615736072967 0.5490630269050598 393
1615736108179 0.49669861793518066 394
1615736142948 0.6176849007606506 395
1615736177446 0.5294969081878662 396
1615736212097 0.5639336109161377 397
1615736246796 0.5871871709823608 398
1615736281268 0.5044980645179749 399
1615736320252 0.5536569356918335 400
1615736354844 0.5427114963531494 401
1615736389629 0.5391952395439148 402
1615736424200 0.47928059101104736 403
1615736458651 0.6017836332321167 404
1615736493142 0.5526758432388306 405
1615736527562 0.5499394536018372 406
1615736562425 0.4750491678714752 407
1615736597127 0.5823531150817871 408
1615736631755 0.5071719884872437 409
1615736671130 0.526252269744873 410
1615736705760 0.541336178779602 411
1615736740444 0.5865836143493652 412
1615736774927 0.5736020803451538 413
1615736809390 0.5235956311225891 414
1615736844257 0.4759618043899536 415
1615736879376 0.5216196775436401 416
1615736914238 0.50650554895401 417
1615736949495 0.5711766481399536 418
1615736983999 0.5551090836524963 419
1615737023375 0.553261935710907 420
1615737058166 0.5432964563369751 421
1615737092430 0.5536771416664124 422
1615737127335 0.512734055519104 423
1615737161502 0.5410045385360718 424
1615737195780 0.6037681102752686 425
1615737230452 0.5141749382019043 426
1615737264718 0.5684809684753418 427
1615737299644 0.5374573469161987 428
1615737334233 0.45856973528862 429
1615737373335 0.5129306316375732 430
1615737408277 0.5691813230514526 431
1615737443083 0.5111919641494751 432
1615737477457 0.5143672227859497 433
1615737511994 0.5788265466690063 434
1615737547047 0.4790481925010681 435
1615737581694 0.5456855893135071 436
1615737616120 0.5398505926132202 437
1615737650837 0.5439155101776123 438
1615737685090 0.49250316619873047 439
1615737724117 0.6272066235542297 440
1615737759006 0.5669839382171631 441
1615737793422 0.4745272397994995 442
1615737828228 0.5437147617340088 443
1615737862975 0.579230785369873 444
1615737897812 0.5164772272109985 445
1615737932181 0.546555757522583 446
1615737966425 0.49805957078933716 447
1615738001086 0.5304961204528809 448
1615738035892 0.5561182498931885 449
1615738074890 0.5946685075759888 450
1615738109442 0.5540927648544312 451
1615738144090 0.5430153012275696 452
1615738178805 0.531862735748291 453
1615738213436 0.5088045597076416 454
1615738247990 0.581554651260376 455
1615738282217 0.51628178358078 456
1615738317212 0.4808792471885681 457
1615738352361 0.46723583340644836 458
1615738387444 0.5425156354904175 459
1615738426845 0.5723117589950562 460
1615738461590 0.5660892128944397 461
1615738495894 0.5813323259353638 462
1615738530825 0.545915961265564 463
1615738565081 0.5503910779953003 464
1615738599883 0.5418245196342468 465
1615738634981 0.5210434198379517 466
1615738669835 0.48976147174835205 467
1615738704476 0.5226919651031494 468
1615738739013 0.5371377468109131 469
1615738778369 0.5182945728302002 470
1615738812587 0.4936670660972595 471
1615738846983 0.5455119013786316 472
1615738881479 0.5343047380447388 473
1615738915824 0.5245441794395447 474
1615738950611 0.578663170337677 475
1615738985092 0.5186855792999268 476
1615739019780 0.5312630534172058 477
1615739055140 0.5350232124328613 478
1615739091304 0.6222871541976929 479
1615739131032 0.5823594331741333 480
1615739166863 0.5302850008010864 481
1615739201121 0.5843324065208435 482
1615739235336 0.5470700263977051 483
1615739270182 0.5545188188552856 484
1615739304951 0.5276076197624207 485
1615739339216 0.5153521299362183 486
1615739374006 0.5255908966064453 487
1615739408728 0.5346654653549194 488
1615739443268 0.5800455212593079 489
1615739482210 0.6068589091300964 490
1615739516427 0.5382732152938843 491
1615739551254 0.5196471214294434 492
1615739585642 0.6404024362564087 493
1615739620368 0.5041085481643677 494
1615739655315 0.5364887714385986 495
1615739690306 0.5305747389793396 496
1615739725446 0.5845597982406616 497
1615739760245 0.5388742685317993 498
1615739795017 0.5664646029472351 499
1615739834349 0.5111953020095825 500
1615739868602 0.4941188097000122 501
1615739904005 0.5894769430160522 502
1615739938422 0.5884226560592651 503
1615739972774 0.590314507484436 504
1615740007591 0.5455825328826904 505
1615740042225 0.5655829906463623 506
1615740077130 0.5037283897399902 507
1615740111754 0.5361799001693726 508
1615740146303 0.5701189637184143 509
1615740185630 0.5568285584449768 510
1615740220476 0.634408712387085 511
1615740255360 0.553632378578186 512
1615740290579 0.5853126049041748 513
1615740325248 0.5925440788269043 514
1615740359643 0.5398469567298889 515
1615740394039 0.607801079750061 516
1615740428753 0.6100225448608398 517
1615740463636 0.5326113700866699 518
1615740498126 0.5039064288139343 519
1615740536914 0.5151130557060242 520
1615740571904 0.5069838166236877 521
1615740606885 0.5479483008384705 522
1615740641651 0.5801825523376465 523
1615740676962 0.5875163674354553 524
1615740711754 0.5548466444015503 525
1615740746503 0.6489825248718262 526
1615740781217 0.5531370639801025 527
1615740815404 0.5500569939613342 528
1615740849920 0.6290445327758789 529
1615740888682 0.547818660736084 530
1615740923480 0.5130599141120911 531
1615740957708 0.536098837852478 532
1615740992305 0.5484598875045776 533
1615741026860 0.5747742652893066 534
1615741061470 0.533452033996582 535
1615741096476 0.6320471167564392 536
1615741131037 0.524299144744873 537
1615741165901 0.5504012107849121 538
1615741200586 0.5593324899673462 539
1615741240148 0.6306440830230713 540
1615741274615 0.5332841873168945 541
1615741309148 0.5184546709060669 542
1615741344197 0.5550804138183594 543
1615741378970 0.5894838571548462 544
1615741413204 0.5522763133049011 545
1615741447488 0.5714576840400696 546
1615741481778 0.6178228855133057 547
1615741516653 0.5184496641159058 548
1615741551366 0.5260803699493408 549
1615741589755 0.5566825270652771 550
1615741624540 0.5599315166473389 551
1615741658742 0.5699544548988342 552
1615741693496 0.6101020574569702 553
1615741728254 0.5042402744293213 554
1615741762774 0.5403001308441162 555
1615741797216 0.5787585973739624 556
1615741831798 0.5288010835647583 557
1615741866585 0.5212587118148804 558
1615741900780 0.5178530216217041 559
1615741940693 0.615580677986145 560
1615741975275 0.5635784864425659 561
1615742009709 0.5512396693229675 562
1615742044436 0.5469160079956055 563
1615742079198 0.6568576097488403 564
1615742113569 0.5211961269378662 565
1615742148445 0.5805487632751465 566
1615742183444 0.5391713380813599 567
1615742218064 0.6071909070014954 568
1615742252677 0.5833375453948975 569
1615742291115 0.550848126411438 570
1615742326172 0.5244249701499939 571
1615742361113 0.5680383443832397 572
1615742395789 0.5485918521881104 573
1615742430032 0.5924340486526489 574
1615742464939 0.5268423557281494 575
1615742499756 0.562862753868103 576
1615742534440 0.6197987794876099 577
1615742569394 0.624230682849884 578
1615742604423 0.5662270784378052 579
1615742643556 0.5721849799156189 580
1615742678416 0.644701361656189 581
1615742713245 0.527823269367218 582
1615742747984 0.5325427055358887 583
1615742782856 0.5826878547668457 584
1615742817575 0.5389195680618286 585
1615742852690 0.5619245767593384 586
1615742886906 0.6283986568450928 587
1615742921353 0.5769065618515015 588
1615742955743 0.5650599598884583 589
1615742994490 0.5974743366241455 590
1615743028887 0.5835831165313721 591
1615743063418 0.5706335306167603 592
1615743098225 0.5326419472694397 593
1615743133012 0.5620219111442566 594
1615743167820 0.5534152984619141 595
1615743202215 0.5545347929000854 596
1615743236991 0.6091809272766113 597
1615743271795 0.5421448945999146 598
1615743306589 0.5699308514595032 599
1615743346518 0.5336851477622986 600
1615743381046 0.6389098167419434 601
1615743415874 0.5353426933288574 602
1615743450100 0.49652400612831116 603
1615743484815 0.5442566871643066 604
1615743519607 0.5582042932510376 605
1615743553912 0.5769028663635254 606
1615743588317 0.5670379400253296 607
1615743622721 0.5789612531661987 608
1615743657151 0.558663010597229 609
1615743696624 0.5979849100112915 610
1615743731885 0.5188968181610107 611
1615743767098 0.5727217793464661 612
1615743801424 0.5589313507080078 613
1615743835737 0.5922600030899048 614
1615743870006 0.5724462866783142 615
1615743904618 0.5837801694869995 616
1615743939013 0.5254864692687988 617
1615743973561 0.6292409896850586 618
1615744007935 0.5626579523086548 619
1615744047369 0.538702130317688 620
1615744082128 0.6104282140731812 621
1615744116695 0.5277315974235535 622
1615744151557 0.5562856197357178 623
1615744186564 0.5513242483139038 624
1615744221225 0.6452947854995728 625
1615744256160 0.6240842342376709 626
1615744290705 0.6121819615364075 627
1615744325494 0.5682213306427002 628
1615744359725 0.5369594097137451 629
1615744398553 0.5447276830673218 630
1615744433012 0.6262506246566772 631
1615744467939 0.5383440256118774 632
1615744502890 0.6199252605438232 633
1615744537326 0.5562230944633484 634
1615744572080 0.5223442316055298 635
1615744607432 0.5403629541397095 636
1615744642695 0.6099376678466797 637
1615744677508 0.5767446756362915 638
1615744712400 0.5952873229980469 639
1615744751860 0.593784511089325 640
1615744786600 0.5998996496200562 641
1615744821104 0.5585591793060303 642
1615744855691 0.557640016078949 643
1615744890988 0.5972089171409607 644
1615744926019 0.5846964120864868 645
1615744960722 0.5871901512145996 646
1615744995434 0.580439567565918 647
1615745030070 0.5487209558486938 648
1615745065450 0.6019526124000549 649
1615745104393 0.6487157344818115 650
1615745138796 0.5450876951217651 651
1615745173637 0.5913045406341553 652
1615745207977 0.5693668127059937 653
1615745242428 0.5992922782897949 654
1615745277601 0.5598875880241394 655
1615745312520 0.558432936668396 656
1615745346887 0.5943708419799805 657
1615745381759 0.5137019157409668 658
1615745416751 0.5478704571723938 659
1615745455452 0.5515868663787842 660
1615745490087 0.6122128367424011 661
1615745524801 0.5539287328720093 662
1615745559506 0.5507656335830688 663
1615745594252 0.6118553280830383 664
1615745629043 0.6058179140090942 665
1615745663596 0.575477123260498 666
1615745698033 0.5995794534683228 667
1615745733046 0.5477789044380188 668
1615745768109 0.5380762815475464 669
1615745807089 0.5920542478561401 670
1615745841874 0.5726303458213806 671
1615745876134 0.5134838819503784 672
1615745910960 0.5055195093154907 673
1615745946104 0.5616594552993774 674
1615745980395 0.5300469398498535 675
1615746014732 0.561207115650177 676
1615746049084 0.5675023794174194 677
1615746083924 0.5727844834327698 678
1615746118846 0.5720187425613403 679
1615746157427 0.5893691778182983 680
1615746192373 0.5821293592453003 681
1615746227298 0.6007036566734314 682
1615746262275 0.6059727072715759 683
1615746296597 0.5589748620986938 684
1615746331684 0.587760865688324 685
1615746366569 0.5942080020904541 686
1615746400927 0.6498153209686279 687
1615746435277 0.5442436933517456 688
1615746469404 0.5033686757087708 689
1615746508494 0.597201406955719 690
1615746543277 0.5918571949005127 691
1615746577640 0.6734314560890198 692
1615746612529 0.6124858856201172 693
1615746647437 0.5841701030731201 694
1615746682474 0.576947033405304 695
1615746717493 0.5815043449401855 696
1615746752323 0.6417136192321777 697
1615746786922 0.6161322593688965 698
1615746821613 0.6380850672721863 699
1615746860783 0.6016808748245239 700
1615746895556 0.5654040575027466 701
1615746929934 0.5807508826255798 702
1615746964125 0.6350454092025757 703
1615746998404 0.5875015258789062 704
1615747033101 0.5724741220474243 705
1615747067481 0.5633571147918701 706
1615747102091 0.5870515704154968 707
1615747137021 0.6018261909484863 708
1615747171850 0.5815854072570801 709
1615747211194 0.6026014089584351 710
1615747245834 0.6010510921478271 711
1615747280260 0.5647695064544678 712
1615747314571 0.5814954042434692 713
1615747349554 0.6115670204162598 714
1615747384034 0.5979548692703247 715
1615747418559 0.533926248550415 716
1615747453039 0.642242968082428 717
1615747487320 0.6186318397521973 718
1615747522108 0.5871721506118774 719
1615747560590 0.6174705028533936 720
1615747595486 0.555357038974762 721
1615747630378 0.5235129594802856 722
1615747665338 0.5511056184768677 723
1615747700174 0.595156729221344 724
1615747734878 0.5445395112037659 725
1615747769238 0.6458760499954224 726
1615747803715 0.6885935068130493 727
1615747838487 0.5735437870025635 728
1615747872942 0.659538745880127 729
1615747912003 0.6507458686828613 730
1615747946703 0.6082099676132202 731
1615747981282 0.5909545421600342 732
1615748015520 0.6309236288070679 733
1615748049908 0.5536558628082275 734
1615748084440 0.6128180027008057 735
1615748118934 0.6119658946990967 736
1615748153614 0.6303609609603882 737
1615748188641 0.6133466362953186 738
1615748223674 0.5842028856277466 739
1615748263231 0.5414462089538574 740
1615748297941 0.5512719750404358 741
1615748332472 0.5923581123352051 742
1615748367368 0.622594952583313 743
1615748401787 0.6860077977180481 744
1615748436116 0.5501739382743835 745
1615748470401 0.5980721712112427 746
1615748504670 0.5625922679901123 747
1615748539502 0.5593408346176147 748
1615748574560 0.5749647617340088 749
1615748613494 0.6489745378494263 750
1615748647831 0.5377659797668457 751
1615748682716 0.6029075384140015 752
1615748717021 0.5635243654251099 753
1615748752144 0.5932374000549316 754
1615748786425 0.5937448740005493 755
1615748821237 0.6221135854721069 756
1615748855934 0.5863873362541199 757
1615748890315 0.5527020692825317 758
1615748925001 0.6826508045196533 759
1615748963811 0.5578951835632324 760
1615748998739 0.5778096914291382 761
1615749033488 0.5618909597396851 762
1615749067971 0.6012780666351318 763
1615749102955 0.617874264717102 764
1615749137297 0.579721212387085 765
1615749171525 0.6025840044021606 766
1615749206615 0.604222297668457 767
1615749241151 0.572879433631897 768
1615749275902 0.6305346488952637 769
1615749314281 0.5910447835922241 770
1615749348763 0.5555462837219238 771
1615749383163 0.5645415186882019 772
1615749417806 0.6203906536102295 773
1615749452325 0.5906340479850769 774
1615749487058 0.5500184297561646 775
1615749521888 0.6026716828346252 776
1615749556473 0.6038991212844849 777
1615749591557 0.5714414715766907 778
1615749626218 0.5697551965713501 779
1615749665604 0.6177276968955994 780
1615749699938 0.47771063446998596 781
1615749734662 0.6475045680999756 782
1615749769244 0.652812123298645 783
1615749803942 0.617206871509552 784
1615749839224 0.6229680776596069 785
1615749873517 0.5446978807449341 786
1615749908321 0.5697814226150513 787
1615749942713 0.6334078311920166 788
1615749977514 0.5675620436668396 789
1615750016583 0.5653799772262573 790
1615750051245 0.5709217190742493 791
1615750085958 0.6188995838165283 792
1615750120952 0.561991810798645 793
1615750155877 0.6398040056228638 794
1615750190782 0.5740914344787598 795
1615750225816 0.5767709016799927 796
1615750260691 0.6144771575927734 797
1615750295622 0.5592881441116333 798
1615750330456 0.6294124126434326 799
1615750369376 0.5557466745376587 800
1615750404562 0.525161623954773 801
1615750438887 0.5945823192596436 802
1615750473667 0.6147844791412354 803
1615750508450 0.5726684331893921 804
1615750542928 0.5744661092758179 805
1615750577105 0.598329484462738 806
1615750611944 0.5865753293037415 807
1615750646715 0.562044620513916 808
1615750680936 0.5462164282798767 809
1615750719370 0.5870864391326904 810
1615750754153 0.5433436632156372 811
1615750788841 0.5627688765525818 812
1615750823704 0.6495999693870544 813
1615750858752 0.654856264591217 814
1615750893058 0.591499924659729 815
1615750927861 0.5305357575416565 816
1615750962150 0.6701630353927612 817
1615750996685 0.5412039756774902 818
1615751031534 0.5794683694839478 819
1615751070930 0.5010182857513428 820
1615751105709 0.6105334758758545 821
1615751140583 0.5939290523529053 822
1615751175459 0.5759314298629761 823
1615751209682 0.6015747785568237 824
1615751244097 0.5425689220428467 825
1615751278887 0.5500770807266235 826
1615751313631 0.5721689462661743 827
1615751348427 0.638646125793457 828
1615751383319 0.6100497245788574 829
1615751421890 0.5935696363449097 830
1615751456812 0.5987954139709473 831
1615751491757 0.5997482538223267 832
1615751526343 0.6218351721763611 833
1615751561170 0.5778778791427612 834
1615751595476 0.5604292750358582 835
1615751629751 0.6229513883590698 836
1615751664558 0.4941635727882385 837
1615751699356 0.6099724769592285 838
1615751733773 0.62076735496521 839
1615751772807 0.5814639329910278 840
1615751807305 0.5743281841278076 841
1615751841812 0.6214871406555176 842
1615751876338 0.6336781978607178 843
1615751910805 0.6156190633773804 844
1615751945122 0.5953120589256287 845
1615751979983 0.6018766760826111 846
1615752014775 0.6096668243408203 847
1615752049780 0.5484424829483032 848
1615752084563 0.5376752018928528 849
1615752123838 0.551023006439209 850
1615752158176 0.6533294916152954 851
1615752192817 0.7041549682617188 852
1615752227594 0.5543935298919678 853
1615752262108 0.5820767283439636 854
1615752296841 0.5921245813369751 855
1615752331624 0.6051234006881714 856
1615752366028 0.555935263633728 857
1615752400268 0.6125630736351013 858
1615752434885 0.6150896549224854 859
1615752473886 0.6179796457290649 860
1615752508332 0.5306723117828369 861
1615752543177 0.5929285287857056 862
1615752577791 0.5797663927078247 863
1615752612386 0.5130453109741211 864
1615752646911 0.5774650573730469 865
1615752681241 0.5563251376152039 866
1615752716079 0.6488943099975586 867
1615752751195 0.5323909521102905 868
1615752785783 0.5603556632995605 869
1615752825063 0.6330447196960449 870
1615752859874 0.5562871098518372 871
1615752894634 0.6415436267852783 872
1615752929432 0.5706973075866699 873
1615752963960 0.6330493688583374 874
1615752998379 0.5911372900009155 875
1615753033242 0.6412901878356934 876
1615753067778 0.5666699409484863 877
1615753102244 0.4960174560546875 878
1615753137150 0.6401432752609253 879
1615753176865 0.6361560821533203 880
1615753211470 0.5825499296188354 881
1615753246252 0.5861537456512451 882
1615753281635 0.5296249389648438 883
1615753316439 0.6488469839096069 884
1615753351146 0.5997861623764038 885
1615753385921 0.5099481344223022 886
1615753420193 0.6369936466217041 887
1615753454503 0.5889935493469238 888
1615753489211 0.5123313665390015 889
1615753528524 0.5987924933433533 890
1615753562850 0.6712415814399719 891
1615753597222 0.6069670915603638 892
1615753631521 0.6095473170280457 893
1615753665834 0.6275532245635986 894
1615753700195 0.6873131990432739 895
1615753735052 0.5484981536865234 896
1615753769777 0.5860071778297424 897
1615753804634 0.5971185564994812 898
1615753839066 0.5240135788917542 899
1615753878010 0.6805950999259949 900
1615753913027 0.5773190855979919 901
1615753947401 0.6347562670707703 902
1615753982069 0.6154670119285583 903
1615754016240 0.597621500492096 904
1615754050732 0.5923937559127808 905
1615754085540 0.5574774742126465 906
1615754120290 0.5571643114089966 907
1615754154535 0.5535829067230225 908
1615754189076 0.596923291683197 909
1615754227618 0.6292979717254639 910
1615754262489 0.6385799646377563 911
1615754297733 0.5369833707809448 912
1615754332564 0.5941232442855835 913
1615754367590 0.6514185667037964 914
1615754402348 0.542145311832428 915
1615754437146 0.6083548069000244 916
1615754471697 0.5012472867965698 917
1615754506530 0.5871018171310425 918
1615754541096 0.6012184619903564 919
1615754580506 0.6062694787979126 920
1615754615332 0.6018140316009521 921
1615754650372 0.5969493985176086 922
1615754685648 0.6058898568153381 923
1615754720317 0.6341923475265503 924
1615754754949 0.5577274560928345 925
1615754789788 0.6393125653266907 926
1615754825133 0.6222812533378601 927
1615754859782 0.5818720459938049 928
1615754893993 0.6155946254730225 929
1615754932615 0.5199383497238159 930
1615754967543 0.5988138914108276 931
1615755002261 0.590388298034668 932
1615755037191 0.6105948686599731 933
1615755071612 0.5440222024917603 934
1615755106378 0.5700092315673828 935
1615755140963 0.5463550090789795 936
1615755175640 0.5535986423492432 937
1615755210409 0.5766638517379761 938
1615755244772 0.5988391637802124 939
1615755284081 0.6020331382751465 940
1615755318795 0.5501877069473267 941
1615755353224 0.5810661315917969 942
1615755388277 0.5411959886550903 943
1615755422593 0.6692162156105042 944
1615755456965 0.6214591860771179 945
1615755491745 0.6756644248962402 946
1615755526386 0.47930994629859924 947
1615755561017 0.6370810270309448 948
1615755595309 0.6828743815422058 949
1615755634220 0.5794454216957092 950
1615755669146 0.5748791098594666 951
1615755704030 0.6850825548171997 952
1615755739122 0.6105614900588989 953
1615755774206 0.6023898720741272 954
1615755808754 0.5603060722351074 955
1615755844046 0.5871394872665405 956
1615755878810 0.5851833820343018 957
1615755913054 0.6222321391105652 958
1615755947769 0.6325676441192627 959
1615755986732 0.5508757829666138 960
1615756021047 0.5909888744354248 961
1615756055351 0.5967732667922974 962
1615756090118 0.5772242546081543 963
1615756125053 0.5730384588241577 964
1615756159410 0.6504195332527161 965
1615756194360 0.562434196472168 966
1615756228891 0.6204879283905029 967
1615756263814 0.7019096612930298 968
1615756298478 0.5939345359802246 969
1615756337956 0.6075352430343628 970
1615756372788 0.6470639109611511 971
1615756407060 0.5908776521682739 972
1615756441331 0.5799365043640137 973
1615756475778 0.6006238460540771 974
1615756511112 0.5147777199745178 975
1615756545952 0.6288843154907227 976
1615756580419 0.6332560181617737 977
1615756614846 0.5215756893157959 978
1615756649739 0.613505482673645 979
1615756688614 0.49098914861679077 980
1615756723076 0.5770297646522522 981
1615756757274 0.5735756158828735 982
1615756792062 0.5831109285354614 983
1615756826342 0.6880838871002197 984
1615756860599 0.6099334359169006 985
1615756894996 0.6563186049461365 986
1615756929228 0.5959197282791138 987
1615756963594 0.6300297975540161 988
1615756997734 0.6056159734725952 989
1615757036545 0.5618407726287842 990
1615757071455 0.5817484855651855 991
1615757106058 0.6626777052879333 992
1615757140820 0.5411956906318665 993
1615757175742 0.6386598944664001 994
1615757210261 0.6443877220153809 995
1615757245146 0.6467984914779663 996
1615757279804 0.7027110457420349 997
1615757315010 0.5951637625694275 998
1615757349830 0.535159707069397 999
1615757388647 0.662186861038208 1000
1615757423059 0.6530134677886963 1001
1615757457784 0.6597403287887573 1002
1615757492144 0.6351528167724609 1003
1615757526623 0.6235276460647583 1004
1615757561396 0.579601526260376 1005
1615757596264 0.586458146572113 1006
1615757630978 0.5773271322250366 1007
1615757665334 0.599688708782196 1008
1615757699823 0.5417169332504272 1009
1615757738784 0.5307538509368896 1010
1615757773156 0.6421942114830017 1011
1615757807854 0.5829206705093384 1012
1615757842558 0.5792731046676636 1013
1615757876932 0.6269552707672119 1014
1615757911672 0.5754135847091675 1015
1615757946307 0.5983381867408752 1016
1615757980563 0.5655001401901245 1017
1615758015791 0.6442441940307617 1018
1615758050528 0.6256390810012817 1019
1615758089030 0.627720832824707 1020
1615758123178 0.5811312198638916 1021
1615758157628 0.5417996644973755 1022
1615758192390 0.6493741273880005 1023
1615758227093 0.5612263679504395 1024
1615758261558 0.47506940364837646 1025
1615758296381 0.6609679460525513 1026
1615758331257 0.5742037296295166 1027
1615758366060 0.6027188301086426 1028
1615758400534 0.6401093602180481 1029
1615758439395 0.575447678565979 1030
1615758474099 0.5456200838088989 1031
1615758508906 0.5773888826370239 1032
1615758543432 0.6358946561813354 1033
1615758578294 0.6164122819900513 1034
1615758612555 0.6171705722808838 1035
1615758647373 0.6239029169082642 1036
1615758681891 0.6137272119522095 1037
1615758716281 0.5814710855484009 1038
1615758750678 0.6073815822601318 1039
1615758789682 0.5672117471694946 1040
1615758824215 0.6870575547218323 1041
1615758859150 0.5724141597747803 1042
1615758893648 0.5548176169395447 1043
1615758928184 0.5922129154205322 1044
1615758962690 0.6702971458435059 1045
1615758997436 0.5910252332687378 1046
1615759032187 0.5425357818603516 1047
1615759066375 0.606442928314209 1048
1615759101634 0.5896680355072021 1049
1615759140649 0.6154167652130127 1050
1615759175179 0.563254714012146 1051
1615759209897 0.5093017816543579 1052
1615759244338 0.598645031452179 1053
1615759279191 0.6030921936035156 1054
1615759314280 0.5817553400993347 1055
1615759349257 0.6470919251441956 1056
1615759384148 0.6374958753585815 1057
1615759418767 0.5148714184761047 1058
1615759453612 0.5168098211288452 1059
1615759492577 0.6176974773406982 1060
1615759527017 0.6143941283226013 1061
1615759561678 0.5574872493743896 1062
1615759596169 0.5547364950180054 1063
1615759631065 0.511009693145752 1064
1615759665978 0.5747827291488647 1065
1615759700739 0.6184806227684021 1066
1615759735200 0.5801938772201538 1067
1615759770003 0.573441207408905 1068
1615759804783 0.6039111614227295 1069
1615759843912 0.5447160601615906 1070
1615759879119 0.5734938383102417 1071
1615759913386 0.5188195109367371 1072
1615759947635 0.5882229208946228 1073
1615759982164 0.5990772843360901 1074
1615760016436 0.6151036024093628 1075
1615760051220 0.5794616937637329 1076
1615760085543 0.5448351502418518 1077
1615760120395 0.605867862701416 1078
1615760155151 0.6386770009994507 1079
1615760193738 0.5327172875404358 1080
1615760228122 0.5229259729385376 1081
1615760262977 0.5489442348480225 1082
1615760298160 0.5150030851364136 1083
1615760332938 0.576482892036438 1084
1615760367886 0.5443665385246277 1085
1615760402890 0.6060499548912048 1086
1615760437733 0.5913021564483643 1087
1615760471913 0.5999229550361633 1088
1615760506144 0.6007516980171204 1089
1615760544434 0.6009774208068848 1090
1615760579185 0.6163787245750427 1091
1615760613536 0.5839799642562866 1092
1615760648110 0.6107207536697388 1093
1615760682969 0.5437524318695068 1094
1615760717539 0.6321038007736206 1095
1615760752525 0.612474799156189 1096
1615760787190 0.557019054889679 1097
1615760822114 0.5709831714630127 1098
1615760857228 0.6677365303039551 1099
1615760896737 0.6447789072990417 1100
1615760931144 0.6176213026046753 1101
1615760965541 0.5570669174194336 1102
1615760999768 0.6635779142379761 1103
1615761034433 0.598894476890564 1104
1615761068656 0.5547387599945068 1105
1615761103327 0.6251561641693115 1106
1615761138024 0.5528181791305542 1107
1615761172872 0.6192572116851807 1108
1615761207315 0.6485545635223389 1109
1615761246651 0.6652158498764038 1110
1615761281072 0.5805060267448425 1111
1615761316225 0.5574402213096619 1112
1615761351117 0.5907319784164429 1113
1615761385872 0.6600664258003235 1114
1615761421152 0.6081661581993103 1115
1615761456057 0.6162528395652771 1116
1615761490434 0.6038731336593628 1117
1615761525063 0.6226484775543213 1118
1615761559313 0.5476315021514893 1119
1615761598262 0.6093951463699341 1120
1615761633007 0.6147572994232178 1121
1615761667578 0.5737789869308472 1122
1615761702375 0.5735777616500854 1123
1615761736755 0.5888034105300903 1124
1615761771062 0.6253576278686523 1125
1615761805743 0.5946717858314514 1126
1615761840702 0.6305282115936279 1127
1615761875582 0.6578741669654846 1128
1615761910233 0.597331166267395 1129
1615761949140 0.6550319194793701 1130
1615761984074 0.5616145133972168 1131
1615762019187 0.6706681847572327 1132
1615762053557 0.626889705657959 1133
1615762087902 0.6066663861274719 1134
1615762122711 0.611684262752533 1135
1615762157541 0.6764848232269287 1136
1615762191890 0.6382449269294739 1137
1615762226102 0.5702301859855652 1138
1615762260276 0.5634474754333496 1139
1615762299033 0.588513970375061 1140
1615762333814 0.5685943961143494 1141
1615762368455 0.6093465089797974 1142
1615762403337 0.5969929695129395 1143
1615762438004 0.5883632898330688 1144
1615762473032 0.6500252485275269 1145
1615762507835 0.6144542098045349 1146
1615762542716 0.6965177059173584 1147
1615762577073 0.5899900197982788 1148
1615762611313 0.5832746028900146 1149
1615762650193 0.6221275329589844 1150
1615762684459 0.5969040989875793 1151
1615762718878 0.5532850623130798 1152
1615762754024 0.5685492753982544 1153
1615762788705 0.5788043737411499 1154
1615762823554 0.5670154094696045 1155
1615762858268 0.6624598503112793 1156
1615762892523 0.6058944463729858 1157
1615762926878 0.623813271522522 1158
1615762961388 0.5368255376815796 1159
1615763000738 0.5886358618736267 1160
1615763035641 0.6043434143066406 1161
1615763071116 0.7064526677131653 1162
1615763105590 0.6211188435554504 1163
1615763140184 0.6145957112312317 1164
1615763175008 0.5855132341384888 1165
1615763209327 0.584323525428772 1166
1615763244121 0.603119969367981 1167
1615763278836 0.5806487798690796 1168
1615763313198 0.6292628049850464 1169
1615763352001 0.6038190722465515 1170
1615763386871 0.5881347060203552 1171
1615763421756 0.6123385429382324 1172
1615763456194 0.5302019119262695 1173
1615763491108 0.6102264523506165 1174
1615763525518 0.5925058126449585 1175
1615763560196 0.6271661520004272 1176
1615763595288 0.6553051471710205 1177
1615763629564 0.5355135202407837 1178
1615763664819 0.613747239112854 1179
1615763703913 0.5939861536026001 1180
1615763738117 0.6885309815406799 1181
1615763772825 0.5576865673065186 1182
1615763807034 0.5726999044418335 1183
1615763841757 0.607609748840332 1184
1615763876267 0.591005265712738 1185
1615763910844 0.5939090847969055 1186
1615763945498 0.5822595357894897 1187
1615763980482 0.598568320274353 1188
1615764015153 0.6625435948371887 1189
1615764054594 0.5762392282485962 1190
1615764089490 0.6086452007293701 1191
1615764124348 0.6848282217979431 1192
1615764158860 0.5659977793693542 1193
1615764193614 0.6113622188568115 1194
1615764228502 0.6202135682106018 1195
1615764262805 0.5875273942947388 1196
1615764297504 0.6437807083129883 1197
1615764331860 0.615084171295166 1198
1615764366645 0.618150532245636 1199
1615764406181 0.5713752508163452 1200
1615764426173 0.6638410091400146 0
1615764426185 0.6638410091400146 0
