1615722325369 0.04158380627632141 1
1615722360051 0.03523058444261551 2
1615722394538 0.0326351597905159 3
1615722428890 0.030705193057656288 4
1615722463112 0.02977127954363823 5
1615722497449 0.028642386198043823 6
1615722532196 0.02912803366780281 7
1615722566935 0.026469189673662186 8
1615722601886 0.026889164000749588 9
1615722640523 0.02686743065714836 10
1615722675196 0.025022635236382484 11
1615722709837 0.025080639868974686 12
1615722744582 0.02623378485441208 13
1615722778787 0.0247553251683712 14
1615722812991 0.024440061300992966 15
1615722847855 0.023122673854231834 16
1615722882233 0.022121500223875046 17
1615722916853 0.023457985371351242 18
1615722951668 0.023404791951179504 19
1615722991052 0.024213995784521103 20
1615723025854 0.02285677194595337 21
1615723060936 0.025783944875001907 22
1615723095857 0.022117609158158302 23
1615723130491 0.021932709962129593 24
1615723165466 0.022343818098306656 25
1615723200040 0.022159801796078682 26
1615723234201 0.021539997309446335 27
1615723268393 0.0226192194968462 28
1615723302545 0.021717142313718796 29
1615723341967 0.02257850021123886 30
1615723376708 0.020274026319384575 31
1615723411054 0.02155955135822296 32
1615723445600 0.020970581099390984 33
1615723480138 0.024425100535154343 34
1615723514944 0.02036961168050766 35
1615723549177 0.02095925807952881 36
1615723584003 0.020508907735347748 37
1615723618820 0.01902640610933304 38
1615723653443 0.020303959026932716 39
1615723692831 0.020296629518270493 40
1615723727262 0.02045096829533577 41
1615723761464 0.021400172263383865 42
1615723796279 0.02155253291130066 43
1615723830897 0.022099239751696587 44
1615723865655 0.020318908616900444 45
1615723900388 0.02050742506980896 46
1615723934574 0.019133538007736206 47
1615723968684 0.018985334783792496 48
1615724003474 0.020085608586668968 49
1615724042400 0.019852567464113235 50
1615724077056 0.019707366824150085 51
1615724112035 0.021928444504737854 52
1615724146655 0.01995795965194702 53
1615724181032 0.020129725337028503 54
1615724215986 0.023676883429288864 55
1615724250910 0.02030525915324688 56
1615724285323 0.019747696816921234 57
1615724319735 0.01928839460015297 58
1615724354487 0.01922418922185898 59
1615724394103 0.01834237575531006 60
1615724428354 0.01975240930914879 61
1615724463050 0.019736623391509056 62
1615724497214 0.02013532817363739 63
1615724532015 0.02022686041891575 64
1615724566881 0.01864231377840042 65
1615724601584 0.01811092346906662 66
1615724636102 0.018228519707918167 67
1615724670584 0.018227294087409973 68
1615724705444 0.01902012899518013 69
1615724744483 0.01950071007013321 70
1615724779104 0.01956828683614731 71
1615724813811 0.021073762327432632 72
1615724848649 0.01870117336511612 73
1615724883142 0.018512900918722153 74
1615724917716 0.01836935058236122 75
1615724952330 0.018177077174186707 76
1615724986830 0.017996225506067276 77
1615725021636 0.017481599003076553 78
1615725055895 0.018792398273944855 79
1615725095172 0.01897433027625084 80
1615725129419 0.01763743907213211 81
1615725163740 0.017432767897844315 82
1615725198522 0.018646355718374252 83
1615725233204 0.0165364071726799 84
1615725267873 0.01876595988869667 85
1615725302230 0.01713988557457924 86
1615725337078 0.01731932908296585 87
1615725371857 0.016659917309880257 88
1615725406634 0.01743905059993267 89
1615725446120 0.019743453711271286 90
1615725481200 0.0196303129196167 91
1615725515734 0.01854170486330986 92
1615725549977 0.01791965402662754 93
1615725584291 0.016724247485399246 94
1615725618966 0.017052069306373596 95
1615725654147 0.02152712270617485 96
1615725688905 0.01971334218978882 97
1615725723589 0.021329768002033234 98
1615725757773 0.01933695189654827 99
1615725796469 0.019035734236240387 100
1615725830822 0.017923196777701378 101
1615725865429 0.018146269023418427 102
1615725900292 0.017727555707097054 103
1615725934744 0.017901074141263962 104
1615725969160 0.018297018483281136 105
1615726003977 0.017993271350860596 106
1615726038395 0.018508650362491608 107
1615726073139 0.01782953552901745 108
1615726108041 0.017230447381734848 109
1615726146986 0.01800042763352394 110
1615726181535 0.015568111091852188 111
1615726215938 0.018192382529377937 112
1615726250794 0.01886756531894207 113
1615726284990 0.018599972128868103 114
1615726319096 0.01693074032664299 115
1615726353643 0.01914379931986332 116
1615726388149 0.01692020148038864 117
1615726422627 0.021752920001745224 118
1615726457372 0.018224205821752548 119
1615726496521 0.017744112759828568 120
1615726531099 0.016041893512010574 121
1615726565865 0.01611923798918724 122
1615726600602 0.020160257816314697 123
1615726635245 0.018787279725074768 124
1615726669886 0.016482535749673843 125
1615726704328 0.017138462513685226 126
1615726738589 0.01627196930348873 127
1615726773283 0.016502419486641884 128
1615726808123 0.017370853573083878 129
1615726846838 0.01594475284218788 130
1615726881348 0.018230248242616653 131
1615726915708 0.017629433423280716 132
1615726950296 0.017068617045879364 133
1615726984647 0.017954234033823013 134
1615727019209 0.01558789610862732 135
1615727053906 0.014993695542216301 136
1615727088455 0.016840700060129166 137
1615727122672 0.018521849066019058 138
1615727157441 0.017246274277567863 139
1615727196121 0.019053291529417038 140
1615727230676 0.01871451362967491 141
1615727265066 0.017532171681523323 142
1615727299861 0.01625778153538704 143
1615727334350 0.016454597935080528 144
1615727369234 0.01582329533994198 145
1615727403863 0.015993675217032433 146
1615727438688 0.017382793128490448 147
1615727473195 0.015202350914478302 148
1615727508010 0.01618916541337967 149
1615727547463 0.017395857721567154 150
1615727582608 0.01607314497232437 151
1615727617304 0.015641141682863235 152
1615727651834 0.015528952702879906 153
1615727686113 0.014079950749874115 154
1615727720921 0.01701284572482109 155
1615727755505 0.016149865463376045 156
1615727789686 0.015219463035464287 157
1615727824019 0.015351506881415844 158
1615727858743 0.015085043385624886 159
1615727897649 0.01524404063820839 160
1615727932459 0.01835010014474392 161
1615727967204 0.015972204506397247 162
1615728002092 0.01557589415460825 163
1615728036527 0.016138268634676933 164
1615728070892 0.015865998342633247 165
1615728105709 0.017730306833982468 166
1615728140525 0.016264954581856728 167
1615728175720 0.015129830688238144 168
1615728210113 0.013965710997581482 169
1615728249418 0.016381938010454178 170
1615728283798 0.018092907965183258 171
1615728318627 0.014994652941823006 172
1615728352904 0.01634512096643448 173
1615728387507 0.01762039214372635 174
1615728422235 0.01634066179394722 175
1615728456669 0.01759237051010132 176
1615728491519 0.019216269254684448 177
1615728526396 0.01623125746846199 178
1615728560854 0.016785744577646255 179
1615728599965 0.014583466574549675 180
1615728634806 0.016007665544748306 181
1615728669554 0.016741987317800522 182
1615728704099 0.01746656745672226 183
1615728738605 0.014948999509215355 184
1615728773446 0.01584370993077755 185
1615728807803 0.015741292387247086 186
1615728841986 0.015898387879133224 187
1615728876734 0.02060498669743538 188
1615728911336 0.015927473083138466 189
1615728950338 0.01584085263311863 190
1615728985221 0.014069247990846634 191
1615729020049 0.01716792955994606 192
1615729054874 0.018014119938015938 193
1615729089445 0.016224924474954605 194
1615729123812 0.014631060883402824 195
1615729158879 0.016600674018263817 196
1615729193747 0.016501372680068016 197
1615729227987 0.016842324286699295 198
1615729262642 0.01469684299081564 199
1615729301055 0.016591494902968407 200
1615729335407 0.01671503484249115 201
1615729370031 0.017304107546806335 202
1615729404648 0.01676449179649353 203
1615729439079 0.015764037147164345 204
1615729473367 0.014986200258135796 205
1615729508291 0.016225626692175865 206
1615729542708 0.015719834715127945 207
1615729577192 0.01584746316075325 208
1615729612247 0.014356282539665699 209
1615729651462 0.017981350421905518 210
1615729686266 0.015489095821976662 211
1615729720852 0.01560287456959486 212
1615729755579 0.01793142780661583 213
1615729789754 0.015023471787571907 214
1615729824524 0.01493966393172741 215
1615729859350 0.01699831709265709 216
1615729894054 0.015144980512559414 217
1615729928401 0.016431165859103203 218
1615729962581 0.015813633799552917 219
1615730001360 0.015497625805437565 220
1615730036509 0.015024885535240173 221
1615730071536 0.01681031659245491 222
1615730106424 0.014935295097529888 223
1615730141064 0.014121217653155327 224
1615730175934 0.016504228115081787 225
1615730210677 0.015998750925064087 226
1615730245078 0.016460727900266647 227
1615730279303 0.016548972576856613 228
1615730313641 0.014252318069338799 229
1615730352396 0.014525721780955791 230
1615730387294 0.014011934399604797 231
1615730422181 0.014903681352734566 232
1615730456810 0.01595478318631649 233
1615730491543 0.013819328509271145 234
1615730526154 0.014793222770094872 235
1615730560439 0.015216113068163395 236
1615730595480 0.015582084655761719 237
1615730630254 0.015650464221835136 238
1615730665107 0.013426313176751137 239
1615730704247 0.015530423261225224 240
1615730738828 0.014680340886116028 241
1615730773228 0.01586408168077469 242
1615730807928 0.014058130793273449 243
1615730842683 0.013593228533864021 244
1615730877245 0.014806835912168026 245
1615730911530 0.015422151423990726 246
1615730946214 0.015865560621023178 247
1615730980932 0.013819653540849686 248
1615731015719 0.014313001185655594 249
1615731055242 0.014524939469993114 250
1615731090142 0.01486115250736475 251
1615731124618 0.015099963173270226 252
1615731159101 0.018193311989307404 253
1615731193948 0.01542184129357338 254
1615731228679 0.012812277302145958 255
1615731262907 0.014907723292708397 256
1615731297558 0.012881780974566936 257
1615731331861 0.01428445428609848 258
1615731366707 0.01503678411245346 259
1615731406264 0.01443285308778286 260
1615731441389 0.013672029599547386 261
1615731476181 0.013216257095336914 262
1615731510887 0.014955388382077217 263
1615731545205 0.01696539856493473 264
1615731580101 0.014282485470175743 265
1615731614330 0.015127286314964294 266
1615731648579 0.014933018013834953 267
1615731683518 0.014993702992796898 268
1615731718354 0.014084026217460632 269
1615731757937 0.014832986518740654 270
1615731792183 0.013530769385397434 271
1615731827037 0.01326918974518776 272
1615731861722 0.014768758788704872 273
1615731896208 0.014293517917394638 274
1615731930733 0.014745824038982391 275
1615731965026 0.01625441014766693 276
1615731999481 0.013573544099926949 277
1615732034116 0.014126477763056755 278
1615732068571 0.014547946862876415 279
1615732107454 0.016377221792936325 280
1615732141783 0.013043109327554703 281
1615732176292 0.013186739757657051 282
1615732211089 0.01475409884005785 283
1615732245844 0.014072250574827194 284
1615732280434 0.015203825198113918 285
1615732315390 0.01543964073061943 286
1615732350268 0.013835925608873367 287
1615732384594 0.015194790437817574 288
1615732419108 0.014265047386288643 289
1615732458731 0.013831622898578644 290
1615732493780 0.012748031876981258 291
1615732528155 0.014129181392490864 292
1615732562597 0.012736177071928978 293
1615732597633 0.013755198568105698 294
1615732632408 0.015822332352399826 295
1615732666836 0.016410810872912407 296
1615732701143 0.01356155052781105 297
1615732735471 0.015057239681482315 298
1615732770233 0.013157312758266926 299
1615732809046 0.01409902237355709 300
1615732843321 0.015030911192297935 301
1615732877658 0.015012572519481182 302
1615732912437 0.012590572237968445 303
1615732947180 0.013875281438231468 304
1615732981651 0.01620885357260704 305
1615733016257 0.0142141692340374 306
1615733051153 0.01304412167519331 307
1615733085938 0.010834750719368458 308
1615733120345 0.012620968744158745 309
1615733159191 0.016541210934519768 310
1615733193901 0.01625404693186283 311
1615733228962 0.01460011675953865 312
1615733263739 0.013989552855491638 313
1615733298484 0.011803875677287579 314
1615733333241 0.014965411275625229 315
1615733367748 0.013096698559820652 316
1615733402262 0.013210195116698742 317
1615733437088 0.014449362643063068 318
1615733471973 0.013765990734100342 319
1615733510896 0.015416261740028858 320
1615733545695 0.013512545265257359 321
1615733580147 0.013803052715957165 322
1615733614787 0.014420770108699799 323
1615733649481 0.01308689545840025 324
1615733684061 0.014918407425284386 325
1615733718845 0.014080939814448357 326
1615733753314 0.012525385245680809 327
1615733788371 0.012714952230453491 328
1615733823253 0.012604198418557644 329
1615733862217 0.015633119270205498 330
1615733896902 0.014454793184995651 331
1615733932242 0.013672065921127796 332
1615733966642 0.012651674449443817 333
1615734000870 0.01423214003443718 334
1615734035211 0.013820004649460316 335
1615734069639 0.01181712280958891 336
1615734104441 0.013424716889858246 337
1615734139294 0.014032034203410149 338
1615734174185 0.012170900590717793 339
1615734213513 0.012483312748372555 340
1615734248202 0.013451959006488323 341
1615734282714 0.012117424979805946 342
1615734317420 0.014272855594754219 343
1615734352091 0.014001972042024136 344
1615734387317 0.013878566212952137 345
1615734421857 0.015500646084547043 346
1615734456123 0.01848660595715046 347
1615734490460 0.012866659089922905 348
1615734525117 0.012151386588811874 349
1615734563830 0.011637452058494091 350
1615734598610 0.014027662575244904 351
1615734633342 0.012214070186018944 352
1615734667773 0.013237576000392437 353
1615734702473 0.012095686048269272 354
1615734737564 0.013273087330162525 355
1615734772129 0.015592146664857864 356
1615734807007 0.013436634093523026 357
1615734841643 0.013084364123642445 358
1615734876484 0.01524591539055109 359
1615734915994 0.012805314734578133 360
1615734950393 0.011746177449822426 361
1615734985010 0.011947551742196083 362
1615735019550 0.012397649697959423 363
1615735054275 0.014036839827895164 364
1615735088557 0.012020120397210121 365
1615735122837 0.013248367235064507 366
1615735157334 0.014545578509569168 367
1615735191700 0.011825960129499435 368
1615735226582 0.01691419631242752 369
1615735265483 0.013619787059724331 370
1615735299973 0.010826335288584232 371
1615735335133 0.012349305674433708 372
1615735369731 0.01420670934021473 373
1615735404235 0.013970514759421349 374
1615735439026 0.013692498207092285 375
1615735474278 0.013314241543412209 376
1615735508568 0.014073166064918041 377
1615735543100 0.013964513316750526 378
1615735577768 0.013272778131067753 379
1615735616941 0.013761650770902634 380
1615735651666 0.013944348320364952 381
1615735686353 0.012343070469796658 382
1615735720815 0.013900760561227798 383
1615735755636 0.012018775567412376 384
1615735790497 0.011615274474024773 385
1615735825337 0.012627221643924713 386
1615735860283 0.014143451116979122 387
1615735895167 0.01371067389845848 388
1615735929679 0.013269096612930298 389
1615735968868 0.012948697432875633 390
1615736003735 0.015473145991563797 391
1615736038561 0.013264653272926807 392
1615736072967 0.01287524402141571 393
1615736108179 0.013191914185881615 394
1615736142948 0.010973839089274406 395
1615736177446 0.014488613232970238 396
1615736212097 0.012087155133485794 397
1615736246796 0.011970202438533306 398
1615736281268 0.012776138260960579 399
1615736320252 0.011904487386345863 400
1615736354844 0.012978805229067802 401
1615736389629 0.012598428875207901 402
1615736424200 0.014540065079927444 403
1615736458651 0.010836460627615452 404
1615736493142 0.013102215714752674 405
1615736527562 0.012532863765954971 406
1615736562425 0.014825915917754173 407
1615736597127 0.010845853015780449 408
1615736631755 0.013210443779826164 409
1615736671130 0.012284326367080212 410
1615736705760 0.011291176080703735 411
1615736740444 0.012123866006731987 412
1615736774927 0.012175599113106728 413
1615736809390 0.012898865155875683 414
1615736844257 0.015949178487062454 415
1615736879376 0.012358210980892181 416
1615736914238 0.013354070484638214 417
1615736949495 0.011616617441177368 418
1615736983999 0.012695332057774067 419
1615737023375 0.01216323021799326 420
1615737058166 0.012222101911902428 421
1615737092430 0.013039394281804562 422
1615737127335 0.012895191088318825 423
1615737161502 0.0119100883603096 424
1615737195780 0.01448314730077982 425
1615737230452 0.01392788253724575 426
1615737264718 0.011237184517085552 427
1615737299644 0.013554571196436882 428
1615737334233 0.01573323830962181 429
1615737373335 0.01322515495121479 430
1615737408277 0.012737838551402092 431
1615737443083 0.012427857145667076 432
1615737477457 0.01656227931380272 433
1615737511994 0.011662364937365055 434
1615737547047 0.014557427726686 435
1615737581694 0.013189438730478287 436
1615737616120 0.012761862017214298 437
1615737650837 0.011562485247850418 438
1615737685090 0.013909205794334412 439
1615737724117 0.01199626550078392 440
1615737759006 0.013080272823572159 441
1615737793422 0.013029247522354126 442
1615737828228 0.012854371219873428 443
1615737862975 0.011148062534630299 444
1615737897812 0.013505901210010052 445
1615737932181 0.01358792558312416 446
1615737966425 0.014829171821475029 447
1615738001086 0.013636672869324684 448
1615738035892 0.011250343173742294 449
1615738074890 0.010806949809193611 450
1615738109442 0.0120387002825737 451
1615738144090 0.013438708148896694 452
1615738178805 0.012778345495462418 453
1615738213436 0.013102730736136436 454
1615738247990 0.01090238057076931 455
1615738282217 0.013017358258366585 456
1615738317212 0.014651477336883545 457
1615738352361 0.014116978272795677 458
1615738387444 0.012558751739561558 459
1615738426845 0.010693325661122799 460
1615738461590 0.012034416198730469 461
1615738495894 0.011134695261716843 462
1615738530825 0.012012491002678871 463
1615738565081 0.012960230931639671 464
1615738599883 0.012265365570783615 465
1615738634981 0.015565118752419949 466
1615738669835 0.012618869543075562 467
1615738704476 0.012656265869736671 468
1615738739013 0.012937181629240513 469
1615738778369 0.013754402287304401 470
1615738812587 0.014399457722902298 471
1615738846983 0.01313607394695282 472
1615738881479 0.012076405808329582 473
1615738915824 0.012895505875349045 474
1615738950611 0.012205196544528008 475
1615738985092 0.012899134308099747 476
1615739019780 0.012250516563653946 477
1615739055140 0.011807842180132866 478
1615739091304 0.010559335350990295 479
1615739131032 0.011454095132648945 480
1615739166863 0.012783460319042206 481
1615739201121 0.011284156702458858 482
1615739235336 0.01348702423274517 483
1615739270182 0.011681265197694302 484
1615739304951 0.010662523098289967 485
1615739339216 0.014139970764517784 486
1615739374006 0.012535274028778076 487
1615739408728 0.012736532837152481 488
1615739443268 0.010927140712738037 489
1615739482210 0.011478458531200886 490
1615739516427 0.012085705995559692 491
1615739551254 0.0141807422041893 492
1615739585642 0.010089818388223648 493
1615739620368 0.014946550130844116 494
1615739655315 0.012350374832749367 495
1615739690306 0.012798203155398369 496
1615739725446 0.011124791577458382 497
1615739760245 0.014617975801229477 498
1615739795017 0.01279091089963913 499
1615739834349 0.01264319196343422 500
1615739868602 0.012474979273974895 501
1615739904005 0.012621905654668808 502
1615739938422 0.010492300614714622 503
1615739972774 0.011496374383568764 504
1615740007591 0.011613047681748867 505
1615740042225 0.012583029456436634 506
1615740077130 0.01265804748982191 507
1615740111754 0.012898572720587254 508
1615740146303 0.012127136811614037 509
1615740185630 0.011584852822124958 510
1615740220476 0.010994438081979752 511
1615740255360 0.01074646320194006 512
1615740290579 0.011729812249541283 513
1615740325248 0.010216226801276207 514
1615740359643 0.012044146656990051 515
1615740394039 0.010659376159310341 516
1615740428753 0.010963575914502144 517
1615740463636 0.012685813009738922 518
1615740498126 0.013237541541457176 519
1615740536914 0.012205870822072029 520
1615740571904 0.012710549868643284 521
1615740606885 0.011822883039712906 522
1615740641651 0.012101693078875542 523
1615740676962 0.01072831079363823 524
1615740711754 0.011835034936666489 525
1615740746503 0.010359976440668106 526
1615740781217 0.01119906920939684 527
1615740815404 0.011142667382955551 528
1615740849920 0.012016694992780685 529
1615740888682 0.0112179946154356 530
1615740923480 0.01311860978603363 531
1615740957708 0.011999170295894146 532
1615740992305 0.015955859795212746 533
1615741026860 0.012067224830389023 534
1615741061470 0.01285499893128872 535
1615741096476 0.010408129543066025 536
1615741131037 0.012987183406949043 537
1615741165901 0.011911153793334961 538
1615741200586 0.012755985371768475 539
1615741240148 0.010058932937681675 540
1615741274615 0.012082355096936226 541
1615741309148 0.014031151309609413 542
1615741344197 0.012181473895907402 543
1615741378970 0.009933565743267536 544
1615741413204 0.011295521631836891 545
1615741447488 0.012645027600228786 546
1615741481778 0.010226521641016006 547
1615741516653 0.01253596507012844 548
1615741551366 0.013085998594760895 549
1615741589755 0.01214840542525053 550
1615741624540 0.011407950893044472 551
1615741658742 0.012253044173121452 552
1615741693496 0.010763552039861679 553
1615741728254 0.013998826965689659 554
1615741762774 0.012226389721035957 555
1615741797216 0.011556810699403286 556
1615741831798 0.012598983012139797 557
1615741866585 0.012961787171661854 558
1615741900780 0.013759280554950237 559
1615741940693 0.010053547099232674 560
1615741975275 0.013248873874545097 561
1615742009709 0.014320043846964836 562
1615742044436 0.012720449827611446 563
1615742079198 0.00966724194586277 564
1615742113569 0.013976451009511948 565
1615742148445 0.009948158636689186 566
1615742183444 0.011547526344656944 567
1615742218064 0.01001875102519989 568
1615742252677 0.01180199719965458 569
1615742291115 0.013200683519244194 570
1615742326172 0.012578792870044708 571
1615742361113 0.012049678713083267 572
1615742395789 0.011550970375537872 573
1615742430032 0.010624337941408157 574
1615742464939 0.012634065002202988 575
1615742499756 0.010977886617183685 576
1615742534440 0.01026839017868042 577
1615742569394 0.010635681450366974 578
1615742604423 0.0123325539752841 579
1615742643556 0.011401745490729809 580
1615742678416 0.008976987563073635 581
1615742713245 0.012626578100025654 582
1615742747984 0.011558952741324902 583
1615742782856 0.013412668369710445 584
1615742817575 0.01154613308608532 585
1615742852690 0.012140174396336079 586
1615742886906 0.009367569349706173 587
1615742921353 0.01074947975575924 588
1615742955743 0.011460389010608196 589
1615742994490 0.012006711214780807 590
1615743028887 0.012377630919218063 591
1615743063418 0.012166619300842285 592
1615743098225 0.012533408589661121 593
1615743133012 0.012185126543045044 594
1615743167820 0.011959472671151161 595
1615743202215 0.010946596041321754 596
1615743236991 0.011592742055654526 597
1615743271795 0.011697091162204742 598
1615743306589 0.01304539293050766 599
1615743346518 0.012259449809789658 600
1615743381046 0.009577956981956959 601
1615743415874 0.013938890770077705 602
1615743450100 0.013459044508635998 603
1615743484815 0.012993458658456802 604
1615743519607 0.01132379099726677 605
1615743553912 0.011632068082690239 606
1615743588317 0.011587821878492832 607
1615743622721 0.010599530301988125 608
1615743657151 0.012663474306464195 609
1615743696624 0.010778678581118584 610
1615743731885 0.013736230321228504 611
1615743767098 0.011929171159863472 612
1615743801424 0.012363767251372337 613
1615743835737 0.011686231940984726 614
1615743870006 0.0111610759049654 615
1615743904618 0.010652804747223854 616
1615743939013 0.013071384280920029 617
1615743973561 0.009682942181825638 618
1615744007935 0.012446511536836624 619
1615744047369 0.011284461244940758 620
1615744082128 0.009878356009721756 621
1615744116695 0.013216430321335793 622
1615744151557 0.011940455995500088 623
1615744186564 0.010059529915452003 624
1615744221225 0.00991172157227993 625
1615744256160 0.01126680988818407 626
1615744290705 0.009862848557531834 627
1615744325494 0.01113467663526535 628
1615744359725 0.01118851825594902 629
1615744398553 0.012040778994560242 630
1615744433012 0.010817985981702805 631
1615744467939 0.013174884021282196 632
1615744502890 0.011007212102413177 633
1615744537326 0.011540153995156288 634
1615744572080 0.012479283846914768 635
1615744607432 0.012458170764148235 636
1615744642695 0.010616719722747803 637
1615744677508 0.012392721138894558 638
1615744712400 0.009834016673266888 639
1615744751860 0.011270016431808472 640
1615744786600 0.011422501876950264 641
1615744821104 0.012246699072420597 642
1615744855691 0.009835422039031982 643
1615744890988 0.010247733443975449 644
1615744926019 0.01328682154417038 645
1615744960722 0.009945700876414776 646
1615744995434 0.013541746884584427 647
1615745030070 0.01210365816950798 648
1615745065450 0.010450359433889389 649
1615745104393 0.010339951142668724 650
1615745138796 0.012219080701470375 651
1615745173637 0.011351197026669979 652
1615745207977 0.011526588350534439 653
1615745242428 0.010132279247045517 654
1615745277601 0.010450603440403938 655
1615745312520 0.01131746731698513 656
1615745346887 0.010539397597312927 657
1615745381759 0.012462658807635307 658
1615745416751 0.011713530868291855 659
1615745455452 0.01162228174507618 660
1615745490087 0.00953841581940651 661
1615745524801 0.01254761777818203 662
1615745559506 0.011754073202610016 663
1615745594252 0.011697903275489807 664
1615745629043 0.010002761147916317 665
1615745663596 0.011410612612962723 666
1615745698033 0.01113436371088028 667
1615745733046 0.012214060872793198 668
1615745768109 0.01216217316687107 669
1615745807089 0.011406198143959045 670
1615745841874 0.011945942416787148 671
1615745876134 0.013603519648313522 672
1615745910960 0.013630589470267296 673
1615745946104 0.010586979798972607 674
1615745980395 0.012423130683600903 675
1615746014732 0.010866578668355942 676
1615746049084 0.010853023268282413 677
1615746083924 0.010767041705548763 678
1615746118846 0.01143978163599968 679
1615746157427 0.01105891540646553 680
1615746192373 0.011810025200247765 681
1615746227298 0.010109941475093365 682
1615746262275 0.010574080049991608 683
1615746296597 0.011477423831820488 684
1615746331684 0.01083026546984911 685
1615746366569 0.010615982115268707 686
1615746400927 0.0086829774081707 687
1615746435277 0.012689486145973206 688
1615746469404 0.013568680733442307 689
1615746508494 0.01224291231483221 690
1615746543277 0.010372736491262913 691
1615746577640 0.008493632078170776 692
1615746612529 0.010341143235564232 693
1615746647437 0.010888669639825821 694
1615746682474 0.010607540607452393 695
1615746717493 0.01007033884525299 696
1615746752323 0.009876767173409462 697
1615746786922 0.010846524499356747 698
1615746821613 0.010862507857382298 699
1615746860783 0.010299775749444962 700
1615746895556 0.011810758151113987 701
1615746929934 0.010990665294229984 702
1615746964125 0.00958513468503952 703
1615746998404 0.011202222667634487 704
1615747033101 0.010233601555228233 705
1615747067481 0.010643305256962776 706
1615747102091 0.011424976401031017 707
1615747137021 0.009233110584318638 708
1615747171850 0.010458539240062237 709
1615747211194 0.010592455044388771 710
1615747245834 0.009925774298608303 711
1615747280260 0.010109088383615017 712
1615747314571 0.010272467508912086 713
1615747349554 0.010646793991327286 714
1615747384034 0.011522402986884117 715
1615747418559 0.012399712577462196 716
1615747453039 0.009158149361610413 717
1615747487320 0.009555893950164318 718
1615747522108 0.009911991655826569 719
1615747560590 0.010460039600729942 720
1615747595486 0.011174979619681835 721
1615747630378 0.01271753665059805 722
1615747665338 0.010953795164823532 723
1615747700174 0.009671117179095745 724
1615747734878 0.012309921905398369 725
1615747769238 0.009764857590198517 726
1615747803715 0.008100935257971287 727
1615747838487 0.011287311092019081 728
1615747872942 0.00895057711750269 729
1615747912003 0.008937852457165718 730
1615747946703 0.01008535549044609 731
1615747981282 0.011076066642999649 732
1615748015520 0.0095257218927145 733
1615748049908 0.011761097237467766 734
1615748084440 0.011448170989751816 735
1615748118934 0.010262977331876755 736
1615748153614 0.009186126291751862 737
1615748188641 0.010189173743128777 738
1615748223674 0.009121859446167946 739
1615748263231 0.012462195008993149 740
1615748297941 0.013334779068827629 741
1615748332472 0.009354060515761375 742
1615748367368 0.009088117629289627 743
1615748401787 0.008023479953408241 744
1615748436116 0.011434309184551239 745
1615748470401 0.010177979245781898 746
1615748504670 0.00984286516904831 747
1615748539502 0.010299459099769592 748
1615748574560 0.01145961508154869 749
1615748613494 0.010157724842429161 750
1615748647831 0.012622978538274765 751
1615748682716 0.011861981824040413 752
1615748717021 0.011289259418845177 753
1615748752144 0.010199840180575848 754
1615748786425 0.01051226258277893 755
1615748821237 0.009217115119099617 756
1615748855934 0.013106346130371094 757
1615748890315 0.011284206062555313 758
1615748925001 0.009040473029017448 759
1615748963811 0.010977083817124367 760
1615748998739 0.011123375967144966 761
1615749033488 0.010857194662094116 762
1615749067971 0.011139944195747375 763
1615749102955 0.01066626887768507 764
1615749137297 0.012341967783868313 765
1615749171525 0.010473922826349735 766
1615749206615 0.010427180677652359 767
1615749241151 0.010712833143770695 768
1615749275902 0.009168156422674656 769
1615749314281 0.01038779690861702 770
1615749348763 0.011508943513035774 771
1615749383163 0.011331677436828613 772
1615749417806 0.009000280871987343 773
1615749452325 0.011486263945698738 774
1615749487058 0.012510610744357109 775
1615749521888 0.009196147322654724 776
1615749556473 0.00970185175538063 777
1615749591557 0.010055044665932655 778
1615749626218 0.011210514232516289 779
1615749665604 0.0087098628282547 780
1615749699938 0.013856135308742523 781
1615749734662 0.00935246329754591 782
1615749769244 0.00904922466725111 783
1615749803942 0.010791487991809845 784
1615749839224 0.009046252816915512 785
1615749873517 0.01194276288151741 786
1615749908321 0.01159437745809555 787
1615749942713 0.010584389790892601 788
1615749977514 0.011854417622089386 789
1615750016583 0.010780184529721737 790
1615750051245 0.010829711332917213 791
1615750085958 0.010290410369634628 792
1615750120952 0.011226659640669823 793
1615750155877 0.009272080846130848 794
1615750190782 0.010648902505636215 795
1615750225816 0.009893113747239113 796
1615750260691 0.00966297835111618 797
1615750295622 0.011447645723819733 798
1615750330456 0.008707014843821526 799
1615750369376 0.010525274090468884 800
1615750404562 0.012111643329262733 801
1615750438887 0.011056014336645603 802
1615750473667 0.00989017728716135 803
1615750508450 0.010265634395182133 804
1615750542928 0.012066947296261787 805
1615750577105 0.010620711371302605 806
1615750611944 0.010550566017627716 807
1615750646715 0.011478545144200325 808
1615750680936 0.012229952029883862 809
1615750719370 0.011014824733138084 810
1615750754153 0.012676415964961052 811
1615750788841 0.010081305168569088 812
1615750823704 0.009132307022809982 813
1615750858752 0.009268774650990963 814
1615750893058 0.01005652267485857 815
1615750927861 0.011493337340652943 816
1615750962150 0.008115066215395927 817
1615750996685 0.011416738852858543 818
1615751031534 0.011931377463042736 819
1615751070930 0.015252412296831608 820
1615751105709 0.009989148005843163 821
1615751140583 0.01193305104970932 822
1615751175459 0.010690468363463879 823
1615751209682 0.010949525982141495 824
1615751244097 0.011852812021970749 825
1615751278887 0.009935952723026276 826
1615751313631 0.012240637093782425 827
1615751348427 0.008585773408412933 828
1615751383319 0.009349617175757885 829
1615751421890 0.011995356529951096 830
1615751456812 0.011597718112170696 831
1615751491757 0.010057934559881687 832
1615751526343 0.008656570687890053 833
1615751561170 0.010644163936376572 834
1615751595476 0.010946212336421013 835
1615751629751 0.009959416463971138 836
1615751664558 0.013651087880134583 837
1615751699356 0.011442303657531738 838
1615751733773 0.010545887053012848 839
1615751772807 0.010384179651737213 840
1615751807305 0.011615674942731857 841
1615751841812 0.010981624945998192 842
1615751876338 0.008790538646280766 843
1615751910805 0.009435722604393959 844
1615751945122 0.010739244520664215 845
1615751979983 0.00945114716887474 846
1615752014775 0.009283600375056267 847
1615752049780 0.01098170317709446 848
1615752084563 0.01336323469877243 849
1615752123838 0.010837117210030556 850
1615752158176 0.008387746289372444 851
1615752192817 0.007381670642644167 852
1615752227594 0.01251566968858242 853
1615752262108 0.010892978869378567 854
1615752296841 0.01106536015868187 855
1615752331624 0.011502178385853767 856
1615752366028 0.011519787833094597 857
1615752400268 0.010021938011050224 858
1615752434885 0.008972562849521637 859
1615752473886 0.009324463084340096 860
1615752508332 0.011977516114711761 861
1615752543177 0.010903064161539078 862
1615752577791 0.012329675257205963 863
1615752612386 0.012430376373231411 864
1615752646911 0.009692385792732239 865
1615752681241 0.012433856725692749 866
1615752716079 0.008555533364415169 867
1615752751195 0.013585194945335388 868
1615752785783 0.010838603600859642 869
1615752825063 0.008573299273848534 870
1615752859874 0.01001296378672123 871
1615752894634 0.010976502671837807 872
1615752929432 0.01255929097533226 873
1615752963960 0.011440549045801163 874
1615752998379 0.009724140167236328 875
1615753033242 0.010059336200356483 876
1615753067778 0.010499808005988598 877
1615753102244 0.012524265795946121 878
1615753137150 0.009287847205996513 879
1615753176865 0.008155588060617447 880
1615753211470 0.010981544852256775 881
1615753246252 0.010004883632063866 882
1615753281635 0.011361302807927132 883
1615753316439 0.010362420231103897 884
1615753351146 0.011934248730540276 885
1615753385921 0.012438645586371422 886
1615753420193 0.008374523371458054 887
1615753454503 0.00935664027929306 888
1615753489211 0.011181137524545193 889
1615753528524 0.00966143049299717 890
1615753562850 0.008563011884689331 891
1615753597222 0.010307619348168373 892
1615753631521 0.009452449157834053 893
1615753665834 0.009497699327766895 894
1615753700195 0.007129771634936333 895
1615753735052 0.011004424653947353 896
1615753769777 0.012180672958493233 897
1615753804634 0.009607424028217793 898
1615753839066 0.013206368312239647 899
1615753878010 0.0090718325227499 900
1615753913027 0.00972847267985344 901
1615753947401 0.008538870140910149 902
1615753982069 0.010709248483181 903
1615754016240 0.00922562275081873 904
1615754050732 0.010769685730338097 905
1615754085540 0.01058514416217804 906
1615754120290 0.01109197549521923 907
1615754154535 0.01130792684853077 908
1615754189076 0.010542518459260464 909
1615754227618 0.008623847737908363 910
1615754262489 0.008663514629006386 911
1615754297733 0.011942817829549313 912
1615754332564 0.010430339723825455 913
1615754367590 0.008456328883767128 914
1615754402348 0.01205449365079403 915
1615754437146 0.009710643440485 916
1615754471697 0.013442352414131165 917
1615754506530 0.010242950171232224 918
1615754541096 0.00996321253478527 919
1615754580506 0.009900303557515144 920
1615754615332 0.010431117378175259 921
1615754650372 0.009287877939641476 922
1615754685648 0.010890129022300243 923
1615754720317 0.00853852927684784 924
1615754754949 0.010716618970036507 925
1615754789788 0.00896412692964077 926
1615754825133 0.009220294654369354 927
1615754859782 0.010768137872219086 928
1615754893993 0.009771086275577545 929
1615754932615 0.013074081391096115 930
1615754967543 0.00996021181344986 931
1615755002261 0.010126182809472084 932
1615755037191 0.010505636222660542 933
1615755071612 0.012047048658132553 934
1615755106378 0.010070174932479858 935
1615755140963 0.013076124712824821 936
1615755175640 0.0127175934612751 937
1615755210409 0.010994672775268555 938
1615755244772 0.010525461286306381 939
1615755284081 0.01047263853251934 940
1615755318795 0.01171995047479868 941
1615755353224 0.011201372370123863 942
1615755388277 0.010782008990645409 943
1615755422593 0.009798478335142136 944
1615755456965 0.009180024266242981 945
1615755491745 0.008389562368392944 946
1615755526386 0.01398306805640459 947
1615755561017 0.009038060903549194 948
1615755595309 0.008686287328600883 949
1615755634220 0.009992334060370922 950
1615755669146 0.010253643617033958 951
1615755704030 0.00856810063123703 952
1615755739122 0.009715622290968895 953
1615755774206 0.008920952677726746 954
1615755808754 0.011462768539786339 955
1615755844046 0.00855042040348053 956
1615755878810 0.01065661571919918 957
1615755913054 0.008755168877542019 958
1615755947769 0.00972178764641285 959
1615755986732 0.012377151288092136 960
1615756021047 0.010846992954611778 961
1615756055351 0.010055557824671268 962
1615756090118 0.010593624785542488 963
1615756125053 0.009722450748085976 964
1615756159410 0.008584781549870968 965
1615756194360 0.010709802620112896 966
1615756228891 0.009146574884653091 967
1615756263814 0.007898553274571896 968
1615756298478 0.010433628223836422 969
1615756337956 0.011734317056834698 970
1615756372788 0.009085781872272491 971
1615756407060 0.010379052720963955 972
1615756441331 0.010190417990088463 973
1615756475778 0.010062852874398232 974
1615756511112 0.011144510470330715 975
1615756545952 0.00848995428532362 976
1615756580419 0.008846919983625412 977
1615756614846 0.011903828009963036 978
1615756649739 0.010117345489561558 979
1615756688614 0.012900322675704956 980
1615756723076 0.011284232139587402 981
1615756757274 0.011122245341539383 982
1615756792062 0.010564539581537247 983
1615756826342 0.008507520891726017 984
1615756860599 0.0097575131803751 985
1615756894996 0.009474590420722961 986
1615756929228 0.009722845628857613 987
1615756963594 0.009126689285039902 988
1615756997734 0.008747389540076256 989
1615757036545 0.01041308045387268 990
1615757071455 0.010849777609109879 991
1615757106058 0.00897690188139677 992
1615757140820 0.010476818308234215 993
1615757175742 0.008943716064095497 994
1615757210261 0.008030020631849766 995
1615757245146 0.00962531752884388 996
1615757279804 0.007092378102242947 997
1615757315010 0.00983127299696207 998
1615757349830 0.010088074952363968 999
1615757388647 0.009405616670846939 1000
1615757423059 0.008936656638979912 1001
1615757457784 0.008656544610857964 1002
1615757492144 0.010647658258676529 1003
1615757526623 0.011172686703503132 1004
1615757561396 0.0103719187900424 1005
1615757596264 0.011332454159855843 1006
1615757630978 0.009586827829480171 1007
1615757665334 0.010515483096241951 1008
1615757699823 0.013132312335073948 1009
1615757738784 0.011281441897153854 1010
1615757773156 0.008319062180817127 1011
1615757807854 0.009571471251547337 1012
1615757842558 0.01096146460622549 1013
1615757876932 0.009935636073350906 1014
1615757911672 0.010639251209795475 1015
1615757946307 0.012252123095095158 1016
1615757980563 0.010534560307860374 1017
1615758015791 0.0086638443171978 1018
1615758050528 0.009302238933742046 1019
1615758089030 0.009972771629691124 1020
1615758123178 0.011156661435961723 1021
1615758157628 0.01298788283020258 1022
1615758192390 0.008995788171887398 1023
1615758227093 0.009762592613697052 1024
1615758261558 0.01222851499915123 1025
1615758296381 0.008382652886211872 1026
1615758331257 0.011020815931260586 1027
1615758366060 0.010013574734330177 1028
1615758400534 0.009189294651150703 1029
1615758439395 0.011592317372560501 1030
1615758474099 0.010897720232605934 1031
1615758508906 0.010878097265958786 1032
1615758543432 0.00999547727406025 1033
1615758578294 0.008492544293403625 1034
1615758612555 0.008744407445192337 1035
1615758647373 0.009490976110100746 1036
1615758681891 0.01029400248080492 1037
1615758716281 0.010443364270031452 1038
1615758750678 0.010419046506285667 1039
1615758789682 0.011074000969529152 1040
1615758824215 0.008802453055977821 1041
1615758859150 0.010087400674819946 1042
1615758893648 0.009307355619966984 1043
1615758928184 0.010927729308605194 1044
1615758962690 0.009408455342054367 1045
1615758997436 0.010300101712346077 1046
1615759032187 0.011735808104276657 1047
1615759066375 0.010020343586802483 1048
1615759101634 0.011214733123779297 1049
1615759140649 0.009894680231809616 1050
1615759175179 0.01099267415702343 1051
1615759209897 0.011380380019545555 1052
1615759244338 0.009061776101589203 1053
1615759279191 0.011049916967749596 1054
1615759314280 0.01045261975377798 1055
1615759349257 0.008633088320493698 1056
1615759384148 0.008505229838192463 1057
1615759418767 0.012262781150639057 1058
1615759453612 0.012589087709784508 1059
1615759492577 0.01012469083070755 1060
1615759527017 0.00938214361667633 1061
1615759561678 0.010767923668026924 1062
1615759596169 0.011640429496765137 1063
1615759631065 0.011983495205640793 1064
1615759665978 0.010803479701280594 1065
1615759700739 0.01066618412733078 1066
1615759735200 0.011123962700366974 1067
1615759770003 0.010567212477326393 1068
1615759804783 0.009189054369926453 1069
1615759843912 0.011216619983315468 1070
1615759879119 0.010321518406271935 1071
1615759913386 0.012540135532617569 1072
1615759947635 0.01092788390815258 1073
1615759982164 0.00977189652621746 1074
1615760016436 0.008748052641749382 1075
1615760051220 0.009861992672085762 1076
1615760085543 0.012838400900363922 1077
1615760120395 0.010052410885691643 1078
1615760155151 0.00977416057139635 1079
1615760193738 0.010727457702159882 1080
1615760228122 0.0116186011582613 1081
1615760262977 0.01296968199312687 1082
1615760298160 0.01168601680546999 1083
1615760332938 0.011831584386527538 1084
1615760367886 0.011597699485719204 1085
1615760402890 0.00939408503472805 1086
1615760437733 0.009861818514764309 1087
1615760471913 0.009576860815286636 1088
1615760506144 0.01074974611401558 1089
1615760544434 0.009657394140958786 1090
1615760579185 0.009052077308297157 1091
1615760613536 0.010630916804075241 1092
1615760648110 0.009669208899140358 1093
1615760682969 0.011864278465509415 1094
1615760717539 0.009268528781831264 1095
1615760752525 0.00875503197312355 1096
1615760787190 0.011685984209179878 1097
1615760822114 0.010234842076897621 1098
1615760857228 0.008673261851072311 1099
1615760896737 0.009532885625958443 1100
1615760931144 0.008775044232606888 1101
1615760965541 0.011116593144834042 1102
1615760999768 0.008619334548711777 1103
1615761034433 0.009840692393481731 1104
1615761068656 0.011831128038465977 1105
1615761103327 0.00894055888056755 1106
1615761138024 0.010909203439950943 1107
1615761172872 0.009339156560599804 1108
1615761207315 0.009136849083006382 1109
1615761246651 0.007730661891400814 1110
1615761281072 0.010958346538245678 1111
1615761316225 0.012018965557217598 1112
1615761351117 0.010314779356122017 1113
1615761385872 0.009049376472830772 1114
1615761421152 0.009748155251145363 1115
1615761456057 0.008579626679420471 1116
1615761490434 0.0103952307254076 1117
1615761525063 0.009462865069508553 1118
1615761559313 0.011903451755642891 1119
1615761598262 0.010340504348278046 1120
1615761633007 0.00987476296722889 1121
1615761667578 0.00911328848451376 1122
1615761702375 0.009117135778069496 1123
1615761736755 0.009019180200994015 1124
1615761771062 0.009477305226027966 1125
1615761805743 0.009561769664287567 1126
1615761840702 0.00908072292804718 1127
1615761875582 0.009605113416910172 1128
1615761910233 0.00941388588398695 1129
1615761949140 0.008286494761705399 1130
1615761984074 0.011725520715117455 1131
1615762019187 0.007737023755908012 1132
1615762053557 0.01037219725549221 1133
1615762087902 0.009089583531022072 1134
1615762122711 0.010002306662499905 1135
1615762157541 0.008156418800354004 1136
1615762191890 0.009527907706797123 1137
1615762226102 0.00997347291558981 1138
1615762260276 0.010411567986011505 1139
1615762299033 0.011400522664189339 1140
1615762333814 0.009881376288831234 1141
1615762368455 0.01129807811230421 1142
1615762403337 0.009703544899821281 1143
1615762438004 0.010912954807281494 1144
1615762473032 0.009053951129317284 1145
1615762507835 0.01187950186431408 1146
1615762542716 0.007463156245648861 1147
1615762577073 0.010597918182611465 1148
1615762611313 0.010943375527858734 1149
1615762650193 0.010364953428506851 1150
1615762684459 0.0108803641051054 1151
1615762718878 0.01068129763007164 1152
1615762754024 0.009982587769627571 1153
1615762788705 0.011534221470355988 1154
1615762823554 0.010670874267816544 1155
1615762858268 0.00886637531220913 1156
1615762892523 0.010610045865178108 1157
1615762926878 0.010535377077758312 1158
1615762961388 0.012099342420697212 1159
1615763000738 0.01081467792391777 1160
1615763035641 0.01004662737250328 1161
1615763071116 0.008177759125828743 1162
1615763105590 0.008808417245745659 1163
1615763140184 0.010219287127256393 1164
1615763175008 0.01215070765465498 1165
1615763209327 0.009504604153335094 1166
1615763244121 0.011106586083769798 1167
1615763278836 0.011441661044955254 1168
1615763313198 0.009126748889684677 1169
1615763352001 0.008793048560619354 1170
1615763386871 0.009489767253398895 1171
1615763421756 0.010172879323363304 1172
1615763456194 0.01157887652516365 1173
1615763491108 0.010488711297512054 1174
1615763525518 0.01021820679306984 1175
1615763560196 0.008018331602215767 1176
1615763595288 0.00803171843290329 1177
1615763629564 0.010794641450047493 1178
1615763664819 0.009625902399420738 1179
1615763703913 0.009826114401221275 1180
1615763738117 0.00872479286044836 1181
1615763772825 0.011071153916418552 1182
1615763807034 0.00980666559189558 1183
1615763841757 0.00863981619477272 1184
1615763876267 0.010288838297128677 1185
1615763910844 0.010437726974487305 1186
1615763945498 0.010385900735855103 1187
1615763980482 0.010122453793883324 1188
1615764015153 0.007766145281493664 1189
1615764054594 0.00970003753900528 1190
1615764089490 0.009073875844478607 1191
1615764124348 0.007874662056565285 1192
1615764158860 0.010328411124646664 1193
1615764193614 0.010510314255952835 1194
1615764228502 0.011395447887480259 1195
1615764262805 0.009665504097938538 1196
1615764297504 0.009954774752259254 1197
1615764331860 0.009458568878471851 1198
1615764366645 0.009137231856584549 1199
1615764406181 0.011799896135926247 1200
1615764426170 0.008755765855312347 0
1615764426182 0.008755765855312347 0
