1615543352744 0.004273717291653156 1
1615543387085 0.0007489681011065841 2
1615543421230 0.0007230404298752546 3
1615543455733 0.0002806495176628232 4
1615543490371 0.00010163746628677472 5
1615543524715 0.00044081194209866226 6
1615543559519 4.537658242043108e-05 7
1615543594148 1.950101705006091e-06 8
1615543628583 8.886457362677902e-05 9
1615543666814 2.007926559599582e-05 10
1615543701052 7.158421340136556e-07 11
1615543735151 0.0 12
1615543769685 0.0 13
1615543805279 1.1890904715983197e-05 14
1615543839655 0.0 15
1615543873872 0.0 16
1615543907948 0.0 17
1615543942422 5.395838797994656e-07 18
1615543976495 0.0 19
1615544015082 0.0003469435032457113 20
1615544049430 0.0 21
1615544083904 0.0 22
1615544118272 0.0 23
1615544152672 1.5039233858260559e-06 24
1615544187254 0.0 25
1615544222737 0.0 26
1615544258407 0.0 27
1615544293263 0.0 28
1615544328170 0.0 29
1615544366969 0.0 30
1615544401523 0.0 31
1615544436185 0.0 32
1615544471451 0.0 33
1615544505996 0.0 34
1615544540524 0.0 35
1615544574807 0.0 36
1615544608953 0.0 37
1615544643173 0.0 38
1615544677596 0.0 39
1615544716241 0.0 40
1615544750590 0.0 41
1615544785429 0.0 42
1615544820965 0.0 43
1615544856624 0.0 44
1615544891947 0.0 45
1615544926531 0.0 46
1615544960522 0.0 47
1615544994590 0.0 48
1615545029094 0.0 49
1615545067487 0.0 50
1615545101614 0.0 51
1615545136205 0.0 52
1615545170793 0.0 53
1615545205629 0.0 54
1615545240636 5.823988431075122e-06 55
1615545276471 0.0 56
1615545311388 0.0 57
1615545346718 0.0 58
1615545381257 0.0 59
1615545419507 0.0 60
1615545453612 0.0 61
1615545488096 0.0 62
1615545522124 0.0 63
1615545556194 0.0 64
1615545590653 0.0 65
1615545624797 0.0 66
1615545658944 0.0 67
1615545693367 0.0 68
1615545727550 0.0 69
1615545766332 0.0 70
1615545800541 0.0 71
1615545835148 0.0 72
1615545869849 0.0 73
1615545904393 0.0 74
1615545939169 0.0 75
1615545974059 0.0 76
1615546008872 0.0 77
1615546043903 1.0629590860844473e-06 78
1615546078489 2.145261078112526e-06 79
1615546117928 2.0207530724292155e-06 80
1615546152057 0.0 81
1615546186185 0.0 82
1615546220666 2.2754977180738933e-05 83
1615546255270 0.0 84
1615546289790 0.0 85
1615546324205 0.0 86
1615546358820 0.0 87
1615546393274 0.0 88
1615546427581 6.816492827965703e-07 89
1615546467308 0.0 90
1615546502934 0.0 91
1615546539478 0.0 92
1615546574002 7.4722356657730415e-06 93
1615546608604 0.0 94
1615546643875 0.0 95
1615546678175 0.0 96
1615546712685 0.0 97
1615546747221 0.0007237462559714913 98
1615546781401 1.757469362928532e-05 99
1615546819796 0.0 100
1615546854237 0.0 101
1615546888491 0.0 102
1615546923322 0.0 103
1615546959133 0.0 104
1615546994000 0.0 105
1615547028644 0.0 106
1615547063183 0.0 107
1615547097381 0.0 108
1615547132130 0.0 109
1615547170633 0.0 110
1615547205062 0.0 111
1615547240012 0.0 112
1615547274168 0.0 113
1615547308323 0.0 114
1615547342414 0.0 115
1615547376878 0.0 116
1615547411222 0.0 117
1615547445370 0.0 118
1615547479567 4.7415161930075556e-07 119
1615547518339 0.0 120
1615547552504 0.0 121
1615547586831 0.0 122
1615547622121 0.0005228867521509528 123
1615547656884 0.0 124
1615547691478 0.0 125
1615547726875 0.0 126
1615547761493 0.0 127
1615547795695 0.0 128
1615547830140 0.0 129
1615547868306 0.0 130
1615547902847 0.0 131
1615547937234 0.0 132
1615547972505 0.0 133
1615548007275 0.0 134
1615548042003 0.0 135
1615548076421 0.0 136
1615548111472 0.0 137
1615548145926 0.0 138
1615548180096 0.0 139
1615548219000 0.0 140
1615548252975 0.00021043916058260947 141
1615548287503 0.0003786567540373653 142
1615548322048 0.0 143
1615548356156 0.0 144
1615548390676 1.095065726985922e-05 145
1615548425228 0.00011608396744122729 146
1615548459624 0.003584675258025527 147
1615548495601 0.0 148
1615548531158 0.0 149
1615548570501 3.6500082387647126e-06 150
1615548605108 6.410015430446947e-06 151
1615548639656 0.00024600245524197817 152
1615548674244 4.223240466671996e-06 153
1615548708618 0.0 154
1615548743121 0.00011738328612409532 155
1615548777096 0.0 156
1615548811494 0.0 157
1615548845804 0.0 158
1615548880176 0.0 159
1615548919070 0.0 160
1615548953732 0.0 161
1615548988451 0.0 162
1615549022674 0.0 163
1615549057211 0.0 164
1615549091843 2.337161959076184e-06 165
1615549126522 0.0 166
1615549161276 0.0 167
1615549195601 9.12530413188506e-06 168
1615549229828 0.007840157486498356 169
1615549267770 0.0 170
1615549302318 0.0 171
1615549337031 8.957635486694926e-07 172
1615549371693 0.00025318696862086654 173
1615549406266 0.0 174
1615549440524 0.0 175
1615549474581 0.0 176
1615549508881 0.005320251919329166 177
1615549543329 0.0 178
1615549577414 4.358197656983975e-06 179
1615549615785 0.0 180
1615549650284 0.0 181
1615549684504 0.0 182
1615549718819 6.209806542756269e-06 183
1615549753232 0.0 184
1615549787554 0.00010148645378649235 185
1615549821912 0.003108243690803647 186
1615549856654 1.9291623175377026e-05 187
1615549891445 0.0005945018492639065 188
1615549926071 0.0 189
1615549964246 6.022061643307097e-05 190
1615549998804 0.0 191
1615550033214 6.043464395588671e-07 192
1615550067769 0.002212005900219083 193
1615550102130 0.0 194
1615550136644 6.489232418971369e-06 195
1615550170896 0.0005445069400593638 196
1615550205500 3.290556196589023e-05 197
1615550239881 0.0032486433628946543 198
1615550274642 0.007046862039715052 199
1615550313354 0.0 200
1615550348317 1.6247798839685856e-07 201
1615550383122 6.799667744417093e-07 202
1615550418066 0.0 203
1615550452615 0.0018864927114918828 204
1615550486732 0.003619074821472168 205
1615550521347 0.00044714927207678556 206
1615550555782 0.0018729646690189838 207
1615550590176 0.00014627751079387963 208
1615550624838 0.0 209
1615550663386 0.0 210
1615550697689 0.003307763487100601 211
1615550731751 0.0005400138907134533 212
1615550766218 0.0006950204842723906 213
1615550800554 0.004984583705663681 214
1615550835286 0.002704309532418847 215
1615550870585 0.0015650601126253605 216
1615550905229 0.007651214022189379 217
1615550939739 0.001893316861242056 218
1615550974433 0.01694365218281746 219
1615551012719 0.0005695474683307111 220
1615551046899 0.012169770896434784 221
1615551081092 0.00761287659406662 222
1615551115769 0.002379080280661583 223
1615551150557 0.009863873943686485 224
1615551185776 7.106750217644731e-06 225
1615551220420 0.004371282644569874 226
1615551255212 0.00413360632956028 227
1615551289720 0.002075021620839834 228
1615551324318 0.0004795571439899504 229
1615551364232 0.0050096227787435055 230
1615551398634 0.014431767165660858 231
1615551432892 0.0027076180558651686 232
1615551467318 0.003447991795837879 233
1615551501469 0.006562415510416031 234
1615551535887 0.018928926438093185 235
1615551571184 0.0007921489304862916 236
1615551607227 0.008765975013375282 237
1615551642004 0.005095255095511675 238
1615551676854 0.01708853989839554 239
1615551715942 0.009429799392819405 240
1615551750529 0.0032119739335030317 241
1615551785691 0.00624548364430666 242
1615551819686 0.03865869715809822 243
1615551853924 0.014593208208680153 244
1615551888058 0.01953771710395813 245
1615551922244 0.010254526510834694 246
1615551956413 0.013704800978302956 247
1615551990825 0.007313222624361515 248
1615552025107 0.006585298106074333 249
1615552064436 0.028762735426425934 250
1615552099312 0.027901580557227135 251
1615552134165 0.02030249871313572 252
1615552168866 0.01864059641957283 253
1615552204011 0.018065162003040314 254
1615552238783 0.04182884842157364 255
1615552273348 0.013782158493995667 256
1615552307697 0.010310995392501354 257
1615552342142 0.031332071870565414 258
1615552376239 0.009610092267394066 259
1615552415356 0.013981123454868793 260
1615552449497 0.022236701101064682 261
1615552484569 0.0349978469312191 262
1615552519414 0.021759167313575745 263
1615552554216 0.03444850817322731 264
1615552588990 0.026774728670716286 265
1615552623612 0.0172202680259943 266
1615552658938 0.008246122859418392 267
1615552693200 0.03615770861506462 268
1615552727748 0.02676302008330822 269
1615552766824 0.04469519853591919 270
1615552801060 0.034808654338121414 271
1615552835074 0.03296111524105072 272
1615552869217 0.036229684948921204 273
1615552903405 0.0491354763507843 274
1615552937858 0.04744206741452217 275
1615552973305 0.03599536791443825 276
1615553008718 0.017343146726489067 277
1615553043442 0.03479183092713356 278
1615553078325 0.015997234731912613 279
1615553116797 0.009359218180179596 280
1615553151451 0.03875677287578583 281
1615553186124 0.046245452016592026 282
1615553220186 0.02542003244161606 283
1615553254188 0.029555194079875946 284
1615553288644 0.02843911200761795 285
1615553323428 0.02682678960263729 286
1615553358099 0.020426278933882713 287
1615553392703 0.02390975132584572 288
1615553427317 0.033971741795539856 289
1615553466555 0.03873179852962494 290
1615553500721 0.023041458800435066 291
1615553535152 0.04740774631500244 292
1615553569153 0.0494505912065506 293
1615553604137 0.04173463582992554 294
1615553638410 0.039866987615823746 295
1615553672507 0.0545177087187767 296
1615553707113 0.03589189797639847 297
1615553741275 0.016331885010004044 298
1615553775405 0.0390038788318634 299
1615553813785 0.03054187074303627 300
1615553848357 0.023099353536963463 301
1615553882618 0.06986687332391739 302
1615553917306 0.03183906525373459 303
1615553951505 0.054146718233823776 304
1615553985807 0.07046850025653839 305
1615554020449 0.06043166667222977 306
1615554056408 0.06214851140975952 307
1615554091207 0.03916739672422409 308
1615554125928 0.06469111144542694 309
1615554164307 0.03379775956273079 310
1615554198852 0.04298550263047218 311
1615554234012 0.03133675828576088 312
1615554268315 0.07203920185565948 313
1615554302269 0.04138995707035065 314
1615554336775 0.045235566794872284 315
1615554370875 0.06476810574531555 316
1615554405527 0.025258976966142654 317
1615554439936 0.030577614903450012 318
1615554474006 0.03593863546848297 319
1615554512636 0.055707767605781555 320
1615554547265 0.01674434170126915 321
1615554581320 0.04520706087350845 322
1615554615503 0.05842996761202812 323
1615554650361 0.05997392535209656 324
1615554685347 0.043828412890434265 325
1615554719805 0.05376945436000824 326
1615554754374 0.04439295828342438 327
1615554788814 0.07167010754346848 328
1615554822877 0.06194926053285599 329
1615554861551 0.0814133733510971 330
1615554895748 0.043520838022232056 331
1615554930123 0.05668209493160248 332
1615554964664 0.03342922404408455 333
1615554999131 0.0828322023153305 334
1615555033611 0.07075361907482147 335
1615555067992 0.08749663829803467 336
1615555102343 0.07699991017580032 337
1615555136427 0.06671859323978424 338
1615555170510 0.05185195803642273 339
1615555209413 0.045439671725034714 340
1615555243783 0.0729062408208847 341
1615555278078 0.08422524482011795 342
1615555312739 0.09657150506973267 343
1615555347410 0.03712381422519684 344
1615555381828 0.07717720419168472 345
1615555416016 0.029300089925527573 346
1615555450614 0.06515416502952576 347
1615555484887 0.09435875713825226 348
1615555519075 0.08185366541147232 349
1615555557495 0.09108740091323853 350
1615555591800 0.050007306039333344 351
1615555625833 0.10125026106834412 352
1615555660487 0.03959181159734726 353
1615555694991 0.10647416859865189 354
1615555729423 0.053611911833286285 355
1615555763983 0.04014994576573372 356
1615555798527 0.0753728449344635 357
1615555832741 0.07129909098148346 358
1615555867217 0.06884018331766129 359
1615555905750 0.0635494813323021 360
1615555940215 0.08425040543079376 361
1615555974716 0.05826548486948013 362
1615556009226 0.06358359009027481 363
1615556043657 0.07361309975385666 364
1615556078100 0.07516706734895706 365
1615556112780 0.05582275241613388 366
1615556147269 0.05842411518096924 367
1615556182980 0.0983739048242569 368
1615556217207 0.05137060582637787 369
1615556255938 0.05145592615008354 370
1615556290592 0.0540132001042366 371
1615556324891 0.0840989202260971 372
1615556359308 0.0774495005607605 373
1615556393843 0.054692335426807404 374
1615556428042 0.07154663652181625 375
1615556462479 0.071271151304245 376
1615556497081 0.050283610820770264 377
1615556531701 0.040163666009902954 378
1615556565854 0.0612776055932045 379
1615556603971 0.09394973516464233 380
1615556638593 0.0730920135974884 381
1615556673111 0.08364971727132797 382
1615556708074 0.05931180715560913 383
1615556742578 0.08770062029361725 384
1615556777099 0.06216762214899063 385
1615556812000 0.10630275309085846 386
1615556846858 0.091171495616436 387
1615556881365 0.06866681575775146 388
1615556915906 0.10055480152368546 389
1615556955290 0.10113014280796051 390
1615556989804 0.04468798637390137 391
1615557023936 0.08125373721122742 392
1615557058417 0.0814782977104187 393
1615557092727 0.08343099057674408 394
1615557127217 0.04787106812000275 395
1615557161224 0.0821971446275711 396
1615557195799 0.10232082009315491 397
1615557230223 0.10856270790100098 398
1615557264411 0.09469310939311981 399
1615557302857 0.07111397385597229 400
1615557337066 0.10143238306045532 401
1615557371443 0.07407597452402115 402
1615557405935 0.07644086331129074 403
1615557440398 0.08901488780975342 404
1615557474914 0.06070569530129433 405
1615557510282 0.07778480648994446 406
1615557545338 0.08552931994199753 407
1615557579347 0.09977588057518005 408
1615557614047 0.11628244817256927 409
1615557653252 0.07603982090950012 410
1615557687435 0.07965904474258423 411
1615557721882 0.09466712176799774 412
1615557756413 0.11483550071716309 413
1615557790852 0.0613979808986187 414
1615557824849 0.10096319764852524 415
1615557858948 0.11689067631959915 416
1615557893067 0.06260880827903748 417
1615557927466 0.10886000841856003 418
1615557962062 0.08947911113500595 419
1615558001728 0.07018069922924042 420
1615558036503 0.13158082962036133 421
1615558071168 0.09975387156009674 422
1615558105455 0.07414315640926361 423
1615558139827 0.11497417092323303 424
1615558174566 0.0876074880361557 425
1615558209174 0.10202998667955399 426
1615558243693 0.13407479226589203 427
1615558278270 0.0784182995557785 428
1615558312400 0.08763013780117035 429
1615558350457 0.08848848938941956 430
1615558384505 0.0663749948143959 431
1615558418551 0.14093947410583496 432
1615558453030 0.07525762915611267 433
1615558487156 0.10062026977539062 434
1615558521333 0.09644721448421478 435
1615558555511 0.07553212344646454 436
1615558590070 0.08355376124382019 437
1615558624170 0.0640842616558075 438
1615558658863 0.08927366137504578 439
1615558697364 0.08303987234830856 440
1615558731546 0.054990995675325394 441
1615558765961 0.0610114261507988 442
1615558800547 0.0739828497171402 443
1615558835336 0.11672371625900269 444
1615558869932 0.10630353540182114 445
1615558904124 0.0943249762058258 446
1615558938423 0.0749441385269165 447
1615558972647 0.07473762333393097 448
1615559007837 0.10423906147480011 449
1615559046510 0.09551163762807846 450
1615559080515 0.09709449112415314 451
1615559114966 0.11859800666570663 452
1615559149452 0.10173004120588303 453
1615559183869 0.09083506464958191 454
1615559218484 0.15068203210830688 455
1615559252524 0.11308147013187408 456
1615559287038 0.0814889520406723 457
1615559321588 0.10566720366477966 458
1615559356113 0.0754881501197815 459
1615559394652 0.1016051322221756 460
1615559429157 0.10795646905899048 461
1615559463963 0.13439472019672394 462
1615559498737 0.1153721958398819 463
1615559533485 0.10748410224914551 464
1615559568123 0.12682776153087616 465
1615559602228 0.08557698130607605 466
1615559636998 0.17204970121383667 467
1615559671156 0.12920284271240234 468
1615559705319 0.1108793169260025 469
1615559743627 0.11841447651386261 470
1615559778189 0.0610693097114563 471
1615559812503 0.1064426451921463 472
1615559847149 0.11809767782688141 473
1615559881255 0.08150477707386017 474
1615559915765 0.10210276395082474 475
1615559949929 0.11195255815982819 476
1615559984589 0.06346231698989868 477
1615560018816 0.10379167646169662 478
1615560053329 0.12826424837112427 479
1615560092267 0.09191825985908508 480
1615560126706 0.13219194114208221 481
1615560161220 0.12360285222530365 482
1615560195770 0.07307819277048111 483
1615560229892 0.11623872816562653 484
1615560264371 0.14086675643920898 485
1615560299149 0.08328422904014587 486
1615560334180 0.13612565398216248 487
1615560368555 0.07692883908748627 488
1615560402550 0.15082252025604248 489
1615560441043 0.12569297850131989 490
1615560475339 0.12467392534017563 491
1615560509483 0.10001249611377716 492
1615560543558 0.11160893738269806 493
1615560578258 0.05881594121456146 494
1615560612673 0.10397670418024063 495
1615560647058 0.1124810129404068 496
1615560681201 0.1205526739358902 497
1615560715751 0.10303609073162079 498
1615560750040 0.07914114743471146 499
1615560789014 0.11913707852363586 500
1615560823694 0.11855006217956543 501
1615560858471 0.09896138310432434 502
1615560892992 0.11065323650836945 503
1615560927612 0.09793023765087128 504
1615560962084 0.14699159562587738 505
1615560996705 0.11327913403511047 506
1615561030972 0.12291605770587921 507
1615561065510 0.07109889388084412 508
1615561100125 0.10527205467224121 509
1615561139239 0.11443281173706055 510
1615561173795 0.0752907544374466 511
1615561208315 0.16645248234272003 512
1615561242489 0.13977289199829102 513
1615561276995 0.12991760671138763 514
1615561311345 0.13062220811843872 515
1615561345802 0.10621121525764465 516
1615561380427 0.09901818633079529 517
1615561414871 0.15223485231399536 518
1615561449415 0.12086587399244308 519
1615561487994 0.11329059302806854 520
1615561522761 0.12585493922233582 521
1615561557050 0.1254582405090332 522
1615561591373 0.11062413454055786 523
1615561626185 0.1270609050989151 524
1615561660485 0.12328166514635086 525
1615561694766 0.10880875587463379 526
1615561729157 0.12968710064888 527
1615561763788 0.14040546119213104 528
1615561797981 0.1260676085948944 529
1615561836576 0.1277141571044922 530
1615561871195 0.11395233869552612 531
1615561905334 0.13220389187335968 532
1615561939874 0.13648773729801178 533
1615561974129 0.1072787493467331 534
1615562008514 0.1562178134918213 535
1615562042735 0.1413426399230957 536
1615562077337 0.1350226104259491 537
1615562111680 0.14226315915584564 538
1615562146067 0.13986484706401825 539
1615562184691 0.17076358199119568 540
1615562219294 0.1315368264913559 541
1615562253960 0.0836569219827652 542
1615562288811 0.09928007423877716 543
1615562323850 0.13634270429611206 544
1615562359061 0.1334039270877838 545
1615562393637 0.11166581511497498 546
1615562427886 0.11800967156887054 547
1615562462511 0.13869521021842957 548
1615562497109 0.1347905546426773 549
1615562535954 0.1080150157213211 550
1615562570348 0.11665396392345428 551
1615562604990 0.13855847716331482 552
1615562639484 0.0925292894244194 553
1615562673600 0.12509070336818695 554
1615562708184 0.14105944335460663 555
1615562743087 0.1324402093887329 556
1615562777848 0.11337073147296906 557
1615562812706 0.11528800427913666 558
1615562847532 0.0870095044374466 559
1615562886925 0.14635583758354187 560
1615562921242 0.11818119883537292 561
1615562955432 0.06494562327861786 562
1615562989833 0.11958447098731995 563
1615563024540 0.11890240013599396 564
1615563058788 0.11875586211681366 565
1615563093051 0.15145911276340485 566
1615563127173 0.15180674195289612 567
1615563161749 0.1301034688949585 568
1615563195872 0.16507777571678162 569
1615563234640 0.11028820276260376 570
1615563269321 0.13276219367980957 571
1615563303601 0.15815550088882446 572
1615563338081 0.1689281314611435 573
1615563372739 0.10843047499656677 574
1615563407366 0.16693255305290222 575
1615563442203 0.16029083728790283 576
1615563476984 0.16006460785865784 577
1615563511698 0.10139689594507217 578
1615563546330 0.11994494497776031 579
1615563584939 0.11497538536787033 580
1615563619478 0.17951849102973938 581
1615563654124 0.17067350447177887 582
1615563688340 0.17597419023513794 583
1615563722880 0.10062762349843979 584
1615563757280 0.13660278916358948 585
1615563791759 0.14313077926635742 586
1615563826298 0.13416697084903717 587
1615563861311 0.1572256088256836 588
1615563896011 0.1451992690563202 589
1615563935146 0.15542608499526978 590
1615563969419 0.1429876685142517 591
1615564003672 0.11567417532205582 592
1615564038194 0.15174727141857147 593
1615564072754 0.17055976390838623 594
1615564107488 0.16969577968120575 595
1615564142197 0.15331536531448364 596
1615564176621 0.13217855989933014 597
1615564211093 0.1592310667037964 598
1615564245511 0.10008455812931061 599
1615564284069 0.13681933283805847 600
1615564318748 0.1585741639137268 601
1615564353341 0.13236397504806519 602
1615564387583 0.12772443890571594 603
1615564422543 0.08288349956274033 604
1615564457109 0.11364798992872238 605
1615564492320 0.14400535821914673 606
1615564527637 0.13197928667068481 607
1615564562276 0.17957395315170288 608
1615564597508 0.11970078945159912 609
1615564636417 0.15125751495361328 610
1615564671148 0.12920033931732178 611
1615564705641 0.11897578835487366 612
1615564740452 0.08296918869018555 613
1615564774713 0.1283273994922638 614
1615564808756 0.18428391218185425 615
1615564843297 0.1580575853586197 616
1615564878006 0.1329486072063446 617
1615564912268 0.14894291758537292 618
1615564946460 0.12344233691692352 619
1615564984978 0.1661665439605713 620
1615565019052 0.17354294657707214 621
1615565053699 0.09534846991300583 622
1615565088055 0.16912338137626648 623
1615565122229 0.20701037347316742 624
1615565156430 0.15334424376487732 625
1615565190795 0.15021884441375732 626
1615565224968 0.1411924958229065 627
1615565259423 0.183243989944458 628
1615565293750 0.1829933226108551 629
1615565331999 0.1281958818435669 630
1615565366332 0.184144526720047 631
1615565400645 0.10914769768714905 632
1615565435231 0.17907264828681946 633
1615565469546 0.16089904308319092 634
1615565503960 0.12727808952331543 635
1615565538793 0.11600787937641144 636
1615565573166 0.14895722270011902 637
1615565607529 0.13298749923706055 638
1615565641966 0.20838570594787598 639
1615565680893 0.10361584275960922 640
1615565715209 0.1722773015499115 641
1615565749361 0.15664756298065186 642
1615565783377 0.19953712821006775 643
1615565818238 0.14731167256832123 644
1615565852553 0.15081852674484253 645
1615565887112 0.2159908264875412 646
1615565921214 0.1504434049129486 647
1615565955659 0.1630871742963791 648
1615565989811 0.14458896219730377 649
1615566028475 0.13146013021469116 650
1615566062939 0.15744805335998535 651
1615566097528 0.16017982363700867 652
1615566132138 0.15204071998596191 653
1615566166719 0.19051752984523773 654
1615566201318 0.1466597020626068 655
1615566236300 0.16688328981399536 656
1615566271471 0.18024884164333344 657
1615566306441 0.10992568731307983 658
1615566341230 0.15954197943210602 659
1615566380129 0.1522558629512787 660
1615566414624 0.16976319253444672 661
1615566449624 0.13324233889579773 662
1615566484417 0.14978626370429993 663
1615566518927 0.08960767835378647 664
1615566553460 0.18335580825805664 665
1615566587636 0.15895351767539978 666
1615566621724 0.18673206865787506 667
1615566656269 0.1434159278869629 668
1615566690557 0.2097008228302002 669
1615566729858 0.15091750025749207 670
1615566764463 0.18100705742835999 671
1615566798769 0.1843513548374176 672
1615566833413 0.15620437264442444 673
1615566867689 0.20341916382312775 674
1615566902482 0.13609160482883453 675
1615566937029 0.19400405883789062 676
1615566971808 0.20801463723182678 677
1615567007139 0.16477765142917633 678
1615567042009 0.17822247743606567 679
1615567080712 0.19750511646270752 680
1615567115687 0.14869767427444458 681
1615567149904 0.19146952033042908 682
1615567184446 0.13745522499084473 683
1615567218794 0.15575435757637024 684
1615567253236 0.21934422850608826 685
1615567287373 0.19663473963737488 686
1615567321605 0.21469363570213318 687
1615567355996 0.1265372633934021 688
1615567390312 0.14513808488845825 689
1615567428883 0.12754815816879272 690
1615567463357 0.1913335621356964 691
1615567498013 0.19478601217269897 692
1615567532526 0.1819474995136261 693
1615567567083 0.15049174427986145 694
1615567601874 0.2074020802974701 695
1615567636862 0.18166296184062958 696
1615567672058 0.15864495933055878 697
1615567707494 0.1940607726573944 698
1615567742211 0.1461334526538849 699
1615567781140 0.16084802150726318 700
1615567815717 0.18224459886550903 701
1615567850189 0.165566086769104 702
1615567885544 0.2029314637184143 703
1615567919758 0.16645286977291107 704
1615567953893 0.1893737018108368 705
1615567988370 0.17137062549591064 706
1615568022709 0.13049906492233276 707
1615568056713 0.15586039423942566 708
1615568090828 0.16344338655471802 709
1615568129517 0.14436638355255127 710
1615568163902 0.21307116746902466 711
1615568198393 0.1801004707813263 712
1615568232574 0.1886211633682251 713
1615568266926 0.1242072731256485 714
1615568301643 0.15843500196933746 715
1615568335954 0.1483098417520523 716
1615568370238 0.20464682579040527 717
1615568404726 0.19275106489658356 718
1615568439960 0.1845361292362213 719
1615568479333 0.1927623450756073 720
1615568514123 0.18902191519737244 721
1615568548723 0.16172665357589722 722
1615568583457 0.14707425236701965 723
1615568617879 0.18735729157924652 724
1615568652570 0.12422281503677368 725
1615568686875 0.19128519296646118 726
1615568721502 0.1805940866470337 727
1615568756349 0.14138644933700562 728
1615568790679 0.17447713017463684 729
1615568829478 0.19697615504264832 730
1615568863992 0.1812271624803543 731
1615568898372 0.13701771199703217 732
1615568932843 0.18868646025657654 733
1615568967506 0.171913743019104 734
1615569001557 0.1394072324037552 735
1615569036011 0.17748624086380005 736
1615569070511 0.18992879986763 737
1615569105108 0.21686440706253052 738
1615569139408 0.20852503180503845 739
1615569177984 0.13911962509155273 740
1615569212363 0.17616048455238342 741
1615569246977 0.19840237498283386 742
1615569281291 0.16428354382514954 743
1615569315890 0.1746688187122345 744
1615569350401 0.17415204644203186 745
1615569384911 0.17370285093784332 746
1615569422563 0.18398597836494446 747
1615569456660 0.15663808584213257 748
1615569490981 0.13636547327041626 749
1615569529288 0.1574244201183319 750
1615569563870 0.12083147466182709 751
1615569598057 0.16553543508052826 752
1615569632383 0.1966763734817505 753
1615569666548 0.18797661364078522 754
1615569700670 0.1781477928161621 755
1615569734936 0.17410603165626526 756
1615569768961 0.1671062409877777 757
1615569803148 0.22349514067173004 758
1615569837332 0.1719859540462494 759
1615569876239 0.17312562465667725 760
1615569910373 0.1804838478565216 761
1615569944940 0.1704862117767334 762
1615569979105 0.15844079852104187 763
1615570013463 0.1608341634273529 764
1615570048057 0.14119850099086761 765
1615570082546 0.1338523030281067 766
1615570117062 0.16297680139541626 767
1615570151647 0.1621234118938446 768
1615570185862 0.21236196160316467 769
1615570224034 0.19159989058971405 770
1615570258266 0.16735932230949402 771
1615570292753 0.1946413367986679 772
1615570327303 0.2155075967311859 773
1615570361528 0.15529268980026245 774
1615570396067 0.15076403319835663 775
1615570430179 0.2246657758951187 776
1615570464464 0.16857987642288208 777
1615570498906 0.18988753855228424 778
1615570533518 0.17733675241470337 779
1615570572232 0.18285679817199707 780
1615570606620 0.19150930643081665 781
1615570641194 0.20044101774692535 782
1615570675302 0.19701749086380005 783
1615570709326 0.1837160885334015 784
1615570743800 0.1938733607530594 785
1615570778043 0.19840532541275024 786
1615570812248 0.20040908455848694 787
1615570846524 0.2086968719959259 788
1615570880774 0.1640593260526657 789
1615570919323 0.15940989553928375 790
1615570953603 0.1533282995223999 791
1615570988278 0.18360266089439392 792
1615571023017 0.17007851600646973 793
1615571057645 0.18985487520694733 794
1615571092208 0.22789612412452698 795
1615571126313 0.20534485578536987 796
1615571160667 0.18239551782608032 797
1615571194721 0.14179420471191406 798
1615571229304 0.25842195749282837 799
1615571268321 0.19950658082962036 800
1615571302435 0.17411759495735168 801
1615571337023 0.18802982568740845 802
1615571371703 0.1860400140285492 803
1615571406206 0.22437112033367157 804
1615571440386 0.16170558333396912 805
1615571474907 0.19773289561271667 806
1615571509462 0.18547680974006653 807
1615571544125 0.19288314878940582 808
1615571578409 0.1550152748823166 809
1615571617464 0.17720913887023926 810
1615571651959 0.15754956007003784 811
1615571686354 0.24107149243354797 812
1615571720720 0.17239688336849213 813
1615571755283 0.22180968523025513 814
1615571790032 0.21938344836235046 815
1615571824365 0.17686523497104645 816
1615571858871 0.1979580521583557 817
1615571893224 0.17974913120269775 818
1615571927720 0.14430741965770721 819
1615571966858 0.15255244076251984 820
1615572001452 0.17833438515663147 821
1615572035496 0.1660425066947937 822
1615572069551 0.19058096408843994 823
1615572104141 0.19993895292282104 824
1615572138634 0.18011131882667542 825
1615572172775 0.2171279788017273 826
1615572206830 0.17576757073402405 827
1615572241124 0.16788902878761292 828
1615572275424 0.15188613533973694 829
1615572313978 0.20441101491451263 830
1615572347997 0.1480998396873474 831
1615572382616 0.1964932382106781 832
1615572416882 0.19981512427330017 833
1615572451537 0.1612764596939087 834
1615572486250 0.18818040192127228 835
1615572520717 0.19967639446258545 836
1615572555520 0.1872955858707428 837
1615572590187 0.13371258974075317 838
1615572624552 0.18222665786743164 839
1615572663349 0.21969681978225708 840
1615572697502 0.15061575174331665 841
1615572732082 0.21722640097141266 842
1615572766171 0.2121676206588745 843
1615572800674 0.1723247766494751 844
1615572835186 0.1647905707359314 845
1615572869610 0.211877703666687 846
1615572903925 0.19665789604187012 847
1615572938472 0.16995403170585632 848
1615572972678 0.1484176516532898 849
1615573011427 0.19128400087356567 850
1615573045548 0.2109188735485077 851
1615573080245 0.19809561967849731 852
1615573114448 0.15520146489143372 853
1615573148761 0.1928033083677292 854
1615573183364 0.1859516054391861 855
1615573217966 0.22762160003185272 856
1615573252417 0.16320133209228516 857
1615573286937 0.1674581915140152 858
1615573321305 0.18660622835159302 859
1615573359688 0.25490254163742065 860
1615573393773 0.13841880857944489 861
1615573428010 0.19070810079574585 862
1615573462543 0.17105147242546082 863
1615573496844 0.17838320136070251 864
1615573530979 0.1818859875202179 865
1615573565167 0.1690739095211029 866
1615573599725 0.20972171425819397 867
1615573634283 0.1835639476776123 868
1615573668824 0.1726638674736023 869
1615573707604 0.2186093032360077 870
1615573742156 0.22204729914665222 871
1615573776186 0.15881496667861938 872
1615573810742 0.13066917657852173 873
1615573844838 0.13421660661697388 874
1615573879278 0.17493510246276855 875
1615573914098 0.22831398248672485 876
1615573948514 0.17346222698688507 877
1615573982692 0.13445931673049927 878
1615574017041 0.17864075303077698 879
1615574055352 0.1968071460723877 880
1615574089841 0.16527003049850464 881
1615574124120 0.1950054168701172 882
1615574158248 0.17469638586044312 883
1615574192373 0.11766098439693451 884
1615574226600 0.14516642689704895 885
1615574261067 0.19569039344787598 886
1615574295653 0.21696040034294128 887
1615574330076 0.21494707465171814 888
1615574364584 0.19967594742774963 889
1615574403049 0.18943382799625397 890
1615574437193 0.23463566601276398 891
1615574471714 0.15404631197452545 892
1615574506000 0.20686525106430054 893
1615574540467 0.18982963263988495 894
1615574574817 0.24083863198757172 895
1615574608829 0.1768043041229248 896
1615574642983 0.13794632256031036 897
1615574677063 0.19877643883228302 898
1615574711966 0.14211416244506836 899
1615574750829 0.20470252633094788 900
1615574784932 0.2324524223804474 901
1615574819327 0.2119569480419159 902
1615574853554 0.1850704848766327 903
1615574888075 0.23913346230983734 904
1615574922245 0.182718425989151 905
1615574956712 0.2076941430568695 906
1615574991380 0.17511968314647675 907
1615575026048 0.17756347358226776 908
1615575060268 0.1679975688457489 909
1615575098857 0.1836984008550644 910
1615575133470 0.17963102459907532 911
1615575167909 0.18812602758407593 912
1615575202751 0.18600931763648987 913
1615575237549 0.20373916625976562 914
1615575272247 0.14597579836845398 915
1615575306443 0.20128892362117767 916
1615575340621 0.16610050201416016 917
1615575375001 0.2209981381893158 918
1615575409440 0.1966170072555542 919
1615575447676 0.18247956037521362 920
1615575481950 0.18740729987621307 921
1615575516426 0.20385071635246277 922
1615575551140 0.2252834141254425 923
1615575585724 0.23204870522022247 924
1615575620315 0.20276233553886414 925
1615575654782 0.22471560537815094 926
1615575689198 0.20049291849136353 927
1615575723254 0.18228363990783691 928
1615575757775 0.19730287790298462 929
1615575796000 0.16010823845863342 930
1615575830780 0.17660465836524963 931
1615575865100 0.20743387937545776 932
1615575899413 0.2101491540670395 933
1615575933983 0.14222489297389984 934
1615575968201 0.1929536759853363 935
1615576002380 0.15187379717826843 936
1615576036819 0.1331382691860199 937
1615576071241 0.1870454102754593 938
1615576105998 0.19897279143333435 939
1615576144531 0.16958428919315338 940
1615576179241 0.16111315786838531 941
1615576213877 0.21110416948795319 942
1615576248422 0.19814495742321014 943
1615576283013 0.17701151967048645 944
1615576317127 0.20513880252838135 945
1615576351305 0.2428145706653595 946
1615576386101 0.16497807204723358 947
1615576420650 0.23462404310703278 948
1615576454998 0.22122544050216675 949
1615576493948 0.18718546628952026 950
1615576528491 0.18595972657203674 951
1615576562691 0.2068139910697937 952
1615576597144 0.22524109482765198 953
1615576631478 0.23872706294059753 954
1615576665996 0.1576632857322693 955
1615576700288 0.23144957423210144 956
1615576734933 0.1815778762102127 957
1615576769226 0.23799970746040344 958
1615576803677 0.16683152318000793 959
1615576842338 0.11761429905891418 960
1615576877042 0.20650851726531982 961
1615576911600 0.26104938983917236 962
1615576945661 0.2046208679676056 963
1615576979871 0.2284887433052063 964
1615577014285 0.2209947109222412 965
1615577048810 0.1721254587173462 966
1615577083472 0.19739222526550293 967
1615577118329 0.19158467650413513 968
1615577152660 0.1916481852531433 969
1615577190889 0.15347479283809662 970
1615577225488 0.19853350520133972 971
1615577259954 0.20626512169837952 972
1615577294237 0.19301435351371765 973
1615577328300 0.19770434498786926 974
1615577362908 0.22676071524620056 975
1615577397548 0.21172326803207397 976
1615577431707 0.20671911537647247 977
1615577466112 0.15512298047542572 978
1615577500608 0.19584251940250397 979
1615577539307 0.2059016078710556 980
1615577573813 0.17862677574157715 981
1615577608470 0.16822394728660583 982
1615577642711 0.17879876494407654 983
1615577677441 0.20301799476146698 984
1615577712219 0.21147724986076355 985
1615577746818 0.19505436718463898 986
1615577781382 0.214545339345932 987
1615577815498 0.20338886976242065 988
1615577849979 0.26176223158836365 989
1615577889084 0.18789489567279816 990
1615577923201 0.2217416614294052 991
1615577957713 0.20892924070358276 992
1615577992242 0.24713808298110962 993
1615578026402 0.19173453748226166 994
1615578060459 0.2105555683374405 995
1615578094952 0.20322152972221375 996
1615578129091 0.2153138518333435 997
1615578163491 0.1930796056985855 998
1615578197964 0.24341359734535217 999
1615578236047 0.19312113523483276 1000
1615578270526 0.18215051293373108 1001
1615578304736 0.21594828367233276 1002
1615578339220 0.18256226181983948 1003
1615578373521 0.15344901382923126 1004
1615578407800 0.2109718769788742 1005
1615578442356 0.20131033658981323 1006
1615578476601 0.21301239728927612 1007
1615578511273 0.18506330251693726 1008
1615578545497 0.1836129128932953 1009
1615578584153 0.21119382977485657 1010
1615578618715 0.19276562333106995 1011
1615578653217 0.20906555652618408 1012
1615578687408 0.1857360601425171 1013
1615578721391 0.20664837956428528 1014
1615578755934 0.21138104796409607 1015
1615578790177 0.1621006429195404 1016
1615578824296 0.1920924037694931 1017
1615578858739 0.18312010169029236 1018
1615578892807 0.19941648840904236 1019
1615578931726 0.21339838206768036 1020
1615578965968 0.1869448870420456 1021
1615579000511 0.14378637075424194 1022
1615579035090 0.20439189672470093 1023
1615579069569 0.2300741821527481 1024
1615579103909 0.23998993635177612 1025
1615579138471 0.20675048232078552 1026
1615579172741 0.2137509286403656 1027
1615579207023 0.19800670444965363 1028
1615579241457 0.2325281798839569 1029
1615579280033 0.17315873503684998 1030
1615579314113 0.18624334037303925 1031
1615579348266 0.22470228374004364 1032
1615579382771 0.19198206067085266 1033
1615579417609 0.2158655822277069 1034
1615579451918 0.21134817600250244 1035
1615579486297 0.20379950106143951 1036
1615579520820 0.2545982003211975 1037
1615579555070 0.2171614021062851 1038
1615579589302 0.17159771919250488 1039
1615579628130 0.23857295513153076 1040
1615579662647 0.19518455862998962 1041
1615579697156 0.2500789761543274 1042
1615579731617 0.2523254454135895 1043
1615579766169 0.15989917516708374 1044
1615579800769 0.2350793182849884 1045
1615579835272 0.14880973100662231 1046
1615579869785 0.17799252271652222 1047
1615579904086 0.19766634702682495 1048
1615579938257 0.19398008286952972 1049
1615579976853 0.2108694314956665 1050
1615580010998 0.237920880317688 1051
1615580045627 0.21016883850097656 1052
1615580080093 0.19650855660438538 1053
1615580114623 0.1918649673461914 1054
1615580149224 0.16996857523918152 1055
1615580183737 0.22050081193447113 1056
1615580218415 0.2273041009902954 1057
1615580252789 0.17431685328483582 1058
1615580287590 0.16413091123104095 1059
1615580326672 0.19001924991607666 1060
1615580361243 0.2019360512495041 1061
1615580395839 0.17029942572116852 1062
1615580429952 0.1583634316921234 1063
1615580463932 0.1777777373790741 1064
1615580498580 0.16951528191566467 1065
1615580532962 0.22660547494888306 1066
1615580567201 0.15310537815093994 1067
1615580601655 0.1828676015138626 1068
1615580635744 0.23325619101524353 1069
1615580674202 0.17784741520881653 1070
1615580708775 0.24980966746807098 1071
1615580743153 0.16304655373096466 1072
1615580777343 0.155393585562706 1073
1615580811944 0.19797703623771667 1074
1615580846577 0.21886688470840454 1075
1615580881267 0.20955732464790344 1076
1615580915948 0.23819486796855927 1077
1615580950429 0.19011828303337097 1078
1615580984567 0.18456323444843292 1079
1615581023155 0.20169824361801147 1080
1615581057709 0.2155384123325348 1081
1615581092591 0.19554013013839722 1082
1615581126807 0.17112679779529572 1083
1615581161156 0.14993861317634583 1084
1615581195343 0.19131886959075928 1085
1615581229844 0.21717806160449982 1086
1615581264387 0.20882487297058105 1087
1615581299170 0.19761332869529724 1088
1615581333826 0.15702730417251587 1089
1615581372346 0.20094752311706543 1090
1615581407138 0.19019660353660583 1091
1615581441614 0.1983950138092041 1092
1615581475841 0.16721302270889282 1093
1615581510445 0.1791178286075592 1094
1615581544638 0.2004556804895401 1095
1615581579435 0.22186054289340973 1096
1615581613670 0.15394462645053864 1097
1615581648000 0.20216849446296692 1098
1615581682337 0.22683808207511902 1099
1615581720989 0.2046227604150772 1100
1615581755207 0.21103143692016602 1101
1615581789516 0.21153172850608826 1102
1615581824020 0.20081719756126404 1103
1615581858217 0.2311161756515503 1104
1615581892692 0.16647261381149292 1105
1615581927571 0.22686950862407684 1106
1615581961803 0.17616485059261322 1107
1615581996296 0.1885007917881012 1108
1615582030371 0.2379707396030426 1109
1615582069240 0.2583329379558563 1110
1615582103244 0.1728975921869278 1111
1615582137756 0.14927399158477783 1112
1615582172296 0.16550499200820923 1113
1615582206560 0.21445123851299286 1114
1615582241275 0.1788216531276703 1115
1615582275423 0.288303017616272 1116
1615582309641 0.20285798609256744 1117
1615582344114 0.22274838387966156 1118
1615582378497 0.15934138000011444 1119
1615582416641 0.2170233428478241 1120
1615582451136 0.19044038653373718 1121
1615582486246 0.19402770698070526 1122
1615582520774 0.24030229449272156 1123
1615582555158 0.2148807942867279 1124
1615582589241 0.212240070104599 1125
1615582623407 0.20969131588935852 1126
1615582657865 0.220506489276886 1127
1615582692442 0.18195310235023499 1128
1615582726692 0.22207750380039215 1129
1615582765639 0.23110534250736237 1130
1615582800168 0.18972328305244446 1131
1615582834672 0.2238820195198059 1132
1615582869016 0.2204647958278656 1133
1615582903335 0.2019200325012207 1134
1615582937741 0.21098090708255768 1135
1615582972728 0.2265779972076416 1136
1615583007542 0.17081999778747559 1137
1615583042452 0.21392783522605896 1138
1615583077738 0.18236160278320312 1139
1615583116465 0.19998550415039062 1140
1615583151340 0.13443094491958618 1141
1615583186230 0.17056846618652344 1142
1615583220806 0.2201044261455536 1143
1615583255249 0.16847774386405945 1144
1615583289697 0.2073599398136139 1145
1615583324090 0.1298331618309021 1146
1615583358593 0.21823403239250183 1147
1615583392706 0.24844585359096527 1148
1615583427215 0.19532707333564758 1149
1615583465975 0.18863403797149658 1150
1615583500238 0.19666457176208496 1151
1615583534891 0.20961923897266388 1152
1615583569573 0.25156038999557495 1153
1615583603713 0.16416090726852417 1154
1615583637898 0.20687811076641083 1155
1615583672575 0.19938984513282776 1156
1615583707987 0.19026735424995422 1157
1615583744603 0.17165178060531616 1158
1615583779822 0.1618421971797943 1159
1615583818869 0.17445208132266998 1160
1615583853407 0.1951444298028946 1161
1615583887978 0.21163037419319153 1162
1615583922579 0.19104184210300446 1163
1615583956957 0.19314083456993103 1164
1615583991086 0.12268313020467758 1165
1615584025540 0.2205965518951416 1166
1615584059589 0.18639928102493286 1167
1615584093886 0.12364372611045837 1168
1615584128281 0.1640741229057312 1169
1615584167057 0.19964641332626343 1170
1615584201626 0.2327844798564911 1171
1615584235916 0.20739269256591797 1172
1615584270423 0.1773371696472168 1173
1615584305040 0.2090558111667633 1174
1615584339684 0.18293370306491852 1175
1615584374086 0.21436616778373718 1176
1615584408720 0.20195943117141724 1177
1615584443018 0.23112300038337708 1178
1615584477481 0.20099228620529175 1179
1615584515837 0.2388695776462555 1180
1615584549937 0.2057744562625885 1181
1615584584077 0.19447652995586395 1182
1615584618936 0.23025819659233093 1183
1615584653455 0.18795153498649597 1184
1615584687574 0.2039610594511032 1185
1615584722255 0.20978575944900513 1186
1615584756273 0.21496179699897766 1187
1615584790443 0.21079963445663452 1188
1615584824753 0.2347988337278366 1189
1615584864089 0.25240612030029297 1190
1615584898557 0.18730464577674866 1191
1615584933298 0.1874179095029831 1192
1615584967775 0.16727738082408905 1193
1615585002163 0.18719588220119476 1194
1615585036468 0.1662120521068573 1195
1615585070758 0.22675667703151703 1196
1615585105031 0.1407974660396576 1197
1615585139317 0.2087298482656479 1198
1615585173485 0.18758368492126465 1199
1615585211952 0.18817734718322754 1200
1615585236035 0.21962162852287292 0
1615585236049 0.21962162852287292 0
