1615543352744 0.30634167790412903 1
1615543387085 0.4041050374507904 2
1615543421230 0.5490153431892395 3
1615543455733 0.6483191847801208 4
1615543490371 0.6413117051124573 5
1615543524715 0.6825723052024841 6
1615543559519 0.6759488582611084 7
1615543594148 0.6920607089996338 8
1615543628583 0.7077574729919434 9
1615543666814 0.7140283584594727 10
1615543701052 0.7291455268859863 11
1615543735151 0.715426504611969 12
1615543769685 0.6965854167938232 13
1615543805279 0.7337018251419067 14
1615543839655 0.7370955944061279 15
1615543873872 0.7275856733322144 16
1615543907948 0.7572697997093201 17
1615543942422 0.7681757807731628 18
1615543976495 0.7352412939071655 19
1615544015082 0.7652437686920166 20
1615544049430 0.7647409439086914 21
1615544083904 0.7782844305038452 22
1615544118272 0.7933104038238525 23
1615544152672 0.7850703597068787 24
1615544187254 0.768067479133606 25
1615544222737 0.7878431081771851 26
1615544258407 0.771693229675293 27
1615544293263 0.7829494476318359 28
1615544328170 0.7725385427474976 29
1615544366969 0.7770023941993713 30
1615544401523 0.7842042446136475 31
1615544436185 0.7734495401382446 32
1615544471451 0.8048853278160095 33
1615544505996 0.7832277417182922 34
1615544540524 0.8019202947616577 35
1615544574807 0.8111337423324585 36
1615544608953 0.8072220087051392 37
1615544643173 0.811920702457428 38
1615544677596 0.8022122979164124 39
1615544716241 0.7975989580154419 40
1615544750590 0.8014293909072876 41
1615544785429 0.7692697048187256 42
1615544820965 0.7954437136650085 43
1615544856624 0.7928718328475952 44
1615544891947 0.8024720549583435 45
1615544926531 0.7907756567001343 46
1615544960522 0.810987114906311 47
1615544994590 0.8425811529159546 48
1615545029094 0.8186469674110413 49
1615545067487 0.8016422390937805 50
1615545101614 0.80021071434021 51
1615545136205 0.7538438439369202 52
1615545170793 0.7800387144088745 53
1615545205629 0.8088729381561279 54
1615545240636 0.7890849709510803 55
1615545276471 0.775395393371582 56
1615545311388 0.7874581813812256 57
1615545346718 0.7890517115592957 58
1615545381257 0.8022001385688782 59
1615545419507 0.8256322145462036 60
1615545453612 0.794292688369751 61
1615545488096 0.7948768138885498 62
1615545522124 0.7990936040878296 63
1615545556194 0.7900519967079163 64
1615545590653 0.8057612180709839 65
1615545624797 0.8315497636795044 66
1615545658944 0.824008584022522 67
1615545693367 0.836026668548584 68
1615545727550 0.825210452079773 69
1615545766332 0.8063449859619141 70
1615545800541 0.8176612854003906 71
1615545835148 0.7865740060806274 72
1615545869849 0.7923530340194702 73
1615545904393 0.8061242699623108 74
1615545939169 0.825507402420044 75
1615545974059 0.8303864002227783 76
1615546008872 0.8318696618080139 77
1615546043903 0.8334493637084961 78
1615546078489 0.8222968578338623 79
1615546117928 0.8095667958259583 80
1615546152057 0.8168380260467529 81
1615546186185 0.8519155979156494 82
1615546220666 0.8199398517608643 83
1615546255270 0.8476811647415161 84
1615546289790 0.8230753540992737 85
1615546324205 0.8376867771148682 86
1615546358820 0.8444944620132446 87
1615546393274 0.84538733959198 88
1615546427581 0.8514266014099121 89
1615546467308 0.8282101154327393 90
1615546502934 0.8284388780593872 91
1615546539478 0.8327006101608276 92
1615546574002 0.8352272510528564 93
1615546608604 0.8417912721633911 94
1615546643875 0.8388673663139343 95
1615546678175 0.8127097487449646 96
1615546712685 0.8318384885787964 97
1615546747221 0.8153181076049805 98
1615546781401 0.8270382881164551 99
1615546819796 0.8156323432922363 100
1615546854237 0.8273835182189941 101
1615546888491 0.8292668461799622 102
1615546923322 0.8608630895614624 103
1615546959133 0.8489866256713867 104
1615546994000 0.8321818709373474 105
1615547028644 0.7979087829589844 106
1615547063183 0.8137746453285217 107
1615547097381 0.820803701877594 108
1615547132130 0.8436321020126343 109
1615547170633 0.8261775970458984 110
1615547205062 0.8486723899841309 111
1615547240012 0.8234083652496338 112
1615547274168 0.8399404883384705 113
1615547308323 0.8143084049224854 114
1615547342414 0.8384177684783936 115
1615547376878 0.8178315162658691 116
1615547411222 0.8447979092597961 117
1615547445370 0.7869963645935059 118
1615547479567 0.8426129221916199 119
1615547518339 0.8089243173599243 120
1615547552504 0.8478560447692871 121
1615547586831 0.8453725576400757 122
1615547622121 0.7982694506645203 123
1615547656884 0.8029991388320923 124
1615547691478 0.8320956826210022 125
1615547726875 0.8381098508834839 126
1615547761493 0.8485671877861023 127
1615547795695 0.83973228931427 128
1615547830140 0.8349735140800476 129
1615547868306 0.8520387411117554 130
1615547902847 0.836342453956604 131
1615547937234 0.8461308479309082 132
1615547972505 0.8496742248535156 133
1615548007275 0.8246908187866211 134
1615548042003 0.8578959703445435 135
1615548076421 0.8566487431526184 136
1615548111472 0.8385438323020935 137
1615548145926 0.8283295631408691 138
1615548180096 0.8301820755004883 139
1615548219000 0.8258829116821289 140
1615548252975 0.806510329246521 141
1615548287503 0.8341040015220642 142
1615548322048 0.8633161783218384 143
1615548356156 0.8483622074127197 144
1615548390676 0.867074191570282 145
1615548425228 0.8553072214126587 146
1615548459624 0.8276640772819519 147
1615548495601 0.8398845195770264 148
1615548531158 0.8527379035949707 149
1615548570501 0.8421012163162231 150
1615548605108 0.8417913913726807 151
1615548639656 0.8457733988761902 152
1615548674244 0.8741710186004639 153
1615548708618 0.8881511688232422 154
1615548743121 0.8483846187591553 155
1615548777096 0.8711849451065063 156
1615548811494 0.8750478625297546 157
1615548845804 0.8502646684646606 158
1615548880176 0.8671724796295166 159
1615548919070 0.8694806098937988 160
1615548953732 0.8151915073394775 161
1615548988451 0.8171271085739136 162
1615549022674 0.8348857164382935 163
1615549057211 0.8549118638038635 164
1615549091843 0.8369607925415039 165
1615549126522 0.8255071640014648 166
1615549161276 0.860935389995575 167
1615549195601 0.8518593311309814 168
1615549229828 0.8840393424034119 169
1615549267770 0.861179530620575 170
1615549302318 0.8376765847206116 171
1615549337031 0.8572041988372803 172
1615549371693 0.847434937953949 173
1615549406266 0.8411006927490234 174
1615549440524 0.855149507522583 175
1615549474581 0.8506413698196411 176
1615549508881 0.8222417831420898 177
1615549543329 0.8612375259399414 178
1615549577414 0.8321080207824707 179
1615549615785 0.8749325275421143 180
1615549650284 0.8585767149925232 181
1615549684504 0.8381800055503845 182
1615549718819 0.8244134187698364 183
1615549753232 0.8612679243087769 184
1615549787554 0.8481749296188354 185
1615549821912 0.8704638481140137 186
1615549856654 0.8361234664916992 187
1615549891445 0.8230088353157043 188
1615549926071 0.8586620092391968 189
1615549964246 0.850327730178833 190
1615549998804 0.8616468906402588 191
1615550033214 0.830764889717102 192
1615550067769 0.8399542570114136 193
1615550102130 0.8260776996612549 194
1615550136644 0.8531063795089722 195
1615550170896 0.8362871408462524 196
1615550205500 0.8524444103240967 197
1615550239881 0.855670690536499 198
1615550274642 0.8492946624755859 199
1615550313354 0.8464345335960388 200
1615550348317 0.8418147563934326 201
1615550383122 0.8336601257324219 202
1615550418066 0.8455660343170166 203
1615550452615 0.8719688653945923 204
1615550486732 0.8608077764511108 205
1615550521347 0.8680269122123718 206
1615550555782 0.8762463331222534 207
1615550590176 0.8660362362861633 208
1615550624838 0.8657746911048889 209
1615550663386 0.8243578672409058 210
1615550697689 0.8761094212532043 211
1615550731751 0.859846830368042 212
1615550766218 0.822591245174408 213
1615550800554 0.8528885841369629 214
1615550835286 0.8478461503982544 215
1615550870585 0.8244185447692871 216
1615550905229 0.8611634373664856 217
1615550939739 0.8564221858978271 218
1615550974433 0.8563150763511658 219
1615551012719 0.8483186960220337 220
1615551046899 0.8609927892684937 221
1615551081092 0.8518898487091064 222
1615551115769 0.86634361743927 223
1615551150557 0.8696314096450806 224
1615551185776 0.8499377965927124 225
1615551220420 0.8524997234344482 226
1615551255212 0.8360685110092163 227
1615551289720 0.8469248414039612 228
1615551324318 0.8803895711898804 229
1615551364232 0.8749542236328125 230
1615551398634 0.8838053941726685 231
1615551432892 0.8669529557228088 232
1615551467318 0.839853823184967 233
1615551501469 0.8793371915817261 234
1615551535887 0.8610490560531616 235
1615551571184 0.8542313575744629 236
1615551607227 0.8579524755477905 237
1615551642004 0.8427889943122864 238
1615551676854 0.8891781568527222 239
1615551715942 0.8664171695709229 240
1615551750529 0.8611758947372437 241
1615551785691 0.8668215274810791 242
1615551819686 0.8718761205673218 243
1615551853924 0.8776308298110962 244
1615551888058 0.8674302697181702 245
1615551922244 0.856603741645813 246
1615551956413 0.8411561250686646 247
1615551990825 0.8714268207550049 248
1615552025107 0.8586167097091675 249
1615552064436 0.8620452880859375 250
1615552099312 0.8785223960876465 251
1615552134165 0.8382643461227417 252
1615552168866 0.8357704281806946 253
1615552204011 0.8490708470344543 254
1615552238783 0.8691823482513428 255
1615552273348 0.845520555973053 256
1615552307697 0.8919106721878052 257
1615552342142 0.8782074451446533 258
1615552376239 0.8483108878135681 259
1615552415356 0.8497651219367981 260
1615552449497 0.8838866949081421 261
1615552484569 0.884389340877533 262
1615552519414 0.8647658824920654 263
1615552554216 0.8546258807182312 264
1615552588990 0.8687542676925659 265
1615552623612 0.8433399796485901 266
1615552658938 0.8675588965415955 267
1615552693200 0.8634712100028992 268
1615552727748 0.8797178268432617 269
1615552766824 0.8787034153938293 270
1615552801060 0.8825175762176514 271
1615552835074 0.870394229888916 272
1615552869217 0.8464236259460449 273
1615552903405 0.8623149394989014 274
1615552937858 0.8601468801498413 275
1615552973305 0.8330789804458618 276
1615553008718 0.8944274187088013 277
1615553043442 0.840919017791748 278
1615553078325 0.8784679174423218 279
1615553116797 0.8819551467895508 280
1615553151451 0.8747005462646484 281
1615553186124 0.8818414211273193 282
1615553220186 0.867367148399353 283
1615553254188 0.8673818707466125 284
1615553288644 0.8272757530212402 285
1615553323428 0.8625653982162476 286
1615553358099 0.8509840965270996 287
1615553392703 0.8522360324859619 288
1615553427317 0.8774999976158142 289
1615553466555 0.8593407869338989 290
1615553500721 0.8852546215057373 291
1615553535152 0.8679322004318237 292
1615553569153 0.8738702535629272 293
1615553604137 0.8594653010368347 294
1615553638410 0.8476009368896484 295
1615553672507 0.8566518425941467 296
1615553707113 0.8764069676399231 297
1615553741275 0.8618578314781189 298
1615553775405 0.8957934379577637 299
1615553813785 0.8668235540390015 300
1615553848357 0.8440793752670288 301
1615553882618 0.8724215030670166 302
1615553917306 0.8965439796447754 303
1615553951505 0.8822876214981079 304
1615553985807 0.8623455762863159 305
1615554020449 0.8538750410079956 306
1615554056408 0.8821706175804138 307
1615554091207 0.9201170206069946 308
1615554125928 0.9071284532546997 309
1615554164307 0.8273259997367859 310
1615554198852 0.8359154462814331 311
1615554234012 0.8469078540802002 312
1615554268315 0.8530824184417725 313
1615554302269 0.8903927803039551 314
1615554336775 0.8611091375350952 315
1615554370875 0.8760388493537903 316
1615554405527 0.8875893354415894 317
1615554439936 0.8636037707328796 318
1615554474006 0.8638731241226196 319
1615554512636 0.869472861289978 320
1615554547265 0.8595411777496338 321
1615554581320 0.8591536283493042 322
1615554615503 0.8391579389572144 323
1615554650361 0.8832763433456421 324
1615554685347 0.8439804315567017 325
1615554719805 0.8717519640922546 326
1615554754374 0.8795043230056763 327
1615554788814 0.8888974189758301 328
1615554822877 0.8848817944526672 329
1615554861551 0.845264732837677 330
1615554895748 0.8590474128723145 331
1615554930123 0.8688098788261414 332
1615554964664 0.8955460786819458 333
1615554999131 0.8644938468933105 334
1615555033611 0.8683885931968689 335
1615555067992 0.8538292050361633 336
1615555102343 0.888219952583313 337
1615555136427 0.8498189449310303 338
1615555170510 0.8884370923042297 339
1615555209413 0.885077953338623 340
1615555243783 0.8675345182418823 341
1615555278078 0.8795806169509888 342
1615555312739 0.8606996536254883 343
1615555347410 0.876420795917511 344
1615555381828 0.8423863649368286 345
1615555416016 0.8365803956985474 346
1615555450614 0.8313708305358887 347
1615555484887 0.8662858605384827 348
1615555519075 0.8878534436225891 349
1615555557495 0.890221893787384 350
1615555591800 0.8826077580451965 351
1615555625833 0.8832283020019531 352
1615555660487 0.8829975128173828 353
1615555694991 0.8981012105941772 354
1615555729423 0.87200927734375 355
1615555763983 0.8632785677909851 356
1615555798527 0.8940863609313965 357
1615555832741 0.8918389081954956 358
1615555867217 0.8587472438812256 359
1615555905750 0.8675844073295593 360
1615555940215 0.8893415927886963 361
1615555974716 0.9036417007446289 362
1615556009226 0.8839335441589355 363
1615556043657 0.8609312772750854 364
1615556078100 0.8866368532180786 365
1615556112780 0.8658120632171631 366
1615556147269 0.8786298036575317 367
1615556182980 0.895717442035675 368
1615556217207 0.867688775062561 369
1615556255938 0.8603796362876892 370
1615556290592 0.8994956016540527 371
1615556324891 0.8923559188842773 372
1615556359308 0.8669518232345581 373
1615556393843 0.8792972564697266 374
1615556428042 0.8746981620788574 375
1615556462479 0.8596494793891907 376
1615556497081 0.8287465572357178 377
1615556531701 0.8444781303405762 378
1615556565854 0.8719727396965027 379
1615556603971 0.8689781427383423 380
1615556638593 0.878287672996521 381
1615556673111 0.8829431533813477 382
1615556708074 0.85605788230896 383
1615556742578 0.8883746862411499 384
1615556777099 0.89559006690979 385
1615556812000 0.8767299056053162 386
1615556846858 0.8544744253158569 387
1615556881365 0.8749362230300903 388
1615556915906 0.8866607546806335 389
1615556955290 0.8673242330551147 390
1615556989804 0.8649760484695435 391
1615557023936 0.8587062954902649 392
1615557058417 0.8798277378082275 393
1615557092727 0.855758547782898 394
1615557127217 0.9170472025871277 395
1615557161224 0.8583226203918457 396
1615557195799 0.8967857956886292 397
1615557230223 0.8974300622940063 398
1615557264411 0.8791442513465881 399
1615557302857 0.8865036368370056 400
1615557337066 0.8782423138618469 401
1615557371443 0.8790433406829834 402
1615557405935 0.8501172661781311 403
1615557440398 0.8985249996185303 404
1615557474914 0.8806701898574829 405
1615557510282 0.8802452683448792 406
1615557545338 0.8377289772033691 407
1615557579347 0.8942892551422119 408
1615557614047 0.871065080165863 409
1615557653252 0.8770549297332764 410
1615557687435 0.8817851543426514 411
1615557721882 0.8931148052215576 412
1615557756413 0.8926936388015747 413
1615557790852 0.8755961060523987 414
1615557824849 0.8566052913665771 415
1615557858948 0.8746445178985596 416
1615557893067 0.8706705570220947 417
1615557927466 0.8779303431510925 418
1615557962062 0.8745707273483276 419
1615558001728 0.8772934675216675 420
1615558036503 0.8722438812255859 421
1615558071168 0.8805088996887207 422
1615558105455 0.8625872135162354 423
1615558139827 0.8694349527359009 424
1615558174566 0.8940252065658569 425
1615558209174 0.8727178573608398 426
1615558243693 0.9039262533187866 427
1615558278270 0.87600177526474 428
1615558312400 0.8513470888137817 429
1615558350457 0.8601464033126831 430
1615558384505 0.8826771974563599 431
1615558418551 0.861624002456665 432
1615558453030 0.8562372326850891 433
1615558487156 0.899206280708313 434
1615558521333 0.8422284722328186 435
1615558555511 0.8837620615959167 436
1615558590070 0.8837840557098389 437
1615558624170 0.8768483996391296 438
1615558658863 0.8530334234237671 439
1615558697364 0.9051342010498047 440
1615558731546 0.8850178718566895 441
1615558765961 0.8696984052658081 442
1615558800547 0.8846246004104614 443
1615558835336 0.9021351337432861 444
1615558869932 0.8685795664787292 445
1615558904124 0.8757728934288025 446
1615558938423 0.8540350198745728 447
1615558972647 0.8808703422546387 448
1615559007837 0.8910239934921265 449
1615559046510 0.8943132758140564 450
1615559080515 0.876502275466919 451
1615559114966 0.8787667155265808 452
1615559149452 0.8858528137207031 453
1615559183869 0.8661110401153564 454
1615559218484 0.8972164392471313 455
1615559252524 0.8715922832489014 456
1615559287038 0.8589984178543091 457
1615559321588 0.8501414060592651 458
1615559356113 0.8833189606666565 459
1615559394652 0.8970085382461548 460
1615559429157 0.8932574987411499 461
1615559463963 0.902016282081604 462
1615559498737 0.8884677886962891 463
1615559533485 0.8783846497535706 464
1615559568123 0.8792517185211182 465
1615559602228 0.8768312931060791 466
1615559636998 0.8608716726303101 467
1615559671156 0.8704040050506592 468
1615559705319 0.8901664018630981 469
1615559743627 0.8681097030639648 470
1615559778189 0.8598464727401733 471
1615559812503 0.8726036548614502 472
1615559847149 0.865227460861206 473
1615559881255 0.8692324757575989 474
1615559915765 0.9020289182662964 475
1615559949929 0.8792592287063599 476
1615559984589 0.8769851922988892 477
1615560018816 0.8873238563537598 478
1615560053329 0.9031188488006592 479
1615560092267 0.9065412878990173 480
1615560126706 0.8823002576828003 481
1615560161220 0.8912084102630615 482
1615560195770 0.8765906691551208 483
1615560229892 0.8895286321640015 484
1615560264371 0.8850976228713989 485
1615560299149 0.8657609224319458 486
1615560334180 0.8803437352180481 487
1615560368555 0.8804041147232056 488
1615560402550 0.8908559083938599 489
1615560441043 0.9084133505821228 490
1615560475339 0.8827073574066162 491
1615560509483 0.8539457321166992 492
1615560543558 0.9143389463424683 493
1615560578258 0.8549507856369019 494
1615560612673 0.8815898299217224 495
1615560647058 0.8604528307914734 496
1615560681201 0.8997533321380615 497
1615560715751 0.8724892139434814 498
1615560750040 0.8905922770500183 499
1615560789014 0.8685619831085205 500
1615560823694 0.8616735339164734 501
1615560858471 0.8976436853408813 502
1615560892992 0.8992156386375427 503
1615560927612 0.9028064608573914 504
1615560962084 0.8851165771484375 505
1615560996705 0.9013804793357849 506
1615561030972 0.8697937726974487 507
1615561065510 0.8783949613571167 508
1615561100125 0.8896004557609558 509
1615561139239 0.8873914480209351 510
1615561173795 0.9191187620162964 511
1615561208315 0.8868170380592346 512
1615561242489 0.8951243162155151 513
1615561276995 0.9021248817443848 514
1615561311345 0.8823497295379639 515
1615561345802 0.8973737955093384 516
1615561380427 0.9111034870147705 517
1615561414871 0.8881504535675049 518
1615561449415 0.8763129711151123 519
1615561487994 0.8633648157119751 520
1615561522761 0.8584516048431396 521
1615561557050 0.884546160697937 522
1615561591373 0.898955225944519 523
1615561626185 0.8890580534934998 524
1615561660485 0.8804583549499512 525
1615561694766 0.9202439785003662 526
1615561729157 0.8910961151123047 527
1615561763788 0.8853713274002075 528
1615561797981 0.9086618423461914 529
1615561836576 0.8846878409385681 530
1615561871195 0.8763174414634705 531
1615561905334 0.8719319701194763 532
1615561939874 0.8782186508178711 533
1615561974129 0.8901143074035645 534
1615562008514 0.8763324022293091 535
1615562042735 0.915759801864624 536
1615562077337 0.8666137456893921 537
1615562111680 0.8869136571884155 538
1615562146067 0.8889050483703613 539
1615562184691 0.9081220626831055 540
1615562219294 0.881227433681488 541
1615562253960 0.8661313056945801 542
1615562288811 0.8851015567779541 543
1615562323850 0.8967276811599731 544
1615562359061 0.906116247177124 545
1615562393637 0.8921849727630615 546
1615562427886 0.9201496839523315 547
1615562462511 0.873324990272522 548
1615562497109 0.8705030679702759 549
1615562535954 0.894287109375 550
1615562570348 0.893604040145874 551
1615562604990 0.8885859847068787 552
1615562639484 0.8944263458251953 553
1615562673600 0.8509278297424316 554
1615562708184 0.8759504556655884 555
1615562743087 0.9018136262893677 556
1615562777848 0.8823327422142029 557
1615562812706 0.8792920112609863 558
1615562847532 0.8754358291625977 559
1615562886925 0.9024918079376221 560
1615562921242 0.8714441061019897 561
1615562955432 0.8694137334823608 562
1615562989833 0.8831848502159119 563
1615563024540 0.9236188530921936 564
1615563058788 0.8686610460281372 565
1615563093051 0.9001100659370422 566
1615563127173 0.8905420303344727 567
1615563161749 0.9098827838897705 568
1615563195872 0.8916943669319153 569
1615563234640 0.8843562602996826 570
1615563269321 0.8652797937393188 571
1615563303601 0.8820403218269348 572
1615563338081 0.88416588306427 573
1615563372739 0.9035722017288208 574
1615563407366 0.8659778833389282 575
1615563442203 0.8847357034683228 576
1615563476984 0.9078471660614014 577
1615563511698 0.9063704013824463 578
1615563546330 0.8845394253730774 579
1615563584939 0.8989972472190857 580
1615563619478 0.9234491586685181 581
1615563654124 0.8708680272102356 582
1615563688340 0.8821230530738831 583
1615563722880 0.8955905437469482 584
1615563757280 0.8919259309768677 585
1615563791759 0.8773547410964966 586
1615563826298 0.9111056327819824 587
1615563861311 0.8874707221984863 588
1615563896011 0.8835049867630005 589
1615563935146 0.9069486856460571 590
1615563969419 0.8930453062057495 591
1615564003672 0.8793349266052246 592
1615564038194 0.8730107545852661 593
1615564072754 0.8884550333023071 594
1615564107488 0.8970711827278137 595
1615564142197 0.8945199251174927 596
1615564176621 0.9025436639785767 597
1615564211093 0.8848228454589844 598
1615564245511 0.8901915550231934 599
1615564284069 0.8643906116485596 600
1615564318748 0.9126796722412109 601
1615564353341 0.8852818012237549 602
1615564387583 0.8678117990493774 603
1615564422543 0.8754962086677551 604
1615564457109 0.8900076150894165 605
1615564492320 0.8840818405151367 606
1615564527637 0.886579155921936 607
1615564562276 0.8945484161376953 608
1615564597508 0.880361020565033 609
1615564636417 0.9009779691696167 610
1615564671148 0.8586168885231018 611
1615564705641 0.8846077919006348 612
1615564740452 0.8894370794296265 613
1615564774713 0.8965782523155212 614
1615564808756 0.8842692375183105 615
1615564843297 0.9017513990402222 616
1615564878006 0.8773497343063354 617
1615564912268 0.9098724126815796 618
1615564946460 0.8867127895355225 619
1615564984978 0.8837294578552246 620
1615565019052 0.8960464000701904 621
1615565053699 0.871585488319397 622
1615565088055 0.871747612953186 623
1615565122229 0.8998059034347534 624
1615565156430 0.9138071537017822 625
1615565190795 0.9030600786209106 626
1615565224968 0.8980816602706909 627
1615565259423 0.887269139289856 628
1615565293750 0.8745746612548828 629
1615565331999 0.8836601972579956 630
1615565366332 0.9123663902282715 631
1615565400645 0.86611407995224 632
1615565435231 0.9043845534324646 633
1615565469546 0.8904225826263428 634
1615565503960 0.8641552925109863 635
1615565538793 0.8789455890655518 636
1615565573166 0.909623384475708 637
1615565607529 0.8869888782501221 638
1615565641966 0.9022374153137207 639
1615565680893 0.9003029465675354 640
1615565715209 0.8986452221870422 641
1615565749361 0.8859943151473999 642
1615565783377 0.8912718296051025 643
1615565818238 0.8985364437103271 644
1615565852553 0.902165412902832 645
1615565887112 0.9035596251487732 646
1615565921214 0.8905549645423889 647
1615565955659 0.8831756711006165 648
1615565989811 0.8963809013366699 649
1615566028475 0.9210481643676758 650
1615566062939 0.8807530999183655 651
1615566097528 0.8924874663352966 652
1615566132138 0.8923381567001343 653
1615566166719 0.9109426736831665 654
1615566201318 0.8911724090576172 655
1615566236300 0.8940560221672058 656
1615566271471 0.8936837911605835 657
1615566306441 0.8767737150192261 658
1615566341230 0.8843381404876709 659
1615566380129 0.8892285823822021 660
1615566414624 0.9084987044334412 661
1615566449624 0.8804541826248169 662
1615566484417 0.8703123331069946 663
1615566518927 0.8959887027740479 664
1615566553460 0.903337836265564 665
1615566587636 0.8916525840759277 666
1615566621724 0.9018539786338806 667
1615566656269 0.8835526704788208 668
1615566690557 0.8732142448425293 669
1615566729858 0.8946834802627563 670
1615566764463 0.8943548202514648 671
1615566798769 0.8650753498077393 672
1615566833413 0.8633413314819336 673
1615566867689 0.8866580724716187 674
1615566902482 0.8700464367866516 675
1615566937029 0.8983626365661621 676
1615566971808 0.8857563734054565 677
1615567007139 0.8995580673217773 678
1615567042009 0.8884508013725281 679
1615567080712 0.8933488130569458 680
1615567115687 0.8880257606506348 681
1615567149904 0.9042686820030212 682
1615567184446 0.9082034826278687 683
1615567218794 0.8899052739143372 684
1615567253236 0.8920913934707642 685
1615567287373 0.8905855417251587 686
1615567321605 0.922288715839386 687
1615567355996 0.8785697221755981 688
1615567390312 0.8610635995864868 689
1615567428883 0.8980858325958252 690
1615567463357 0.8957231044769287 691
1615567498013 0.9226755499839783 692
1615567532526 0.9040697813034058 693
1615567567083 0.8919171094894409 694
1615567601874 0.8858633637428284 695
1615567636862 0.897581934928894 696
1615567672058 0.9063955545425415 697
1615567707494 0.8966346979141235 698
1615567742211 0.9134838581085205 699
1615567781140 0.9084352254867554 700
1615567815717 0.8879990577697754 701
1615567850189 0.8924160003662109 702
1615567885544 0.9183923006057739 703
1615567919758 0.8990451097488403 704
1615567953893 0.8780393600463867 705
1615567988370 0.8910106420516968 706
1615568022709 0.893567681312561 707
1615568056713 0.9025591611862183 708
1615568090828 0.8819338083267212 709
1615568129517 0.9057629108428955 710
1615568163902 0.9059053659439087 711
1615568198393 0.8934084177017212 712
1615568232574 0.9039289951324463 713
1615568266926 0.9088318347930908 714
1615568301643 0.8929420709609985 715
1615568335954 0.8746444582939148 716
1615568370238 0.9172144532203674 717
1615568404726 0.9144626259803772 718
1615568439960 0.8937908411026001 719
1615568479333 0.9080294370651245 720
1615568514123 0.8846306800842285 721
1615568548723 0.8749164342880249 722
1615568583457 0.8857778906822205 723
1615568617879 0.903589129447937 724
1615568652570 0.8788590431213379 725
1615568686875 0.9138765335083008 726
1615568721502 0.9324548840522766 727
1615568756349 0.891170084476471 728
1615568790679 0.9256207942962646 729
1615568829478 0.920619785785675 730
1615568863992 0.9038810729980469 731
1615568898372 0.9060092568397522 732
1615568932843 0.9151816964149475 733
1615568967506 0.8860224485397339 734
1615569001557 0.8963866233825684 735
1615569036011 0.9071255922317505 736
1615569070511 0.9115517139434814 737
1615569105108 0.904407799243927 738
1615569139408 0.9014233946800232 739
1615569177984 0.8785668611526489 740
1615569212363 0.8687686324119568 741
1615569246977 0.8960412740707397 742
1615569281291 0.9079195261001587 743
1615569315890 0.9306818246841431 744
1615569350401 0.8843647241592407 745
1615569384911 0.9017176628112793 746
1615569422563 0.8835549354553223 747
1615569456660 0.8855507373809814 748
1615569490981 0.8950448036193848 749
1615569529288 0.921209990978241 750
1615569563870 0.8790090084075928 751
1615569598057 0.8891493082046509 752
1615569632383 0.8828147649765015 753
1615569666548 0.8956577777862549 754
1615569700670 0.9008738994598389 755
1615569734936 0.9130528569221497 756
1615569768961 0.8942241072654724 757
1615569803148 0.8894669413566589 758
1615569837332 0.9318245649337769 759
1615569876239 0.8777418732643127 760
1615569910373 0.8853425979614258 761
1615569944940 0.8886359930038452 762
1615569979105 0.9023683071136475 763
1615570013463 0.9114034175872803 764
1615570048057 0.8892723321914673 765
1615570082546 0.9062963724136353 766
1615570117062 0.8995354175567627 767
1615570151647 0.893772304058075 768
1615570185862 0.9079753160476685 769
1615570224034 0.8929060697555542 770
1615570258266 0.8829993009567261 771
1615570292753 0.8976951837539673 772
1615570327303 0.9055404663085938 773
1615570361528 0.8957905769348145 774
1615570396067 0.8735355138778687 775
1615570430179 0.9104055166244507 776
1615570464464 0.8974564075469971 777
1615570498906 0.8871651887893677 778
1615570533518 0.880408525466919 779
1615570572232 0.9124284982681274 780
1615570606620 0.8494618535041809 781
1615570641194 0.9139242768287659 782
1615570675302 0.9226211309432983 783
1615570709326 0.9091117978096008 784
1615570743800 0.9051926136016846 785
1615570778043 0.8793747425079346 786
1615570812248 0.8921798467636108 787
1615570846524 0.9138954877853394 788
1615570880774 0.8936173915863037 789
1615570919323 0.8954104781150818 790
1615570953603 0.8906296491622925 791
1615570988278 0.9154359102249146 792
1615571023017 0.8844209909439087 793
1615571057645 0.9179727435112 794
1615571092208 0.8871462345123291 795
1615571126313 0.8851419687271118 796
1615571160667 0.9069898724555969 797
1615571194721 0.881637454032898 798
1615571229304 0.9242215156555176 799
1615571268321 0.8900048136711121 800
1615571302435 0.8758000135421753 801
1615571337023 0.8906376361846924 802
1615571371703 0.9079896211624146 803
1615571406206 0.8874728083610535 804
1615571440386 0.8934491872787476 805
1615571474907 0.8918378949165344 806
1615571509462 0.899603009223938 807
1615571544125 0.8970280885696411 808
1615571578409 0.8819515705108643 809
1615571617464 0.902773380279541 810
1615571651959 0.8772507309913635 811
1615571686354 0.891904890537262 812
1615571720720 0.91702800989151 813
1615571755283 0.920515775680542 814
1615571790032 0.900417685508728 815
1615571824365 0.8751780986785889 816
1615571858871 0.9246177673339844 817
1615571893224 0.8794024586677551 818
1615571927720 0.8825454711914062 819
1615571966858 0.8536539077758789 820
1615572001452 0.9071773290634155 821
1615572035496 0.8898317813873291 822
1615572069551 0.8957931399345398 823
1615572104141 0.8977177143096924 824
1615572138634 0.8787260055541992 825
1615572172775 0.8834982514381409 826
1615572206830 0.8847156763076782 827
1615572241124 0.9133158326148987 828
1615572275424 0.9019195437431335 829
1615572313978 0.8896753787994385 830
1615572347997 0.9011538028717041 831
1615572382616 0.9033095240592957 832
1615572416882 0.9129260778427124 833
1615572451537 0.8986091613769531 834
1615572486250 0.8819625377655029 835
1615572520717 0.9071244597434998 836
1615572555520 0.8586794137954712 837
1615572590187 0.9061837196350098 838
1615572624552 0.9119462966918945 839
1615572663349 0.9010478258132935 840
1615572697502 0.8835175037384033 841
1615572732082 0.9138413667678833 842
1615572766171 0.9201098680496216 843
1615572800674 0.9078302383422852 844
1615572835186 0.8959804773330688 845
1615572869610 0.8962550759315491 846
1615572903925 0.904910683631897 847
1615572938472 0.8818252086639404 848
1615572972678 0.8756546974182129 849
1615573011427 0.8862725496292114 850
1615573045548 0.9208100438117981 851
1615573080245 0.9366195201873779 852
1615573114448 0.877258837223053 853
1615573148761 0.890080451965332 854
1615573183364 0.8896735906600952 855
1615573217966 0.9051780700683594 856
1615573252417 0.8841116428375244 857
1615573286937 0.9072736501693726 858
1615573321305 0.9025065898895264 859
1615573359688 0.9080897569656372 860
1615573393773 0.8785924911499023 861
1615573428010 0.8994482755661011 862
1615573462543 0.8957147598266602 863
1615573496844 0.8722331523895264 864
1615573530979 0.8950498104095459 865
1615573565167 0.8733292818069458 866
1615573599725 0.9156128168106079 867
1615573634283 0.8747028112411499 868
1615573668824 0.8787436485290527 869
1615573707604 0.9169095754623413 870
1615573742156 0.8892741799354553 871
1615573776186 0.9140523672103882 872
1615573810742 0.893173098564148 873
1615573844838 0.9136170744895935 874
1615573879278 0.8988938331604004 875
1615573914098 0.9093755483627319 876
1615573948514 0.8943024277687073 877
1615573982692 0.8653146624565125 878
1615574017041 0.9150923490524292 879
1615574055352 0.9155075550079346 880
1615574089841 0.8863192796707153 881
1615574124120 0.8994202613830566 882
1615574158248 0.8799768686294556 883
1615574192373 0.9149436950683594 884
1615574226600 0.8892045021057129 885
1615574261067 0.869613766670227 886
1615574295653 0.9180633425712585 887
1615574330076 0.8970950245857239 888
1615574364584 0.8702799081802368 889
1615574403049 0.9007444977760315 890
1615574437193 0.9249619841575623 891
1615574471714 0.903754711151123 892
1615574506000 0.9006898403167725 893
1615574540467 0.9090979099273682 894
1615574574817 0.9310656785964966 895
1615574608829 0.8724638223648071 896
1615574642983 0.8889613747596741 897
1615574677063 0.9005094766616821 898
1615574711966 0.8626871705055237 899
1615574750829 0.9267719984054565 900
1615574784932 0.9004567861557007 901
1615574819327 0.9153550863265991 902
1615574853554 0.9064472913742065 903
1615574888075 0.9019205570220947 904
1615574922245 0.9044131636619568 905
1615574956712 0.8832792043685913 906
1615574991380 0.8831048011779785 907
1615575026048 0.8820476531982422 908
1615575060268 0.8996630907058716 909
1615575098857 0.9179214239120483 910
1615575133470 0.9121256470680237 911
1615575167909 0.8701886534690857 912
1615575202751 0.9007443785667419 913
1615575237549 0.917687177658081 914
1615575272247 0.8787177801132202 915
1615575306443 0.9111443758010864 916
1615575340621 0.8606176972389221 917
1615575375001 0.8946583271026611 918
1615575409440 0.9039307832717896 919
1615575447676 0.9008493423461914 920
1615575481950 0.9017363786697388 921
1615575516426 0.9017163515090942 922
1615575551140 0.8977599143981934 923
1615575585724 0.9188404083251953 924
1615575620315 0.8929849863052368 925
1615575654782 0.9138226509094238 926
1615575689198 0.912656843662262 927
1615575723254 0.9009429216384888 928
1615575757775 0.9083678126335144 929
1615575796000 0.8678351640701294 930
1615575830780 0.9025858640670776 931
1615575865100 0.9085649847984314 932
1615575899413 0.9022889733314514 933
1615575933983 0.8749194145202637 934
1615575968201 0.8898492455482483 935
1615576002380 0.8796694874763489 936
1615576036819 0.8846093416213989 937
1615576071241 0.8891260027885437 938
1615576105998 0.9052506685256958 939
1615576144531 0.9072365164756775 940
1615576179241 0.8783537149429321 941
1615576213877 0.8774042725563049 942
1615576248422 0.8682571649551392 943
1615576283013 0.9186394214630127 944
1615576317127 0.908820629119873 945
1615576351305 0.9247885346412659 946
1615576386101 0.8521159887313843 947
1615576420650 0.9123678207397461 948
1615576454998 0.9261859059333801 949
1615576493948 0.8900429010391235 950
1615576528491 0.894917368888855 951
1615576562691 0.9293926358222961 952
1615576597144 0.9078445434570312 953
1615576631478 0.8998365998268127 954
1615576665996 0.8904943466186523 955
1615576700288 0.9043251872062683 956
1615576734933 0.8996855020523071 957
1615576769226 0.9058647155761719 958
1615576803677 0.9136004447937012 959
1615576842338 0.891973078250885 960
1615576877042 0.8880858421325684 961
1615576911600 0.9007744193077087 962
1615576945661 0.8942139744758606 963
1615576979871 0.899281919002533 964
1615577014285 0.9234474897384644 965
1615577048810 0.8885254859924316 966
1615577083472 0.9096508026123047 967
1615577118329 0.9350791573524475 968
1615577152660 0.8926159143447876 969
1615577190889 0.9000605344772339 970
1615577225488 0.9129043221473694 971
1615577259954 0.8925153017044067 972
1615577294237 0.8942818641662598 973
1615577328300 0.9075957536697388 974
1615577362908 0.8700313568115234 975
1615577397548 0.9131025075912476 976
1615577431707 0.911639928817749 977
1615577466112 0.8771471977233887 978
1615577500608 0.9083164930343628 979
1615577539307 0.8528598546981812 980
1615577573813 0.8961036205291748 981
1615577608470 0.8869998455047607 982
1615577642711 0.8901348114013672 983
1615577677441 0.9297560453414917 984
1615577712219 0.9065135717391968 985
1615577746818 0.9230208396911621 986
1615577781382 0.90007483959198 987
1615577815498 0.9125156998634338 988
1615577849979 0.9076120257377625 989
1615577889084 0.8929604291915894 990
1615577923201 0.9025619029998779 991
1615577957713 0.9146226644515991 992
1615577992242 0.878490686416626 993
1615578026402 0.9178500175476074 994
1615578060459 0.9242427349090576 995
1615578094952 0.914344310760498 996
1615578129091 0.9382320642471313 997
1615578163491 0.9043501019477844 998
1615578197964 0.8813525438308716 999
1615578236047 0.9285266399383545 1000
1615578270526 0.922446608543396 1001
1615578304736 0.925997257232666 1002
1615578339220 0.9168429374694824 1003
1615578373521 0.9075348377227783 1004
1615578407800 0.8969478011131287 1005
1615578442356 0.897610068321228 1006
1615578476601 0.8980886936187744 1007
1615578511273 0.9090142250061035 1008
1615578545497 0.8694747686386108 1009
1615578584153 0.8775268793106079 1010
1615578618715 0.9241096377372742 1011
1615578653217 0.9057537913322449 1012
1615578687408 0.893592357635498 1013
1615578721391 0.901627779006958 1014
1615578755934 0.9004033803939819 1015
1615578790177 0.8982455134391785 1016
1615578824296 0.8856419324874878 1017
1615578858739 0.9282838106155396 1018
1615578892807 0.9142765402793884 1019
1615578931726 0.9154404401779175 1020
1615578965968 0.8934875130653381 1021
1615579000511 0.8715482950210571 1022
1615579035090 0.9165778160095215 1023
1615579069569 0.888572096824646 1024
1615579103909 0.8531144857406616 1025
1615579138471 0.9203833937644958 1026
1615579172741 0.8846144080162048 1027
1615579207023 0.8994076251983643 1028
1615579241457 0.9168192148208618 1029
1615579280033 0.882888913154602 1030
1615579314113 0.8862359523773193 1031
1615579348266 0.8910529613494873 1032
1615579382771 0.9143729209899902 1033
1615579417609 0.9026823043823242 1034
1615579451918 0.9123334884643555 1035
1615579486297 0.9061907529830933 1036
1615579520820 0.9060749411582947 1037
1615579555070 0.8906857967376709 1038
1615579589302 0.908034086227417 1039
1615579628130 0.8873128890991211 1040
1615579662647 0.933044970035553 1041
1615579697156 0.8965679407119751 1042
1615579731617 0.8843969106674194 1043
1615579766169 0.8922072052955627 1044
1615579800769 0.9243811368942261 1045
1615579835272 0.885267972946167 1046
1615579869785 0.8843793869018555 1047
1615579904086 0.9126324653625488 1048
1615579938257 0.9016954898834229 1049
1615579976853 0.9050339460372925 1050
1615580010998 0.8879708051681519 1051
1615580045627 0.8660860061645508 1052
1615580080093 0.9030081033706665 1053
1615580114623 0.9025967121124268 1054
1615580149224 0.9020357131958008 1055
1615580183737 0.922088623046875 1056
1615580218415 0.9146971702575684 1057
1615580252789 0.8724253177642822 1058
1615580287590 0.8643025159835815 1059
1615580326672 0.90411376953125 1060
1615580361243 0.9031779766082764 1061
1615580395839 0.8876376748085022 1062
1615580429952 0.8797189593315125 1063
1615580463932 0.8745450377464294 1064
1615580498580 0.893653392791748 1065
1615580532962 0.9118576049804688 1066
1615580567201 0.889238715171814 1067
1615580601655 0.8939828872680664 1068
1615580635744 0.9080414772033691 1069
1615580674202 0.88811194896698 1070
1615580708775 0.8981307744979858 1071
1615580743153 0.8695782423019409 1072
1615580777343 0.9069335460662842 1073
1615580811944 0.8995516300201416 1074
1615580846577 0.911004900932312 1075
1615580881267 0.898808479309082 1076
1615580915948 0.8789075613021851 1077
1615580950429 0.9052371978759766 1078
1615580984567 0.909081220626831 1079
1615581023155 0.87971031665802 1080
1615581057709 0.8761340379714966 1081
1615581092591 0.8798936009407043 1082
1615581126807 0.8711926341056824 1083
1615581161156 0.8951997756958008 1084
1615581195343 0.8832706809043884 1085
1615581229844 0.9079473614692688 1086
1615581264387 0.8986066579818726 1087
1615581299170 0.8992262482643127 1088
1615581333826 0.9087913632392883 1089
1615581372346 0.9041895866394043 1090
1615581407138 0.9068973064422607 1091
1615581441614 0.9001635313034058 1092
1615581475841 0.9078953266143799 1093
1615581510445 0.884513258934021 1094
1615581544638 0.9057292938232422 1095
1615581579435 0.9097648859024048 1096
1615581613670 0.8844637870788574 1097
1615581648000 0.8875805139541626 1098
1615581682337 0.9262548685073853 1099
1615581720989 0.919313907623291 1100
1615581755207 0.9143738150596619 1101
1615581789516 0.8869525790214539 1102
1615581824020 0.9256261587142944 1103
1615581858217 0.9056000709533691 1104
1615581892692 0.8857126832008362 1105
1615581927571 0.9092355966567993 1106
1615581961803 0.8864572048187256 1107
1615581996296 0.9142879247665405 1108
1615582030371 0.9158055186271667 1109
1615582069240 0.9268484115600586 1110
1615582103244 0.8932834267616272 1111
1615582137756 0.8928802013397217 1112
1615582172296 0.9016106128692627 1113
1615582206560 0.9213807582855225 1114
1615582241275 0.9017751216888428 1115
1615582275423 0.91740882396698 1116
1615582309641 0.9055677652359009 1117
1615582344114 0.9173047542572021 1118
1615582378497 0.8776881694793701 1119
1615582416641 0.9076433181762695 1120
1615582451136 0.9045971632003784 1121
1615582486246 0.8942150473594666 1122
1615582520774 0.8981974124908447 1123
1615582555158 0.8968206644058228 1124
1615582589241 0.9080119132995605 1125
1615582623407 0.9024483561515808 1126
1615582657865 0.9145605564117432 1127
1615582692442 0.9183540344238281 1128
1615582726692 0.9043776988983154 1129
1615582765639 0.9189217686653137 1130
1615582800168 0.8881536722183228 1131
1615582834672 0.9287058115005493 1132
1615582869016 0.9040590524673462 1133
1615582903335 0.9033169746398926 1134
1615582937741 0.8953069448471069 1135
1615582972728 0.9272568225860596 1136
1615583007542 0.916557788848877 1137
1615583042452 0.8984270691871643 1138
1615583077738 0.8908908367156982 1139
1615583116465 0.9017225503921509 1140
1615583151340 0.8897414207458496 1141
1615583186230 0.8977334499359131 1142
1615583220806 0.9066146612167358 1143
1615583255249 0.8947714567184448 1144
1615583289697 0.9157277345657349 1145
1615583324090 0.9053759574890137 1146
1615583358593 0.9365565180778503 1147
1615583392706 0.9010924696922302 1148
1615583427215 0.8943847417831421 1149
1615583465975 0.898598313331604 1150
1615583500238 0.9019654393196106 1151
1615583534891 0.8933751583099365 1152
1615583569573 0.8889075517654419 1153
1615583603713 0.8840816617012024 1154
1615583637898 0.8969743251800537 1155
1615583672575 0.9149959087371826 1156
1615583707987 0.906808614730835 1157
1615583744603 0.908087968826294 1158
1615583779822 0.8748867511749268 1159
1615583818869 0.893471360206604 1160
1615583853407 0.9016263484954834 1161
1615583887978 0.9383900761604309 1162
1615583922579 0.9159315824508667 1163
1615583956957 0.9039958715438843 1164
1615583991086 0.8897814750671387 1165
1615584025540 0.8982567191123962 1166
1615584059589 0.8928898572921753 1167
1615584093886 0.8947925567626953 1168
1615584128281 0.9130684733390808 1169
1615584167057 0.899712324142456 1170
1615584201626 0.906976580619812 1171
1615584235916 0.9035342335700989 1172
1615584270423 0.8725329637527466 1173
1615584305040 0.899440348148346 1174
1615584339684 0.8878476619720459 1175
1615584374086 0.9159111976623535 1176
1615584408720 0.9250884056091309 1177
1615584443018 0.8774862289428711 1178
1615584477481 0.9048792123794556 1179
1615584515837 0.893740177154541 1180
1615584549937 0.9378566145896912 1181
1615584584077 0.8927786350250244 1182
1615584618936 0.8956563472747803 1183
1615584653455 0.900977611541748 1184
1615584687574 0.9003852009773254 1185
1615584722255 0.900007963180542 1186
1615584756273 0.900754451751709 1187
1615584790443 0.8964420557022095 1188
1615584824753 0.9266384243965149 1189
1615584864089 0.8904106616973877 1190
1615584898557 0.9073116779327393 1191
1615584933298 0.9280213713645935 1192
1615584967775 0.8856505155563354 1193
1615585002163 0.9112038612365723 1194
1615585036468 0.9047646522521973 1195
1615585070758 0.8994868993759155 1196
1615585105031 0.9175049066543579 1197
1615585139317 0.90967857837677 1198
1615585173485 0.9134578704833984 1199
1615585211952 0.8783578276634216 1200
1615585236032 0.9185948371887207 0
1615585236047 0.9185948371887207 0
