1615543352744 0.041583478450775146 1
1615543387085 0.035233400762081146 2
1615543421230 0.03259456157684326 3
1615543455733 0.030820878222584724 4
1615543490371 0.029851604253053665 5
1615543524715 0.028830580413341522 6
1615543559519 0.028370337560772896 7
1615543594148 0.026216834783554077 8
1615543628583 0.026867907494306564 9
1615543666814 0.026708707213401794 10
1615543701052 0.025060702115297318 11
1615543735151 0.02612980827689171 12
1615543769685 0.02551766112446785 13
1615543805279 0.024637404829263687 14
1615543839655 0.023972801864147186 15
1615543873872 0.023140471428632736 16
1615543907948 0.02203565463423729 17
1615543942422 0.023554310202598572 18
1615543976495 0.024482153356075287 19
1615544015082 0.024013735353946686 20
1615544049430 0.02293543331325054 21
1615544083904 0.02571752667427063 22
1615544118272 0.021924186497926712 23
1615544152672 0.02122591808438301 24
1615544187254 0.021877102553844452 25
1615544222737 0.02198530174791813 26
1615544258407 0.021129406988620758 27
1615544293263 0.022671133279800415 28
1615544328170 0.021665729582309723 29
1615544366969 0.021926898509263992 30
1615544401523 0.020092330873012543 31
1615544436185 0.021636206656694412 32
1615544471451 0.02068917267024517 33
1615544505996 0.023458119481801987 34
1615544540524 0.02067411132156849 35
1615544574807 0.02127685397863388 36
1615544608953 0.020432941615581512 37
1615544643173 0.019383592531085014 38
1615544677596 0.020160479471087456 39
1615544716241 0.02011672407388687 40
1615544750590 0.01997283846139908 41
1615544785429 0.022539518773555756 42
1615544820965 0.02159200608730316 43
1615544856624 0.023325294256210327 44
1615544891947 0.020172202959656715 45
1615544926531 0.02022644132375717 46
1615544960522 0.01885594055056572 47
1615544994590 0.018869489431381226 48
1615545029094 0.019668731838464737 49
1615545067487 0.019857041537761688 50
1615545101614 0.01991238445043564 51
1615545136205 0.022362012416124344 52
1615545170793 0.019991273060441017 53
1615545205629 0.020490478724241257 54
1615545240636 0.022320933640003204 55
1615545276471 0.020046619698405266 56
1615545311388 0.019639750942587852 57
1615545346718 0.02019377611577511 58
1615545381257 0.019573625177145004 59
1615545419507 0.01911453902721405 60
1615545453612 0.019611479714512825 61
1615545488096 0.01932934671640396 62
1615545522124 0.019891249015927315 63
1615545556194 0.02053527720272541 64
1615545590653 0.01822616532444954 65
1615545624797 0.01858023926615715 66
1615545658944 0.018346644937992096 67
1615545693367 0.018445011228322983 68
1615545727550 0.019089974462985992 69
1615545766332 0.01866280287504196 70
1615545800541 0.018673019483685493 71
1615545835148 0.021021556109189987 72
1615545869849 0.018834315240383148 73
1615545904393 0.018773531541228294 74
1615545939169 0.01894814521074295 75
1615545974059 0.017779123038053513 76
1615546008872 0.01782689243555069 77
1615546043903 0.017473995685577393 78
1615546078489 0.018990978598594666 79
1615546117928 0.018571149557828903 80
1615546152057 0.017643194645643234 81
1615546186185 0.01673262193799019 82
1615546220666 0.01833108440041542 83
1615546255270 0.0168798565864563 84
1615546289790 0.018236156553030014 85
1615546324205 0.017199810594320297 86
1615546358820 0.017532484605908394 87
1615546393274 0.016853628680109978 88
1615546427581 0.017444372177124023 89
1615546467308 0.018692297860980034 90
1615546502934 0.01933092251420021 91
1615546539478 0.018829377368092537 92
1615546574002 0.01787525601685047 93
1615546608604 0.017124230042099953 94
1615546643875 0.017274972051382065 95
1615546678175 0.020638424903154373 96
1615546712685 0.018771974369883537 97
1615546747221 0.021001145243644714 98
1615546781401 0.018775200471282005 99
1615546819796 0.019135911017656326 100
1615546854237 0.017559561878442764 101
1615546888491 0.018211424350738525 102
1615546923322 0.016991980373859406 103
1615546959133 0.016872748732566833 104
1615546994000 0.018138810992240906 105
1615547028644 0.018624544143676758 106
1615547063183 0.018499013036489487 107
1615547097381 0.017591409385204315 108
1615547132130 0.01698165386915207 109
1615547170633 0.018697315827012062 110
1615547205062 0.01632918231189251 111
1615547240012 0.01883464679121971 112
1615547274168 0.018949326127767563 113
1615547308323 0.018132759258151054 114
1615547342414 0.017206713557243347 115
1615547376878 0.018644649535417557 116
1615547411222 0.017135970294475555 117
1615547445370 0.020573701709508896 118
1615547479567 0.017747584730386734 119
1615547518339 0.018259666860103607 120
1615547552504 0.015869131311774254 121
1615547586831 0.01578037068247795 122
1615547622121 0.020139489322900772 123
1615547656884 0.01848282665014267 124
1615547691478 0.016214344650506973 125
1615547726875 0.016577282920479774 126
1615547761493 0.016414256766438484 127
1615547795695 0.01678474247455597 128
1615547830140 0.017350297421216965 129
1615547868306 0.016241077333688736 130
1615547902847 0.018048401921987534 131
1615547937234 0.017413079738616943 132
1615547972505 0.01709667593240738 133
1615548007275 0.017276789993047714 134
1615548042003 0.016371678560972214 135
1615548076421 0.015231359750032425 136
1615548111472 0.017477549612522125 137
1615548145926 0.017675401642918587 138
1615548180096 0.016983725130558014 139
1615548219000 0.018793713301420212 140
1615548252975 0.018597465008497238 141
1615548287503 0.017229553312063217 142
1615548322048 0.015078254044055939 143
1615548356156 0.015869900584220886 144
1615548390676 0.015348581597208977 145
1615548425228 0.01640675961971283 146
1615548459624 0.01785407029092312 147
1615548495601 0.015871187672019005 148
1615548531158 0.016820264980196953 149
1615548570501 0.016950439661741257 150
1615548605108 0.01624768227338791 151
1615548639656 0.016378989443182945 152
1615548674244 0.01527414470911026 153
1615548708618 0.013850153423845768 154
1615548743121 0.016236554831266403 155
1615548777096 0.015542203560471535 156
1615548811494 0.01567898690700531 157
1615548845804 0.015215890482068062 158
1615548880176 0.014714602380990982 159
1615548919070 0.014890419319272041 160
1615548953732 0.019225256517529488 161
1615548988451 0.017041489481925964 162
1615549022674 0.016322188079357147 163
1615549057211 0.016061514616012573 164
1615549091843 0.01634986326098442 165
1615549126522 0.017140910029411316 166
1615549161276 0.015446745790541172 167
1615549195601 0.015633121132850647 168
1615549229828 0.014781644567847252 169
1615549267770 0.015162069350481033 170
1615549302318 0.01728241518139839 171
1615549337031 0.015619661659002304 172
1615549371693 0.01588638871908188 173
1615549406266 0.016788676381111145 174
1615549440524 0.014980556443333626 175
1615549474581 0.016481567174196243 176
1615549508881 0.017855174839496613 177
1615549543329 0.016168788075447083 178
1615549577414 0.01658686436712742 179
1615549615785 0.014325887896120548 180
1615549650284 0.015505392104387283 181
1615549684504 0.016059504821896553 182
1615549718819 0.017487920820713043 183
1615549753232 0.014751520939171314 184
1615549787554 0.015919234603643417 185
1615549821912 0.015649637207388878 186
1615549856654 0.01624918356537819 187
1615549891445 0.01904326304793358 188
1615549926071 0.015335982665419579 189
1615549964246 0.016326718032360077 190
1615549998804 0.014967001043260098 191
1615550033214 0.01658874750137329 192
1615550067769 0.01686966046690941 193
1615550102130 0.01728346198797226 194
1615550136644 0.015018805861473083 195
1615550170896 0.016099337488412857 196
1615550205500 0.016732679679989815 197
1615550239881 0.018601663410663605 198
1615550274642 0.015879204496741295 199
1615550313354 0.016322266310453415 200
1615550348317 0.016902947798371315 201
1615550383122 0.016959453001618385 202
1615550418066 0.01779753528535366 203
1615550452615 0.015814172104001045 204
1615550486732 0.015190111473202705 205
1615550521347 0.01564493030309677 206
1615550555782 0.015117810107767582 207
1615550590176 0.01574849709868431 208
1615550624838 0.01469825953245163 209
1615550663386 0.01681394875049591 210
1615550697689 0.015000572428107262 211
1615550731751 0.015714889392256737 212
1615550766218 0.01747911050915718 213
1615550800554 0.015150148421525955 214
1615550835286 0.01508045569062233 215
1615550870585 0.017455969005823135 216
1615550905229 0.014788931235671043 217
1615550939739 0.015833208337426186 218
1615550974433 0.01567794568836689 219
1615551012719 0.015406038612127304 220
1615551046899 0.014717264100909233 221
1615551081092 0.015561332926154137 222
1615551115769 0.015264235436916351 223
1615551150557 0.014052056707441807 224
1615551185776 0.016625702381134033 225
1615551220420 0.015786079689860344 226
1615551255212 0.015314832329750061 227
1615551289720 0.016279755160212517 228
1615551324318 0.013675807043910027 229
1615551364232 0.01420754473656416 230
1615551398634 0.014117151498794556 231
1615551432892 0.014502333477139473 232
1615551467318 0.015796326100826263 233
1615551501469 0.013043524697422981 234
1615551535887 0.014219927601516247 235
1615551571184 0.015576701611280441 236
1615551607227 0.015156418085098267 237
1615551642004 0.015210270881652832 238
1615551676854 0.013372586108744144 239
1615551715942 0.015141942538321018 240
1615551750529 0.014807835221290588 241
1615551785691 0.014950092881917953 242
1615551819686 0.0130380904302001 243
1615551853924 0.013852056115865707 244
1615551888058 0.014534381218254566 245
1615551922244 0.015392079949378967 246
1615551956413 0.015417431481182575 247
1615551990825 0.01416507177054882 248
1615552025107 0.014623831957578659 249
1615552064436 0.014296106994152069 250
1615552099312 0.016026800498366356 251
1615552134165 0.015167729929089546 252
1615552168866 0.017028626054525375 253
1615552204011 0.01461871899664402 254
1615552238783 0.01340574026107788 255
1615552273348 0.014573068358004093 256
1615552307697 0.012315897271037102 257
1615552342142 0.014437714591622353 258
1615552376239 0.0149820726364851 259
1615552415356 0.01417248509824276 260
1615552449497 0.015281593427062035 261
1615552484569 0.013480009511113167 262
1615552519414 0.01540781557559967 263
1615552554216 0.015812473371624947 264
1615552588990 0.013580406084656715 265
1615552623612 0.016173142939805984 266
1615552658938 0.014182355254888535 267
1615552693200 0.015200839377939701 268
1615552727748 0.013659650459885597 269
1615552766824 0.01373017206788063 270
1615552801060 0.013344530016183853 271
1615552835074 0.013210267759859562 272
1615552869217 0.01470308005809784 273
1615552903405 0.014515554532408714 274
1615552937858 0.014306588098406792 275
1615552973305 0.015391383320093155 276
1615553008718 0.013692365027964115 277
1615553043442 0.014651251956820488 278
1615553078325 0.014642839320003986 279
1615553116797 0.014876026660203934 280
1615553151451 0.013492058031260967 281
1615553186124 0.013414638116955757 282
1615553220186 0.01407269574701786 283
1615553254188 0.014377320185303688 284
1615553288644 0.016351092606782913 285
1615553323428 0.014855848625302315 286
1615553358099 0.013761058449745178 287
1615553392703 0.01507716253399849 288
1615553427317 0.01466014701873064 289
1615553466555 0.013725530356168747 290
1615553500721 0.013222543522715569 291
1615553535152 0.013470551930367947 292
1615553569153 0.012580174952745438 293
1615553604137 0.01363301184028387 294
1615553638410 0.015613495372235775 295
1615553672507 0.014421898871660233 296
1615553707113 0.012928321957588196 297
1615553741275 0.015289930626749992 298
1615553775405 0.013740098103880882 299
1615553813785 0.014022307470440865 300
1615553848357 0.014955060556530952 301
1615553882618 0.01445513404905796 302
1615553917306 0.012177923694252968 303
1615553951505 0.013492882251739502 304
1615553985807 0.015242276713252068 305
1615554020449 0.014566045254468918 306
1615554056408 0.012753686867654324 307
1615554091207 0.010830570012331009 308
1615554125928 0.0121261365711689 309
1615554164307 0.017883706837892532 310
1615554198852 0.01579093560576439 311
1615554234012 0.014486665837466717 312
1615554268315 0.013862205669283867 313
1615554302269 0.012455852702260017 314
1615554336775 0.014351108111441135 315
1615554370875 0.013208815827965736 316
1615554405527 0.013042782433331013 317
1615554439936 0.014182569459080696 318
1615554474006 0.01426340825855732 319
1615554512636 0.01547884289175272 320
1615554547265 0.013663013465702534 321
1615554581320 0.014399820938706398 322
1615554615503 0.014222320169210434 323
1615554650361 0.012707640416920185 324
1615554685347 0.015168396756052971 325
1615554719805 0.01374390535056591 326
1615554754374 0.012389998883008957 327
1615554788814 0.012560632079839706 328
1615554822877 0.012714010663330555 329
1615554861551 0.015073638409376144 330
1615554895748 0.01436045952141285 331
1615554930123 0.013761959038674831 332
1615554964664 0.013124380260705948 333
1615554999131 0.013625005260109901 334
1615555033611 0.01377842202782631 335
1615555067992 0.012649611569941044 336
1615555102343 0.013097734190523624 337
1615555136427 0.01415134035050869 338
1615555170510 0.012957491911947727 339
1615555209413 0.012491860426962376 340
1615555243783 0.012894652783870697 341
1615555278078 0.012261653319001198 342
1615555312739 0.013570278882980347 343
1615555347410 0.013959109783172607 344
1615555381828 0.013942984864115715 345
1615555416016 0.015962358564138412 346
1615555450614 0.017535202205181122 347
1615555484887 0.012659245170652866 348
1615555519075 0.012466991320252419 349
1615555557495 0.011159902438521385 350
1615555591800 0.013855565339326859 351
1615555625833 0.012886812910437584 352
1615555660487 0.013693036511540413 353
1615555694991 0.011592568829655647 354
1615555729423 0.014543627388775349 355
1615555763983 0.01506124809384346 356
1615555798527 0.013106053695082664 357
1615555832741 0.01284496858716011 358
1615555867217 0.014729512855410576 359
1615555905750 0.013390913605690002 360
1615555940215 0.011498089879751205 361
1615555974716 0.011727498844265938 362
1615556009226 0.013183744624257088 363
1615556043657 0.013507233001291752 364
1615556078100 0.011682417243719101 365
1615556112780 0.013589529320597649 366
1615556147269 0.014076527208089828 367
1615556182980 0.011175764724612236 368
1615556217207 0.016221480444073677 369
1615556255938 0.014657434076070786 370
1615556290592 0.01148030161857605 371
1615556324891 0.012241852469742298 372
1615556359308 0.01463177241384983 373
1615556393843 0.013254847377538681 374
1615556428042 0.013891216367483139 375
1615556462479 0.013990845531225204 376
1615556497081 0.014818284660577774 377
1615556531701 0.014428362250328064 378
1615556565854 0.013456793501973152 379
1615556603971 0.013899635523557663 380
1615556638593 0.013776861131191254 381
1615556673111 0.012821926735341549 382
1615556708074 0.01422986388206482 383
1615556742578 0.012320809066295624 384
1615556777099 0.011530853807926178 385
1615556812000 0.01249256543815136 386
1615556846858 0.013430096209049225 387
1615556881365 0.012784481048583984 388
1615556915906 0.012648157775402069 389
1615556955290 0.012870708480477333 390
1615556989804 0.014658065512776375 391
1615557023936 0.01263400912284851 392
1615557058417 0.012562066316604614 393
1615557092727 0.01344844326376915 394
1615557127217 0.011155916377902031 395
1615557161224 0.01434491015970707 396
1615557195799 0.011673403903841972 397
1615557230223 0.011954540386795998 398
1615557264411 0.012027021497488022 399
1615557302857 0.011395787820219994 400
1615557337066 0.012848353013396263 401
1615557371443 0.012157335877418518 402
1615557405935 0.01389801874756813 403
1615557440398 0.011241553351283073 404
1615557474914 0.012889978475868702 405
1615557510282 0.011384915560483932 406
1615557545338 0.014647047966718674 407
1615557579347 0.010764319449663162 408
1615557614047 0.012616358697414398 409
1615557653252 0.013671882450580597 410
1615557687435 0.011288837529718876 411
1615557721882 0.01181933656334877 412
1615557756413 0.011782137677073479 413
1615557790852 0.012921299785375595 414
1615557824849 0.016168303787708282 415
1615557858948 0.011705994606018066 416
1615557893067 0.012953858822584152 417
1615557927466 0.011575944721698761 418
1615557962062 0.013473870232701302 419
1615558001728 0.012163160368800163 420
1615558036503 0.012180592864751816 421
1615558071168 0.013212507590651512 422
1615558105455 0.013009081594645977 423
1615558139827 0.011688745580613613 424
1615558174566 0.014423338696360588 425
1615558209174 0.013557909056544304 426
1615558243693 0.010339132510125637 427
1615558278270 0.013528916984796524 428
1615558312400 0.015612369403243065 429
1615558350457 0.013186631724238396 430
1615558384505 0.012540780007839203 431
1615558418551 0.012292100116610527 432
1615558453030 0.01583549752831459 433
1615558487156 0.010902661830186844 434
1615558521333 0.014375897124409676 435
1615558555511 0.01345391571521759 436
1615558590070 0.013103809207677841 437
1615558624170 0.011778962798416615 438
1615558658863 0.01444745808839798 439
1615558697364 0.011492244899272919 440
1615558731546 0.012591022998094559 441
1615558765961 0.012712507508695126 442
1615558800547 0.012433929368853569 443
1615558835336 0.010725025087594986 444
1615558869932 0.013509518466889858 445
1615558904124 0.013122403994202614 446
1615558938423 0.014377686195075512 447
1615558972647 0.012836928479373455 448
1615559007837 0.010799536481499672 449
1615559046510 0.011195476166903973 450
1615559080515 0.011882632970809937 451
1615559114966 0.012843198142945766 452
1615559149452 0.012350202538073063 453
1615559183869 0.013144801370799541 454
1615559218484 0.010345607995986938 455
1615559252524 0.012635466642677784 456
1615559287038 0.014327664859592915 457
1615559321588 0.01407322846353054 458
1615559356113 0.011978160589933395 459
1615559394652 0.010684827342629433 460
1615559429157 0.011969144456088543 461
1615559463963 0.011030958965420723 462
1615559498737 0.011913544498383999 463
1615559533485 0.012050392106175423 464
1615559568123 0.01118776947259903 465
1615559602228 0.013632549904286861 466
1615559636998 0.01184900477528572 467
1615559671156 0.012729143723845482 468
1615559705319 0.011855821125209332 469
1615559743627 0.013477343134582043 470
1615559778189 0.013891125097870827 471
1615559812503 0.0135475043207407 472
1615559847149 0.011724220588803291 473
1615559881255 0.01310042291879654 474
1615559915765 0.011939041316509247 475
1615559949929 0.012812197208404541 476
1615559984589 0.012752648442983627 477
1615560018816 0.011736149899661541 478
1615560053329 0.010653745383024216 479
1615560092267 0.0109785795211792 480
1615560126706 0.012040916830301285 481
1615560161220 0.011017696931958199 482
1615560195770 0.013379287905991077 483
1615560229892 0.0113985575735569 484
1615560264371 0.010749728418886662 485
1615560299149 0.01420523039996624 486
1615560334180 0.011734336614608765 487
1615560368555 0.0129659753292799 488
1615560402550 0.010433947667479515 489
1615560441043 0.011056359857320786 490
1615560475339 0.011142497882246971 491
1615560509483 0.01370423473417759 492
1615560543558 0.010097168385982513 493
1615560578258 0.015159683302044868 494
1615560612673 0.012309139594435692 495
1615560647058 0.012792382389307022 496
1615560681201 0.010517721995711327 497
1615560715751 0.013224393129348755 498
1615560750040 0.012196099385619164 499
1615560789014 0.013010542839765549 500
1615560823694 0.012619368731975555 501
1615560858471 0.011912815272808075 502
1615560892992 0.011380685493350029 503
1615560927612 0.011121484450995922 504
1615560962084 0.011356912553310394 505
1615560996705 0.011741521768271923 506
1615561030972 0.012656517326831818 507
1615561065510 0.012853412888944149 508
1615561100125 0.01239616796374321 509
1615561139239 0.011704511009156704 510
1615561173795 0.0104087945073843 511
1615561208315 0.010274987667798996 512
1615561242489 0.011188026517629623 513
1615561276995 0.010228984989225864 514
1615561311345 0.011430138722062111 515
1615561345802 0.010755319148302078 516
1615561380427 0.010968074202537537 517
1615561414871 0.012267515063285828 518
1615561449415 0.013063235208392143 519
1615561487994 0.01192210242152214 520
1615561522761 0.01267499290406704 521
1615561557050 0.011509397067129612 522
1615561591373 0.01228792779147625 523
1615561626185 0.011259227991104126 524
1615561660485 0.011592773720622063 525
1615561694766 0.010061046108603477 526
1615561729157 0.011147014796733856 527
1615561763788 0.0107388561591506 528
1615561797981 0.012072731740772724 529
1615561836576 0.011210603639483452 530
1615561871195 0.012763092294335365 531
1615561905334 0.011830051429569721 532
1615561939874 0.013632331974804401 533
1615561974129 0.011790521442890167 534
1615562008514 0.012276625260710716 535
1615562042735 0.009690577164292336 536
1615562077337 0.011957092210650444 537
1615562111680 0.011241032741963863 538
1615562146067 0.011836202815175056 539
1615562184691 0.009866336360573769 540
1615562219294 0.012020193040370941 541
1615562253960 0.01493624597787857 542
1615562288811 0.011996451765298843 543
1615562323850 0.009698614478111267 544
1615562359061 0.01089698076248169 545
1615562393637 0.01218048669397831 546
1615562427886 0.009750091470777988 547
1615562462511 0.012416278943419456 548
1615562497109 0.012616092339158058 549
1615562535954 0.011560918763279915 550
1615562570348 0.010822011157870293 551
1615562604990 0.012698277831077576 552
1615562639484 0.011595280840992928 553
1615562673600 0.014041983522474766 554
1615562708184 0.011657987721264362 555
1615562743087 0.010632429271936417 556
1615562777848 0.012653244659304619 557
1615562812706 0.012566951103508472 558
1615562847532 0.014261724427342415 559
1615562886925 0.009536117315292358 560
1615562921242 0.013458162546157837 561
1615562955432 0.015210001729428768 562
1615562989833 0.012633074074983597 563
1615563024540 0.009341461583971977 564
1615563058788 0.013412270694971085 565
1615563093051 0.009747205302119255 566
1615563127173 0.011466708034276962 567
1615563161749 0.010171824134886265 568
1615563195872 0.011221837252378464 569
1615563234640 0.012393448501825333 570
1615563269321 0.011824600398540497 571
1615563303601 0.011839719489216805 572
1615563338081 0.011639103293418884 573
1615563372739 0.010943591594696045 574
1615563407366 0.012677527964115143 575
1615563442203 0.010783467441797256 576
1615563476984 0.010769115760922432 577
1615563511698 0.01101597398519516 578
1615563546330 0.01178184524178505 579
1615563584939 0.01113731786608696 580
1615563619478 0.00854559987783432 581
1615563654124 0.012266472913324833 582
1615563688340 0.010911851190030575 583
1615563722880 0.012929374352097511 584
1615563757280 0.011656156741082668 585
1615563791759 0.012617950327694416 586
1615563826298 0.009104622527956963 587
1615563861311 0.01063341274857521 588
1615563896011 0.011041134595870972 589
1615563935146 0.011130977421998978 590
1615563969419 0.011559936217963696 591
1615564003672 0.011710410937666893 592
1615564038194 0.011988980695605278 593
1615564072754 0.011283805593848228 594
1615564107488 0.010722998529672623 595
1615564142197 0.010335037484765053 596
1615564176621 0.011227879673242569 597
1615564211093 0.011795536614954472 598
1615564245511 0.012719663791358471 599
1615564284069 0.012387486174702644 600
1615564318748 0.009479934349656105 601
1615564353341 0.013137904927134514 602
1615564387583 0.014049586839973927 603
1615564422543 0.013012757524847984 604
1615564457109 0.011044150218367577 605
1615564492320 0.011561431922018528 606
1615564527637 0.012495666742324829 607
1615564562276 0.010379914194345474 608
1615564597508 0.012405043467879295 609
1615564636417 0.010909050703048706 610
1615564671148 0.013478720560669899 611
1615564705641 0.01222420483827591 612
1615564740452 0.012143224477767944 613
1615564774713 0.011575106531381607 614
1615564808756 0.011135836131870747 615
1615564843297 0.010461483150720596 616
1615564878006 0.0125547144562006 617
1615564912268 0.009706871584057808 618
1615564946460 0.011415267363190651 619
1615564984978 0.011308848857879639 620
1615565019052 0.009710395708680153 621
1615565053699 0.013259625062346458 622
1615565088055 0.011686323210597038 623
1615565122229 0.00918501801788807 624
1615565156430 0.010086406022310257 625
1615565190795 0.010744466446340084 626
1615565224968 0.00986226461827755 627
1615565259423 0.010740561410784721 628
1615565293750 0.010827611200511456 629
1615565331999 0.01128708478063345 630
1615565366332 0.010333019308745861 631
1615565400645 0.013085631653666496 632
1615565435231 0.010225411504507065 633
1615565469546 0.010799783281981945 634
1615565503960 0.012297282926738262 635
1615565538793 0.012433720752596855 636
1615565573166 0.009733408689498901 637
1615565607529 0.011865027248859406 638
1615565641966 0.010011415928602219 639
1615565680893 0.011273276060819626 640
1615565715209 0.011000489816069603 641
1615565749361 0.011906081810593605 642
1615565783377 0.009409320540726185 643
1615565818238 0.009948542341589928 644
1615565852553 0.011216101236641407 645
1615565887112 0.009023546241223812 646
1615565921214 0.01189429685473442 647
1615565955659 0.011058265343308449 648
1615565989811 0.010636517778038979 649
1615566028475 0.009895316325128078 650
1615566062939 0.011847199872136116 651
1615566097528 0.010566679760813713 652
1615566132138 0.01034526713192463 653
1615566166719 0.009538903832435608 654
1615566201318 0.0106478501111269 655
1615566236300 0.010024425573647022 656
1615566271471 0.009970981627702713 657
1615566306441 0.01240962091833353 658
1615566341230 0.0111019816249609 659
1615566380129 0.011423639953136444 660
1615566414624 0.00892290472984314 661
1615566449624 0.012210451066493988 662
1615566484417 0.011719387024641037 663
1615566518927 0.011429816484451294 664
1615566553460 0.009915255010128021 665
1615566587636 0.011028233915567398 666
1615566621724 0.010112244635820389 667
1615566656269 0.011840829625725746 668
1615566690557 0.010703055188059807 669
1615566729858 0.011190569028258324 670
1615566764463 0.011756346561014652 671
1615566798769 0.01348789967596531 672
1615566833413 0.012890905141830444 673
1615566867689 0.010495774447917938 674
1615566902482 0.01186783891171217 675
1615566937029 0.010042835026979446 676
1615566971808 0.010463444516062737 677
1615567007139 0.010345923714339733 678
1615567042009 0.010751630179584026 679
1615567080712 0.010322976857423782 680
1615567115687 0.011600962840020657 681
1615567149904 0.009468840435147285 682
1615567184446 0.010292465798556805 683
1615567218794 0.011273946613073349 684
1615567253236 0.010071298107504845 685
1615567287373 0.010409574024379253 686
1615567321605 0.007914438843727112 687
1615567355996 0.012578603811562061 688
1615567390312 0.013282434083521366 689
1615567428883 0.011513372883200645 690
1615567463357 0.009500455111265182 691
1615567498013 0.008504378609359264 692
1615567532526 0.010132784023880959 693
1615567567083 0.010747679509222507 694
1615567601874 0.010351760312914848 695
1615567636862 0.00953860767185688 696
1615567672058 0.009462067857384682 697
1615567707494 0.010317588225007057 698
1615567742211 0.010402629151940346 699
1615567781140 0.009868305176496506 700
1615567815717 0.011475251987576485 701
1615567850189 0.010930073447525501 702
1615567885544 0.00893285870552063 703
1615567919758 0.010840901173651218 704
1615567953893 0.01055075041949749 705
1615567988370 0.009973112493753433 706
1615568022709 0.011464133858680725 707
1615568056713 0.009479302912950516 708
1615568090828 0.010368594899773598 709
1615568129517 0.010331416502594948 710
1615568163902 0.0095679871737957 711
1615568198393 0.009496694430708885 712
1615568232574 0.009726015850901604 713
1615568266926 0.010620329529047012 714
1615568301643 0.011024897918105125 715
1615568335954 0.012298530898988247 716
1615568370238 0.008545637130737305 717
1615568404726 0.009170220233500004 718
1615568439960 0.009933825582265854 719
1615568479333 0.01020066998898983 720
1615568514123 0.011059578508138657 721
1615568548723 0.01233971118927002 722
1615568583457 0.011219784617424011 723
1615568617879 0.009301334619522095 724
1615568652570 0.011908121407032013 725
1615568686875 0.009319141507148743 726
1615568721502 0.00799824669957161 727
1615568756349 0.01083979569375515 728
1615568790679 0.008974418044090271 729
1615568829478 0.008893143385648727 730
1615568863992 0.009580758400261402 731
1615568898372 0.010400718078017235 732
1615568932843 0.009237274527549744 733
1615568967506 0.011466298252344131 734
1615569001557 0.011230488307774067 735
1615569036011 0.010638168081641197 736
1615569070511 0.009035714901983738 737
1615569105108 0.009660990908741951 738
1615569139408 0.008894417434930801 739
1615569177984 0.012260358780622482 740
1615569212363 0.012385740876197815 741
1615569246977 0.009754706174135208 742
1615569281291 0.009092450141906738 743
1615569315890 0.007427753880620003 744
1615569350401 0.010869110003113747 745
1615569384911 0.009490104392170906 746
1615569422563 0.009827959351241589 747
1615569456660 0.010392799973487854 748
1615569490981 0.01108961459249258 749
1615569529288 0.010330870747566223 750
1615569563870 0.012772846966981888 751
1615569598057 0.011205503717064857 752
1615569632383 0.010998841375112534 753
1615569666548 0.009591521695256233 754
1615569700670 0.010007012635469437 755
1615569734936 0.008592136204242706 756
1615569768961 0.011953984387218952 757
1615569803148 0.010344868525862694 758
1615569837332 0.008434456773102283 759
1615569876239 0.010852603241801262 760
1615569910373 0.01090262457728386 761
1615569944940 0.010195773094892502 762
1615569979105 0.010512769222259521 763
1615570013463 0.010396117344498634 764
1615570048057 0.011807478033006191 765
1615570082546 0.009699943475425243 766
1615570117062 0.009513024240732193 767
1615570151647 0.01047707349061966 768
1615570185862 0.00881672278046608 769
1615570224034 0.010050609707832336 770
1615570258266 0.01134314015507698 771
1615570292753 0.010941446758806705 772
1615570327303 0.008799724280834198 773
1615570361528 0.010912418365478516 774
1615570396067 0.012353980913758278 775
1615570430179 0.00879242829978466 776
1615570464464 0.01000453531742096 777
1615570498906 0.01085822843015194 778
1615570533518 0.010410400107502937 779
1615570572232 0.008807607926428318 780
1615570606620 0.013518732972443104 781
1615570641194 0.008533759042620659 782
1615570675302 0.008633404970169067 783
1615570709326 0.009809600189328194 784
1615570743800 0.009301393292844296 785
1615570778043 0.011625787243247032 786
1615570812248 0.011210288852453232 787
1615570846524 0.01002493780106306 788
1615570880774 0.011120331473648548 789
1615570919323 0.010086217895150185 790
1615570953603 0.01072586141526699 791
1615570988278 0.009786712937057018 792
1615571023017 0.0113137848675251 793
1615571057645 0.009164400398731232 794
1615571092208 0.010054180398583412 795
1615571126313 0.009816579520702362 796
1615571160667 0.00927722081542015 797
1615571194721 0.011736073531210423 798
1615571229304 0.007212653756141663 799
1615571268321 0.010289208963513374 800
1615571302435 0.011703506112098694 801
1615571337023 0.010960985906422138 802
1615571371703 0.009588951244950294 803
1615571406206 0.009656142443418503 804
1615571440386 0.011826025322079659 805
1615571474907 0.009429402649402618 806
1615571509462 0.010200981982052326 807
1615571544125 0.010985714383423328 808
1615571578409 0.012102169916033745 809
1615571617464 0.01066189631819725 810
1615571651959 0.012435004115104675 811
1615571686354 0.009853648021817207 812
1615571720720 0.009401720017194748 813
1615571755283 0.008531313389539719 814
1615571790032 0.009425317868590355 815
1615571824365 0.011700233444571495 816
1615571858871 0.0075962720438838005 817
1615571893224 0.011905176565051079 818
1615571927720 0.011511040851473808 819
1615571966858 0.013311374932527542 820
1615572001452 0.009596006944775581 821
1615572035496 0.011260597966611385 822
1615572069551 0.010204896330833435 823
1615572104141 0.009973673149943352 824
1615572138634 0.011580407619476318 825
1615572172775 0.009893065318465233 826
1615572206830 0.01179127674549818 827
1615572241124 0.008676471188664436 828
1615572275424 0.00922856293618679 829
1615572313978 0.010377260856330395 830
1615572347997 0.011293587274849415 831
1615572382616 0.009545108303427696 832
1615572416882 0.008346185088157654 833
1615572451537 0.010020160116255283 834
1615572486250 0.010881182737648487 835
1615572520717 0.009870942682027817 836
1615572555520 0.012929225340485573 837
1615572590187 0.011614713817834854 838
1615572624552 0.010264748707413673 839
1615572663349 0.008725492283701897 840
1615572697502 0.011475134640932083 841
1615572732082 0.010227503255009651 842
1615572766171 0.008216219954192638 843
1615572800674 0.009026256389915943 844
1615572835186 0.01057120505720377 845
1615572869610 0.008907074108719826 846
1615572903925 0.009249137714505196 847
1615572938472 0.010753452777862549 848
1615572972678 0.013436583802103996 849
1615573011427 0.010301733389496803 850
1615573045548 0.008018545806407928 851
1615573080245 0.006901770364493132 852
1615573114448 0.012345553375780582 853
1615573148761 0.010713459923863411 854
1615573183364 0.010838315822184086 855
1615573217966 0.010726339183747768 856
1615573252417 0.01100657507777214 857
1615573286937 0.00934017077088356 858
1615573321305 0.008822284638881683 859
1615573359688 0.008859219960868359 860
1615573393773 0.011749228462576866 861
1615573428010 0.011096235364675522 862
1615573462543 0.011663751676678658 863
1615573496844 0.012474924325942993 864
1615573530979 0.009190283715724945 865
1615573565167 0.011875927448272705 866
1615573599725 0.008233878761529922 867
1615573634283 0.013590900227427483 868
1615573668824 0.010600907728075981 869
1615573707604 0.008194390684366226 870
1615573742156 0.009817956946790218 871
1615573776186 0.01080801896750927 872
1615573810742 0.012522637844085693 873
1615573844838 0.010808102786540985 874
1615573879278 0.009301804006099701 875
1615573914098 0.009801633656024933 876
1615573948514 0.010503718629479408 877
1615573982692 0.012123581022024155 878
1615574017041 0.00898826029151678 879
1615574055352 0.007784408517181873 880
1615574089841 0.011136317625641823 881
1615574124120 0.009457050822675228 882
1615574158248 0.011193730868399143 883
1615574192373 0.010609012097120285 884
1615574226600 0.01143648475408554 885
1615574261067 0.012435468845069408 886
1615574295653 0.007525293622165918 887
1615574330076 0.009469191543757915 888
1615574364584 0.011036574840545654 889
1615574403049 0.009040418080985546 890
1615574437193 0.007985362783074379 891
1615574471714 0.010220839641988277 892
1615574506000 0.008749452419579029 893
1615574540467 0.008871382102370262 894
1615574574817 0.00694846548140049 895
1615574608829 0.011127470061182976 896
1615574642983 0.01189399790018797 897
1615574677063 0.009333843365311623 898
1615574711966 0.012353811413049698 899
1615574750829 0.008496304042637348 900
1615574784932 0.009150898084044456 901
1615574819327 0.008369579911231995 902
1615574853554 0.010569404810667038 903
1615574888075 0.009320005774497986 904
1615574922245 0.010095367208123207 905
1615574956712 0.010564375668764114 906
1615574991380 0.010460009798407555 907
1615575026048 0.010821138508617878 908
1615575060268 0.010083992034196854 909
1615575098857 0.008417123928666115 910
1615575133470 0.008720519952476025 911
1615575167909 0.012125404551625252 912
1615575202751 0.010131794959306717 913
1615575237549 0.008206070400774479 914
1615575272247 0.011612311005592346 915
1615575306443 0.009470180608332157 916
1615575340621 0.013061690144240856 917
1615575375001 0.010129380971193314 918
1615575409440 0.009265067055821419 919
1615575447676 0.009738719090819359 920
1615575481950 0.010262482799589634 921
1615575516426 0.008922545239329338 922
1615575551140 0.010628223419189453 923
1615575585724 0.007966761477291584 924
1615575620315 0.010367562994360924 925
1615575654782 0.008773056790232658 926
1615575689198 0.009100792929530144 927
1615575723254 0.010389282368123531 928
1615575757775 0.008890154771506786 929
1615575796000 0.0124281607568264 930
1615575830780 0.009951087646186352 931
1615575865100 0.009557364508509636 932
1615575899413 0.010018125176429749 933
1615575933983 0.01194995827972889 934
1615575968201 0.009919012896716595 935
1615576002380 0.012224653735756874 936
1615576036819 0.012247297912836075 937
1615576071241 0.010573145002126694 938
1615576105998 0.01020795851945877 939
1615576144531 0.009656788781285286 940
1615576179241 0.0120498426258564 941
1615576213877 0.010961848311126232 942
1615576248422 0.010390321724116802 943
1615576283013 0.009392828680574894 944
1615576317127 0.009140612557530403 945
1615576351305 0.007945271208882332 946
1615576386101 0.013583727180957794 947
1615576420650 0.008316372521221638 948
1615576454998 0.008033805526793003 949
1615576493948 0.010517982766032219 950
1615576528491 0.010305522009730339 951
1615576562691 0.00820949301123619 952
1615576597144 0.009230360388755798 953
1615576631478 0.008766509592533112 954
1615576665996 0.011304032057523727 955
1615576700288 0.008063841611146927 956
1615576734933 0.010165305808186531 957
1615576769226 0.008592306636273861 958
1615576803677 0.009303957223892212 959
1615576842338 0.012433105148375034 960
1615576877042 0.010641137138009071 961
1615576911600 0.009211033582687378 962
1615576945661 0.010816829279065132 963
1615576979871 0.009306568652391434 964
1615577014285 0.00849132053554058 965
1615577048810 0.010387193411588669 966
1615577083472 0.00852149911224842 967
1615577118329 0.007736739702522755 968
1615577152660 0.009485255926847458 969
1615577190889 0.011980824172496796 970
1615577225488 0.009098321199417114 971
1615577259954 0.009901439771056175 972
1615577294237 0.010007807053625584 973
1615577328300 0.009885357692837715 974
1615577362908 0.010983653366565704 975
1615577397548 0.008225185796618462 976
1615577431707 0.008435460738837719 977
1615577466112 0.012185654602944851 978
1615577500608 0.009799016639590263 979
1615577539307 0.013033898547291756 980
1615577573813 0.011091585271060467 981
1615577608470 0.010598504915833473 982
1615577642711 0.010755044408142567 983
1615577677441 0.008078744634985924 984
1615577712219 0.009294403716921806 985
1615577746818 0.008948643691837788 986
1615577781382 0.009069046936929226 987
1615577815498 0.008553244173526764 988
1615577849979 0.008316170424222946 989
1615577889084 0.009955023415386677 990
1615577923201 0.010301210917532444 991
1615577957713 0.00882366020232439 992
1615577992242 0.010345812886953354 993
1615578026402 0.008991796523332596 994
1615578060459 0.007756716571748257 995
1615578094952 0.008684327825903893 996
1615578129091 0.0070441667921841145 997
1615578163491 0.009678857401013374 998
1615578197964 0.009955184534192085 999
1615578236047 0.009129012934863567 1000
1615578270526 0.00859779305756092 1001
1615578304736 0.008536361157894135 1002
1615578339220 0.00977879948914051 1003
1615578373521 0.01074155978858471 1004
1615578407800 0.01032889075577259 1005
1615578442356 0.011052042245864868 1006
1615578476601 0.009179793298244476 1007
1615578511273 0.01006873045116663 1008
1615578545497 0.012839052826166153 1009
1615578584153 0.010352051816880703 1010
1615578618715 0.007777622435241938 1011
1615578653217 0.008863847702741623 1012
1615578687408 0.010453745722770691 1013
1615578721391 0.009815281257033348 1014
1615578755934 0.010029533877968788 1015
1615578790177 0.01185760647058487 1016
1615578824296 0.010298914276063442 1017
1615578858739 0.008064713329076767 1018
1615578892807 0.009018165059387684 1019
1615578931726 0.009631093591451645 1020
1615578965968 0.010863261297345161 1021
1615579000511 0.012754468247294426 1022
1615579035090 0.008720153011381626 1023
1615579069569 0.009494578465819359 1024
1615579103909 0.011467895470559597 1025
1615579138471 0.008151092566549778 1026
1615579172741 0.010080376639962196 1027
1615579207023 0.009806670248508453 1028
1615579241457 0.008938770741224289 1029
1615579280033 0.011317151598632336 1030
1615579314113 0.010757924988865852 1031
1615579348266 0.010785328224301338 1032
1615579382771 0.009570026770234108 1033
1615579417609 0.008256196044385433 1034
1615579451918 0.008514679037034512 1035
1615579486297 0.009088238701224327 1036
1615579520820 0.009377729147672653 1037
1615579555070 0.010458000004291534 1038
1615579589302 0.010284709744155407 1039
1615579628130 0.010435115545988083 1040
1615579662647 0.007731364108622074 1041
1615579697156 0.009568946436047554 1042
1615579731617 0.009057335555553436 1043
1615579766169 0.011406755074858665 1044
1615579800769 0.008410527370870113 1045
1615579835272 0.01015072874724865 1046
1615579869785 0.0108037069439888 1047
1615579904086 0.009320621378719807 1048
1615579938257 0.010546218603849411 1049
1615579976853 0.010160237550735474 1050
1615580010998 0.010578093118965626 1051
1615580045627 0.011114764958620071 1052
1615580080093 0.00932601559907198 1053
1615580114623 0.01025077048689127 1054
1615580149224 0.009722435846924782 1055
1615580183737 0.0077895959839224815 1056
1615580218415 0.008134426549077034 1057
1615580252789 0.012412706390023232 1058
1615580287590 0.012384183704853058 1059
1615580326672 0.009819863364100456 1060
1615580361243 0.009225225076079369 1061
1615580395839 0.010641437023878098 1062
1615580429952 0.011566095054149628 1063
1615580463932 0.011995509266853333 1064
1615580498580 0.010192830115556717 1065
1615580532962 0.01029188372194767 1066
1615580567201 0.011125638149678707 1067
1615580601655 0.010363530367612839 1068
1615580635744 0.00877591036260128 1069
1615580674202 0.010977932251989841 1070
1615580708775 0.009522870182991028 1071
1615580743153 0.012461462989449501 1072
1615580777343 0.010485945269465446 1073
1615580811944 0.009599441662430763 1074
1615580846577 0.008603285998106003 1075
1615580881267 0.010019933804869652 1076
1615580915948 0.010825416073203087 1077
1615580950429 0.009908199310302734 1078
1615580984567 0.009663950651884079 1079
1615581023155 0.010903555899858475 1080
1615581057709 0.0110974982380867 1081
1615581092591 0.012695146724581718 1082
1615581126807 0.011127462610602379 1083
1615581161156 0.011773204430937767 1084
1615581195343 0.011076776310801506 1085
1615581229844 0.009122403338551521 1086
1615581264387 0.009187793359160423 1087
1615581299170 0.009648466482758522 1088
1615581333826 0.010235501453280449 1089
1615581372346 0.009194793179631233 1090
1615581407138 0.00910361297428608 1091
1615581441614 0.010141932405531406 1092
1615581475841 0.009465247392654419 1093
1615581510445 0.01150568574666977 1094
1615581544638 0.009047051891684532 1095
1615581579435 0.008297238498926163 1096
1615581613670 0.011502805165946484 1097
1615581648000 0.009920304641127586 1098
1615581682337 0.008022386580705643 1099
1615581720989 0.008943933062255383 1100
1615581755207 0.008479144424200058 1101
1615581789516 0.010351677425205708 1102
1615581824020 0.008388807065784931 1103
1615581858217 0.009805763140320778 1104
1615581892692 0.011470090597867966 1105
1615581927571 0.008540627546608448 1106
1615581961803 0.0106394337490201 1107
1615581996296 0.009252488613128662 1108
1615582030371 0.009127920493483543 1109
1615582069240 0.0074369944632053375 1110
1615582103244 0.01055129524320364 1111
1615582137756 0.011803220957517624 1112
1615582172296 0.010126164183020592 1113
1615582206560 0.00828719511628151 1114
1615582241275 0.009730199351906776 1115
1615582275423 0.007609088439494371 1116
1615582309641 0.010246447287499905 1117
1615582344114 0.008881187066435814 1118
1615582378497 0.012018422596156597 1119
1615582416641 0.010267751291394234 1120
1615582451136 0.009330646134912968 1121
1615582486246 0.009007347747683525 1122
1615582520774 0.00876940879970789 1123
1615582555158 0.008711024187505245 1124
1615582589241 0.008527813479304314 1125
1615582623407 0.009094293229281902 1126
1615582657865 0.008664146065711975 1127
1615582692442 0.009367555379867554 1128
1615582726692 0.008910740725696087 1129
1615582765639 0.00809298176318407 1130
1615582800168 0.011230336502194405 1131
1615582834672 0.007230948656797409 1132
1615582869016 0.00967105757445097 1133
1615582903335 0.009240289218723774 1134
1615582937741 0.009684653952717781 1135
1615582972728 0.007868818938732147 1136
1615583007542 0.009421991184353828 1137
1615583042452 0.00951477326452732 1138
1615583077738 0.009940970689058304 1139
1615583116465 0.01083017885684967 1140
1615583151340 0.010225817561149597 1141
1615583186230 0.01092691533267498 1142
1615583220806 0.00931665301322937 1143
1615583255249 0.010335145518183708 1144
1615583289697 0.008837005123496056 1145
1615583324090 0.011362848803400993 1146
1615583358593 0.00750498753041029 1147
1615583392706 0.010195448994636536 1148
1615583427215 0.010836778208613396 1149
1615583465975 0.009934339672327042 1150
1615583500238 0.01035497896373272 1151
1615583534891 0.010098478756844997 1152
1615583569573 0.009472789242863655 1153
1615583603713 0.011151722632348537 1154
1615583637898 0.00996718555688858 1155
1615583672575 0.008906088769435883 1156
1615583707987 0.009753920137882233 1157
1615583744603 0.010077252052724361 1158
1615583779822 0.012222401797771454 1159
1615583818869 0.010089479386806488 1160
1615583853407 0.00963875837624073 1161
1615583887978 0.007271319627761841 1162
1615583922579 0.008412923663854599 1163
1615583956957 0.010182753205299377 1164
1615583991086 0.012112402357161045 1165
1615584025540 0.009090223349630833 1166
1615584059589 0.009890668094158173 1167
1615584093886 0.011456668376922607 1168
1615584128281 0.00878245010972023 1169
1615584167057 0.009081277996301651 1170
1615584201626 0.009031062945723534 1171
1615584235916 0.009962687268853188 1172
1615584270423 0.011700255796313286 1173
1615584305040 0.010601579211652279 1174
1615584339684 0.009699864313006401 1175
1615584374086 0.007849384099245071 1176
1615584408720 0.007528608199208975 1177
1615584443018 0.010306328535079956 1178
1615584477481 0.0090399868786335 1179
1615584515837 0.009273715317249298 1180
1615584549937 0.00824517011642456 1181
1615584584077 0.010675416328012943 1182
1615584618936 0.009647331200540066 1183
1615584653455 0.008817967027425766 1184
1615584687574 0.009898822754621506 1185
1615584722255 0.0099363774061203 1186
1615584756273 0.010063420981168747 1187
1615584790443 0.00994600635021925 1188
1615584824753 0.007690788246691227 1189
1615584864089 0.009325647726655006 1190
1615584898557 0.0084824338555336 1191
1615584933298 0.007454425562173128 1192
1615584967775 0.010081985965371132 1193
1615585002163 0.009399067610502243 1194
1615585036468 0.011054272763431072 1195
1615585070758 0.009105280041694641 1196
1615585105031 0.009616080671548843 1197
1615585139317 0.009381681680679321 1198
1615585173485 0.008913712576031685 1199
1615585211952 0.011497413739562035 1200
1615585236031 0.008207501843571663 0
1615585236046 0.008207501843571663 0
