1615586917467 0.0042714402079582214 1
1615586951464 0.0007151891477406025 2
1615586985834 0.0012852493673563004 3
1615587020181 0.00030898276600055397 4
1615587054338 0.00011211842502234504 5
1615587088880 0.0003875999536830932 6
1615587123611 8.203147444874048e-05 7
1615587157777 1.6250656926786178e-06 8
1615587192413 5.0242288125446066e-05 9
1615587231330 1.7170315913972445e-05 10
1615587265916 1.5439477465406526e-06 11
1615587300122 9.495902304479387e-06 12
1615587334569 0.00021183700300753117 13
1615587368913 9.80858203547541e-06 14
1615587403018 8.391406481678132e-06 15
1615587437315 0.0 16
1615587471853 0.0 17
1615587506070 3.2965765512926737e-06 18
1615587540877 0.0 19
1615587579336 3.3384745279363415e-07 20
1615587613313 0.0 21
1615587647413 1.1559474160094396e-06 22
1615587681890 0.0 23
1615587716371 0.0 24
1615587750463 0.0 25
1615587785013 0.0 26
1615587819722 0.0 27
1615587854310 0.0 28
1615587888647 0.0 29
1615587927365 0.0 30
1615587961850 0.0 31
1615587996665 0.0 32
1615588031295 0.0 33
1615588065923 0.0 34
1615588100219 0.0 35
1615588134630 0.0 36
1615588169148 0.0 37
1615588203236 0.0 38
1615588237451 0.0 39
1615588276343 0.0 40
1615588310873 0.0 41
1615588345311 0.0 42
1615588379866 0.0 43
1615588414402 6.535948341479525e-05 44
1615588448651 0.0 45
1615588482767 0.0 46
1615588517270 0.0 47
1615588551832 0.0 48
1615588586580 0.0 49
1615588625160 0.0 50
1615588659581 0.0 51
1615588693930 0.0 52
1615588728040 0.0 53
1615588762266 0.0 54
1615588796578 0.0 55
1615588830996 0.0 56
1615588865327 0.0 57
1615588899900 0.0 58
1615588933964 1.0643959285516758e-05 59
1615588972548 0.0 60
1615589006893 0.0 61
1615589041425 1.0804462363012135e-05 62
1615589075572 0.0 63
1615589110028 0.0 64
1615589144132 0.0 65
1615589178442 0.0 66
1615589213309 4.222972711431794e-05 67
1615589247920 0.00015939059085212648 68
1615589282215 0.0 69
1615589320570 0.0 70
1615589355213 0.0 71
1615589389830 0.0 72
1615589424365 0.0001665670279180631 73
1615589458959 0.0 74
1615589493720 1.7397265139607043e-07 75
1615589527917 0.0 76
1615589561903 0.0 77
1615589596332 2.538853368605487e-05 78
1615589630734 0.0 79
1615589669765 0.0010731108486652374 80
1615589703786 0.0 81
1615589737971 0.0 82
1615589772508 0.0 83
1615589806691 0.0 84
1615589840926 0.0 85
1615589875424 0.0 86
1615589910461 0.0 87
1615589945158 0.0 88
1615589979697 0.0 89
1615590018216 0.0 90
1615590052263 0.0 91
1615590086809 0.0 92
1615590121264 0.00014126187306828797 93
1615590155898 1.1727001947292592e-06 94
1615590190335 0.0 95
1615590224804 0.0002425359416520223 96
1615590258908 0.0 97
1615590293254 4.811393409909215e-06 98
1615590327505 4.67869085696293e-06 99
1615590365821 0.0 100
1615590400437 4.318610444897786e-05 101
1615590434694 5.428405711427331e-05 102
1615590469432 0.0 103
1615590504260 0.0 104
1615590538720 0.0 105
1615590573191 0.0 106
1615590607724 3.12020092678722e-05 107
1615590642385 0.0 108
1615590676536 0.0 109
1615590715423 0.0 110
1615590750149 0.0 111
1615590784928 0.0 112
1615590819836 0.0 113
1615590854335 3.383522425792762e-06 114
1615590888847 0.0 115
1615590923036 0.0 116
1615590957294 0.0 117
1615590991507 0.0 118
1615591026298 0.0 119
1615591065637 0.0 120
1615591099857 0.0 121
1615591133932 0.0 122
1615591168438 0.00018569630628917366 123
1615591202625 0.0 124
1615591236709 0.0 125
1615591271191 0.0014846742851659656 126
1615591305805 0.0 127
1615591340488 0.0 128
1615591375031 0.0 129
1615591413817 0.00034948179381899536 130
1615591448307 0.0010277063120156527 131
1615591482868 0.0007311922963708639 132
1615591517791 0.0007503670640289783 133
1615591552146 3.368403486092575e-05 134
1615591586407 0.0001606563600944355 135
1615591620748 8.371207513846457e-06 136
1615591654831 0.0008747979300096631 137
1615591689238 9.89039326668717e-05 138
1615591724033 0.0 139
1615591762424 0.0 140
1615591796791 0.0 141
1615591831277 2.901283914980013e-05 142
1615591865518 0.0 143
1615591900061 0.0 144
1615591934523 0.0 145
1615591968963 7.555015599791659e-07 146
1615592003589 0.0 147
1615592038274 0.0 148
1615592072546 0.0 149
1615592111114 0.0 150
1615592145412 0.0 151
1615592179834 0.0 152
1615592214007 0.0 153
1615592248632 0.00024626744561828673 154
1615592282953 0.0 155
1615592317525 0.0 156
1615592352019 0.0 157
1615592386214 1.734002034936566e-05 158
1615592421348 0.0 159
1615592459473 0.0 160
1615592493608 0.0 161
1615592527624 0.0 162
1615592562211 0.0 163
1615592596705 0.0 164
1615592630888 1.4599456221731089e-07 165
1615592665304 0.0 166
1615592699977 5.755064648838015e-06 167
1615592734372 0.000736050889827311 168
1615592768815 0.000981616205535829 169
1615592807683 7.409128011204302e-05 170
1615592842149 0.0005342078511603177 171
1615592876900 0.00016443736967630684 172
1615592911184 0.0005145329632796347 173
1615592945461 0.003205034416168928 174
1615592979704 0.0 175
1615593013845 5.5887667258502916e-06 176
1615593048374 0.0037576325703412294 177
1615593082774 0.00045822415268048644 178
1615593117390 0.0 179
1615593156366 4.0594600250187796e-06 180
1615593190457 2.6755904400488362e-05 181
1615593224592 0.0008870727615430951 182
1615593259162 0.00011447717406554148 183
1615593293910 0.0014621441951021552 184
1615593328681 0.0017262775218114257 185
1615593363460 0.0025541854556649923 186
1615593397805 0.0032276075799018145 187
1615593432198 0.0014593696687370539 188
1615593467020 1.66172903846018e-05 189
1615593505745 0.0004680955898948014 190
1615593540177 0.0012007035547867417 191
1615593574347 3.0155542845022865e-06 192
1615593608922 0.00290582119487226 193
1615593643421 0.0 194
1615593677672 3.806965469266288e-05 195
1615593712166 0.00031025498174130917 196
1615593746693 0.0003083234478253871 197
1615593781270 0.0074493372812867165 198
1615593815752 0.0003071805404033512 199
1615593854146 0.000211567705264315 200
1615593888400 9.434756975679193e-06 201
1615593923071 6.632179429288954e-05 202
1615593957373 7.250795988511527e-06 203
1615593991843 0.00015121742035262287 204
1615594026736 0.0008780996431596577 205
1615594060918 0.0026074894703924656 206
1615594095165 0.001241208054125309 207
1615594129720 0.0009394373628310859 208
1615594163858 0.007206459529697895 209
1615594202269 0.0001482068473706022 210
1615594236403 0.00013597015640698373 211
1615594271035 3.828534681815654e-05 212
1615594306150 0.0030751770827919245 213
1615594341000 0.004304869566112757 214
1615594375229 0.014481181278824806 215
1615594409259 0.005562334321439266 216
1615594443403 0.02324429526925087 217
1615594477533 0.004794396460056305 218
1615594512038 0.012102439999580383 219
1615594551169 0.0068999044597148895 220
1615594585645 0.01975373737514019 221
1615594620282 0.01307150162756443 222
1615594654728 0.0015782954869791865 223
1615594689544 0.0011854387121275067 224
1615594723866 0.002014425117522478 225
1615594758345 0.006293725688010454 226
1615594792899 0.028864838182926178 227
1615594827640 0.002432642038911581 228
1615594862075 0.0008288190583698452 229
1615594900569 0.015701279044151306 230
1615594935128 0.01928679086267948 231
1615594969988 0.011288627982139587 232
1615595004236 0.008366255089640617 233
1615595038805 0.005426038056612015 234
1615595072963 0.03577094525098801 235
1615595107463 0.005730966106057167 236
1615595141545 0.019182587042450905 237
1615595176007 0.011054625734686852 238
1615595210516 0.013514358550310135 239
1615595249437 0.015220452100038528 240
1615595284171 0.03500581160187721 241
1615595318903 0.019707446917891502 242
1615595353485 0.020844170823693275 243
1615595388458 0.02132236212491989 244
1615595422728 0.035862475633621216 245
1615595458193 0.019233854487538338 246
1615595492348 0.004017484374344349 247
1615595526874 0.018279775977134705 248
1615595561208 0.013571877032518387 249
1615595600244 0.013561993837356567 250
1615595634477 0.020537100732326508 251
1615595669089 0.017104681581258774 252
1615595703904 0.025864560157060623 253
1615595738536 0.03244651108980179 254
1615595773202 0.059228166937828064 255
1615595807993 0.03780796378850937 256
1615595842190 0.042510416358709335 257
1615595876333 0.049572743475437164 258
1615595910847 0.03948747366666794 259
1615595949302 0.022205917164683342 260
1615595983784 0.0407780259847641 261
1615596017845 0.034641336649656296 262
1615596051977 0.016263913363218307 263
1615596086457 0.02635725773870945 264
1615596121059 0.013406024314463139 265
1615596155141 0.032043445855379105 266
1615596189652 0.007679968606680632 267
1615596223769 0.03458228334784508 268
1615596258143 0.05741642415523529 269
1615596296463 0.03876836225390434 270
1615596331023 0.027838751673698425 271
1615596365483 0.02004285156726837 272
1615596400223 0.04089716449379921 273
1615596434486 0.030362684279680252 274
1615596468684 0.06603055447340012 275
1615596503171 0.05538482218980789 276
1615596537759 0.04089886695146561 277
1615596572354 0.05279853567481041 278
1615596606561 0.019601406529545784 279
1615596645638 0.015376968309283257 280
1615596679818 0.014090055599808693 281
1615596714010 0.04486176744103432 282
1615596748712 0.027890603989362717 283
1615596783926 0.05316098779439926 284
1615596818336 0.0405355729162693 285
1615596852615 0.036923471838235855 286
1615596887312 0.05180821195244789 287
1615596921888 0.04253523424267769 288
1615596955966 0.04192652180790901 289
1615596994685 0.04454568400979042 290
1615597029204 0.027796868234872818 291
1615597063427 0.04239708185195923 292
1615597097885 0.04402555897831917 293
1615597132452 0.0454266220331192 294
1615597166807 0.044690147042274475 295
1615597201237 0.05544157698750496 296
1615597235763 0.038108449429273605 297
1615597269918 0.031340740621089935 298
1615597304050 0.022115953266620636 299
1615597343287 0.04170480743050575 300
1615597377920 0.034939561039209366 301
1615597412238 0.049832507967948914 302
1615597446491 0.04107581824064255 303
1615597480824 0.05233074352145195 304
1615597515241 0.04127137362957001 305
1615597549478 0.037919409573078156 306
1615597584045 0.03305266797542572 307
1615597618846 0.061548031866550446 308
1615597653465 0.06740089505910873 309
1615597692974 0.036144137382507324 310
1615597727597 0.04486160725355148 311
1615597761930 0.04117228090763092 312
1615597796410 0.06613801419734955 313
1615597831068 0.055711135268211365 314
1615597865375 0.06761220097541809 315
1615597899685 0.05865476652979851 316
1615597934293 0.043540094047784805 317
1615597968520 0.038664255291223526 318
1615598003155 0.04553559422492981 319
1615598041836 0.06383989751338959 320
1615598076502 0.04443693906068802 321
1615598111140 0.07272574305534363 322
1615598145351 0.03344558924436569 323
1615598179620 0.05993088707327843 324
1615598214335 0.043860286474227905 325
1615598249059 0.07622058689594269 326
1615598283283 0.07125210016965866 327
1615598317645 0.060509584844112396 328
1615598352378 0.07518936693668365 329
1615598390801 0.06451355665922165 330
1615598425193 0.06247612088918686 331
1615598459838 0.05737509950995445 332
1615598494069 0.08368486166000366 333
1615598528708 0.10696318745613098 334
1615598562854 0.07356095314025879 335
1615598596949 0.11481030285358429 336
1615598631422 0.062430817633867264 337
1615598665939 0.05260729789733887 338
1615598700054 0.06660754978656769 339
1615598738895 0.06792886555194855 340
1615598773496 0.08815813064575195 341
1615598807748 0.10744103789329529 342
1615598842072 0.10427480936050415 343
1615598876416 0.05629143863916397 344
1615598910784 0.06900736689567566 345
1615598945330 0.05759475752711296 346
1615598979694 0.06827259063720703 347
1615599013847 0.034803323447704315 348
1615599048645 0.08765953779220581 349
1615599087620 0.0880875214934349 350
1615599122182 0.06464289873838425 351
1615599156309 0.1264694184064865 352
1615599190987 0.04612303152680397 353
1615599225154 0.06257857382297516 354
1615599260076 0.06421338021755219 355
1615599294176 0.058938369154930115 356
1615599328377 0.04854033142328262 357
1615599362857 0.07039925456047058 358
1615599397546 0.08495572954416275 359
1615599436316 0.061348408460617065 360
1615599470805 0.11143919080495834 361
1615599505228 0.09789304435253143 362
1615599539453 0.07217162847518921 363
1615599574146 0.05429112911224365 364
1615599608938 0.07728584855794907 365
1615599643529 0.056843824684619904 366
1615599677845 0.047888848930597305 367
1615599712032 0.10028329491615295 368
1615599746568 0.04873880743980408 369
1615599785119 0.07246220856904984 370
1615599819428 0.06688185036182404 371
1615599854463 0.09031906723976135 372
1615599889039 0.0982692539691925 373
1615599923423 0.0519750714302063 374
1615599957534 0.10237883776426315 375
1615599992018 0.07800745218992233 376
1615600026570 0.08089122176170349 377
1615600061017 0.053635839372873306 378
1615600095649 0.07354094088077545 379
1615600133896 0.08378978073596954 380
1615600168507 0.08767741173505783 381
1615600203213 0.11641664803028107 382
1615600237424 0.11488019675016403 383
1615600271897 0.10515481233596802 384
1615600306669 0.11625991761684418 385
1615600340917 0.07971782237291336 386
1615600375343 0.11426772177219391 387
1615600409605 0.08442341536283493 388
1615600443788 0.10025627911090851 389
1615600482599 0.09207411110401154 390
1615600517135 0.06584295630455017 391
1615600551328 0.07292027771472931 392
1615600585495 0.10610347986221313 393
1615600620053 0.11191827058792114 394
1615600654591 0.04979632794857025 395
1615600689315 0.08288167417049408 396
1615600724058 0.08016380667686462 397
1615600758445 0.128978431224823 398
1615600793086 0.12661795318126678 399
1615600832375 0.08800199627876282 400
1615600866743 0.10597431659698486 401
1615600901187 0.09298183023929596 402
1615600935779 0.07213325053453445 403
1615600970388 0.10525776445865631 404
1615601004872 0.07820821553468704 405
1615601039039 0.10898342728614807 406
1615601073576 0.07539300620555878 407
1615601108432 0.08749647438526154 408
1615601142549 0.13660119473934174 409
1615601181134 0.092567577958107 410
1615601215311 0.09371092170476913 411
1615601249803 0.1118016242980957 412
1615601283901 0.08954352140426636 413
1615601318102 0.07411736994981766 414
1615601352255 0.0949815884232521 415
1615601386419 0.11736777424812317 416
1615601421068 0.058080703020095825 417
1615601455956 0.10578212141990662 418
1615601490521 0.10133320093154907 419
1615601529013 0.09192970395088196 420
1615601563490 0.1392027884721756 421
1615601598161 0.12304510176181793 422
1615601632370 0.0957467183470726 423
1615601666733 0.11710129678249359 424
1615601701036 0.08308737725019455 425
1615601735326 0.05434098839759827 426
1615601769767 0.11404575407505035 427
1615601803882 0.0771622359752655 428
1615601838055 0.0757979080080986 429
1615601877073 0.10904441773891449 430
1615601911824 0.05084259435534477 431
1615601946065 0.124372698366642 432
1615601980417 0.0739777684211731 433
1615602014818 0.07613460719585419 434
1615602048988 0.0712963342666626 435
1615602083288 0.10705410689115524 436
1615602117734 0.07537275552749634 437
1615602152163 0.10552845150232315 438
1615602186809 0.1011795699596405 439
1615602225645 0.05014462023973465 440
1615602260072 0.09567952901124954 441
1615602294677 0.08811815083026886 442
1615602329184 0.07564243674278259 443
1615602363803 0.11719469726085663 444
1615602398432 0.11606402695178986 445
1615602432740 0.08550824224948883 446
1615602466896 0.09382316470146179 447
1615602501443 0.058075256645679474 448
1615602536100 0.08294902741909027 449
1615602575193 0.07000578194856644 450
1615602609712 0.061186183243989944 451
1615602644224 0.1079823300242424 452
1615602678470 0.11470121145248413 453
1615602712580 0.03869060054421425 454
1615602746701 0.1319790482521057 455
1615602780758 0.09435845911502838 456
1615602815409 0.09288953989744186 457
1615602849714 0.08404548466205597 458
1615602884028 0.06221972405910492 459
1615602922997 0.08645310997962952 460
1615602957404 0.08140477538108826 461
1615602992196 0.1328319013118744 462
1615603027009 0.11153970658779144 463
1615603061577 0.11558505892753601 464
1615603095999 0.138810932636261 465
1615603130139 0.07726451754570007 466
1615603164486 0.13711783289909363 467
1615603199019 0.10826942324638367 468
1615603233697 0.08336580544710159 469
1615603272286 0.09701849520206451 470
1615603306590 0.09087987244129181 471
1615603341195 0.110362708568573 472
1615603375945 0.12741470336914062 473
1615603410239 0.11472392082214355 474
1615603444584 0.1185455322265625 475
1615603479039 0.11630687117576599 476
1615603513439 0.09761566668748856 477
1615603548017 0.09997908771038055 478
1615603582345 0.11482273787260056 479
1615603621520 0.096108078956604 480
1615603655887 0.13063737750053406 481
1615603690159 0.12359219789505005 482
1615603724589 0.07996886223554611 483
1615603759253 0.13387827575206757 484
1615603793590 0.12941479682922363 485
1615603827909 0.07469125092029572 486
1615603862513 0.1230999231338501 487
1615603897050 0.11712849140167236 488
1615603931518 0.11118848621845245 489
1615603970593 0.11760629713535309 490
1615604004740 0.13396334648132324 491
1615604039367 0.12588566541671753 492
1615604073645 0.12665919959545135 493
1615604108243 0.11149813234806061 494
1615604142795 0.11291500926017761 495
1615604177083 0.13657470047473907 496
1615604211425 0.15179137885570526 497
1615604245568 0.0938691720366478 498
1615604279999 0.08541904389858246 499
1615604318690 0.13974733650684357 500
1615604353265 0.11398884654045105 501
1615604387675 0.0826876237988472 502
1615604422238 0.09471002966165543 503
1615604457220 0.10667962580919266 504
1615604491553 0.11910219490528107 505
1615604525834 0.07142871618270874 506
1615604560230 0.10002006590366364 507
1615604594598 0.07209470868110657 508
1615604629235 0.11086764931678772 509
1615604668089 0.1183566153049469 510
1615604702721 0.09715500473976135 511
1615604737174 0.14889049530029297 512
1615604771757 0.13112954795360565 513
1615604806036 0.14815770089626312 514
1615604840622 0.11201871186494827 515
1615604875031 0.11156852543354034 516
1615604909533 0.10725738853216171 517
1615604943926 0.13499715924263 518
1615604978122 0.10930237174034119 519
1615605016711 0.1431485116481781 520
1615605051490 0.12043453752994537 521
1615605085962 0.08541060239076614 522
1615605120468 0.08899711072444916 523
1615605155099 0.13142208755016327 524
1615605189294 0.11830809712409973 525
1615605223893 0.09483952075242996 526
1615605258501 0.11017797142267227 527
1615605293286 0.14936143159866333 528
1615605327813 0.1188400387763977 529
1615605367172 0.1327681541442871 530
1615605401745 0.11900139600038528 531
1615605435830 0.11320076882839203 532
1615605470322 0.1264370083808899 533
1615605504404 0.11868593096733093 534
1615605538878 0.15653139352798462 535
1615605573469 0.1508045196533203 536
1615605608280 0.1404491662979126 537
1615605642589 0.13981911540031433 538
1615605676840 0.14059922099113464 539
1615605716060 0.18101289868354797 540
1615605750694 0.15246045589447021 541
1615605785334 0.08975236117839813 542
1615605820396 0.12840571999549866 543
1615605854622 0.11381389200687408 544
1615605889210 0.13497768342494965 545
1615605923647 0.12759743630886078 546
1615605958300 0.13675713539123535 547
1615605992720 0.10999555885791779 548
1615606027363 0.14578679203987122 549
1615606066482 0.14217451214790344 550
1615606101158 0.13026933372020721 551
1615606135594 0.14782202243804932 552
1615606169805 0.09496770799160004 553
1615606204269 0.0957748144865036 554
1615606238968 0.1437932550907135 555
1615606273794 0.11284133791923523 556
1615606308082 0.12083589285612106 557
1615606342541 0.1111215353012085 558
1615606376846 0.10998950898647308 559
1615606415172 0.14206615090370178 560
1615606449262 0.13441511988639832 561
1615606483822 0.08053417503833771 562
1615606518278 0.13181117177009583 563
1615606552787 0.1311255395412445 564
1615606586890 0.10959553718566895 565
1615606621440 0.13404828310012817 566
1615606655642 0.17258033156394958 567
1615606690290 0.12786316871643066 568
1615606724451 0.1517360359430313 569
1615606762855 0.115471251308918 570
1615606797446 0.11718474328517914 571
1615606832208 0.13805758953094482 572
1615606866581 0.16225434839725494 573
1615606900886 0.16303512454032898 574
1615606935521 0.16397176682949066 575
1615606970286 0.11503398418426514 576
1615607005289 0.12885475158691406 577
1615607040094 0.13799189031124115 578
1615607074467 0.12155251204967499 579
1615607113405 0.08874242752790451 580
1615607147651 0.1887548863887787 581
1615607181840 0.1332029104232788 582
1615607216278 0.1444433033466339 583
1615607250427 0.07664094865322113 584
1615607284465 0.1648050844669342 585
1615607319004 0.1479194164276123 586
1615607353559 0.1330152451992035 587
1615607388265 0.14621594548225403 588
1615607422574 0.13549838960170746 589
1615607461575 0.13079112768173218 590
1615607495742 0.1080913096666336 591
1615607530506 0.10533897578716278 592
1615607565096 0.11879171431064606 593
1615607599823 0.12350592017173767 594
1615607634166 0.13653221726417542 595
1615607668433 0.14468654990196228 596
1615607702760 0.14384743571281433 597
1615607737529 0.1580270528793335 598
1615607771743 0.11104270070791245 599
1615607810695 0.1434544324874878 600
1615607845109 0.19977304339408875 601
1615607879321 0.11816111952066422 602
1615607914364 0.12320622056722641 603
1615607948739 0.09519694745540619 604
1615607983046 0.10934250056743622 605
1615608017756 0.13492387533187866 606
1615608052175 0.12742021679878235 607
1615608086497 0.12518003582954407 608
1615608120548 0.10809846222400665 609
1615608159176 0.1346997320652008 610
1615608193799 0.10699960589408875 611
1615608228376 0.15518108010292053 612
1615608263833 0.12748022377490997 613
1615608298114 0.13936147093772888 614
1615608332869 0.17231261730194092 615
1615608367348 0.18066155910491943 616
1615608401532 0.14565636217594147 617
1615608435760 0.13713687658309937 618
1615608470152 0.11192671954631805 619
1615608508802 0.14343711733818054 620
1615608543186 0.14557898044586182 621
1615608577685 0.11308823525905609 622
1615608612135 0.16425228118896484 623
1615608646354 0.1898556798696518 624
1615608680698 0.17547625303268433 625
1615608715077 0.13584768772125244 626
1615608749668 0.14662088453769684 627
1615608784506 0.1652054488658905 628
1615608818866 0.15338961780071259 629
1615608857367 0.15787416696548462 630
1615608891497 0.1786327362060547 631
1615608926096 0.099845290184021 632
1615608960394 0.10670638084411621 633
1615608994611 0.16396726667881012 634
1615609028962 0.11905865371227264 635
1615609063588 0.12541139125823975 636
1615609097728 0.16632655262947083 637
1615609131903 0.11081743240356445 638
1615609165982 0.1947890669107437 639
1615609204382 0.11879612505435944 640
1615609239052 0.14996403455734253 641
1615609273485 0.131960928440094 642
1615609307691 0.2021009624004364 643
1615609342069 0.1085442304611206 644
1615609376600 0.14110875129699707 645
1615609410950 0.20013588666915894 646
1615609445262 0.1250794231891632 647
1615609479706 0.14011278748512268 648
1615609514591 0.17537549138069153 649
1615609553148 0.1412949413061142 650
1615609587372 0.18346530199050903 651
1615609621960 0.16913855075836182 652
1615609656241 0.19634774327278137 653
1615609690457 0.19568438827991486 654
1615609724994 0.17236222326755524 655
1615609759252 0.17326119542121887 656
1615609793889 0.16838222742080688 657
1615609828237 0.1360185742378235 658
1615609862757 0.1851823329925537 659
1615609901993 0.15049050748348236 660
1615609936780 0.1728581190109253 661
1615609971489 0.144508957862854 662
1615610006019 0.16787920892238617 663
1615610040379 0.09325587749481201 664
1615610074984 0.19956791400909424 665
1615610109385 0.15473315119743347 666
1615610143658 0.1686493158340454 667
1615610178152 0.15375752747058868 668
1615610212326 0.2272648811340332 669
1615610251511 0.16521364450454712 670
1615610286223 0.16704189777374268 671
1615610320534 0.1863844394683838 672
1615610355040 0.14002498984336853 673
1615610389316 0.18421988189220428 674
1615610423378 0.1362837702035904 675
1615610457818 0.1938195526599884 676
1615610492210 0.187300443649292 677
1615610526616 0.15525013208389282 678
1615610561571 0.17352703213691711 679
1615610600484 0.17661499977111816 680
1615610634865 0.1620437055826187 681
1615610669497 0.1798700988292694 682
1615610703761 0.13056455552577972 683
1615610738089 0.14168617129325867 684
1615610772786 0.18595635890960693 685
1615610807141 0.20263275504112244 686
1615610842054 0.2131539285182953 687
1615610876646 0.1303636133670807 688
1615610910752 0.1307540386915207 689
1615610949551 0.13362643122673035 690
1615610983795 0.1655716747045517 691
1615611018446 0.19215229153633118 692
1615611053001 0.13065870106220245 693
1615611087624 0.15129439532756805 694
1615611122076 0.19398611783981323 695
1615611156768 0.18345558643341064 696
1615611191619 0.14779871702194214 697
1615611226566 0.17629751563072205 698
1615611261060 0.14755314588546753 699
1615611299859 0.15991321206092834 700
1615611334021 0.1766175925731659 701
1615611368234 0.18215180933475494 702
1615611403375 0.17849889397621155 703
1615611437596 0.16677668690681458 704
1615611471682 0.1853681206703186 705
1615611506368 0.18020814657211304 706
1615611540942 0.15367969870567322 707
1615611575137 0.1863824725151062 708
1615611609349 0.1497422605752945 709
1615611648355 0.15043367445468903 710
1615611682984 0.20114287734031677 711
1615611717260 0.1715719997882843 712
1615611751950 0.15160468220710754 713
1615611786640 0.15279324352741241 714
1615611821159 0.1619495153427124 715
1615611855403 0.1600894033908844 716
1615611890481 0.17675921320915222 717
1615611924948 0.21440505981445312 718
1615611959421 0.2096458524465561 719
1615611998217 0.21214517951011658 720
1615612032829 0.19685372710227966 721
1615612067417 0.18413884937763214 722
1615612102127 0.171303853392601 723
1615612136737 0.19215571880340576 724
1615612171685 0.13517460227012634 725
1615612206089 0.18002796173095703 726
1615612240360 0.17403875291347504 727
1615612274919 0.15685750544071198 728
1615612309066 0.16356539726257324 729
1615612347380 0.2263057827949524 730
1615612381871 0.15892739593982697 731
1615612416469 0.12318968772888184 732
1615612450740 0.18984490633010864 733
1615612484816 0.18189601600170135 734
1615612519276 0.14541444182395935 735
1615612554003 0.15143758058547974 736
1615612588394 0.17747466266155243 737
1615612623296 0.1917082965373993 738
1615612657986 0.24626554548740387 739
1615612696710 0.15355679392814636 740
1615612731196 0.19100427627563477 741
1615612765472 0.20109041035175323 742
1615612800139 0.18569692969322205 743
1615612834722 0.17655831575393677 744
1615612868959 0.18748316168785095 745
1615612903290 0.18735182285308838 746
1615612937338 0.18123838305473328 747
1615612971513 0.1616578847169876 748
1615613005775 0.11608074605464935 749
1615613044155 0.1388348639011383 750
1615613078627 0.1408614218235016 751
1615613112934 0.162314772605896 752
1615613147314 0.1857987642288208 753
1615613181954 0.18475472927093506 754
1615613216175 0.1821131706237793 755
1615613250370 0.1442481428384781 756
1615613284649 0.18321684002876282 757
1615613318918 0.19012562930583954 758
1615613353639 0.16539981961250305 759
1615613392865 0.18750837445259094 760
1615613427549 0.1641465425491333 761
1615613462144 0.17923660576343536 762
1615613496652 0.14153987169265747 763
1615613530952 0.15692958235740662 764
1615613565229 0.14694596827030182 765
1615613600092 0.166382297873497 766
1615613634203 0.16474106907844543 767
1615613668594 0.18943947553634644 768
1615613702773 0.2236405611038208 769
1615613741378 0.17187631130218506 770
1615613775595 0.138219952583313 771
1615613809752 0.1715622842311859 772
1615613844263 0.20915235579013824 773
1615613878331 0.16854596138000488 774
1615613912795 0.14881587028503418 775
1615613947284 0.19336004555225372 776
1615613981634 0.1810327172279358 777
1615614015813 0.2147510051727295 778
1615614050536 0.16568899154663086 779
1615614089214 0.18388047814369202 780
1615614124005 0.19854888319969177 781
1615614158890 0.1886376440525055 782
1615614193639 0.20658504962921143 783
1615614227877 0.16934552788734436 784
1615614262539 0.22027736902236938 785
1615614296711 0.1700081080198288 786
1615614331208 0.1899038851261139 787
1615614365731 0.16590139269828796 788
1615614400294 0.15541714429855347 789
1615614439031 0.14419305324554443 790
1615614473826 0.13677719235420227 791
1615614508411 0.16942641139030457 792
1615614543208 0.1497507095336914 793
1615614577509 0.1822458654642105 794
1615614612141 0.19212672114372253 795
1615614646410 0.2009023129940033 796
1615614681039 0.1823401153087616 797
1615614715302 0.13762833178043365 798
1615614749712 0.2536466419696808 799
1615614788461 0.1840374618768692 800
1615614822741 0.15523171424865723 801
1615614857222 0.1977861523628235 802
1615614891705 0.15776613354682922 803
1615614926401 0.22900132834911346 804
1615614960831 0.15905368328094482 805
1615614995411 0.22009672224521637 806
1615615030129 0.16691379249095917 807
1615615064794 0.18280182778835297 808
1615615099203 0.15225191414356232 809
1615615138092 0.17515042424201965 810
1615615172330 0.1319522261619568 811
1615615206701 0.27766507863998413 812
1615615241382 0.20523574948310852 813
1615615276009 0.21779897809028625 814
1615615310586 0.20027592778205872 815
1615615345240 0.18673497438430786 816
1615615379404 0.1913144588470459 817
1615615413469 0.17507809400558472 818
1615615447836 0.14634597301483154 819
1615615486756 0.1617201864719391 820
1615615521300 0.15995599329471588 821
1615615555629 0.17417606711387634 822
1615615590189 0.1962607204914093 823
1615615624875 0.1881866157054901 824
1615615659216 0.17283038794994354 825
1615615693423 0.20327512919902802 826
1615615728100 0.17998164892196655 827
1615615762482 0.21340686082839966 828
1615615797013 0.15621264278888702 829
1615615836152 0.1835474669933319 830
1615615870531 0.1512477695941925 831
1615615905062 0.17400141060352325 832
1615615939494 0.19622132182121277 833
1615615973807 0.17410145699977875 834
1615616008509 0.1856808066368103 835
1615616042618 0.19495630264282227 836
1615616077083 0.17425039410591125 837
1615616111379 0.15595316886901855 838
1615616145948 0.18751958012580872 839
1615616184161 0.1900104284286499 840
1615616218781 0.123967245221138 841
1615616252984 0.19011235237121582 842
1615616287543 0.206682950258255 843
1615616322304 0.17724066972732544 844
1615616357154 0.1534467339515686 845
1615616391726 0.22324372828006744 846
1615616426376 0.1962277591228485 847
1615616460985 0.17429202795028687 848
1615616495338 0.1338234543800354 849
1615616534121 0.19287362694740295 850
1615616568381 0.20887520909309387 851
1615616602828 0.18773412704467773 852
1615616637041 0.16323824226856232 853
1615616671552 0.18000224232673645 854
1615616706001 0.18019777536392212 855
1615616740741 0.19175812602043152 856
1615616775141 0.11810910701751709 857
1615616809493 0.16079410910606384 858
1615616844079 0.19964921474456787 859
1615616882713 0.22913089394569397 860
1615616917432 0.14158514142036438 861
1615616952154 0.17066839337348938 862
1615616986887 0.15224716067314148 863
1615617021151 0.17168669402599335 864
1615617055275 0.17287586629390717 865
1615617089880 0.1514073610305786 866
1615617124096 0.20157548785209656 867
1615617158676 0.1668274998664856 868
1615617193377 0.17679738998413086 869
1615617231810 0.19406676292419434 870
1615617266194 0.21752506494522095 871
1615617300359 0.18509069085121155 872
1615617334709 0.1335735023021698 873
1615617369212 0.1478767991065979 874
1615617403944 0.1759781688451767 875
1615617438821 0.1919865608215332 876
1615617473446 0.1623808741569519 877
1615617507757 0.1476539820432663 878
1615617541938 0.17757074534893036 879
1615617580888 0.20134466886520386 880
1615617615463 0.18951958417892456 881
1615617649778 0.17850980162620544 882
1615617684196 0.17513461410999298 883
1615617718514 0.12146866321563721 884
1615617753295 0.1433066427707672 885
1615617787557 0.18744242191314697 886
1615617821927 0.2060374766588211 887
1615617856106 0.20565447211265564 888
1615617890242 0.1769128143787384 889
1615617929289 0.16535711288452148 890
1615617963736 0.22898568212985992 891
1615617998418 0.17079496383666992 892
1615618032775 0.2064470648765564 893
1615618067672 0.16126011312007904 894
1615618102034 0.2111673653125763 895
1615618136424 0.17772628366947174 896
1615618171145 0.1221495121717453 897
1615618205363 0.19320400059223175 898
1615618239867 0.1483812779188156 899
1615618278610 0.2048875391483307 900
1615618312989 0.21420001983642578 901
1615618347405 0.21297845244407654 902
1615618381622 0.1911616027355194 903
1615618416351 0.2181166410446167 904
1615618450453 0.15245071053504944 905
1615618484596 0.20364415645599365 906
1615618518845 0.16238927841186523 907
1615618553429 0.1875779628753662 908
1615618588084 0.13821223378181458 909
1615618626664 0.1614360362291336 910
1615618661102 0.18784376978874207 911
1615618695539 0.19260108470916748 912
1615618730085 0.18302983045578003 913
1615618764628 0.1913241147994995 914
1615618800073 0.1298241764307022 915
1615618834729 0.1998300552368164 916
1615618869003 0.16560280323028564 917
1615618903392 0.18616798520088196 918
1615618937823 0.19742083549499512 919
1615618976539 0.19681426882743835 920
1615619011269 0.18362686038017273 921
1615619045948 0.16337734460830688 922
1615619080492 0.17656245827674866 923
1615619114954 0.21814334392547607 924
1615619149172 0.18234941363334656 925
1615619183362 0.23208361864089966 926
1615619217919 0.2258748710155487 927
1615619252780 0.17443320155143738 928
1615619287082 0.18157628178596497 929
1615619325607 0.15384209156036377 930
1615619360071 0.20561829209327698 931
1615619394742 0.19074124097824097 932
1615619429121 0.16722717881202698 933
1615619463385 0.14487655460834503 934
1615619497830 0.20092615485191345 935
1615619532222 0.1533236801624298 936
1615619566483 0.10506485402584076 937
1615619600687 0.17945560812950134 938
1615619635538 0.186330646276474 939
1615619674202 0.12736517190933228 940
1615619708771 0.13621832430362701 941
1615619743400 0.15141946077346802 942
1615619778129 0.18967045843601227 943
1615619812682 0.1177324652671814 944
1615619847275 0.19019538164138794 945
1615619882029 0.1890769600868225 946
1615619916724 0.15378816425800323 947
1615619951534 0.21078132092952728 948
1615619986049 0.18317946791648865 949
1615620024895 0.2080007791519165 950
1615620059152 0.19796591997146606 951
1615620093828 0.18561965227127075 952
1615620128109 0.18895018100738525 953
1615620162398 0.19972428679466248 954
1615620196736 0.15260107815265656 955
1615620231303 0.24085703492164612 956
1615620265792 0.16068556904792786 957
1615620300308 0.18590572476387024 958
1615620334800 0.18304064869880676 959
1615620373660 0.11161401867866516 960
1615620407975 0.16808180510997772 961
1615620442511 0.23611168563365936 962
1615620476930 0.1798669695854187 963
1615620511192 0.19797468185424805 964
1615620545614 0.2097470909357071 965
1615620580053 0.1682116538286209 966
1615620614764 0.17834804952144623 967
1615620649205 0.1799088716506958 968
1615620683739 0.1575208604335785 969
1615620722836 0.13268643617630005 970
1615620757166 0.17802193760871887 971
1615620791531 0.21220842003822327 972
1615620825807 0.16075477004051208 973
1615620860492 0.19261887669563293 974
1615620895145 0.2199232578277588 975
1615620929487 0.17532823979854584 976
1615620964219 0.20236696302890778 977
1615620998469 0.16630026698112488 978
1615621033019 0.16337905824184418 979
1615621071664 0.19358235597610474 980
1615621105792 0.1672382354736328 981
1615621140312 0.16324691474437714 982
1615621174544 0.16705748438835144 983
1615621208782 0.20074069499969482 984
1615621243455 0.1745111644268036 985
1615621277732 0.19617781043052673 986
1615621312137 0.17710241675376892 987
1615621346729 0.16710561513900757 988
1615621381123 0.2267036736011505 989
1615621419754 0.16029685735702515 990
1615621454351 0.17890140414237976 991
1615621488599 0.19934260845184326 992
1615621523100 0.18616154789924622 993
1615621557656 0.19070875644683838 994
1615621591891 0.20440992712974548 995
1615621626260 0.18200400471687317 996
1615621660876 0.19508445262908936 997
1615621695363 0.17136579751968384 998
1615621729851 0.2217319905757904 999
1615621768455 0.16578495502471924 1000
1615621802816 0.17317084968090057 1001
1615621837399 0.20925670862197876 1002
1615621871712 0.20958584547042847 1003
1615621906084 0.14982819557189941 1004
1615621940623 0.19533658027648926 1005
1615621975332 0.1964379996061325 1006
1615622009557 0.21108174324035645 1007
1615622043993 0.15138906240463257 1008
1615622078313 0.1864069104194641 1009
1615622117605 0.1746833622455597 1010
1615622151960 0.2038389891386032 1011
1615622186198 0.17844760417938232 1012
1615622220516 0.13382384181022644 1013
1615622254710 0.1859692633152008 1014
1615622288863 0.18515007197856903 1015
1615622323489 0.17799600958824158 1016
1615622357825 0.16518211364746094 1017
1615622392487 0.1433311104774475 1018
1615622426599 0.18425028026103973 1019
1615622465340 0.20355133712291718 1020
1615622499817 0.19558680057525635 1021
1615622534398 0.13660278916358948 1022
1615622568746 0.1950332075357437 1023
1615622603449 0.22433198988437653 1024
1615622638143 0.21123960614204407 1025
1615622672757 0.17215284705162048 1026
1615622707108 0.18348056077957153 1027
1615622741590 0.16259019076824188 1028
1615622776398 0.2025337815284729 1029
1615622815182 0.1461651772260666 1030
1615622849498 0.1585216522216797 1031
1615622884189 0.21978230774402618 1032
1615622918849 0.18839803338050842 1033
1615622953486 0.23443618416786194 1034
1615622988182 0.1975143551826477 1035
1615623022463 0.18991431593894958 1036
1615623057067 0.1961178183555603 1037
1615623091181 0.20374642312526703 1038
1615623125447 0.17009368538856506 1039
1615623164289 0.19892200827598572 1040
1615623199035 0.1752196103334427 1041
1615623233922 0.20092253386974335 1042
1615623268488 0.23575176298618317 1043
1615623302703 0.16746553778648376 1044
1615623336864 0.20687472820281982 1045
1615623371328 0.1751125454902649 1046
1615623405699 0.15497754514217377 1047
1615623440396 0.18215782940387726 1048
1615623475113 0.18639293313026428 1049
1615623513904 0.17850857973098755 1050
1615623548509 0.2179834097623825 1051
1615623583055 0.19395339488983154 1052
1615623617652 0.19647032022476196 1053
1615623652364 0.1834774613380432 1054
1615623687099 0.14834336936473846 1055
1615623721765 0.17852257192134857 1056
1615623756350 0.22897571325302124 1057
1615623791010 0.1571386307477951 1058
1615623825605 0.1440163552761078 1059
1615623864178 0.18412089347839355 1060
1615623898414 0.19319382309913635 1061
1615623932715 0.15316471457481384 1062
1615623967420 0.1557043194770813 1063
1615624001925 0.1873447597026825 1064
1615624036199 0.1394082009792328 1065
1615624070528 0.19482886791229248 1066
1615624104978 0.14139945805072784 1067
1615624139572 0.14969845116138458 1068
1615624174258 0.1982746720314026 1069
1615624213245 0.18924538791179657 1070
1615624247622 0.22793635725975037 1071
1615624281761 0.14167442917823792 1072
1615624316419 0.1510511040687561 1073
1615624351082 0.17920196056365967 1074
1615624385622 0.226915642619133 1075
1615624420486 0.19003194570541382 1076
1615624455043 0.22233447432518005 1077
1615624489864 0.1987486183643341 1078
1615624524051 0.17395415902137756 1079
1615624562481 0.20178231596946716 1080
1615624597170 0.19454924762248993 1081
1615624631939 0.1513955295085907 1082
1615624666460 0.1613023579120636 1083
1615624701111 0.13405859470367432 1084
1615624735395 0.1839044988155365 1085
1615624769596 0.19644033908843994 1086
1615624804288 0.21840713918209076 1087
1615624838798 0.19411778450012207 1088
1615624873435 0.13545431196689606 1089
1615624911928 0.19402563571929932 1090
1615624946267 0.19321444630622864 1091
1615624980465 0.17299285531044006 1092
1615625014899 0.15668894350528717 1093
1615625049212 0.17777696251869202 1094
1615625083812 0.17336201667785645 1095
1615625118079 0.17254923284053802 1096
1615625152552 0.14136488735675812 1097
1615625186969 0.18591806292533875 1098
1615625221390 0.20082762837409973 1099
1615625260186 0.18734386563301086 1100
1615625294712 0.2085976004600525 1101
1615625328997 0.17406627535820007 1102
1615625363867 0.172023743391037 1103
1615625398553 0.21669697761535645 1104
1615625432935 0.1509174108505249 1105
1615625467410 0.18614083528518677 1106
1615625502051 0.17398497462272644 1107
1615625536656 0.19395363330841064 1108
1615625570848 0.2133180797100067 1109
1615625609772 0.2158733606338501 1110
1615625644574 0.14175641536712646 1111
1615625679194 0.135392427444458 1112
1615625713984 0.1567789912223816 1113
1615625748327 0.19434690475463867 1114
1615625782696 0.15936267375946045 1115
1615625816918 0.23569777607917786 1116
1615625851403 0.2142161726951599 1117
1615625885524 0.1824752390384674 1118
1615625919839 0.15889373421669006 1119
1615625958229 0.1878928244113922 1120
1615625992491 0.16737955808639526 1121
1615626026804 0.19843453168869019 1122
1615626061359 0.21954259276390076 1123
1615626095767 0.19295910000801086 1124
1615626130494 0.182944193482399 1125
1615626165313 0.20296123623847961 1126
1615626199646 0.21038052439689636 1127
1615626234058 0.14321021735668182 1128
1615626268648 0.19832578301429749 1129
1615626307025 0.24065765738487244 1130
1615626341654 0.17843839526176453 1131
1615626376311 0.17299093306064606 1132
1615626410452 0.17930231988430023 1133
1615626444706 0.19480860233306885 1134
1615626479425 0.21003782749176025 1135
1615626513574 0.20162925124168396 1136
1615626547789 0.17123714089393616 1137
1615626582315 0.17626895010471344 1138
1615626616544 0.15070050954818726 1139
1615626655444 0.1690491884946823 1140
1615626690085 0.17182493209838867 1141
1615626724660 0.16021539270877838 1142
1615626758981 0.206851989030838 1143
1615626793652 0.18111971020698547 1144
1615626828359 0.1907518357038498 1145
1615626862900 0.1294465959072113 1146
1615626897458 0.19573187828063965 1147
1615626931929 0.2350686490535736 1148
1615626966549 0.21460051834583282 1149
1615627005293 0.17179788649082184 1150
1615627040038 0.19111385941505432 1151
1615627074718 0.18101808428764343 1152
1615627108873 0.2220073789358139 1153
1615627143285 0.17308038473129272 1154
1615627177891 0.19028115272521973 1155
1615627212044 0.17271524667739868 1156
1615627246181 0.15966325998306274 1157
1615627281045 0.1797579824924469 1158
1615627315886 0.14533758163452148 1159
1615627354729 0.1663191318511963 1160
1615627388969 0.1750902235507965 1161
1615627423460 0.20615682005882263 1162
1615627458045 0.1839285045862198 1163
1615627492642 0.1798420548439026 1164
1615627527222 0.1311701387166977 1165
1615627561749 0.20274066925048828 1166
1615627596114 0.17966611683368683 1167
1615627630321 0.13544537127017975 1168
1615627664953 0.15158243477344513 1169
1615627703569 0.1917303502559662 1170
1615627738244 0.2255108654499054 1171
1615627772645 0.17803055047988892 1172
1615627807175 0.15563350915908813 1173
1615627843511 0.18517160415649414 1174
1615627877736 0.19240009784698486 1175
1615627912368 0.2170083224773407 1176
1615627946959 0.2086169421672821 1177
1615627981271 0.20633411407470703 1178
1615628016029 0.16269302368164062 1179
1615628054719 0.17258837819099426 1180
1615628089320 0.19568535685539246 1181
1615628123982 0.157577782869339 1182
1615628158416 0.18506720662117004 1183
1615628193261 0.1822551041841507 1184
1615628227568 0.1837010383605957 1185
1615628261901 0.19066163897514343 1186
1615628296656 0.1937524378299713 1187
1615628331435 0.14627788960933685 1188
1615628366088 0.2028317153453827 1189
1615628405072 0.19922074675559998 1190
1615628439760 0.1704583764076233 1191
1615628474578 0.19478121399879456 1192
1615628508677 0.16982638835906982 1193
1615628543226 0.160364031791687 1194
1615628577845 0.1603398323059082 1195
1615628612332 0.19444933533668518 1196
1615628646735 0.13283057510852814 1197
1615628681102 0.15562836825847626 1198
1615628715303 0.19739288091659546 1199
1615628754328 0.1585146188735962 1200
1615628777032 0.20198571681976318 0
1615628777050 0.20198571681976318 0
