1615586917467 0.0415826216340065 1
1615586951464 0.035218607634305954 2
1615586985834 0.03261967748403549 3
1615587020181 0.03090142086148262 4
1615587054338 0.02976333722472191 5
1615587088880 0.029000774025917053 6
1615587123611 0.028810258954763412 7
1615587157777 0.02651415579020977 8
1615587192413 0.027025245130062103 9
1615587231330 0.027322158217430115 10
1615587265916 0.025758886709809303 11
1615587300122 0.02561298944056034 12
1615587334569 0.0252779982984066 13
1615587368913 0.024822372943162918 14
1615587403018 0.023766249418258667 15
1615587437315 0.023256022483110428 16
1615587471853 0.022388041019439697 17
1615587506070 0.023390106856822968 18
1615587540877 0.023174796253442764 19
1615587579336 0.022679563611745834 20
1615587613313 0.02307862788438797 21
1615587647413 0.02420852705836296 22
1615587681890 0.02202325128018856 23
1615587716371 0.02116028405725956 24
1615587750463 0.02220703475177288 25
1615587785013 0.022755764424800873 26
1615587819722 0.021656479686498642 27
1615587854310 0.022214073687791824 28
1615587888647 0.021763736382126808 29
1615587927365 0.021890703588724136 30
1615587961850 0.020241711288690567 31
1615587996665 0.021785739809274673 32
1615588031295 0.02089986391365528 33
1615588065923 0.022542644292116165 34
1615588100219 0.019723404198884964 35
1615588134630 0.020671820268034935 36
1615588169148 0.02022002637386322 37
1615588203236 0.019250551238656044 38
1615588237451 0.019544312730431557 39
1615588276343 0.020110055804252625 40
1615588310873 0.02008674666285515 41
1615588345311 0.0219867005944252 42
1615588379866 0.02178473398089409 43
1615588414402 0.02241618186235428 44
1615588448651 0.02062707021832466 45
1615588482767 0.02078317105770111 46
1615588517270 0.018887143582105637 47
1615588551832 0.01833449676632881 48
1615588586580 0.01909646764397621 49
1615588625160 0.01970643177628517 50
1615588659581 0.019641809165477753 51
1615588693930 0.02204934135079384 52
1615588728040 0.02001572959125042 53
1615588762266 0.02055058628320694 54
1615588796578 0.023347631096839905 55
1615588830996 0.01971907913684845 56
1615588865327 0.01978069543838501 57
1615588899900 0.019290577620267868 58
1615588933964 0.019588079303503036 59
1615588972548 0.018910124897956848 60
1615589006893 0.019511360675096512 61
1615589041425 0.01989537477493286 62
1615589075572 0.019488874822854996 63
1615589110028 0.02049260586500168 64
1615589144132 0.018879741430282593 65
1615589178442 0.01836344227194786 66
1615589213309 0.01848018541932106 67
1615589247920 0.018055535852909088 68
1615589282215 0.018865037709474564 69
1615589320570 0.019370529800653458 70
1615589355213 0.018711421638727188 71
1615589389830 0.020800799131393433 72
1615589424365 0.01871822588145733 73
1615589458959 0.018769046291708946 74
1615589493720 0.018581440672278404 75
1615589527917 0.018038662150502205 76
1615589561903 0.018374335020780563 77
1615589596332 0.017628226429224014 78
1615589630734 0.0189411249011755 79
1615589669765 0.019265010952949524 80
1615589703786 0.01825779676437378 81
1615589737971 0.0174541212618351 82
1615589772508 0.01896819844841957 83
1615589806691 0.01611892133951187 84
1615589840926 0.017394620925188065 85
1615589875424 0.01647021248936653 86
1615589910461 0.0168601106852293 87
1615589945158 0.016262225806713104 88
1615589979697 0.017008811235427856 89
1615590018216 0.018822401762008667 90
1615590052263 0.02006865292787552 91
1615590086809 0.018686816096305847 92
1615590121264 0.018182605504989624 93
1615590155898 0.017066245898604393 94
1615590190335 0.018365995958447456 95
1615590224804 0.020810812711715698 96
1615590258908 0.018361061811447144 97
1615590293254 0.021228721365332603 98
1615590327505 0.01830209791660309 99
1615590365821 0.02132413163781166 100
1615590400437 0.018204571679234505 101
1615590434694 0.01890762336552143 102
1615590469432 0.017665237188339233 103
1615590504260 0.017664246261119843 104
1615590538720 0.018115799874067307 105
1615590573191 0.018846554681658745 106
1615590607724 0.018201429396867752 107
1615590642385 0.017494313418865204 108
1615590676536 0.01662531867623329 109
1615590715423 0.018445320427417755 110
1615590750149 0.015809137374162674 111
1615590784928 0.019017472863197327 112
1615590819836 0.0187402181327343 113
1615590854335 0.0184001624584198 114
1615590888847 0.016599418595433235 115
1615590923036 0.018491026014089584 116
1615590957294 0.01734434813261032 117
1615590991507 0.020394332706928253 118
1615591026298 0.018235769122838974 119
1615591065637 0.01747329905629158 120
1615591099857 0.015776459127664566 121
1615591133932 0.01610511727631092 122
1615591168438 0.01997329108417034 123
1615591202625 0.01827166974544525 124
1615591236709 0.016570359468460083 125
1615591271191 0.016975145787000656 126
1615591305805 0.016979053616523743 127
1615591340488 0.0164356529712677 128
1615591375031 0.017452765256166458 129
1615591413817 0.015917425975203514 130
1615591448307 0.01853127032518387 131
1615591482868 0.017217211425304413 132
1615591517791 0.016953563317656517 133
1615591552146 0.01838505268096924 134
1615591586407 0.015902990475296974 135
1615591620748 0.015107488259673119 136
1615591654831 0.017603512853384018 137
1615591689238 0.018165787681937218 138
1615591724033 0.017004579305648804 139
1615591762424 0.01893278770148754 140
1615591796791 0.018748849630355835 141
1615591831277 0.017714591696858406 142
1615591865518 0.015507899224758148 143
1615591900061 0.015785835683345795 144
1615591934523 0.015254417434334755 145
1615591968963 0.016437292098999023 146
1615592003589 0.019169237464666367 147
1615592038274 0.01572265848517418 148
1615592072546 0.016981927677989006 149
1615592111114 0.017282292246818542 150
1615592145412 0.015866467729210854 151
1615592179834 0.015330623835325241 152
1615592214007 0.01514408178627491 153
1615592248632 0.014017226174473763 154
1615592282953 0.016007689759135246 155
1615592317525 0.015741240233182907 156
1615592352019 0.015101471915841103 157
1615592386214 0.01590019278228283 158
1615592421348 0.0150864627212286 159
1615592459473 0.01592007465660572 160
1615592493608 0.01849646307528019 161
1615592527624 0.0163419246673584 162
1615592562211 0.01649741269648075 163
1615592596705 0.01663339138031006 164
1615592630888 0.016323162242770195 165
1615592665304 0.017133567482233047 166
1615592699977 0.015965063124895096 167
1615592734372 0.015856284648180008 168
1615592768815 0.014708101749420166 169
1615592807683 0.015389673411846161 170
1615592842149 0.01787460967898369 171
1615592876900 0.01542691234499216 172
1615592911184 0.01621847227215767 173
1615592945461 0.017069026827812195 174
1615592979704 0.015172730199992657 175
1615593013845 0.016935797408223152 176
1615593048374 0.01786545291543007 177
1615593082774 0.01571745052933693 178
1615593117390 0.016121450811624527 179
1615593156366 0.01427619718015194 180
1615593190457 0.015425924211740494 181
1615593224592 0.01628529466688633 182
1615593259162 0.018251998350024223 183
1615593293910 0.015025878325104713 184
1615593328681 0.015980897471308708 185
1615593363460 0.015766503289341927 186
1615593397805 0.01637623831629753 187
1615593432198 0.019561275839805603 188
1615593467020 0.01545710675418377 189
1615593505745 0.016106324270367622 190
1615593540177 0.014050117693841457 191
1615593574347 0.016824593767523766 192
1615593608922 0.02017579972743988 193
1615593643421 0.017236601561307907 194
1615593677672 0.015453789383172989 195
1615593712166 0.016114702448248863 196
1615593746693 0.015718581154942513 197
1615593781270 0.018174009397625923 198
1615593815752 0.015144219622015953 199
1615593854146 0.01610073447227478 200
1615593888400 0.01719074510037899 201
1615593923071 0.01728922128677368 202
1615593957373 0.016650686040520668 203
1615593991843 0.015602001920342445 204
1615594026736 0.015102534554898739 205
1615594060918 0.016043365001678467 206
1615594095165 0.014723356813192368 207
1615594129720 0.015174433588981628 208
1615594163858 0.015481473878026009 209
1615594202269 0.017063584178686142 210
1615594236403 0.015307905152440071 211
1615594271035 0.015766695141792297 212
1615594306150 0.017197640612721443 213
1615594341000 0.01545371487736702 214
1615594375229 0.015078280121088028 215
1615594409259 0.01674364134669304 216
1615594443403 0.01439610868692398 217
1615594477533 0.01621926575899124 218
1615594512038 0.01587449572980404 219
1615594551169 0.016425244510173798 220
1615594585645 0.014855604618787766 221
1615594620282 0.016698496416211128 222
1615594654728 0.015144547447562218 223
1615594689544 0.014713980257511139 224
1615594723866 0.01697077974677086 225
1615594758345 0.01583496853709221 226
1615594792899 0.01608869805932045 227
1615594827640 0.016205202788114548 228
1615594862075 0.014002515003085136 229
1615594900569 0.014002665877342224 230
1615594935128 0.01366099901497364 231
1615594969988 0.015269920229911804 232
1615595004236 0.015679292380809784 233
1615595038805 0.013591356575489044 234
1615595072963 0.01423327811062336 235
1615595107463 0.01565924659371376 236
1615595141545 0.014358933083713055 237
1615595176007 0.015736905857920647 238
1615595210516 0.013361786492168903 239
1615595249437 0.016386626288294792 240
1615595284171 0.015031425282359123 241
1615595318903 0.015681978315114975 242
1615595353485 0.014045903459191322 243
1615595388458 0.014781967736780643 244
1615595422728 0.014572244137525558 245
1615595458193 0.01490073837339878 246
1615595492348 0.016182752326130867 247
1615595526874 0.014148764312267303 248
1615595561208 0.016000475734472275 249
1615595600244 0.014600394293665886 250
1615595634477 0.015424095094203949 251
1615595669089 0.014393653720617294 252
1615595703904 0.017411740496754646 253
1615595738536 0.014722365885972977 254
1615595773202 0.013135493732988834 255
1615595807993 0.01449718326330185 256
1615595842190 0.01245669461786747 257
1615595876333 0.013810435310006142 258
1615595910847 0.01462615467607975 259
1615595949302 0.014122925698757172 260
1615595983784 0.014499226585030556 261
1615596017845 0.013176046311855316 262
1615596051977 0.016211874783039093 263
1615596086457 0.016050631180405617 264
1615596121059 0.01491113007068634 265
1615596155141 0.014797184616327286 266
1615596189652 0.014492198824882507 267
1615596223769 0.015793848782777786 268
1615596258143 0.01363828219473362 269
1615596296463 0.014520572498440742 270
1615596331023 0.013744499534368515 271
1615596365483 0.013584224507212639 272
1615596400223 0.014309145510196686 273
1615596434486 0.01407419703900814 274
1615596468684 0.01443510688841343 275
1615596503171 0.015440788120031357 276
1615596537759 0.013606772758066654 277
1615596572354 0.013820044696331024 278
1615596606561 0.013798339292407036 279
1615596645638 0.014907666482031345 280
1615596679818 0.013469962403178215 281
1615596714010 0.01342141255736351 282
1615596748712 0.01443049032241106 283
1615596783926 0.01380989607423544 284
1615596818336 0.01594335399568081 285
1615596852615 0.015117835253477097 286
1615596887312 0.013791767880320549 287
1615596921888 0.014767711982131004 288
1615596955966 0.015602819621562958 289
1615596994685 0.01401272788643837 290
1615597029204 0.01301402598619461 291
1615597063427 0.014042975381016731 292
1615597097885 0.012827251106500626 293
1615597132452 0.01425621472299099 294
1615597166807 0.014993889257311821 295
1615597201237 0.014617769047617912 296
1615597235763 0.013290095143020153 297
1615597269918 0.015469737350940704 298
1615597304050 0.013834979385137558 299
1615597343287 0.014127861708402634 300
1615597377920 0.014929610304534435 301
1615597412238 0.0145860705524683 302
1615597446491 0.01167120411992073 303
1615597480824 0.01416422426700592 304
1615597515241 0.015491144731640816 305
1615597549478 0.014769432134926319 306
1615597584045 0.013219448737800121 307
1615597618846 0.010663706809282303 308
1615597653465 0.012713385745882988 309
1615597692974 0.017166733741760254 310
1615597727597 0.01565333642065525 311
1615597761930 0.014717059209942818 312
1615597796410 0.014159727841615677 313
1615597831068 0.011677093803882599 314
1615597865375 0.015049528330564499 315
1615597899685 0.0122713353484869 316
1615597934293 0.013871055096387863 317
1615597968520 0.014628267847001553 318
1615598003155 0.014086597599089146 319
1615598041836 0.014999452978372574 320
1615598076502 0.01329103671014309 321
1615598111140 0.013991029933094978 322
1615598145351 0.015041027218103409 323
1615598179620 0.013331097550690174 324
1615598214335 0.014955967664718628 325
1615598249059 0.013988552615046501 326
1615598283283 0.01263340376317501 327
1615598317645 0.012823175638914108 328
1615598352378 0.012081513181328773 329
1615598390801 0.014895547181367874 330
1615598425193 0.014667244628071785 331
1615598459838 0.01331488136202097 332
1615598494069 0.01210368238389492 333
1615598528708 0.012959103100001812 334
1615598562854 0.013538390398025513 335
1615598596949 0.012335456907749176 336
1615598631422 0.013543292880058289 337
1615598665939 0.014411712065339088 338
1615598700054 0.012546639889478683 339
1615598738895 0.012523286044597626 340
1615598773496 0.01297907717525959 341
1615598807748 0.011926681734621525 342
1615598842072 0.0147622125223279 343
1615598876416 0.01365232840180397 344
1615598910784 0.014044087380170822 345
1615598945330 0.01601170189678669 346
1615598979694 0.01746043562889099 347
1615599013847 0.013901930302381516 348
1615599048645 0.012503271922469139 349
1615599087620 0.011659485287964344 350
1615599122182 0.01404148805886507 351
1615599156309 0.012698115780949593 352
1615599190987 0.013130074366927147 353
1615599225154 0.011668524704873562 354
1615599260076 0.013038638047873974 355
1615599294176 0.01529175415635109 356
1615599328377 0.013412611559033394 357
1615599362857 0.01166374608874321 358
1615599397546 0.014538688585162163 359
1615599436316 0.012807738035917282 360
1615599470805 0.011001970618963242 361
1615599505228 0.012488502077758312 362
1615599539453 0.013711262494325638 363
1615599574146 0.013898326084017754 364
1615599608938 0.012605126947164536 365
1615599643529 0.013374373316764832 366
1615599677845 0.014793499372899532 367
1615599712032 0.011697886511683464 368
1615599746568 0.01689494028687477 369
1615599785119 0.014015307649970055 370
1615599819428 0.011225158348679543 371
1615599854463 0.012456048280000687 372
1615599889039 0.013464312069118023 373
1615599923423 0.013189520686864853 374
1615599957534 0.013105768710374832 375
1615599992018 0.012863609939813614 376
1615600026570 0.013750515878200531 377
1615600061017 0.013677270151674747 378
1615600095649 0.013531699776649475 379
1615600133896 0.01429691817611456 380
1615600168507 0.013469669967889786 381
1615600203213 0.012312179431319237 382
1615600237424 0.013696664944291115 383
1615600271897 0.01195020042359829 384
1615600306669 0.011177480220794678 385
1615600340917 0.012090727686882019 386
1615600375343 0.012987123802304268 387
1615600409605 0.01211841031908989 388
1615600443788 0.012815503403544426 389
1615600482599 0.014206798747181892 390
1615600517135 0.014945059083402157 391
1615600551328 0.012630520388484001 392
1615600585495 0.012326940894126892 393
1615600620053 0.013604369014501572 394
1615600654591 0.010745728388428688 395
1615600689315 0.013986668549478054 396
1615600724058 0.0116053381934762 397
1615600758445 0.011826545000076294 398
1615600793086 0.01188615895807743 399
1615600832375 0.01111336424946785 400
1615600866743 0.012900544330477715 401
1615600901187 0.012020358815789223 402
1615600935779 0.01400134526193142 403
1615600970388 0.010850014165043831 404
1615601004872 0.013131476938724518 405
1615601039039 0.011423703283071518 406
1615601073576 0.01523361075669527 407
1615601108432 0.010931331664323807 408
1615601142549 0.012272128835320473 409
1615601181134 0.012883059680461884 410
1615601215311 0.011211073026061058 411
1615601249803 0.011885598301887512 412
1615601283901 0.012607189826667309 413
1615601318102 0.01366257481276989 414
1615601352255 0.015059765428304672 415
1615601386419 0.011791316792368889 416
1615601421068 0.013128799386322498 417
1615601455956 0.011792734265327454 418
1615601490521 0.013592868112027645 419
1615601529013 0.012109079398214817 420
1615601563490 0.012065558694303036 421
1615601598161 0.012025668285787106 422
1615601632370 0.012485601007938385 423
1615601666733 0.011924302205443382 424
1615601701036 0.013817492872476578 425
1615601735326 0.014554161578416824 426
1615601769767 0.011454153805971146 427
1615601803882 0.014638006687164307 428
1615601838055 0.01575366035103798 429
1615601877073 0.013091029599308968 430
1615601911824 0.013196419924497604 431
1615601946065 0.012621643021702766 432
1615601980417 0.017685692757368088 433
1615602014818 0.012507309205830097 434
1615602048988 0.014645826071500778 435
1615602083288 0.013079151511192322 436
1615602117734 0.013237729668617249 437
1615602152163 0.01182561181485653 438
1615602186809 0.014467854052782059 439
1615602225645 0.011972835287451744 440
1615602260072 0.012644545175135136 441
1615602294677 0.012725014239549637 442
1615602329184 0.01253222394734621 443
1615602363803 0.011049973778426647 444
1615602398432 0.01382360514253378 445
1615602432740 0.013517285697162151 446
1615602466896 0.014464976266026497 447
1615602501443 0.013069800101220608 448
1615602536100 0.011572797782719135 449
1615602575193 0.011550605297088623 450
1615602609712 0.012954119592905045 451
1615602644224 0.013699304312467575 452
1615602678470 0.013021852821111679 453
1615602712580 0.013849776238203049 454
1615602746701 0.011021756567060947 455
1615602780758 0.013341636396944523 456
1615602815409 0.014456241391599178 457
1615602849714 0.014165598899126053 458
1615602884028 0.01252932008355856 459
1615602922997 0.011040959507226944 460
1615602957404 0.012726460583508015 461
1615602992196 0.011579800397157669 462
1615603027009 0.012528186663985252 463
1615603061577 0.012415274977684021 464
1615603095999 0.011294642463326454 465
1615603130139 0.015874378383159637 466
1615603164486 0.012810226529836655 467
1615603199019 0.012976814061403275 468
1615603233697 0.013318575918674469 469
1615603272286 0.013259928673505783 470
1615603306590 0.013367908075451851 471
1615603341195 0.013007741421461105 472
1615603375945 0.011435243301093578 473
1615603410239 0.012682060711085796 474
1615603444584 0.011963757686316967 475
1615603479039 0.012451425194740295 476
1615603513439 0.011806873604655266 477
1615603548017 0.012251127511262894 478
1615603582345 0.011261038482189178 479
1615603621520 0.011373868212103844 480
1615603655887 0.012430895119905472 481
1615603690159 0.010937247425317764 482
1615603724589 0.013084031641483307 483
1615603759253 0.010964264161884785 484
1615603793590 0.010955854319036007 485
1615603827909 0.0144423209130764 486
1615603862513 0.012356594204902649 487
1615603897050 0.012349603697657585 488
1615603931518 0.010746872052550316 489
1615603970593 0.011032178066670895 490
1615604004740 0.011384395882487297 491
1615604039367 0.013640481047332287 492
1615604073645 0.009971152991056442 493
1615604108243 0.013803096488118172 494
1615604142795 0.01174196694046259 495
1615604177083 0.012277230620384216 496
1615604211425 0.0100638996809721 497
1615604245568 0.014081885106861591 498
1615604279999 0.012406992726027966 499
1615604318690 0.012292332015931606 500
1615604353265 0.012624891474843025 501
1615604387675 0.012323666363954544 502
1615604422238 0.010775524191558361 503
1615604457220 0.011524263769388199 504
1615604491553 0.011963006108999252 505
1615604525834 0.0120112095028162 506
1615604560230 0.013647984713315964 507
1615604594598 0.013423224911093712 508
1615604629235 0.012309035286307335 509
1615604668089 0.011645004153251648 510
1615604702721 0.010099196806550026 511
1615604737174 0.010483352467417717 512
1615604771757 0.011562127619981766 513
1615604806036 0.010224075056612492 514
1615604840622 0.011710272170603275 515
1615604875031 0.010263072326779366 516
1615604909533 0.011132252402603626 517
1615604943926 0.012266408652067184 518
1615604978122 0.01294082310050726 519
1615605016711 0.012019221670925617 520
1615605051490 0.013215256854891777 521
1615605085962 0.011771738529205322 522
1615605120468 0.01288975216448307 523
1615605155099 0.010842086747288704 524
1615605189294 0.011788145639002323 525
1615605223893 0.010364394634962082 526
1615605258501 0.011329079046845436 527
1615605293286 0.010804597288370132 528
1615605327813 0.01194649375975132 529
1615605367172 0.011381990276277065 530
1615605401745 0.012406093999743462 531
1615605435830 0.01249034982174635 532
1615605470322 0.013630105182528496 533
1615605504404 0.011691523715853691 534
1615605538878 0.01236092858016491 535
1615605573469 0.009907122701406479 536
1615605608280 0.012028949335217476 537
1615605642589 0.011817187070846558 538
1615605676840 0.011780457571148872 539
1615605716060 0.009773561730980873 540
1615605750694 0.011718519032001495 541
1615605785334 0.01355786807835102 542
1615605820396 0.01159757561981678 543
1615605854622 0.009973101317882538 544
1615605889210 0.01131429336965084 545
1615605923647 0.01182724442332983 546
1615605958300 0.009419431909918785 547
1615605992720 0.01258174329996109 548
1615606027363 0.013033060356974602 549
1615606066482 0.011509333737194538 550
1615606101158 0.010786080732941628 551
1615606135594 0.011223455891013145 552
1615606169805 0.012605085968971252 553
1615606204269 0.014581458643078804 554
1615606238968 0.012816691771149635 555
1615606273794 0.011283940635621548 556
1615606308082 0.012313340790569782 557
1615606342541 0.013289734721183777 558
1615606376846 0.01394636556506157 559
1615606415172 0.01003466360270977 560
1615606449262 0.013409731909632683 561
1615606483822 0.015003519132733345 562
1615606518278 0.012362895533442497 563
1615606552787 0.00899216253310442 564
1615606586890 0.01332044042646885 565
1615606621440 0.010147104039788246 566
1615606655642 0.011184042319655418 567
1615606690290 0.009606337174773216 568
1615606724451 0.011594763025641441 569
1615606762855 0.012573899701237679 570
1615606797446 0.011830182746052742 571
1615606832208 0.012208996340632439 572
1615606866581 0.011284017004072666 573
1615606900886 0.010144717991352081 574
1615606935521 0.012664882466197014 575
1615606970286 0.012209845706820488 576
1615607005289 0.010557128116488457 577
1615607040094 0.01108438242226839 578
1615607074467 0.01185208186507225 579
1615607113405 0.011654866859316826 580
1615607147651 0.008665915578603745 581
1615607181840 0.01304673869162798 582
1615607216278 0.011949154548346996 583
1615607250427 0.012965039350092411 584
1615607284465 0.011369702406227589 585
1615607319004 0.012498615309596062 586
1615607353559 0.009584994986653328 587
1615607388265 0.010777303948998451 588
1615607422574 0.012377774342894554 589
1615607461575 0.012272290885448456 590
1615607495742 0.011944987811148167 591
1615607530506 0.012117491103708744 592
1615607565096 0.01242142915725708 593
1615607599823 0.011783339083194733 594
1615607634166 0.011448556557297707 595
1615607668433 0.01049659214913845 596
1615607702760 0.01112687774002552 597
1615607737529 0.011676859110593796 598
1615607771743 0.012739545665681362 599
1615607810695 0.01204033475369215 600
1615607845109 0.008566729724407196 601
1615607879321 0.013169730082154274 602
1615607914364 0.013437487185001373 603
1615607948739 0.012958057224750519 604
1615607983046 0.01144985668361187 605
1615608017756 0.01192904356867075 606
1615608052175 0.011770177632570267 607
1615608086497 0.011225304566323757 608
1615608120548 0.012483561411499977 609
1615608159176 0.011251420713961124 610
1615608193799 0.013555197045207024 611
1615608228376 0.012134598568081856 612
1615608263833 0.011038679629564285 613
1615608298114 0.01148152258247137 614
1615608332869 0.010871943086385727 615
1615608367348 0.010533588007092476 616
1615608401532 0.012174895964562893 617
1615608435760 0.009386515244841576 618
1615608470152 0.012361332774162292 619
1615608508802 0.011577114462852478 620
1615608543186 0.009729350917041302 621
1615608577685 0.013299884274601936 622
1615608612135 0.011727038770914078 623
1615608646354 0.009668209590017796 624
1615608680698 0.009404303506016731 625
1615608715077 0.010823450982570648 626
1615608749668 0.010257160291075706 627
1615608784506 0.011193802580237389 628
1615608818866 0.011561103165149689 629
1615608857367 0.011107061058282852 630
1615608891497 0.010814178735017776 631
1615608926096 0.013450616970658302 632
1615608960394 0.011353814974427223 633
1615608994611 0.010732126422226429 634
1615609028962 0.013103161938488483 635
1615609063588 0.012317491695284843 636
1615609097728 0.009107857942581177 637
1615609131903 0.012099744752049446 638
1615609165982 0.009998170658946037 639
1615609204382 0.011760743334889412 640
1615609239052 0.011308635585010052 641
1615609273485 0.012155305594205856 642
1615609307691 0.00958581268787384 643
1615609342069 0.01038036122918129 644
1615609376600 0.012701200321316719 645
1615609410950 0.009571252390742302 646
1615609445262 0.012249310500919819 647
1615609479706 0.011592347174882889 648
1615609514591 0.009664149954915047 649
1615609553148 0.010113631375133991 650
1615609587372 0.011465473100543022 651
1615609621960 0.009996656328439713 652
1615609656241 0.009950204752385616 653
1615609690457 0.009549140930175781 654
1615609724994 0.010304519906640053 655
1615609759252 0.010021649301052094 656
1615609793889 0.009974900633096695 657
1615609828237 0.0121756661683321 658
1615609862757 0.010872097685933113 659
1615609901993 0.012090346775949001 660
1615609936780 0.008955130353569984 661
1615609971489 0.012071724981069565 662
1615610006019 0.01148092932999134 663
1615610040379 0.01138375885784626 664
1615610074984 0.009376730769872665 665
1615610109385 0.010986431501805782 666
1615610143658 0.010413797572255135 667
1615610178152 0.011402668431401253 668
1615610212326 0.010254373773932457 669
1615610251511 0.0104095209389925 670
1615610286223 0.011846845969557762 671
1615610320534 0.013750636950135231 672
1615610355040 0.01363750733435154 673
1615610389316 0.010401163250207901 674
1615610423378 0.012176278978586197 675
1615610457818 0.010345613583922386 676
1615610492210 0.010637054219841957 677
1615610526616 0.010369183495640755 678
1615610561571 0.011140210554003716 679
1615610600484 0.010347973555326462 680
1615610634865 0.011698020622134209 681
1615610669497 0.009862996637821198 682
1615610703761 0.010547659359872341 683
1615610738089 0.011153451167047024 684
1615610772786 0.010433219373226166 685
1615610807141 0.010341735556721687 686
1615610842054 0.008072532713413239 687
1615610876646 0.012863082811236382 688
1615610910752 0.013519691303372383 689
1615610949551 0.011927828192710876 690
1615610983795 0.01063787005841732 691
1615611018446 0.008405554108321667 692
1615611053001 0.010274477303028107 693
1615611087624 0.01081154029816389 694
1615611122076 0.011224910616874695 695
1615611156768 0.009805060923099518 696
1615611191619 0.010009190998971462 697
1615611226566 0.010374605655670166 698
1615611261060 0.010613562539219856 699
1615611299859 0.01002320647239685 700
1615611334021 0.011695312336087227 701
1615611368234 0.01072276197373867 702
1615611403375 0.009157439693808556 703
1615611437596 0.011586904525756836 704
1615611471682 0.010521667078137398 705
1615611506368 0.010160719975829124 706
1615611540942 0.011848550289869308 707
1615611575137 0.009206335991621017 708
1615611609349 0.01069154404103756 709
1615611648355 0.010558415204286575 710
1615611682984 0.009534819051623344 711
1615611717260 0.009791042655706406 712
1615611751950 0.010531315580010414 713
1615611786640 0.01031344011425972 714
1615611821159 0.010545482859015465 715
1615611855403 0.012219145894050598 716
1615611890481 0.009037284180521965 717
1615611924948 0.00918853934854269 718
1615611959421 0.009899326600134373 719
1615611998217 0.009913180023431778 720
1615612032829 0.011025490239262581 721
1615612067417 0.012553800828754902 722
1615612102127 0.010843461379408836 723
1615612136737 0.009525801986455917 724
1615612171685 0.012303464114665985 725
1615612206089 0.009436070919036865 726
1615612240360 0.007852050475776196 727
1615612274919 0.011032896116375923 728
1615612309066 0.009198425337672234 729
1615612347380 0.008686359971761703 730
1615612381871 0.010179078206419945 731
1615612416469 0.01102861575782299 732
1615612450740 0.008915436454117298 733
1615612484816 0.011637293733656406 734
1615612519276 0.011996239423751831 735
1615612554003 0.010489432141184807 736
1615612588394 0.009321077726781368 737
1615612623296 0.010040385648608208 738
1615612657986 0.008657282218337059 739
1615612696710 0.011840930208563805 740
1615612731196 0.012428994290530682 741
1615612765472 0.00942099280655384 742
1615612800139 0.009168615564703941 743
1615612834722 0.008034374564886093 744
1615612868959 0.010927368886768818 745
1615612903290 0.008998967707157135 746
1615612937338 0.010395037941634655 747
1615612971513 0.0100728590041399 748
1615613005775 0.011615289375185966 749
1615613044155 0.009899741038680077 750
1615613078627 0.01203757431358099 751
1615613112934 0.011005334556102753 752
1615613147314 0.012638391926884651 753
1615613181954 0.009746909141540527 754
1615613216175 0.010386200621724129 755
1615613250370 0.009673560969531536 756
1615613284649 0.01232796348631382 757
1615613318918 0.010758550837635994 758
1615613353639 0.008540889248251915 759
1615613392865 0.0110983457416296 760
1615613427549 0.011010225862264633 761
1615613462144 0.010881664231419563 762
1615613496652 0.011564357206225395 763
1615613530952 0.010651360265910625 764
1615613565229 0.012670839205384254 765
1615613600092 0.00931704044342041 766
1615613634203 0.01027768850326538 767
1615613668594 0.010335026308894157 768
1615613702773 0.008776150643825531 769
1615613741378 0.010535890236496925 770
1615613775595 0.011874699033796787 771
1615613809752 0.011296693235635757 772
1615613844263 0.008954651653766632 773
1615613878331 0.011296618729829788 774
1615613912795 0.012263737618923187 775
1615613947284 0.009339576587080956 776
1615613981634 0.009796549566090107 777
1615614015813 0.00947689451277256 778
1615614050536 0.010830935090780258 779
1615614089214 0.009088692255318165 780
1615614124005 0.014171355403959751 781
1615614158890 0.008865315467119217 782
1615614193639 0.008639764040708542 783
1615614227877 0.01049833744764328 784
1615614262539 0.009043807163834572 785
1615614296711 0.012012369930744171 786
1615614331208 0.011483312584459782 787
1615614365731 0.010585707612335682 788
1615614400294 0.012092143297195435 789
1615614439031 0.010586671531200409 790
1615614473826 0.010953385382890701 791
1615614508411 0.010284662246704102 792
1615614543208 0.011711033061146736 793
1615614577509 0.009408674202859402 794
1615614612141 0.010394953191280365 795
1615614646410 0.009871239773929119 796
1615614681039 0.009285252541303635 797
1615614715302 0.011805832386016846 798
1615614749712 0.00764894112944603 799
1615614788461 0.0102807292714715 800
1615614822741 0.012057703919708729 801
1615614857222 0.010603155009448528 802
1615614891705 0.009531747549772263 803
1615614926401 0.00965547189116478 804
1615614960831 0.01224219985306263 805
1615614995411 0.009712177328765392 806
1615615030129 0.010244565084576607 807
1615615064794 0.01142360270023346 808
1615615099203 0.012008358724415302 809
1615615138092 0.010680126026272774 810
1615615172330 0.012575109489262104 811
1615615206701 0.009877055883407593 812
1615615241382 0.008592978119850159 813
1615615276009 0.0086345374584198 814
1615615310586 0.010188918560743332 815
1615615345240 0.011270232498645782 816
1615615379404 0.007652966771274805 817
1615615413469 0.011621799319982529 818
1615615447836 0.012343743816018105 819
1615615486756 0.01258864626288414 820
1615615521300 0.009879855439066887 821
1615615555629 0.011138657107949257 822
1615615590189 0.010396137833595276 823
1615615624875 0.010529067367315292 824
1615615659216 0.011609029024839401 825
1615615693423 0.009530516341328621 826
1615615728100 0.0120531115680933 827
1615615762482 0.008255750872194767 828
1615615797013 0.009206537157297134 829
1615615836152 0.011076284572482109 830
1615615870531 0.011438763700425625 831
1615615905062 0.009955933317542076 832
1615615939494 0.008512692525982857 833
1615615973807 0.009970944374799728 834
1615616008509 0.010937513783574104 835
1615616042618 0.01009863056242466 836
1615616077083 0.013158690184354782 837
1615616111379 0.011270705610513687 838
1615616145948 0.010493231937289238 839
1615616184161 0.009453823789954185 840
1615616218781 0.011680526658892632 841
1615616252984 0.010754663497209549 842
1615616287543 0.008576517924666405 843
1615616322304 0.009444279596209526 844
1615616357154 0.01095858495682478 845
1615616391726 0.008816222660243511 846
1615616426376 0.009101202711462975 847
1615616460985 0.010953991673886776 848
1615616495338 0.013423018157482147 849
1615616534121 0.01079770177602768 850
1615616568381 0.008036613464355469 851
1615616602828 0.00701929209753871 852
1615616637041 0.012467028573155403 853
1615616671552 0.01073016133159399 854
1615616706001 0.010675348341464996 855
1615616740741 0.011232910677790642 856
1615616775141 0.011580904945731163 857
1615616809493 0.009391264989972115 858
1615616844079 0.009013643488287926 859
1615616882713 0.009125472977757454 860
1615616917432 0.012057081796228886 861
1615616952154 0.011194665916264057 862
1615616986887 0.012208652682602406 863
1615617021151 0.012340454384684563 864
1615617055275 0.00932266004383564 865
1615617089880 0.012304561212658882 866
1615617124096 0.008415641263127327 867
1615617158676 0.013236816972494125 868
1615617193377 0.011302882805466652 869
1615617231810 0.00840503629297018 870
1615617266194 0.010106820613145828 871
1615617300359 0.010777110233902931 872
1615617334709 0.012689495459198952 873
1615617369212 0.01115066185593605 874
1615617403944 0.009727565571665764 875
1615617438821 0.009961305186152458 876
1615617473446 0.01034492440521717 877
1615617507757 0.012092020362615585 878
1615617541938 0.009120048955082893 879
1615617580888 0.008243180811405182 880
1615617615463 0.010891055688261986 881
1615617649778 0.009881457313895226 882
1615617684196 0.01131739653646946 883
1615617718514 0.010501407086849213 884
1615617753295 0.012014941312372684 885
1615617787557 0.01264120638370514 886
1615617821927 0.008001549169421196 887
1615617856106 0.009245450608432293 888
1615617890242 0.011470524594187737 889
1615617929289 0.009985118173062801 890
1615617963736 0.008195985108613968 891
1615617998418 0.009940782561898232 892
1615618032775 0.009165894240140915 893
1615618067672 0.009355979040265083 894
1615618102034 0.007012956775724888 895
1615618136424 0.0113759133964777 896
1615618171145 0.011989948339760303 897
1615618205363 0.009493200108408928 898
1615618239867 0.012625942006707191 899
1615618278610 0.008851874619722366 900
1615618312989 0.009326254948973656 901
1615618347405 0.008672182448208332 902
1615618381622 0.010392311960458755 903
1615618416351 0.009718374349176884 904
1615618450453 0.010365240275859833 905
1615618484596 0.010607775300741196 906
1615618518845 0.011061729863286018 907
1615618553429 0.01087336428463459 908
1615618588084 0.010743193328380585 909
1615618626664 0.008667227812111378 910
1615618661102 0.008527994155883789 911
1615618695539 0.012252788990736008 912
1615618730085 0.010299863293766975 913
1615618764628 0.00874497089534998 914
1615618800073 0.012165800668299198 915
1615618834729 0.009781353175640106 916
1615618869003 0.01364503800868988 917
1615618903392 0.010582194663584232 918
1615618937823 0.010181894525885582 919
1615618976539 0.009842310100793839 920
1615619011269 0.01074733305722475 921
1615619045948 0.009349729865789413 922
1615619080492 0.011069629341363907 923
1615619114954 0.008161026984453201 924
1615619149172 0.010772562585771084 925
1615619183362 0.008945422247052193 926
1615619217919 0.009133642539381981 927
1615619252780 0.010712146759033203 928
1615619287082 0.009618295356631279 929
1615619325607 0.012527335435152054 930
1615619360071 0.010026643052697182 931
1615619394742 0.010389554314315319 932
1615619429121 0.010622247122228146 933
1615619463385 0.012046177871525288 934
1615619497830 0.010244178585708141 935
1615619532222 0.012568535283207893 936
1615619566483 0.012823290191590786 937
1615619600687 0.01089879684150219 938
1615619635538 0.0105217806994915 939
1615619674202 0.010879947803914547 940
1615619708771 0.011950984597206116 941
1615619743400 0.011792805045843124 942
1615619778129 0.01093315053731203 943
1615619812682 0.01003083772957325 944
1615619847275 0.009287036024034023 945
1615619882029 0.00847204215824604 946
1615619916724 0.01367541216313839 947
1615619951534 0.008920317515730858 948
1615619986049 0.008598699234426022 949
1615620024895 0.010173301212489605 950
1615620059152 0.010562057606875896 951
1615620093828 0.008874249644577503 952
1615620128109 0.00935126468539238 953
1615620162398 0.00902194157242775 954
1615620196736 0.011284662410616875 955
1615620231303 0.008350703865289688 956
1615620265792 0.011083456687629223 957
1615620300308 0.009016647934913635 958
1615620334800 0.00941650290042162 959
1615620373660 0.012885887175798416 960
1615620407975 0.010965589433908463 961
1615620442511 0.00948864035308361 962
1615620476930 0.010736116208136082 963
1615620511192 0.009218869730830193 964
1615620545614 0.008686942979693413 965
1615620580053 0.010497573763132095 966
1615620614764 0.009393149055540562 967
1615620649205 0.008363279514014721 968
1615620683739 0.00991364847868681 969
1615620722836 0.012196140363812447 970
1615620757166 0.009507221169769764 971
1615620791531 0.009813565760850906 972
1615620825807 0.010371241718530655 973
1615620860492 0.01016504131257534 974
1615620895145 0.010877225548028946 975
1615620929487 0.008823314681649208 976
1615620964219 0.008571741171181202 977
1615620998469 0.012017371132969856 978
1615621033019 0.010554887354373932 979
1615621071664 0.012941048480570316 980
1615621105792 0.011545767076313496 981
1615621140312 0.011038437485694885 982
1615621174544 0.010878178291022778 983
1615621208782 0.008358385413885117 984
1615621243455 0.010044166818261147 985
1615621277732 0.009002972394227982 986
1615621312137 0.009772228077054024 987
1615621346729 0.009466389194130898 988
1615621381123 0.008259303867816925 989
1615621419754 0.01039421372115612 990
1615621454351 0.01077832281589508 991
1615621488599 0.009064333513379097 992
1615621523100 0.010882709175348282 993
1615621557656 0.008780027739703655 994
1615621591891 0.008198805153369904 995
1615621626260 0.00894579291343689 996
1615621660876 0.00783853605389595 997
1615621695363 0.01030241884291172 998
1615621729851 0.010204233229160309 999
1615621768455 0.009638495743274689 1000
1615621802816 0.008946342393755913 1001
1615621837399 0.009025586768984795 1002
1615621871712 0.009504246525466442 1003
1615621906084 0.01081112865358591 1004
1615621940623 0.01064292062073946 1005
1615621975332 0.010916540399193764 1006
1615622009557 0.00995685439556837 1007
1615622043993 0.01089479774236679 1008
1615622078313 0.013384535908699036 1009
1615622117605 0.010587818920612335 1010
1615622151960 0.007896056398749352 1011
1615622186198 0.009450001642107964 1012
1615622220516 0.011361351236701012 1013
1615622254710 0.010191494598984718 1014
1615622288863 0.010796068236231804 1015
1615622323489 0.011630596593022346 1016
1615622357825 0.011106176301836967 1017
1615622392487 0.008604470640420914 1018
1615622426599 0.009213510900735855 1019
1615622465340 0.009802322834730148 1020
1615622499817 0.010724520310759544 1021
1615622534398 0.013192296028137207 1022
1615622568746 0.008989844471216202 1023
1615622603449 0.009707693010568619 1024
1615622638143 0.012559750117361546 1025
1615622672757 0.008613811805844307 1026
1615622707108 0.010927099734544754 1027
1615622741590 0.010198806412518024 1028
1615622776398 0.009264284744858742 1029
1615622815182 0.011454331688582897 1030
1615622849498 0.011202208697795868 1031
1615622884189 0.010842793621122837 1032
1615622918849 0.009625893086194992 1033
1615622953486 0.008248771540820599 1034
1615622988182 0.008720725774765015 1035
1615623022463 0.009491578675806522 1036
1615623057067 0.010162807069718838 1037
1615623091181 0.010573511943221092 1038
1615623125447 0.010623499751091003 1039
1615623164289 0.011130653321743011 1040
1615623199035 0.008142197504639626 1041
1615623233922 0.009766986593604088 1042
1615623268488 0.009702922776341438 1043
1615623302703 0.01101565733551979 1044
1615623336864 0.008865125477313995 1045
1615623371328 0.009965109638869762 1046
1615623405699 0.011343857273459435 1047
1615623440396 0.009657732211053371 1048
1615623475113 0.010733161121606827 1049
1615623513904 0.010276783257722855 1050
1615623548509 0.011555548757314682 1051
1615623583055 0.011293962597846985 1052
1615623617652 0.009192578494548798 1053
1615623652364 0.010425446555018425 1054
1615623687099 0.010063685476779938 1055
1615623721765 0.008668888360261917 1056
1615623756350 0.008537665009498596 1057
1615623791010 0.012718580663204193 1058
1615623825605 0.012545784004032612 1059
1615623864178 0.009839987382292747 1060
1615623898414 0.009497741237282753 1061
1615623932715 0.011110079474747181 1062
1615623967420 0.01219642162322998 1063
1615624001925 0.012217452749609947 1064
1615624036199 0.011192310601472855 1065
1615624070528 0.010719357058405876 1066
1615624104978 0.011331920512020588 1067
1615624139572 0.010760962963104248 1068
1615624174258 0.009096987545490265 1069
1615624213245 0.01124499924480915 1070
1615624247622 0.009965421631932259 1071
1615624281761 0.012680338695645332 1072
1615624316419 0.010698158293962479 1073
1615624351082 0.009638473391532898 1074
1615624385622 0.008721861988306046 1075
1615624420486 0.009966105222702026 1076
1615624455043 0.011280221864581108 1077
1615624489864 0.010036902502179146 1078
1615624524051 0.009865088388323784 1079
1615624562481 0.010841176845133305 1080
1615624597170 0.011464901268482208 1081
1615624631939 0.012567665427923203 1082
1615624666460 0.011556351557374 1083
1615624701111 0.012405581772327423 1084
1615624735395 0.011181924492120743 1085
1615624769596 0.009385930374264717 1086
1615624804288 0.009276757016777992 1087
1615624838798 0.009779006242752075 1088
1615624873435 0.010568976402282715 1089
1615624911928 0.009635848924517632 1090
1615624946267 0.009261691942811012 1091
1615624980465 0.010616645216941833 1092
1615625014899 0.00960627757012844 1093
1615625049212 0.01190951094031334 1094
1615625083812 0.009176249615848064 1095
1615625118079 0.0092379841953516 1096
1615625152552 0.011779132299125195 1097
1615625186969 0.01057269237935543 1098
1615625221390 0.008516926318407059 1099
1615625260186 0.00932006724178791 1100
1615625294712 0.008602929301559925 1101
1615625328997 0.010868573561310768 1102
1615625363867 0.009006030857563019 1103
1615625398553 0.0100713474676013 1104
1615625432935 0.01202383078634739 1105
1615625467410 0.008935628458857536 1106
1615625502051 0.010947981849312782 1107
1615625536656 0.00997998658567667 1108
1615625570848 0.009082281030714512 1109
1615625609772 0.007845819927752018 1110
1615625644574 0.011202361434698105 1111
1615625679194 0.012126246467232704 1112
1615625713984 0.010536100715398788 1113
1615625748327 0.008878758177161217 1114
1615625782696 0.01008942723274231 1115
1615625816918 0.008536159992218018 1116
1615625851403 0.010411699302494526 1117
1615625885524 0.00963906105607748 1118
1615625919839 0.012428078800439835 1119
1615625958229 0.010519230738282204 1120
1615625992491 0.009853746742010117 1121
1615626026804 0.009128259494900703 1122
1615626061359 0.009186556562781334 1123
1615626095767 0.009005228988826275 1124
1615626130494 0.009203199297189713 1125
1615626165313 0.009288545697927475 1126
1615626199646 0.008757773786783218 1127
1615626234058 0.010065647773444653 1128
1615626268648 0.00947447307407856 1129
1615626307025 0.00826839730143547 1130
1615626341654 0.011538811028003693 1131
1615626376311 0.007726671174168587 1132
1615626410452 0.010323930531740189 1133
1615626444706 0.009373459964990616 1134
1615626479425 0.009882161393761635 1135
1615626513574 0.008393940515816212 1136
1615626547789 0.009583194740116596 1137
1615626582315 0.010249760001897812 1138
1615626616544 0.01056944951415062 1139
1615626655444 0.01133287325501442 1140
1615626690085 0.009541235864162445 1141
1615626724660 0.011850384995341301 1142
1615626758981 0.009656332433223724 1143
1615626793652 0.010493796318769455 1144
1615626828359 0.008878970518708229 1145
1615626862900 0.011836299672722816 1146
1615626897458 0.007332108449190855 1147
1615626931929 0.010891895741224289 1148
1615626966549 0.01084231585264206 1149
1615627005293 0.010848542675375938 1150
1615627040038 0.010590719059109688 1151
1615627074718 0.010448114015161991 1152
1615627108873 0.009901279583573341 1153
1615627143285 0.011188517324626446 1154
1615627177891 0.010485001839697361 1155
1615627212044 0.009810131974518299 1156
1615627246181 0.01022646576166153 1157
1615627281045 0.010371350683271885 1158
1615627315886 0.012731808237731457 1159
1615627354729 0.01042613573372364 1160
1615627388969 0.01011222880333662 1161
1615627423460 0.00749254273250699 1162
1615627458045 0.008526680991053581 1163
1615627492642 0.009807664901018143 1164
1615627527222 0.012108545750379562 1165
1615627561749 0.00927632488310337 1166
1615627596114 0.010178986005485058 1167
1615627630321 0.011271027848124504 1168
1615627664953 0.009662821888923645 1169
1615627703569 0.009491294622421265 1170
1615627738244 0.009442881681025028 1171
1615627772645 0.00995744951069355 1172
1615627807175 0.011708760634064674 1173
1615627843511 0.011091594584286213 1174
1615627877736 0.009791940450668335 1175
1615627912368 0.00799927394837141 1176
1615627946959 0.0079495245590806 1177
1615627981271 0.010749265551567078 1178
1615628016029 0.010131089016795158 1179
1615628054719 0.010367510840296745 1180
1615628089320 0.008857148699462414 1181
1615628123982 0.01117570511996746 1182
1615628158416 0.010574983432888985 1183
1615628193261 0.009025447070598602 1184
1615628227568 0.010133743286132812 1185
1615628261901 0.010581079870462418 1186
1615628296656 0.010047579184174538 1187
1615628331435 0.010537239722907543 1188
1615628366088 0.00793818011879921 1189
1615628405072 0.00988074578344822 1190
1615628439760 0.009349585510790348 1191
1615628474578 0.0077773453667759895 1192
1615628508677 0.010362157598137856 1193
1615628543226 0.009662268683314323 1194
1615628577845 0.011292856186628342 1195
1615628612332 0.009879959747195244 1196
1615628646735 0.009796771220862865 1197
1615628681102 0.010139202699065208 1198
1615628715303 0.009193937294185162 1199
1615628754328 0.011969838291406631 1200
1615628777028 0.00857006385922432 0
1615628777042 0.00857006385922432 0
