1615586917467 0.23497414588928223 1
1615586951464 0.31968754529953003 2
1615586985834 0.4879598319530487 3
1615587020181 0.6008341312408447 4
1615587054338 0.599422812461853 5
1615587088880 0.6462705135345459 6
1615587123611 0.6381954550743103 7
1615587157777 0.6432911157608032 8
1615587192413 0.6822923421859741 9
1615587231330 0.6654794812202454 10
1615587265916 0.7103604674339294 11
1615587300122 0.6827793717384338 12
1615587334569 0.6701204776763916 13
1615587368913 0.6849405765533447 14
1615587403018 0.6890852451324463 15
1615587437315 0.7052209973335266 16
1615587471853 0.7246146202087402 17
1615587506070 0.749504804611206 18
1615587540877 0.7097432017326355 19
1615587579336 0.7322988510131836 20
1615587613313 0.7218600511550903 21
1615587647413 0.746240496635437 22
1615587681890 0.7724471092224121 23
1615587716371 0.7630836963653564 24
1615587750463 0.7297137975692749 25
1615587785013 0.7555611729621887 26
1615587819722 0.741221010684967 27
1615587854310 0.7670955061912537 28
1615587888647 0.7500221729278564 29
1615587927365 0.7569574117660522 30
1615587961850 0.766900360584259 31
1615587996665 0.7812319993972778 32
1615588031295 0.7676533460617065 33
1615588065923 0.7446712255477905 34
1615588100219 0.7755126357078552 35
1615588134630 0.7868393659591675 36
1615588169148 0.798564612865448 37
1615588203236 0.791045606136322 38
1615588237451 0.777025580406189 39
1615588276343 0.7956288456916809 40
1615588310873 0.783344030380249 41
1615588345311 0.7568668127059937 42
1615588379866 0.7804775834083557 43
1615588414402 0.7756321430206299 44
1615588448651 0.781179666519165 45
1615588482767 0.7570866346359253 46
1615588517270 0.7965483069419861 47
1615588551832 0.8518466353416443 48
1615588586580 0.7986462712287903 49
1615588625160 0.8058978915214539 50
1615588659581 0.8070646524429321 51
1615588693930 0.7316478490829468 52
1615588728040 0.7662195563316345 53
1615588762266 0.7788797616958618 54
1615588796578 0.756361722946167 55
1615588830996 0.7738908529281616 56
1615588865327 0.7938446998596191 57
1615588899900 0.7753417491912842 58
1615588933964 0.7848113775253296 59
1615588972548 0.8026982545852661 60
1615589006893 0.7891848087310791 61
1615589041425 0.7832610607147217 62
1615589075572 0.7870233654975891 63
1615589110028 0.7569841146469116 64
1615589144132 0.78598552942276 65
1615589178442 0.8126672506332397 66
1615589213309 0.8119579553604126 67
1615589247920 0.8257485628128052 68
1615589282215 0.820561408996582 69
1615589320570 0.7868326902389526 70
1615589355213 0.7957826256752014 71
1615589389830 0.7580424547195435 72
1615589424365 0.7807989120483398 73
1615589458959 0.7916653156280518 74
1615589493720 0.8200291395187378 75
1615589527917 0.7966545820236206 76
1615589561903 0.8004789352416992 77
1615589596332 0.8222512006759644 78
1615589630734 0.8083927631378174 79
1615589669765 0.761511504650116 80
1615589703786 0.7783717513084412 81
1615589737971 0.8274585008621216 82
1615589772508 0.7980114817619324 83
1615589806691 0.8391522169113159 84
1615589840926 0.8444452285766602 85
1615589875424 0.8250700235366821 86
1615589910461 0.8303444981575012 87
1615589945158 0.8380866646766663 88
1615589979697 0.8341724872589111 89
1615590018216 0.8135833740234375 90
1615590052263 0.8063163757324219 91
1615590086809 0.8228029012680054 92
1615590121264 0.8261064291000366 93
1615590155898 0.8097412586212158 94
1615590190335 0.8161163330078125 95
1615590224804 0.801357626914978 96
1615590258908 0.831944465637207 97
1615590293254 0.7835279107093811 98
1615590327505 0.7898654937744141 99
1615590365821 0.7845628261566162 100
1615590400437 0.8019177913665771 101
1615590434694 0.8152014017105103 102
1615590469432 0.8521658182144165 103
1615590504260 0.8272771835327148 104
1615590538720 0.8165985345840454 105
1615590573191 0.7795567512512207 106
1615590607724 0.7815109491348267 107
1615590642385 0.7959904670715332 108
1615590676536 0.8133339881896973 109
1615590715423 0.8062724471092224 110
1615590750149 0.8301929235458374 111
1615590784928 0.8182293176651001 112
1615590819836 0.7977502346038818 113
1615590854335 0.781578779220581 114
1615590888847 0.8179932236671448 115
1615590923036 0.8038554191589355 116
1615590957294 0.8225287199020386 117
1615590991507 0.7552155256271362 118
1615591026298 0.8194387555122375 119
1615591065637 0.7863161563873291 120
1615591099857 0.8322606086730957 121
1615591133932 0.836550235748291 122
1615591168438 0.7819080352783203 123
1615591202625 0.7887381315231323 124
1615591236709 0.8088164329528809 125
1615591271191 0.8161027431488037 126
1615591305805 0.8290184736251831 127
1615591340488 0.828932523727417 128
1615591375031 0.8122713565826416 129
1615591413817 0.8361045122146606 130
1615591448307 0.8243293762207031 131
1615591482868 0.8145042657852173 132
1615591517791 0.8294730186462402 133
1615591552146 0.796087384223938 134
1615591586407 0.8391205668449402 135
1615591620748 0.8495770692825317 136
1615591654831 0.8073791265487671 137
1615591689238 0.8128889799118042 138
1615591724033 0.8181402683258057 139
1615591762424 0.8040174245834351 140
1615591796791 0.7908250093460083 141
1615591831277 0.8253451585769653 142
1615591865518 0.8408973217010498 143
1615591900061 0.8264627456665039 144
1615591934523 0.8507869243621826 145
1615591968963 0.8427233099937439 146
1615592003589 0.8195405006408691 147
1615592038274 0.8273351192474365 148
1615592072546 0.8317632675170898 149
1615592111114 0.8236575722694397 150
1615592145412 0.8357881307601929 151
1615592179834 0.843055009841919 152
1615592214007 0.8684583902359009 153
1615592248632 0.8751348257064819 154
1615592282953 0.8382667303085327 155
1615592317525 0.8634793162345886 156
1615592352019 0.8684118986129761 157
1615592386214 0.8393641710281372 158
1615592421348 0.8649598360061646 159
1615592459473 0.858214795589447 160
1615592493608 0.7900304794311523 161
1615592527624 0.810928463935852 162
1615592562211 0.8112642765045166 163
1615592596705 0.8328820466995239 164
1615592630888 0.8264477252960205 165
1615592665304 0.815175473690033 166
1615592699977 0.8371977210044861 167
1615592734372 0.8310508728027344 168
1615592768815 0.8731346130371094 169
1615592807683 0.8488060235977173 170
1615592842149 0.8262394666671753 171
1615592876900 0.8373569846153259 172
1615592911184 0.8395593762397766 173
1615592945461 0.8264901041984558 174
1615592979704 0.8489733934402466 175
1615593013845 0.836358368396759 176
1615593048374 0.7933177947998047 177
1615593082774 0.8354296088218689 178
1615593117390 0.8186094164848328 179
1615593156366 0.8781293034553528 180
1615593190457 0.8457432985305786 181
1615593224592 0.8242455720901489 182
1615593259162 0.7996400594711304 183
1615593293910 0.8461431264877319 184
1615593328681 0.8451321125030518 185
1615593363460 0.852884829044342 186
1615593397805 0.8225916624069214 187
1615593432198 0.8197864294052124 188
1615593467020 0.8283373117446899 189
1615593505745 0.8339481353759766 190
1615593540177 0.8759622573852539 191
1615593574347 0.8217506408691406 192
1615593608922 0.807550311088562 193
1615593643421 0.8203005790710449 194
1615593677672 0.8620738387107849 195
1615593712166 0.8150051832199097 196
1615593746693 0.8614842295646667 197
1615593781270 0.8425867557525635 198
1615593815752 0.831526517868042 199
1615593854146 0.8285130262374878 200
1615593888400 0.8292046785354614 201
1615593923071 0.8133452534675598 202
1615593957373 0.8245491981506348 203
1615593991843 0.8508144021034241 204
1615594026736 0.8421562910079956 205
1615594060918 0.8448306322097778 206
1615594095165 0.8586688041687012 207
1615594129720 0.8576673269271851 208
1615594163858 0.8602185845375061 209
1615594202269 0.8315361738204956 210
1615594236403 0.8543952703475952 211
1615594271035 0.8370906710624695 212
1615594306150 0.7943702936172485 213
1615594341000 0.8375528454780579 214
1615594375229 0.8514630198478699 215
1615594409259 0.8394337892532349 216
1615594443403 0.8636868000030518 217
1615594477533 0.8534296751022339 218
1615594512038 0.8256423473358154 219
1615594551169 0.8319051265716553 220
1615594585645 0.8411239385604858 221
1615594620282 0.8281590342521667 222
1615594654728 0.8550633192062378 223
1615594689544 0.8493559956550598 224
1615594723866 0.8189220428466797 225
1615594758345 0.8272117376327515 226
1615594792899 0.8259215950965881 227
1615594827640 0.8410934209823608 228
1615594862075 0.8674789667129517 229
1615594900569 0.8572201132774353 230
1615594935128 0.885635495185852 231
1615594969988 0.8598078489303589 232
1615595004236 0.8242785930633545 233
1615595038805 0.8668129444122314 234
1615595072963 0.8536171913146973 235
1615595107463 0.8571994304656982 236
1615595141545 0.8646224737167358 237
1615595176007 0.8423035144805908 238
1615595210516 0.8802855014801025 239
1615595249437 0.8392264246940613 240
1615595284171 0.8388612270355225 241
1615595318903 0.8460776805877686 242
1615595353485 0.8501545190811157 243
1615595388458 0.8573379516601562 244
1615595422728 0.8384418487548828 245
1615595458193 0.841419517993927 246
1615595492348 0.8232513666152954 247
1615595526874 0.8633748888969421 248
1615595561208 0.8453642725944519 249
1615595600244 0.8479422330856323 250
1615595634477 0.8652807474136353 251
1615595669089 0.8364852666854858 252
1615595703904 0.8108190298080444 253
1615595738536 0.8505367040634155 254
1615595773202 0.8683099150657654 255
1615595807993 0.8410166501998901 256
1615595842190 0.8950309753417969 257
1615595876333 0.867919921875 258
1615595910847 0.8465080261230469 259
1615595949302 0.8443800806999207 260
1615595983784 0.8731127977371216 261
1615596017845 0.869534969329834 262
1615596051977 0.8580178022384644 263
1615596086457 0.846333920955658 264
1615596121059 0.850915789604187 265
1615596155141 0.8358567953109741 266
1615596189652 0.8595024347305298 267
1615596223769 0.8200467824935913 268
1615596258143 0.8518321514129639 269
1615596296463 0.8590748906135559 270
1615596331023 0.8739085793495178 271
1615596365483 0.8539921045303345 272
1615596400223 0.8358319997787476 273
1615596434486 0.8554974794387817 274
1615596468684 0.8480638265609741 275
1615596503171 0.8159186840057373 276
1615596537759 0.8894360065460205 277
1615596572354 0.840828537940979 278
1615596606561 0.8751120567321777 279
1615596645638 0.8623309135437012 280
1615596679818 0.8694283366203308 281
1615596714010 0.878654956817627 282
1615596748712 0.8566045761108398 283
1615596783926 0.8634207248687744 284
1615596818336 0.8071213364601135 285
1615596852615 0.8660913705825806 286
1615596887312 0.8488266468048096 287
1615596921888 0.8454313278198242 288
1615596955966 0.855872392654419 289
1615596994685 0.8469784259796143 290
1615597029204 0.8694881200790405 291
1615597063427 0.8535563945770264 292
1615597097885 0.8629140257835388 293
1615597132452 0.8581126928329468 294
1615597166807 0.8450033664703369 295
1615597201237 0.8531508445739746 296
1615597235763 0.869288444519043 297
1615597269918 0.84144127368927 298
1615597304050 0.8784700632095337 299
1615597343287 0.866092324256897 300
1615597377920 0.8371695280075073 301
1615597412238 0.8542382717132568 302
1615597446491 0.8926374912261963 303
1615597480824 0.8698807954788208 304
1615597515241 0.8430349826812744 305
1615597549478 0.8226269483566284 306
1615597584045 0.860420823097229 307
1615597618846 0.9144265651702881 308
1615597653465 0.8929505944252014 309
1615597692974 0.8334445953369141 310
1615597727597 0.8330488204956055 311
1615597761930 0.8342869281768799 312
1615597796410 0.8364847302436829 313
1615597831068 0.8876371383666992 314
1615597865375 0.8657413721084595 315
1615597899685 0.862510085105896 316
1615597934293 0.8813838958740234 317
1615597968520 0.851377546787262 318
1615598003155 0.8454173803329468 319
1615598041836 0.8609859347343445 320
1615598076502 0.8466370105743408 321
1615598111140 0.8582800626754761 322
1615598145351 0.8281452655792236 323
1615598179620 0.8669607639312744 324
1615598214335 0.826745867729187 325
1615598249059 0.8503327369689941 326
1615598283283 0.8570632934570312 327
1615598317645 0.8840096592903137 328
1615598352378 0.882752001285553 329
1615598390801 0.8190786838531494 330
1615598425193 0.8435405492782593 331
1615598459838 0.8675890564918518 332
1615598494069 0.8862258195877075 333
1615598528708 0.8568911552429199 334
1615598562854 0.8536075353622437 335
1615598596949 0.855614185333252 336
1615598631422 0.8764661550521851 337
1615598665939 0.8463587760925293 338
1615598700054 0.8901371955871582 339
1615598738895 0.8750525712966919 340
1615598773496 0.8552170991897583 341
1615598807748 0.8749783635139465 342
1615598842072 0.8412337899208069 343
1615598876416 0.8626172542572021 344
1615598910784 0.8417730331420898 345
1615598945330 0.8166534900665283 346
1615598979694 0.8137059807777405 347
1615599013847 0.8579317331314087 348
1615599048645 0.8809921741485596 349
1615599087620 0.8755537867546082 350
1615599122182 0.8677588701248169 351
1615599156309 0.8802165985107422 352
1615599190987 0.8731886148452759 353
1615599225154 0.8918377161026001 354
1615599260076 0.8786180019378662 355
1615599294176 0.8501485586166382 356
1615599328377 0.8732916116714478 357
1615599362857 0.887616753578186 358
1615599397546 0.8506859540939331 359
1615599436316 0.8657116889953613 360
1615599470805 0.8859049677848816 361
1615599505228 0.8875206708908081 362
1615599539453 0.8759045600891113 363
1615599574146 0.8254413604736328 364
1615599608938 0.8669881820678711 365
1615599643529 0.8551312685012817 366
1615599677845 0.8626217842102051 367
1615599712032 0.8844071626663208 368
1615599746568 0.8512006998062134 369
1615599785119 0.8685176968574524 370
1615599819428 0.9038929343223572 371
1615599854463 0.8913328647613525 372
1615599889039 0.8523474335670471 373
1615599923423 0.8775638341903687 374
1615599957534 0.8701001405715942 375
1615599992018 0.8618600964546204 376
1615600026570 0.8323029279708862 377
1615600061017 0.8418325185775757 378
1615600095649 0.8591243028640747 379
1615600133896 0.8414978981018066 380
1615600168507 0.8542231321334839 381
1615600203213 0.8721766471862793 382
1615600237424 0.8491814136505127 383
1615600271897 0.8797804713249207 384
1615600306669 0.8785404562950134 385
1615600340917 0.8717772960662842 386
1615600375343 0.8508787155151367 387
1615600409605 0.8717788457870483 388
1615600443788 0.8805332183837891 389
1615600482599 0.8590395450592041 390
1615600517135 0.8649172782897949 391
1615600551328 0.8526245355606079 392
1615600585495 0.8617607355117798 393
1615600620053 0.8453019857406616 394
1615600654591 0.90162593126297 395
1615600689315 0.8554147481918335 396
1615600724058 0.8877452611923218 397
1615600758445 0.8902662992477417 398
1615600793086 0.8691955804824829 399
1615600832375 0.8802977800369263 400
1615600866743 0.865329921245575 401
1615600901187 0.8804877400398254 402
1615600935779 0.8415937423706055 403
1615600970388 0.8903443813323975 404
1615601004872 0.8695833683013916 405
1615601039039 0.8695565462112427 406
1615601073576 0.8230944871902466 407
1615601108432 0.8835632801055908 408
1615601142549 0.8573365211486816 409
1615601181134 0.8637456893920898 410
1615601215311 0.8698604106903076 411
1615601249803 0.8962622880935669 412
1615601283901 0.8739551305770874 413
1615601318102 0.8425544500350952 414
1615601352255 0.8248095512390137 415
1615601386419 0.8699297904968262 416
1615601421068 0.8665807247161865 417
1615601455956 0.8720260858535767 418
1615601490521 0.8679160475730896 419
1615601529013 0.871527373790741 420
1615601563490 0.8575268983840942 421
1615601598161 0.8756319284439087 422
1615601632370 0.8540990352630615 423
1615601666733 0.8543461561203003 424
1615601701036 0.8884711861610413 425
1615601735326 0.8636766672134399 426
1615601769767 0.8807892799377441 427
1615601803882 0.8568106293678284 428
1615601838055 0.8295004367828369 429
1615601877073 0.8435953855514526 430
1615601911824 0.877505898475647 431
1615601946065 0.8644789457321167 432
1615601980417 0.8513040542602539 433
1615602014818 0.8647350072860718 434
1615602048988 0.8236048221588135 435
1615602083288 0.8782299757003784 436
1615602117734 0.8635019063949585 437
1615602152163 0.8755953311920166 438
1615602186809 0.8364254236221313 439
1615602225645 0.89403235912323 440
1615602260072 0.8799896240234375 441
1615602294677 0.852443277835846 442
1615602329184 0.8694738149642944 443
1615602363803 0.8951148986816406 444
1615602398432 0.8531255722045898 445
1615602432740 0.863388180732727 446
1615602466896 0.8355157375335693 447
1615602501443 0.8648066520690918 448
1615602536100 0.8831298351287842 449
1615602575193 0.8892437219619751 450
1615602609712 0.858049750328064 451
1615602644224 0.856337308883667 452
1615602678470 0.8468846082687378 453
1615602712580 0.8357913494110107 454
1615602746701 0.8844108581542969 455
1615602780758 0.8486528992652893 456
1615602815409 0.8295203447341919 457
1615602849714 0.8326349258422852 458
1615602884028 0.8795398473739624 459
1615602922997 0.8810832500457764 460
1615602957404 0.8829402923583984 461
1615602992196 0.8944553136825562 462
1615603027009 0.8697015047073364 463
1615603061577 0.867767870426178 464
1615603095999 0.8665580153465271 465
1615603130139 0.8612289428710938 466
1615603164486 0.8309037685394287 467
1615603199019 0.844245195388794 468
1615603233697 0.854388952255249 469
1615603272286 0.8587318658828735 470
1615603306590 0.8578701019287109 471
1615603341195 0.8654567003250122 472
1615603375945 0.8634138107299805 473
1615603410239 0.8594951629638672 474
1615603444584 0.887641191482544 475
1615603479039 0.8693227767944336 476
1615603513439 0.8723071813583374 477
1615603548017 0.8659527897834778 478
1615603582345 0.8927186727523804 479
1615603621520 0.8921111226081848 480
1615603655887 0.8699133396148682 481
1615603690159 0.8874788284301758 482
1615603724589 0.8654201030731201 483
1615603759253 0.8832337856292725 484
1615603793590 0.8752493858337402 485
1615603827909 0.8550801277160645 486
1615603862513 0.8663266897201538 487
1615603897050 0.8692322969436646 488
1615603931518 0.886889636516571 489
1615603970593 0.8992574214935303 490
1615604004740 0.8794747591018677 491
1615604039367 0.8391621112823486 492
1615604073645 0.9124205112457275 493
1615604108243 0.8549468517303467 494
1615604142795 0.8803195953369141 495
1615604177083 0.8635791540145874 496
1615604211425 0.9000956416130066 497
1615604245568 0.8631429672241211 498
1615604279999 0.8799356818199158 499
1615604318690 0.8717167377471924 500
1615604353265 0.848007321357727 501
1615604387675 0.8822327256202698 502
1615604422238 0.8919105529785156 503
1615604457220 0.8982352018356323 504
1615604491553 0.8702501058578491 505
1615604525834 0.8830604553222656 506
1615604560230 0.8445502519607544 507
1615604594598 0.8707523941993713 508
1615604629235 0.869522213935852 509
1615604668089 0.8713822364807129 510
1615604702721 0.9142279624938965 511
1615604737174 0.8725613355636597 512
1615604771757 0.8790009021759033 513
1615604806036 0.89150071144104 514
1615604840622 0.8700370192527771 515
1615604875031 0.8900797367095947 516
1615604909533 0.8976477384567261 517
1615604943926 0.876204252243042 518
1615604978122 0.8573019504547119 519
1615605016711 0.8404613733291626 520
1615605051490 0.8378778696060181 521
1615605085962 0.8756611347198486 522
1615605120468 0.8815534114837646 523
1615605155099 0.8793058395385742 524
1615605189294 0.8767920732498169 525
1615605223893 0.915077805519104 526
1615605258501 0.8828222751617432 527
1615605293286 0.881141722202301 528
1615605327813 0.906779408454895 529
1615605367172 0.8779036402702332 530
1615605401745 0.8656209707260132 531
1615605435830 0.8745324015617371 532
1615605470322 0.8560569286346436 533
1615605504404 0.8693171739578247 534
1615605538878 0.8634634017944336 535
1615605573469 0.9076101183891296 536
1615605608280 0.8585944175720215 537
1615605642589 0.8739157915115356 538
1615605676840 0.8787035942077637 539
1615605716060 0.8986266851425171 540
1615605750694 0.8686639070510864 541
1615605785334 0.859026312828064 542
1615605820396 0.884105384349823 543
1615605854622 0.8845614194869995 544
1615605889210 0.8755019903182983 545
1615605923647 0.8868153095245361 546
1615605958300 0.9130100011825562 547
1615605992720 0.8558368682861328 548
1615606027363 0.8548074960708618 549
1615606066482 0.8871036767959595 550
1615606101158 0.8847379088401794 551
1615606135594 0.8925802707672119 552
1615606169805 0.8832666873931885 553
1615606204269 0.8344790935516357 554
1615606238968 0.8542283773422241 555
1615606273794 0.8856543302536011 556
1615606308082 0.8646318912506104 557
1615606342541 0.8744583129882812 558
1615606376846 0.8553658723831177 559
1615606415172 0.8914734125137329 560
1615606449262 0.8663256168365479 561
1615606483822 0.8699578046798706 562
1615606518278 0.8642539978027344 563
1615606552787 0.9237706661224365 564
1615606586890 0.862338662147522 565
1615606621440 0.8888674974441528 566
1615606655642 0.8786938190460205 567
1615606690290 0.903939962387085 568
1615606724451 0.886172890663147 569
1615606762855 0.8758559823036194 570
1615606797446 0.8571356534957886 571
1615606832208 0.8741574287414551 572
1615606866581 0.8719332814216614 573
1615606900886 0.8943797945976257 574
1615606935521 0.8622618317604065 575
1615606970286 0.8695061206817627 576
1615607005289 0.8915598392486572 577
1615607040094 0.900133490562439 578
1615607074467 0.8772009015083313 579
1615607113405 0.8884777426719666 580
1615607147651 0.9142427444458008 581
1615607181840 0.8569744825363159 582
1615607216278 0.86695396900177 583
1615607250427 0.8838198184967041 584
1615607284465 0.8807317018508911 585
1615607319004 0.8642349243164062 586
1615607353559 0.895129919052124 587
1615607388265 0.8657081127166748 588
1615607422574 0.8678390979766846 589
1615607461575 0.89011549949646 590
1615607495742 0.8827884793281555 591
1615607530506 0.8646279573440552 592
1615607565096 0.8681344985961914 593
1615607599823 0.8680464625358582 594
1615607634166 0.8809438943862915 595
1615607668433 0.8857285380363464 596
1615607702760 0.8938493728637695 597
1615607737529 0.8745579719543457 598
1615607771743 0.8801172971725464 599
1615607810695 0.8591768145561218 600
1615607845109 0.9083505868911743 601
1615607879321 0.8817014694213867 602
1615607914364 0.8490362167358398 603
1615607948739 0.8619780540466309 604
1615607983046 0.8747248649597168 605
1615608017756 0.8659015893936157 606
1615608052175 0.8763554096221924 607
1615608086497 0.8971938490867615 608
1615608120548 0.8664714097976685 609
1615608159176 0.8968251347541809 610
1615608193799 0.8492603302001953 611
1615608228376 0.8719208240509033 612
1615608263833 0.8756487965583801 613
1615608298114 0.8866326808929443 614
1615608332869 0.867387056350708 615
1615608367348 0.8922173976898193 616
1615608401532 0.8667579889297485 617
1615608435760 0.9037690162658691 618
1615608470152 0.8815474510192871 619
1615608508802 0.8697668313980103 620
1615608543186 0.8925906419754028 621
1615608577685 0.86337810754776 622
1615608612135 0.8677142262458801 623
1615608646354 0.8837307691574097 624
1615608680698 0.9111618399620056 625
1615608715077 0.8952311873435974 626
1615608749668 0.8875985741615295 627
1615608784506 0.8814826011657715 628
1615608818866 0.8498833775520325 629
1615608857367 0.8567744493484497 630
1615608891497 0.9047719836235046 631
1615608926096 0.8507935404777527 632
1615608960394 0.8902137279510498 633
1615608994611 0.8792903423309326 634
1615609028962 0.8426998257637024 635
1615609063588 0.8703881502151489 636
1615609097728 0.9006680250167847 637
1615609131903 0.880462110042572 638
1615609165982 0.8976349830627441 639
1615609204382 0.8917580246925354 640
1615609239052 0.8829533457756042 641
1615609273485 0.870409369468689 642
1615609307691 0.8720791339874268 643
1615609342069 0.8854659795761108 644
1615609376600 0.8903062343597412 645
1615609410950 0.8891181945800781 646
1615609445262 0.8762849569320679 647
1615609479706 0.8631559610366821 648
1615609514591 0.8905797600746155 649
1615609553148 0.9163709282875061 650
1615609587372 0.8724915385246277 651
1615609621960 0.8897300958633423 652
1615609656241 0.8792961835861206 653
1615609690457 0.9016900062561035 654
1615609724994 0.8859095573425293 655
1615609759252 0.8824687600135803 656
1615609793889 0.8887151479721069 657
1615609828237 0.8699324727058411 658
1615609862757 0.8731170892715454 659
1615609901993 0.8822075128555298 660
1615609936780 0.8997385501861572 661
1615609971489 0.8812938928604126 662
1615610006019 0.8672155141830444 663
1615610040379 0.8909564018249512 664
1615610074984 0.9003247022628784 665
1615610109385 0.8832200169563293 666
1615610143658 0.8956915736198425 667
1615610178152 0.8727707862854004 668
1615610212326 0.8735854029655457 669
1615610251511 0.8914750218391418 670
1615610286223 0.8817208409309387 671
1615610320534 0.8495707511901855 672
1615610355040 0.8510172367095947 673
1615610389316 0.8729138374328613 674
1615610423378 0.8589105010032654 675
1615610457818 0.8862204551696777 676
1615610492210 0.8738811016082764 677
1615610526616 0.8886404633522034 678
1615610561571 0.8837313652038574 679
1615610600484 0.8857572078704834 680
1615610634865 0.8778579235076904 681
1615610669497 0.8982751369476318 682
1615610703761 0.8983639478683472 683
1615610738089 0.8835815787315369 684
1615610772786 0.8821696043014526 685
1615610807141 0.8766612410545349 686
1615610842054 0.9224178791046143 687
1615610876646 0.8633310198783875 688
1615610910752 0.8466530442237854 689
1615610949551 0.8873515129089355 690
1615610983795 0.8826426267623901 691
1615611018446 0.9146887063980103 692
1615611053001 0.8947142362594604 693
1615611087624 0.885076642036438 694
1615611122076 0.8726738095283508 695
1615611156768 0.8873781561851501 696
1615611191619 0.8952642679214478 697
1615611226566 0.8880069255828857 698
1615611261060 0.9068460464477539 699
1615611299859 0.8986022472381592 700
1615611334021 0.8731225728988647 701
1615611368234 0.884618878364563 702
1615611403375 0.9079816341400146 703
1615611437596 0.8842666149139404 704
1615611471682 0.8635014295578003 705
1615611506368 0.8788736462593079 706
1615611540942 0.884284496307373 707
1615611575137 0.8958779573440552 708
1615611609349 0.8634289503097534 709
1615611648355 0.8957855701446533 710
1615611682984 0.8964267373085022 711
1615611717260 0.8804047107696533 712
1615611751950 0.8970518112182617 713
1615611786640 0.9041844010353088 714
1615611821159 0.8858742117881775 715
1615611855403 0.8685311079025269 716
1615611890481 0.9080990552902222 717
1615611924948 0.9042402505874634 718
1615611959421 0.8851420879364014 719
1615611998217 0.8957207202911377 720
1615612032829 0.8717855215072632 721
1615612067417 0.8559989929199219 722
1615612102127 0.8759664297103882 723
1615612136737 0.8916068077087402 724
1615612171685 0.8654974699020386 725
1615612206089 0.910110592842102 726
1615612240360 0.9270269870758057 727
1615612274919 0.8848005533218384 728
1615612309066 0.922002375125885 729
1615612347380 0.912202775478363 730
1615612381871 0.8922419548034668 731
1615612416469 0.8936772346496582 732
1615612450740 0.9060744643211365 733
1615612484816 0.8748860359191895 734
1615612519276 0.8840964436531067 735
1615612554003 0.8969244956970215 736
1615612588394 0.9020686149597168 737
1615612623296 0.8882374167442322 738
1615612657986 0.8912098407745361 739
1615612696710 0.8653600215911865 740
1615612731196 0.8582431077957153 741
1615612765472 0.8903136253356934 742
1615612800139 0.904528021812439 743
1615612834722 0.9223402738571167 744
1615612868959 0.8781324625015259 745
1615612903290 0.8970115184783936 746
1615612937338 0.8688855171203613 747
1615612971513 0.8720827698707581 748
1615613005775 0.8866498470306396 749
1615613044155 0.9157625436782837 750
1615613078627 0.867893397808075 751
1615613112934 0.8777658939361572 752
1615613147314 0.8692705631256104 753
1615613181954 0.8851063251495361 754
1615613216175 0.8892204761505127 755
1615613250370 0.904463529586792 756
1615613284649 0.8860579133033752 757
1615613318918 0.8773695230484009 758
1615613353639 0.9246259927749634 759
1615613392865 0.8677677512168884 760
1615613427549 0.8709591627120972 761
1615613462144 0.8747574687004089 762
1615613496652 0.8920358419418335 763
1615613530952 0.9022784233093262 764
1615613565229 0.8752578496932983 765
1615613600092 0.8967687487602234 766
1615613634203 0.8873152732849121 767
1615613668594 0.8807138800621033 768
1615613702773 0.9013656973838806 769
1615613741378 0.8846209049224854 770
1615613775595 0.8734925985336304 771
1615613809752 0.8882520794868469 772
1615613844263 0.8960927724838257 773
1615613878331 0.8819465637207031 774
1615613912795 0.8614010810852051 775
1615613947284 0.8994619846343994 776
1615613981634 0.8868446350097656 777
1615614015813 0.8780569434165955 778
1615614050536 0.8704546689987183 779
1615614089214 0.9011013507843018 780
1615614124005 0.8351622223854065 781
1615614158890 0.9035558700561523 782
1615614193639 0.9142639636993408 783
1615614227877 0.8966665267944336 784
1615614262539 0.8954628705978394 785
1615614296711 0.8636689782142639 786
1615614331208 0.8798302412033081 787
1615614365731 0.9058594703674316 788
1615614400294 0.8801898956298828 789
1615614439031 0.8840221166610718 790
1615614473826 0.8792647123336792 791
1615614508411 0.9026247262954712 792
1615614543208 0.8686081767082214 793
1615614577509 0.9100191593170166 794
1615614612141 0.8707593679428101 795
1615614646410 0.8731005191802979 796
1615614681039 0.8959203362464905 797
1615614715302 0.8684117794036865 798
1615614749712 0.9154207706451416 799
1615614788461 0.8740500807762146 800
1615614822741 0.861557126045227 801
1615614857222 0.8795274496078491 802
1615614891705 0.8962993621826172 803
1615614926401 0.8805873394012451 804
1615614960831 0.8831457495689392 805
1615614995411 0.8803403973579407 806
1615615030129 0.8910706043243408 807
1615615064794 0.8876249194145203 808
1615615099203 0.8654536008834839 809
1615615138092 0.894151508808136 810
1615615172330 0.8651919364929199 811
1615615206701 0.8783572912216187 812
1615615241382 0.9110656380653381 813
1615615276009 0.9137405157089233 814
1615615310586 0.8834418058395386 815
1615615345240 0.866115152835846 816
1615615379404 0.917783796787262 817
1615615413469 0.8679705858230591 818
1615615447836 0.8712672591209412 819
1615615486756 0.8347220420837402 820
1615615521300 0.8982133865356445 821
1615615555629 0.8799179792404175 822
1615615590189 0.8857908844947815 823
1615615624875 0.8892361521720886 824
1615615659216 0.8739957809448242 825
1615615693423 0.872780978679657 826
1615615728100 0.8715507984161377 827
1615615762482 0.9054399132728577 828
1615615797013 0.8970486521720886 829
1615615836152 0.8791912794113159 830
1615615870531 0.892649233341217 831
1615615905062 0.8913868069648743 832
1615615939494 0.9037498235702515 833
1615615973807 0.8868116140365601 834
1615616008509 0.8635944724082947 835
1615616042618 0.8960714340209961 836
1615616077083 0.8423240184783936 837
1615616111379 0.8962075710296631 838
1615616145948 0.9007096886634827 839
1615616184161 0.8878870606422424 840
1615616218781 0.8771579265594482 841
1615616252984 0.9063066244125366 842
1615616287543 0.907585859298706 843
1615616322304 0.8983873128890991 844
1615616357154 0.8863857984542847 845
1615616391726 0.8893834352493286 846
1615616426376 0.8963669538497925 847
1615616460985 0.8696668148040771 848
1615616495338 0.8621000051498413 849
1615616534121 0.8691243529319763 850
1615616568381 0.918816089630127 851
1615616602828 0.9266946315765381 852
1615616637041 0.8593232035636902 853
1615616671552 0.882124662399292 854
1615616706001 0.8831764459609985 855
1615616740741 0.8910578489303589 856
1615616775141 0.8723275661468506 857
1615616809493 0.9003795385360718 858
1615616844079 0.8922287225723267 859
1615616882713 0.8951971530914307 860
1615616917432 0.8625301122665405 861
1615616952154 0.8931354880332947 862
1615616986887 0.881029486656189 863
1615617021151 0.8621439337730408 864
1615617055275 0.8837064504623413 865
1615617089880 0.8652212619781494 866
1615617124096 0.9054592847824097 867
1615617158676 0.8628963828086853 868
1615617193377 0.868249773979187 869
1615617231810 0.9122743606567383 870
1615617266194 0.8763846755027771 871
1615617300359 0.9029090404510498 872
1615617334709 0.877068042755127 873
1615617369212 0.9040728211402893 874
1615617403944 0.8851363658905029 875
1615617438821 0.8996626138687134 876
1615617473446 0.8802231550216675 877
1615617507757 0.8536084294319153 878
1615617541938 0.9059997200965881 879
1615617580888 0.9051691293716431 880
1615617615463 0.8742052316665649 881
1615617649778 0.8864918947219849 882
1615617684196 0.8672473430633545 883
1615617718514 0.9032748341560364 884
1615617753295 0.8744767904281616 885
1615617787557 0.8520069122314453 886
1615617821927 0.9087897539138794 887
1615617856106 0.8849661350250244 888
1615617890242 0.853765606880188 889
1615617929289 0.887764573097229 890
1615617963736 0.9151297807693481 891
1615617998418 0.8941124677658081 892
1615618032775 0.8847463726997375 893
1615618067672 0.8974270820617676 894
1615618102034 0.9212818145751953 895
1615618136424 0.8578451871871948 896
1615618171145 0.876335859298706 897
1615618205363 0.887457013130188 898
1615618239867 0.8458638191223145 899
1615618278610 0.9210188388824463 900
1615618312989 0.8847322463989258 901
1615618347405 0.9027512073516846 902
1615618381622 0.8890363574028015 903
1615618416351 0.8912686705589294 904
1615618450453 0.8862640261650085 905
1615618484596 0.8682123422622681 906
1615618518845 0.8701210021972656 907
1615618553429 0.8661539554595947 908
1615618588084 0.8865887522697449 909
1615618626664 0.9044513702392578 910
1615618661102 0.9074298143386841 911
1615618695539 0.8588442802429199 912
1615618730085 0.8890957832336426 913
1615618764628 0.9100253582000732 914
1615618800073 0.8677921295166016 915
1615618834729 0.9002116918563843 916
1615618869003 0.8434820771217346 917
1615618903392 0.8792222738265991 918
1615618937823 0.8913863897323608 919
1615618976539 0.8876402378082275 920
1615619011269 0.8863755464553833 921
1615619045948 0.8905575275421143 922
1615619080492 0.8839670419692993 923
1615619114954 0.9096074104309082 924
1615619149172 0.8804128170013428 925
1615619183362 0.9047521352767944 926
1615619217919 0.8971604108810425 927
1615619252780 0.8872159719467163 928
1615619287082 0.8962122797966003 929
1615619325607 0.862601637840271 930
1615619360071 0.883078396320343 931
1615619394742 0.8967630863189697 932
1615619429121 0.8901591300964355 933
1615619463385 0.861083984375 934
1615619497830 0.8729110956192017 935
1615619532222 0.8614353537559509 936
1615619566483 0.8688918948173523 937
1615619600687 0.8764559030532837 938
1615619635538 0.8926270604133606 939
1615619674202 0.8939019441604614 940
1615619708771 0.8682097792625427 941
1615619743400 0.8711534738540649 942
1615619778129 0.8551851511001587 943
1615619812682 0.9120057821273804 944
1615619847275 0.8962501287460327 945
1615619882029 0.9175838232040405 946
1615619916724 0.8281575441360474 947
1615619951534 0.8940553069114685 948
1615619986049 0.9141796827316284 949
1615620024895 0.8775426149368286 950
1615620059152 0.8778326511383057 951
1615620093828 0.9189140796661377 952
1615620128109 0.8961018323898315 953
1615620162398 0.8886595368385315 954
1615620196736 0.8781017065048218 955
1615620231303 0.8830174207687378 956
1615620265792 0.8821035623550415 957
1615620300308 0.8937106728553772 958
1615620334800 0.9034621715545654 959
1615620373660 0.8813120126724243 960
1615620407975 0.8768889904022217 961
1615620442511 0.8846117854118347 962
1615620476930 0.8812844753265381 963
1615620511192 0.8846652507781982 964
1615620545614 0.9114653468132019 965
1615620580053 0.8791343569755554 966
1615620614764 0.892996609210968 967
1615620649205 0.9249542951583862 968
1615620683739 0.8822388648986816 969
1615620722836 0.8891764283180237 970
1615620757166 0.9078484177589417 971
1615620791531 0.8856087923049927 972
1615620825807 0.882032573223114 973
1615620860492 0.8951318264007568 974
1615620895145 0.8604146838188171 975
1615620929487 0.9033429622650146 976
1615620964219 0.9014483690261841 977
1615620998469 0.8583825826644897 978
1615621033019 0.9004830121994019 979
1615621071664 0.8451763391494751 980
1615621105792 0.8801275491714478 981
1615621140312 0.8758073449134827 982
1615621174544 0.883197546005249 983
1615621208782 0.9248306751251221 984
1615621243455 0.8971360921859741 985
1615621277732 0.9134668707847595 986
1615621312137 0.8783445358276367 987
1615621346729 0.8957017660140991 988
1615621381123 0.8986024856567383 989
1615621419754 0.8781499862670898 990
1615621454351 0.8871369957923889 991
1615621488599 0.9077073335647583 992
1615621523100 0.8622609376907349 993
1615621557656 0.9130374789237976 994
1615621591891 0.9097845554351807 995
1615621626260 0.902813196182251 996
1615621660876 0.9262877702713013 997
1615621695363 0.8923639059066772 998
1615621729851 0.8636929988861084 999
1615621768455 0.9194957613945007 1000
1615621802816 0.9111042022705078 1001
1615621837399 0.919563353061676 1002
1615621871712 0.9094152450561523 1003
1615621906084 0.892032265663147 1004
1615621940623 0.8844323754310608 1005
1615621975332 0.8870164752006531 1006
1615622009557 0.8858557939529419 1007
1615622043993 0.8931231498718262 1008
1615622078313 0.8563183546066284 1009
1615622117605 0.8649436831474304 1010
1615622151960 0.9124739170074463 1011
1615622186198 0.8946089744567871 1012
1615622220516 0.8786568641662598 1013
1615622254710 0.8876266479492188 1014
1615622288863 0.8905410766601562 1015
1615622323489 0.8930072784423828 1016
1615622357825 0.8681955933570862 1017
1615622392487 0.9149476289749146 1018
1615622426599 0.9079276323318481 1019
1615622465340 0.9075798988342285 1020
1615622499817 0.8806602954864502 1021
1615622534398 0.8548104763031006 1022
1615622568746 0.9079694747924805 1023
1615622603449 0.8745668530464172 1024
1615622638143 0.8266205787658691 1025
1615622672757 0.9060196876525879 1026
1615622707108 0.8716383576393127 1027
1615622741590 0.8949216604232788 1028
1615622776398 0.9071356058120728 1029
1615622815182 0.8720358610153198 1030
1615622849498 0.8692271709442139 1031
1615622884189 0.8777047395706177 1032
1615622918849 0.9059967994689941 1033
1615622953486 0.8948662281036377 1034
1615622988182 0.89768385887146 1035
1615623022463 0.8928132057189941 1036
1615623057067 0.8937987089157104 1037
1615623091181 0.8748159408569336 1038
1615623125447 0.8989884853363037 1039
1615623164289 0.8710600733757019 1040
1615623199035 0.9218721389770508 1041
1615623233922 0.8818943500518799 1042
1615623268488 0.8691517114639282 1043
1615623302703 0.8842561841011047 1044
1615623336864 0.9160076379776001 1045
1615623371328 0.8804033994674683 1046
1615623405699 0.8678901195526123 1047
1615623440396 0.9003201723098755 1048
1615623475113 0.8890503644943237 1049
1615623513904 0.8961138725280762 1050
1615623548509 0.8704296946525574 1051
1615623583055 0.843909740447998 1052
1615623617652 0.89410799741745 1053
1615623652364 0.888990044593811 1054
1615623687099 0.8916641473770142 1055
1615623721765 0.9177237749099731 1056
1615623756350 0.9066579341888428 1057
1615623791010 0.8583414554595947 1058
1615623825605 0.8504608869552612 1059
1615623864178 0.8972947597503662 1060
1615623898414 0.8897303938865662 1061
1615623932715 0.8708804249763489 1062
1615623967420 0.8686546683311462 1063
1615624001925 0.8599664568901062 1064
1615624036199 0.878327488899231 1065
1615624070528 0.9017611145973206 1066
1615624104978 0.8737013936042786 1067
1615624139572 0.8823496103286743 1068
1615624174258 0.8967934846878052 1069
1615624213245 0.8703536987304688 1070
1615624247622 0.8845409154891968 1071
1615624281761 0.8599390983581543 1072
1615624316419 0.8871082067489624 1073
1615624351082 0.888542652130127 1074
1615624385622 0.8972580432891846 1075
1615624420486 0.8840006589889526 1076
1615624455043 0.8609806299209595 1077
1615624489864 0.8956068754196167 1078
1615624524051 0.8988925814628601 1079
1615624562481 0.8657573461532593 1080
1615624597170 0.8619967103004456 1081
1615624631939 0.8695708513259888 1082
1615624666460 0.8574581146240234 1083
1615624701111 0.8766900300979614 1084
1615624735395 0.868614673614502 1085
1615624769596 0.8914183378219604 1086
1615624804288 0.8843812942504883 1087
1615624838798 0.8933966159820557 1088
1615624873435 0.9003511667251587 1089
1615624911928 0.8934433460235596 1090
1615624946267 0.8975802659988403 1091
1615624980465 0.8910921812057495 1092
1615625014899 0.8997389078140259 1093
1615625049212 0.8654600381851196 1094
1615625083812 0.8980345726013184 1095
1615625118079 0.89848792552948 1096
1615625152552 0.8645934462547302 1097
1615625186969 0.8724075555801392 1098
1615625221390 0.9157657027244568 1099
1615625260186 0.9054155349731445 1100
1615625294712 0.9070186018943787 1101
1615625328997 0.8767901062965393 1102
1615625363867 0.9172249436378479 1103
1615625398553 0.8914546370506287 1104
1615625432935 0.8681858777999878 1105
1615625467410 0.9020997285842896 1106
1615625502051 0.8753100633621216 1107
1615625536656 0.9028803706169128 1108
1615625570848 0.9080845713615417 1109
1615625609772 0.9168781042098999 1110
1615625644574 0.8850803375244141 1111
1615625679194 0.8794784545898438 1112
1615625713984 0.8872882723808289 1113
1615625748327 0.917702317237854 1114
1615625782696 0.8926616907119751 1115
1615625816918 0.9066506624221802 1116
1615625851403 0.8948366641998291 1117
1615625885524 0.902603268623352 1118
1615625919839 0.8627222776412964 1119
1615625958229 0.897137463092804 1120
1615625992491 0.8970822095870972 1121
1615626026804 0.876194417476654 1122
1615626061359 0.8873654007911682 1123
1615626095767 0.8841040134429932 1124
1615626130494 0.8929407596588135 1125
1615626165313 0.8894369602203369 1126
1615626199646 0.90272057056427 1127
1615626234058 0.90571528673172 1128
1615626268648 0.8896201252937317 1129
1615626307025 0.9101937413215637 1130
1615626341654 0.8760663866996765 1131
1615626376311 0.9182855486869812 1132
1615626410452 0.8885295391082764 1133
1615626444706 0.8886972069740295 1134
1615626479425 0.8861862421035767 1135
1615626513574 0.9177653789520264 1136
1615626547789 0.9056746959686279 1137
1615626582315 0.8814658522605896 1138
1615626616544 0.8715121746063232 1139
1615626655444 0.8916136026382446 1140
1615626690085 0.8846942186355591 1141
1615626724660 0.8807501196861267 1142
1615626758981 0.8965225219726562 1143
1615626793652 0.8842990398406982 1144
1615626828359 0.9093341827392578 1145
1615626862900 0.8920843601226807 1146
1615626897458 0.9277751445770264 1147
1615626931929 0.8831363916397095 1148
1615626966549 0.8798588514328003 1149
1615627005293 0.886000394821167 1150
1615627040038 0.892012357711792 1151
1615627074718 0.8765817880630493 1152
1615627108873 0.8744455575942993 1153
1615627143285 0.869634747505188 1154
1615627177891 0.8821963667869568 1155
1615627212044 0.9032002687454224 1156
1615627246181 0.8996217250823975 1157
1615627281045 0.8963627815246582 1158
1615627315886 0.8622187972068787 1159
1615627354729 0.8838596940040588 1160
1615627388969 0.8858253359794617 1161
1615627423460 0.9306119680404663 1162
1615627458045 0.9056280851364136 1163
1615627492642 0.8996208906173706 1164
1615627527222 0.8759802579879761 1165
1615627561749 0.8872817754745483 1166
1615627596114 0.8749573230743408 1167
1615627630321 0.8842639327049255 1168
1615627664953 0.8995832204818726 1169
1615627703569 0.8916792869567871 1170
1615627738244 0.8923454284667969 1171
1615627772645 0.8957291841506958 1172
1615627807175 0.8606359958648682 1173
1615627843511 0.8886666893959045 1174
1615627877736 0.8740869760513306 1175
1615627912368 0.9115288853645325 1176
1615627946959 0.9148497581481934 1177
1615627981271 0.8543460369110107 1178
1615628016029 0.8867349624633789 1179
1615628054719 0.8782391548156738 1180
1615628089320 0.9310495853424072 1181
1615628123982 0.8760349154472351 1182
1615628158416 0.8790688514709473 1183
1615628193261 0.8865467309951782 1184
1615628227568 0.8872079253196716 1185
1615628261901 0.8806818723678589 1186
1615628296656 0.8921456336975098 1187
1615628331435 0.8837376832962036 1188
1615628366088 0.9160423278808594 1189
1615628405072 0.8746241331100464 1190
1615628439760 0.8985767960548401 1191
1615628474578 0.9187370538711548 1192
1615628508677 0.8740687370300293 1193
1615628543226 0.8982736468315125 1194
1615628577845 0.8965564966201782 1195
1615628612332 0.8858141899108887 1196
1615628646735 0.9065985679626465 1197
1615628681102 0.8994386196136475 1198
1615628715303 0.9021531939506531 1199
1615628754328 0.8646404147148132 1200
1615628777030 0.9102612733840942 0
1615628777049 0.9102612733840942 0
