1616273036376 0.04158277064561844 1
1616273070598 0.03516824170947075 2
1616273104965 0.032562483102083206 3
1616273139095 0.03095666691660881 4
1616273173239 0.029554877430200577 5
1616273207493 0.029446542263031006 6
1616273241883 0.028714759275317192 7
1616273276694 0.02641705423593521 8
1616273311168 0.026990443468093872 9
1616273347550 0.026593659073114395 10
1616273381909 0.025426402688026428 11
1616273416266 0.025405695661902428 12
1616273450508 0.025842741131782532 13
1616273484986 0.024725861847400665 14
1616273519360 0.02408348210155964 15
1616273553754 0.023639094084501266 16
1616273587951 0.022265031933784485 17
1616273622196 0.02372179925441742 18
1616273656954 0.023803362622857094 19
1616273693106 0.02355874702334404 20
1616273727411 0.02253948524594307 21
1616273761687 0.02475670725107193 22
1616273795898 0.0222478024661541 23
1616273830231 0.020722826942801476 24
1616273864876 0.022471778094768524 25
1616273899423 0.02174307219684124 26
1616273933997 0.0216296948492527 27
1616273968597 0.022211045026779175 28
1616274002924 0.021862786263227463 29
1616274039015 0.02274191379547119 30
1616274073273 0.019715622067451477 31
1616274107544 0.02227122150361538 32
1616274141797 0.020746581256389618 33
1616274176638 0.024706324562430382 34
1616274210928 0.020288769155740738 35
1616274245263 0.02119418978691101 36
1616274279681 0.020172201097011566 37
1616274314007 0.018995601683855057 38
1616274348260 0.020657561719417572 39
1616274384207 0.02047071047127247 40
1616274418460 0.02048414573073387 41
1616274452812 0.02223672717809677 42
1616274487338 0.021637432277202606 43
1616274521824 0.02335602417588234 44
1616274556425 0.021194789558649063 45
1616274590891 0.020806320011615753 46
1616274625238 0.01904531568288803 47
1616274659478 0.01923965848982334 48
1616274693797 0.01959635317325592 49
1616274730350 0.019267285242676735 50
1616274764747 0.019542381167411804 51
1616274799041 0.02233497053384781 52
1616274833353 0.020154505968093872 53
1616274867585 0.0205338466912508 54
1616274902160 0.02387191727757454 55
1616274936482 0.02027646265923977 56
1616274970737 0.019972629845142365 57
1616275004884 0.01935044303536415 58
1616275039173 0.01980476826429367 59
1616275075153 0.01860581338405609 60
1616275109426 0.01992126926779747 61
1616275143719 0.0196162611246109 62
1616275177912 0.02000225894153118 63
1616275212133 0.02054893970489502 64
1616275246447 0.018693476915359497 65
1616275280696 0.01843922585248947 66
1616275315015 0.018601398915052414 67
1616275349315 0.01860469952225685 68
1616275383829 0.0192131195217371 69
1616275420068 0.019599605351686478 70
1616275454540 0.019720660522580147 71
1616275489008 0.02071187272667885 72
1616275523421 0.01885002851486206 73
1616275557787 0.01877540349960327 74
1616275592377 0.018971718847751617 75
1616275626686 0.017927678301930428 76
1616275661114 0.01798206940293312 77
1616275695571 0.01749977096915245 78
1616275729960 0.01857719197869301 79
1616275766259 0.019432105123996735 80
1616275801153 0.018224086612462997 81
1616275835429 0.01784110814332962 82
1616275869730 0.018757011741399765 83
1616275904043 0.016488853842020035 84
1616275938368 0.017536239698529243 85
1616275972625 0.016825618222355843 86
1616276006872 0.016944866627454758 87
1616276041194 0.016572296619415283 88
1616276075380 0.0175212100148201 89
1616276111256 0.019261661916971207 90
1616276145698 0.018792791292071342 91
1616276180875 0.019264349713921547 92
1616276215743 0.017277248203754425 93
1616276250206 0.01644139178097248 94
1616276284712 0.01741887256503105 95
1616276318988 0.020824875682592392 96
1616276353312 0.018538083881139755 97
1616276387735 0.022044308483600616 98
1616276422652 0.019050084054470062 99
1616276458881 0.020078020170331 100
1616276493184 0.01857021450996399 101
1616276527420 0.018812604248523712 102
1616276561744 0.017702806740999222 103
1616276596039 0.01739652454853058 104
1616276630353 0.019002841785550117 105
1616276664626 0.01829003170132637 106
1616276698934 0.018086960539221764 107
1616276733229 0.01755218207836151 108
1616276767547 0.01709245704114437 109
1616276803675 0.018391110002994537 110
1616276838320 0.016522129997611046 111
1616276872980 0.017258573323488235 112
1616276907658 0.01871728152036667 113
1616276942105 0.018023833632469177 114
1616276976653 0.01699940115213394 115
1616277011045 0.019209563732147217 116
1616277045400 0.01848175749182701 117
1616277079665 0.020485874265432358 118
1616277114023 0.0170123353600502 119
1616277150224 0.017876392230391502 120
1616277184627 0.016844723373651505 121
1616277218909 0.016486722975969315 122
1616277253980 0.01942005753517151 123
1616277288257 0.01897476427257061 124
1616277322564 0.016703501343727112 125
1616277356797 0.017073551192879677 126
1616277391064 0.017037369310855865 127
1616277425293 0.016518278047442436 128
1616277459650 0.01753176376223564 129
1616277495633 0.01612049899995327 130
1616277530013 0.018154848366975784 131
1616277564437 0.017256079241633415 132
1616277598973 0.01723289117217064 133
1616277633556 0.017314225435256958 134
1616277668291 0.015734780579805374 135
1616277702890 0.014835493639111519 136
1616277737176 0.017009075731039047 137
1616277771533 0.01823212206363678 138
1616277806054 0.016606774181127548 139
1616277842054 0.01810254156589508 140
1616277876334 0.017995715141296387 141
1616277910697 0.017585810273885727 142
1616277945322 0.01593777723610401 143
1616277979614 0.015886833891272545 144
1616278013843 0.015570756047964096 145
1616278048132 0.016274344176054 146
1616278082386 0.018096262589097023 147
1616278116676 0.01635255664587021 148
1616278150904 0.016122929751873016 149
1616278186912 0.016884934157133102 150
1616278221332 0.015903698280453682 151
1616278255987 0.01606442965567112 152
1616278290561 0.01517712976783514 153
1616278325319 0.013434376567602158 154
1616278359840 0.015688899904489517 155
1616278394274 0.01517099142074585 156
1616278428777 0.014949114061892033 157
1616278463176 0.014872189611196518 158
1616278497591 0.014574549160897732 159
1616278533678 0.015306208282709122 160
1616278567955 0.018826739862561226 161
1616278602229 0.015863236039876938 162
1616278636673 0.015352589078247547 163
1616278671040 0.015388648957014084 164
1616278705559 0.016541244462132454 165
1616278739930 0.01647735945880413 166
1616278774208 0.01495656929910183 167
1616278808496 0.015125549398362637 168
1616278842855 0.014566995203495026 169
1616278878652 0.015281574800610542 170
1616278912856 0.017811831086874008 171
1616278947164 0.01522134430706501 172
1616278981443 0.015601354651153088 173
1616279015778 0.01719801127910614 174
1616279049985 0.015686044469475746 175
1616279084162 0.01682509481906891 176
1616279118776 0.01826600730419159 177
1616279153687 0.015786875039339066 178
1616279188450 0.016122734174132347 179
1616279224704 0.01409926638007164 180
1616279259074 0.01606854796409607 181
1616279293354 0.016088102012872696 182
1616279327726 0.01780182495713234 183
1616279362600 0.014582542702555656 184
1616279397034 0.016161972656846046 185
1616279431228 0.015784915536642075 186
1616279465582 0.016336508095264435 187
1616279499800 0.019486235454678535 188
1616279534117 0.015258856117725372 189
1616279570052 0.01598506234586239 190
1616279604292 0.013361683115363121 191
1616279638745 0.01696847379207611 192
1616279673545 0.020298317074775696 193
1616279708415 0.016775408759713173 194
1616279742896 0.015106230974197388 195
1616279777301 0.01703188382089138 196
1616279811879 0.01579073816537857 197
1616279846339 0.016471071168780327 198
1616279880655 0.01556357555091381 199
1616279917511 0.017202159389853477 200
1616279951723 0.016785135492682457 201
1616279985972 0.016759734600782394 202
1616280020277 0.016739804297685623 203
1616280054508 0.015947118401527405 204
1616280088788 0.014449970796704292 205
1616280123045 0.015256487764418125 206
1616280157349 0.014705667272210121 207
1616280191596 0.015988148748874664 208
1616280225838 0.0146121084690094 209
1616280261761 0.017506282776594162 210
1616280296342 0.014921585097908974 211
1616280331536 0.015386728569865227 212
1616280365933 0.018180042505264282 213
1616280400518 0.015101725235581398 214
1616280435462 0.014445669949054718 215
1616280469793 0.01732032001018524 216
1616280504075 0.015329517424106598 217
1616280538282 0.015782687813043594 218
1616280572514 0.015546905808150768 219
1616280608417 0.015980826690793037 220
1616280642707 0.014930738136172295 221
1616280677021 0.015978263691067696 222
1616280711538 0.01521302666515112 223
1616280746196 0.014977695420384407 224
1616280780690 0.016979031264781952 225
1616280815752 0.015731390565633774 226
1616280850314 0.015512701123952866 227
1616280884962 0.016987886279821396 228
1616280919481 0.01413596048951149 229
1616280955674 0.014204636216163635 230
1616280990047 0.013942976482212543 231
1616281024666 0.014932243153452873 232
1616281059346 0.015924468636512756 233
1616281093718 0.014043559320271015 234
1616281127997 0.015247417613863945 235
1616281162243 0.015377625823020935 236
1616281196564 0.013985703699290752 237
1616281230924 0.014870425686240196 238
1616281265252 0.012777693569660187 239
1616281301192 0.015460696071386337 240
1616281335470 0.014840170741081238 241
1616281369754 0.014912329614162445 242
1616281404230 0.01364506222307682 243
1616281439201 0.013276087120175362 244
1616281473729 0.014816626906394958 245
1616281508278 0.01592894084751606 246
1616281542775 0.015380535274744034 247
1616281577235 0.014103412628173828 248
1616281611756 0.015102816745638847 249
1616281647972 0.01399717852473259 250
1616281682462 0.014475898817181587 251
1616281716944 0.01566077023744583 252
1616281751091 0.017446160316467285 253
1616281785462 0.015643078833818436 254
1616281819749 0.013734592124819756 255
1616281854053 0.015303270891308784 256
1616281888338 0.013049839064478874 257
1616281922600 0.015444263815879822 258
1616281956921 0.015014464035630226 259
1616281992755 0.01460421271622181 260
1616282027157 0.01489389780908823 261
1616282061423 0.014752298593521118 262
1616282095921 0.01617773249745369 263
1616282130608 0.0167815200984478 264
1616282165202 0.014638513326644897 265
1616282199863 0.01573982462286949 266
1616282234236 0.015262100845575333 267
1616282268697 0.015791170299053192 268
1616282302994 0.01389787346124649 269
1616282339131 0.013969158753752708 270
1616282373592 0.013947790488600731 271
1616282407835 0.013750100508332253 272
1616282442112 0.014620084315538406 273
1616282476361 0.014308142475783825 274
1616282510960 0.014983030036091805 275
1616282545338 0.016356779262423515 276
1616282579597 0.013690290972590446 277
1616282614010 0.014711862429976463 278
1616282648302 0.013787396252155304 279
1616282684093 0.015484205447137356 280
1616282718380 0.013697163201868534 281
1616282752709 0.013810419477522373 282
1616282787084 0.014433122240006924 283
1616282821356 0.014543348923325539 284
1616282856015 0.01565677486360073 285
1616282890521 0.016117293387651443 286
1616282924974 0.014302130788564682 287
1616282959454 0.015031900256872177 288
1616282993888 0.015492190606892109 289
1616283030387 0.013920986093580723 290
1616283064640 0.013285139575600624 291
1616283099060 0.013777360320091248 292
1616283133352 0.013085110113024712 293
1616283167598 0.014609739184379578 294
1616283201917 0.015167376026511192 295
1616283236408 0.015830105170607567 296
1616283270899 0.013033047318458557 297
1616283305254 0.015664007514715195 298
1616283340197 0.013430745340883732 299
1616283376068 0.013997548259794712 300
1616283410292 0.015312270261347294 301
1616283444593 0.01521594263613224 302
1616283478882 0.01234651543200016 303
1616283513143 0.013051999732851982 304
1616283547390 0.016257092356681824 305
1616283581669 0.014971545897424221 306
1616283615927 0.013308332301676273 307
1616283650140 0.01076558604836464 308
1616283684444 0.012562135234475136 309
1616283720325 0.017069987952709198 310
1616283754881 0.015414615161716938 311
1616283789619 0.013770557008683681 312
1616283824272 0.014295083470642567 313
1616283859071 0.011820248328149319 314
1616283893626 0.014915350824594498 315
1616283928008 0.013306884095072746 316
1616283962671 0.01423482596874237 317
1616283996946 0.013767109252512455 318
1616284031376 0.013858282938599586 319
1616284067715 0.01482858881354332 320
1616284101923 0.014004098251461983 321
1616284136136 0.01416553370654583 322
1616284170403 0.014746762812137604 323
1616284204633 0.013414275832474232 324
1616284238969 0.014956394210457802 325
1616284273281 0.014147549867630005 326
1616284307586 0.013362044468522072 327
1616284341826 0.013257217593491077 328
1616284376136 0.012265980243682861 329
1616284411990 0.015409579500555992 330
1616284446229 0.015029867179691792 331
1616284480529 0.013887885957956314 332
1616284514875 0.013261932879686356 333
1616284549301 0.014933266676962376 334
1616284583709 0.014340849593281746 335
1616284618063 0.012729060836136341 336
1616284652681 0.013555716723203659 337
1616284687428 0.014147469773888588 338
1616284721956 0.01260329782962799 339
1616284758217 0.012498870491981506 340
1616284792633 0.01337549090385437 341
1616284826935 0.011898281052708626 342
1616284861359 0.014474678784608841 343
1616284895709 0.01370256207883358 344
1616284929955 0.01421690359711647 345
1616284964318 0.015613242983818054 346
1616284998644 0.018151309341192245 347
1616285032937 0.013314669951796532 348
1616285067521 0.012060733512043953 349
1616285103490 0.011407151818275452 350
1616285137799 0.014045673422515392 351
1616285172121 0.012832965701818466 352
1616285206475 0.012930931523442268 353
1616285240824 0.012213834561407566 354
1616285275086 0.013258127495646477 355
1616285309328 0.01485489308834076 356
1616285343680 0.01391739770770073 357
1616285377999 0.011791301891207695 358
1616285412918 0.015139449387788773 359
1616285449405 0.013075880706310272 360
1616285483868 0.011247902177274227 361
1616285518530 0.012780760414898396 362
1616285552921 0.013160277158021927 363
1616285587436 0.013597961515188217 364
1616285621683 0.012650007382035255 365
1616285656056 0.013981666415929794 366
1616285690368 0.014538239687681198 367
1616285724634 0.011609017848968506 368
1616285759084 0.014854777604341507 369
1616285795302 0.013890426605939865 370
1616285829642 0.010813983157277107 371
1616285864358 0.011521884240210056 372
1616285898733 0.013649063184857368 373
1616285933143 0.013879425823688507 374
1616285967415 0.014503518119454384 375
1616286001750 0.014170924201607704 376
1616286036103 0.0157451368868351 377
1616286070477 0.015440789982676506 378
1616286105877 0.013879507780075073 379
1616286142196 0.014571944251656532 380
1616286176538 0.014105777256190777 381
1616286210888 0.012940437532961369 382
1616286245362 0.014523792080581188 383
1616286280230 0.012613730505108833 384
1616286314591 0.012583846226334572 385
1616286348823 0.013004080392420292 386
1616286383132 0.013780571520328522 387
1616286417336 0.01359585765749216 388
1616286451663 0.013112397864460945 389
1616286487529 0.015085697174072266 390
1616286521893 0.015673723071813583 391
1616286556439 0.01314419787377119 392
1616286590992 0.01331352349370718 393
1616286625623 0.014374318532645702 394
1616286660195 0.010711376555263996 395
1616286694952 0.015642590820789337 396
1616286729609 0.011986741796135902 397
1616286764246 0.012370996177196503 398
1616286798591 0.012353375554084778 399
1616286834722 0.011997601017355919 400
1616286869068 0.013600362464785576 401
1616286903403 0.01266196183860302 402
1616286937645 0.014486378990113735 403
1616286971904 0.011578932404518127 404
1616287006278 0.014481890946626663 405
1616287040530 0.012086207047104836 406
1616287074820 0.01567605510354042 407
1616287109196 0.010809719562530518 408
1616287143628 0.013243677094578743 409
1616287179681 0.01278034970164299 410
1616287214103 0.011449179612100124 411
1616287248551 0.012288851663470268 412
1616287283002 0.012609371915459633 413
1616287317578 0.013713128864765167 414
1616287352128 0.015041867271065712 415
1616287386536 0.012963379733264446 416
1616287420833 0.013252140954136848 417
1616287455203 0.012243269011378288 418
1616287489674 0.012893873266875744 419
1616287525720 0.011978508904576302 420
1616287560087 0.01205581333488226 421
1616287594816 0.014146845787763596 422
1616287629145 0.012623360380530357 423
1616287663446 0.012293366715312004 424
1616287697695 0.015469087287783623 425
1616287731842 0.014108417555689812 426
1616287766106 0.012170541100203991 427
1616287800387 0.013711486011743546 428
1616287834726 0.01677653379738331 429
1616287870714 0.01353964302688837 430
1616287905302 0.013419538736343384 431
1616287939763 0.012492066249251366 432
1616287974450 0.01727394573390484 433
1616288009057 0.01214277371764183 434
1616288043600 0.015197566710412502 435
1616288078037 0.01331096701323986 436
1616288112465 0.012985868379473686 437
1616288146869 0.012138848192989826 438
1616288181257 0.014036053791642189 439
1616288217670 0.012073440477252007 440
1616288252494 0.012810934334993362 441
1616288286789 0.012807227671146393 442
1616288321184 0.01265043020248413 443
1616288355546 0.011299753561615944 444
1616288389801 0.01398646179586649 445
1616288424067 0.013867795467376709 446
1616288458493 0.01497475802898407 447
1616288493162 0.013068053871393204 448
1616288527794 0.010990297421813011 449
1616288564303 0.01106693223118782 450
1616288598613 0.012715901248157024 451
1616288633130 0.013733815401792526 452
1616288667720 0.013102348893880844 453
1616288702113 0.012613918632268906 454
1616288736361 0.010674552991986275 455
1616288770763 0.012938533909618855 456
1616288805340 0.014786641113460064 457
1616288840114 0.013875599950551987 458
1616288874532 0.012327327392995358 459
1616288910840 0.010814230889081955 460
1616288945146 0.012669204734265804 461
1616288979435 0.01178329810500145 462
1616289013694 0.013024726882576942 463
1616289047904 0.012441903352737427 464
1616289082173 0.011263441294431686 465
1616289117558 0.015321038663387299 466
1616289151847 0.013068420812487602 467
1616289186271 0.01313093677163124 468
1616289220776 0.012392531149089336 469
1616289257018 0.01395466923713684 470
1616289291671 0.014234615489840508 471
1616289326394 0.013204086571931839 472
1616289361135 0.011434102430939674 473
1616289395541 0.012872224673628807 474
1616289429922 0.012252487242221832 475
1616289464157 0.013431664556264877 476
1616289498512 0.012384416535496712 477
1616289532917 0.011683562770485878 478
1616289567220 0.010881558991968632 479
1616289603890 0.011193454265594482 480
1616289638189 0.012364349327981472 481
1616289672457 0.011931639164686203 482
1616289706712 0.013505131006240845 483
1616289740922 0.011652599088847637 484
1616289775212 0.010812297463417053 485
1616289809566 0.014357328414916992 486
1616289843841 0.013290696777403355 487
1616289878047 0.012629757635295391 488
1616289912402 0.010759151540696621 489
1616289948369 0.011611725203692913 490
1616289982742 0.011660833843052387 491
1616290017234 0.014097342267632484 492
1616290051765 0.010134086012840271 493
1616290086348 0.01593480445444584 494
1616290121086 0.012383004650473595 495
1616290155763 0.013006752356886864 496
1616290190545 0.010781653225421906 497
1616290224829 0.013138949871063232 498
1616290259200 0.011987868696451187 499
1616290295383 0.012064432725310326 500
1616290329708 0.013056512922048569 501
1616290364166 0.012721879407763481 502
1616290398572 0.010747396387159824 503
1616290432854 0.01163468323647976 504
1616290467860 0.012173345312476158 505
1616290502098 0.011621234938502312 506
1616290536426 0.013708824291825294 507
1616290570716 0.013095417991280556 508
1616290605008 0.012281974777579308 509
1616290640878 0.012193538248538971 510
1616290675186 0.010420120321214199 511
1616290709473 0.010377034544944763 512
1616290743823 0.011747918091714382 513
1616290778254 0.010900577530264854 514
1616290812830 0.01224181242287159 515
1616290847474 0.010449652560055256 516
1616290882447 0.011407722719013691 517
1616290916962 0.012559525668621063 518
1616290951434 0.013266876339912415 519
1616290987866 0.012527777813374996 520
1616291022857 0.012993644922971725 521
1616291057140 0.011966373771429062 522
1616291091434 0.012351706624031067 523
1616291125702 0.011121472343802452 524
1616291159919 0.01217661052942276 525
1616291194141 0.010589895769953728 526
1616291228358 0.012017222121357918 527
1616291262634 0.011260267347097397 528
1616291296960 0.012148261070251465 529
1616291332831 0.011490058153867722 530
1616291367147 0.01326459739357233 531
1616291401597 0.012606849893927574 532
1616291436383 0.013396646827459335 533
1616291470794 0.01154631283134222 534
1616291505260 0.012445611879229546 535
1616291539814 0.00979071855545044 536
1616291574382 0.01223680842667818 537
1616291608729 0.011715935543179512 538
1616291643116 0.012469103559851646 539
1616291679278 0.010106289759278297 540
1616291713753 0.011951746419072151 541
1616291748161 0.013950027525424957 542
1616291782445 0.011703257448971272 543
1616291816674 0.010274987667798996 544
1616291851014 0.011153554543852806 545
1616291885344 0.012677241116762161 546
1616291920480 0.010400565341114998 547
1616291954929 0.012572999112308025 548
1616291989201 0.012834243476390839 549
1616292025123 0.011666025035083294 550
1616292059412 0.010752719826996326 551
1616292093770 0.011629430577158928 552
1616292128083 0.010784965008497238 553
1616292162574 0.01468621101230383 554
1616292197292 0.011234158650040627 555
1616292231828 0.01039418950676918 556
1616292266452 0.012245593592524529 557
1616292300885 0.012834591791033745 558
1616292335339 0.01399615965783596 559
1616292371721 0.009986117482185364 560
1616292406058 0.013467425480484962 561
1616292440346 0.014930101111531258 562
1616292474657 0.01291586458683014 563
1616292509656 0.009256509132683277 564
1616292543973 0.014092396944761276 565
1616292578331 0.009569519199430943 566
1616292612559 0.012033184990286827 567
1616292646945 0.010095907375216484 568
1616292681216 0.011625150218605995 569
1616292717192 0.012677149847149849 570
1616292751574 0.012386415153741837 571
1616292785840 0.011720065958797932 572
1616292820293 0.011170271784067154 573
1616292854785 0.010595263913273811 574
1616292889210 0.011548091657459736 575
1616292923849 0.011520035564899445 576
1616292958417 0.010295731015503407 577
1616292993101 0.010973874479532242 578
1616293027371 0.011827735230326653 579
1616293063661 0.011249808594584465 580
1616293097991 0.009355073794722557 581
1616293132368 0.012172969058156013 582
1616293166800 0.01164634246379137 583
1616293201201 0.013458870351314545 584
1616293235493 0.011547192931175232 585
1616293270289 0.012039761058986187 586
1616293304602 0.008921629749238491 587
1616293338953 0.011073238216340542 588
1616293373282 0.011342303827404976 589
1616293409176 0.011589624918997288 590
1616293443458 0.01171193365007639 591
1616293477717 0.011702058836817741 592
1616293512321 0.011973894201219082 593
1616293547654 0.011592047289013863 594
1616293582243 0.011491894721984863 595
1616293616926 0.010078154504299164 596
1616293651567 0.011294318363070488 597
1616293685990 0.011777883395552635 598
1616293720369 0.012931160628795624 599
1616293756912 0.012399486266076565 600
1616293791303 0.00906129740178585 601
1616293825636 0.013068245723843575 602
1616293860035 0.01399919018149376 603
1616293894357 0.012565643526613712 604
1616293928672 0.011384323239326477 605
1616293963020 0.01068282499909401 606
1616293997540 0.012044169008731842 607
1616294031765 0.01055748201906681 608
1616294066129 0.012279382906854153 609
1616294102015 0.010896842926740646 610
1616294136334 0.013845342211425304 611
1616294170597 0.012626074254512787 612
1616294204921 0.01213522907346487 613
1616294239212 0.011837251484394073 614
1616294273570 0.011586874723434448 615
1616294307830 0.01078367605805397 616
1616294342143 0.01294553093612194 617
1616294376427 0.009607702493667603 618
1616294410989 0.012118658050894737 619
1616294447133 0.011143404990434647 620
1616294481779 0.010288628749549389 621
1616294516298 0.013573731295764446 622
1616294550793 0.01290751900523901 623
1616294585178 0.010351520963013172 624
1616294619613 0.009931949898600578 625
1616294653914 0.011261188425123692 626
1616294688265 0.010338881053030491 627
1616294722558 0.011411236599087715 628
1616294756975 0.01129581592977047 629
1616294792943 0.011307292617857456 630
1616294827996 0.010564232245087624 631
1616294862290 0.013358160853385925 632
1616294896647 0.010863207280635834 633
1616294930929 0.011096620000898838 634
1616294965259 0.013372006826102734 635
1616294999552 0.012727278284728527 636
1616295033827 0.00975557416677475 637
1616295068124 0.012038925662636757 638
1616295102474 0.010748951695859432 639
1616295138390 0.011891050264239311 640
1616295172908 0.011711306869983673 641
1616295207548 0.012040338478982449 642
1616295241922 0.009655307047069073 643
1616295276399 0.010091894306242466 644
1616295310937 0.011944510042667389 645
1616295345419 0.009431956335902214 646
1616295380080 0.012600412592291832 647
1616295414377 0.01144380122423172 648
1616295448708 0.010606333613395691 649
1616295484695 0.010492571629583836 650
1616295519053 0.011743495240807533 651
1616295553396 0.010435591451823711 652
1616295587996 0.010572010651230812 653
1616295622353 0.010002795606851578 654
1616295656651 0.009796266444027424 655
1616295690962 0.01000659167766571 656
1616295725158 0.010757889598608017 657
1616295759457 0.013147633522748947 658
1616295793740 0.011215398088097572 659
1616295829810 0.012035279534757137 660
1616295864514 0.00934022106230259 661
1616295899027 0.012969567440450191 662
1616295933987 0.01205386035144329 663
1616295968639 0.011521336622536182 664
1616296003139 0.010278566740453243 665
1616296037816 0.011418960988521576 666
1616296072133 0.010498188436031342 667
1616296106613 0.011489778757095337 668
1616296140932 0.01068614050745964 669
1616296177340 0.01078718900680542 670
1616296211568 0.01222984865307808 671
1616296245756 0.013425000011920929 672
1616296279999 0.01353001594543457 673
1616296314225 0.010461234487593174 674
1616296350297 0.012151574715971947 675
1616296384584 0.01052074320614338 676
1616296418891 0.010426528751850128 677
1616296453139 0.010427240282297134 678
1616296487476 0.010968003422021866 679
1616296523360 0.01036791317164898 680
1616296557716 0.01122264377772808 681
1616296592402 0.009673422202467918 682
1616296628111 0.010418087244033813 683
1616296662633 0.011571954004466534 684
1616296697079 0.010172282345592976 685
1616296731797 0.01008722186088562 686
1616296766521 0.008413039147853851 687
1616296800889 0.012648497708141804 688
1616296835182 0.013592740520834923 689
1616296871495 0.012238966301083565 690
1616296905896 0.010251659899950027 691
1616296940250 0.008793971501290798 692
1616296975270 0.010277495719492435 693
1616297009740 0.010777078568935394 694
1616297044242 0.011084317229688168 695
1616297078736 0.009738272987306118 696
1616297113196 0.009983034804463387 697
1616297147746 0.01096020545810461 698
1616297182450 0.011022016406059265 699
1616297218895 0.009916878305375576 700
1616297253720 0.011294878087937832 701
1616297288019 0.010518623515963554 702
1616297322248 0.009489044547080994 703
1616297356652 0.011176150292158127 704
1616297391024 0.010572904720902443 705
1616297425278 0.01042582280933857 706
1616297459559 0.01184915006160736 707
1616297493798 0.009256906807422638 708
1616297527992 0.010526228696107864 709
1616297563947 0.01082590688019991 710
1616297598279 0.009993398562073708 711
1616297632913 0.009824400767683983 712
1616297667847 0.01037922129034996 713
1616297702389 0.010731769725680351 714
1616297737076 0.010946275666356087 715
1616297771563 0.012400992214679718 716
1616297805990 0.008962256833910942 717
1616297840298 0.009161590598523617 718
1616297874682 0.00990583747625351 719
1616297910810 0.01057456899434328 720
1616297945217 0.01123686321079731 721
1616297979911 0.012655266560614109 722
1616298014167 0.010611800476908684 723
1616298048553 0.009866630658507347 724
1616298082927 0.012169744819402695 725
1616298117261 0.009529294446110725 726
1616298151932 0.007797444239258766 727
1616298186664 0.011166127398610115 728
1616298221168 0.008870651014149189 729
1616298257575 0.008858909830451012 730
1616298292096 0.00959155336022377 731
1616298326572 0.010697053745388985 732
1616298360909 0.009561847895383835 733
1616298395447 0.01201857253909111 734
1616298429806 0.011276129633188248 735
1616298464300 0.010597050189971924 736
1616298498650 0.00886576622724533 737
1616298533000 0.010320769622921944 738
1616298567442 0.009141027927398682 739
1616298603334 0.012142214924097061 740
1616298637888 0.012592524290084839 741
1616298672287 0.009190713055431843 742
1616298706637 0.009211933240294456 743
1616298740912 0.007816344499588013 744
1616298775263 0.011061616241931915 745
1616298809584 0.009335112757980824 746
1616298843948 0.009884485974907875 747
1616298878466 0.010268411599099636 748
1616298913279 0.011523641645908356 749
1616298949512 0.010269958525896072 750
1616298984068 0.012585800141096115 751
1616299018531 0.011732225306332111 752
1616299052916 0.013099154457449913 753
1616299087275 0.010168854147195816 754
1616299121673 0.0104255061596632 755
1616299156105 0.009187677875161171 756
1616299190466 0.012354442849755287 757
1616299224818 0.010724654421210289 758
1616299259595 0.009190361946821213 759
1616299295408 0.010935449972748756 760
1616299329675 0.011550894007086754 761
1616299364079 0.010782118886709213 762
1616299398433 0.010997382923960686 763
1616299432759 0.010613723658025265 764
1616299466979 0.011803772300481796 765
1616299501286 0.009684758260846138 766
1616299535611 0.009819509461522102 767
1616299569857 0.010825803503394127 768
1616299604341 0.009126586839556694 769
1616299640562 0.010688192211091518 770
1616299675054 0.012002906762063503 771
1616299710059 0.011167237535119057 772
1616299744539 0.009008735418319702 773
1616299778945 0.011057092808187008 774
1616299813245 0.01275607943534851 775
1616299847641 0.009159580804407597 776
1616299882044 0.009529303759336472 777
1616299916317 0.01187882199883461 778
1616299950870 0.011544139124453068 779
1616299986884 0.00947235431522131 780
1616300021191 0.013762187212705612 781
1616300055485 0.009127124212682247 782
1616300089699 0.00890070665627718 783
1616300123904 0.01001359336078167 784
1616300158219 0.00898025743663311 785
1616300192507 0.0120470579713583 786
1616300226834 0.011353093199431896 787
1616300261188 0.010480200871825218 788
1616300295560 0.011380990967154503 789
1616300331494 0.010462449863553047 790
1616300366231 0.011053092777729034 791
1616300400961 0.010245533660054207 792
1616300435625 0.011665708385407925 793
1616300470144 0.00945855863392353 794
1616300504538 0.01026935875415802 795
1616300538931 0.010277347639203072 796
1616300573219 0.009565874002873898 797
1616300607670 0.011536115780472755 798
1616300641950 0.008258728310465813 799
1616300677937 0.010584020987153053 800
1616300712559 0.01158985123038292 801
1616300746934 0.011491585522890091 802
1616300781178 0.00947125069797039 803
1616300815558 0.009604733437299728 804
1616300849924 0.012314163148403168 805
1616300884250 0.010387944057583809 806
1616300918492 0.010890284553170204 807
1616300952815 0.011077163740992546 808
1616300987095 0.012422306463122368 809
1616301023114 0.010695970617234707 810
1616301057549 0.012302940711379051 811
1616301092293 0.010264437645673752 812
1616301126779 0.008956173434853554 813
1616301161302 0.009105438366532326 814
1616301195816 0.009987963363528252 815
1616301230318 0.011464391835033894 816
1616301264593 0.007602183148264885 817
1616301298973 0.011462971568107605 818
1616301333288 0.011908497661352158 819
1616301369283 0.01358066126704216 820
1616301403731 0.010162499733269215 821
1616301438090 0.011243386194109917 822
1616301472386 0.010345350950956345 823
1616301507109 0.010166740976274014 824
1616301541382 0.0117534464225173 825
1616301575710 0.009931342676281929 826
1616301610027 0.012030282989144325 827
1616301644297 0.009049233049154282 828
1616301678571 0.009298417717218399 829
1616301714552 0.011115502566099167 830
1616301748936 0.01187068223953247 831
1616301783516 0.009989086538553238 832
1616301818090 0.008528713136911392 833
1616301852515 0.010385975241661072 834
1616301886998 0.011000990867614746 835
1616301921418 0.010171163827180862 836
1616301955837 0.013244088739156723 837
1616301990266 0.010986430570483208 838
1616302024662 0.010870244354009628 839
1616302060706 0.009014977142214775 840
1616302095226 0.011700466275215149 841
1616302129642 0.010736210271716118 842
1616302164359 0.008460279554128647 843
1616302198807 0.009406907483935356 844
1616302232979 0.01071166805922985 845
1616302267244 0.009039191529154778 846
1616302301546 0.009132036939263344 847
1616302335736 0.010934870690107346 848
1616302370046 0.01366649940609932 849
1616302406020 0.010549968108534813 850
1616302440383 0.007889955304563046 851
1616302474702 0.007342278026044369 852
1616302509181 0.01249694637954235 853
1616302543618 0.010924696922302246 854
1616302578408 0.011090236715972424 855
1616302612945 0.011233435943722725 856
1616302647450 0.01124277338385582 857
1616302681923 0.009647738188505173 858
1616302716429 0.008918476291000843 859
1616302752687 0.009310953319072723 860
1616302786996 0.011924338527023792 861
1616302821269 0.010630371049046516 862
1616302856151 0.01259031891822815 863
1616302890394 0.012676279991865158 864
1616302924698 0.009535630233585835 865
1616302958988 0.012363115325570107 866
1616302993383 0.00902646780014038 867
1616303027750 0.013698632828891277 868
1616303062013 0.010617819614708424 869
1616303097913 0.008274641819298267 870
1616303132257 0.009911393746733665 871
1616303166612 0.01076193992048502 872
1616303200905 0.01243063434958458 873
1616303235182 0.011144229210913181 874
1616303269545 0.009488008916378021 875
1616303304040 0.010339861735701561 876
1616303338521 0.010907945223152637 877
1616303373069 0.01240605115890503 878
1616303407533 0.00902952067553997 879
1616303443807 0.00829961709678173 880
1616303478343 0.011166367679834366 881
1616303512690 0.009778987616300583 882
1616303547160 0.011382092721760273 883
1616303581400 0.010362660512328148 884
1616303615948 0.012262202799320221 885
1616303650356 0.012569479644298553 886
1616303684616 0.008024875074625015 887
1616303718959 0.009874792769551277 888
1616303753251 0.011325521394610405 889
1616303789313 0.009667464531958103 890
1616303824344 0.00847159419208765 891
1616303859122 0.01035250909626484 892
1616303894221 0.009187860414385796 893
1616303928659 0.009397448971867561 894
1616303963242 0.007095343433320522 895
1616303997525 0.011468149721622467 896
1616304031863 0.012171376496553421 897
1616304066600 0.00967943761497736 898
1616304100958 0.013175569474697113 899
1616304137039 0.009012071415781975 900
1616304171371 0.009497033432126045 901
1616304205710 0.008857550099492073 902
1616304240106 0.010736623778939247 903
1616304274437 0.009831856936216354 904
1616304308813 0.010712672956287861 905
1616304343216 0.010824844241142273 906
1616304377792 0.010874266736209393 907
1616304412762 0.010898668318986893 908
1616304447394 0.010703899897634983 909
1616304483445 0.00858752429485321 910
1616304517902 0.008837336674332619 911
1616304552397 0.011790490709245205 912
1616304586934 0.010608208365738392 913
1616304621313 0.008664380759000778 914
1616304656075 0.01286538876593113 915
1616304690376 0.009576532989740372 916
1616304724653 0.013495823368430138 917
1616304758962 0.010495062917470932 918
1616304793181 0.010261258110404015 919
1616304829054 0.009957089088857174 920
1616304863328 0.010754972696304321 921
1616304897632 0.009320257231593132 922
1616304931898 0.011332109570503235 923
1616304966174 0.00836043432354927 924
1616305000569 0.010647766292095184 925
1616305034856 0.008733795955777168 926
1616305069417 0.009352222084999084 927
1616305104264 0.010675965808331966 928
1616305138731 0.010049812495708466 929
1616305174933 0.012910142540931702 930
1616305209546 0.009934334084391594 931
1616305244012 0.00986818503588438 932
1616305278335 0.010706388391554356 933
1616305312688 0.012175913900136948 934
1616305347094 0.010030725970864296 935
1616305381434 0.013172293081879616 936
1616305415789 0.012938577681779861 937
1616305450219 0.010751585476100445 938
1616305485062 0.011277309618890285 939
1616305521062 0.0102342264726758 940
1616305555507 0.012097366154193878 941
1616305589837 0.011834521777927876 942
1616305624192 0.011215686798095703 943
1616305658520 0.010095365345478058 944
1616305692999 0.009552826173603535 945
1616305727518 0.008507848717272282 946
1616305762181 0.013913953676819801 947
1616305796864 0.009112933650612831 948
1616305831337 0.008467519655823708 949
1616305867537 0.010413816198706627 950
1616305902039 0.01034774724394083 951
1616305936442 0.008869876153767109 952
1616305970801 0.009290245361626148 953
1616306005118 0.009070593863725662 954
1616306039562 0.011605561710894108 955
1616306074598 0.00843440368771553 956
1616306108881 0.010637795552611351 957
1616306143124 0.008937649428844452 958
1616306177424 0.009926306083798409 959
1616306213382 0.012911483645439148 960
1616306247661 0.010420671664178371 961
1616306281937 0.00957550574094057 962
1616306316292 0.010511687025427818 963
1616306350580 0.009337635710835457 964
1616306384845 0.008709575980901718 965
1616306419179 0.010732966475188732 966
1616306453582 0.009439725428819656 967
1616306487986 0.008375776000320911 968
1616306522455 0.009958485141396523 969
1616306558691 0.012545772828161716 970
1616306593736 0.009029960259795189 971
1616306628113 0.010255012661218643 972
1616306662558 0.010377291589975357 973
1616306696871 0.010336548089981079 974
1616306731258 0.011059440672397614 975
1616306765533 0.008671439252793789 976
1616306799859 0.008873864077031612 977
1616306834644 0.012095863930881023 978
1616306868920 0.009843891486525536 979
1616306904979 0.012881170958280563 980
1616306939228 0.01128985546529293 981
1616306973531 0.010962948203086853 982
1616307007824 0.010630249977111816 983
1616307042113 0.008280988782644272 984
1616307076330 0.009461533278226852 985
1616307110540 0.009618561714887619 986
1616307144913 0.009655334055423737 987
1616307179274 0.00935710035264492 988
1616307213718 0.00900878757238388 989
1616307249780 0.01014993991702795 990
1616307284326 0.01080805342644453 991
1616307318850 0.00922364741563797 992
1616307353528 0.010443376377224922 993
1616307388327 0.00866551510989666 994
1616307422683 0.008130909875035286 995
1616307457287 0.009320003911852837 996
1616307491521 0.007532297167927027 997
1616307526664 0.010309578850865364 998
1616307561023 0.010669946670532227 999
1616307597043 0.009457792155444622 1000
1616307631349 0.008980382233858109 1001
1616307665736 0.009154247120022774 1002
1616307700095 0.010545381344854832 1003
1616307734386 0.011125200428068638 1004
1616307768584 0.01086982898414135 1005
1616307802985 0.011545793153345585 1006
1616307837439 0.009951690211892128 1007
1616307871907 0.010633371770381927 1008
1616307906991 0.013805882073938847 1009
1616307943978 0.010853094048798084 1010
1616307978565 0.008399969898164272 1011
1616308013181 0.009258478879928589 1012
1616308047536 0.011805295944213867 1013
1616308081888 0.009896313771605492 1014
1616308116236 0.010322783142328262 1015
1616308151413 0.011900574900209904 1016
1616308185949 0.010631648823618889 1017
1616308220320 0.00855184718966484 1018
1616308254721 0.009555326774716377 1019
1616308290706 0.009967590682208538 1020
1616308325041 0.011169067583978176 1021
1616308359267 0.013127986341714859 1022
1616308393644 0.009254513308405876 1023
1616308428015 0.009668264538049698 1024
1616308462414 0.011992808431386948 1025
1616308496846 0.008667955175042152 1026
1616308531297 0.01047670841217041 1027
1616308565854 0.010446363128721714 1028
1616308600423 0.009636450558900833 1029
1616308636804 0.01093283947557211 1030
1616308671275 0.010851317085325718 1031
1616308705794 0.011075031012296677 1032
1616308740685 0.010000055655837059 1033
1616308775278 0.008748874068260193 1034
1616308809793 0.009023459628224373 1035
1616308844237 0.009835619479417801 1036
1616308878621 0.0096682608127594 1037
1616308913156 0.010776691138744354 1038
1616308947511 0.0106592308729887 1039
1616308984162 0.011172297410666943 1040
1616309018454 0.008253725245594978 1041
1616309052741 0.010316376574337482 1042
1616309087075 0.009409099817276001 1043
1616309121418 0.011017793789505959 1044
1616309155836 0.009255880489945412 1045
1616309190409 0.010121932253241539 1046
1616309224968 0.011445877142250538 1047
1616309259467 0.010086500085890293 1048
1616309294123 0.01121114008128643 1049
1616309330248 0.010196313261985779 1050
1616309364703 0.011265122331678867 1051
1616309399340 0.011822781525552273 1052
1616309433842 0.009133034385740757 1053
1616309468226 0.010757219046354294 1054
1616309502661 0.01033114455640316 1055
1616309537038 0.008607974275946617 1056
1616309571507 0.00852883979678154 1057
1616309605893 0.01283443532884121 1058
1616309640705 0.012946674600243568 1059
1616309676671 0.010423784144222736 1060
1616309710973 0.009391440078616142 1061
1616309745354 0.010957751423120499 1062
1616309779627 0.01223674975335598 1063
1616309813893 0.012231716886162758 1064
1616309848215 0.010880179703235626 1065
1616309882692 0.01096869446337223 1066
1616309917037 0.011318091303110123 1067
1616309951393 0.010508280247449875 1068
1616309986100 0.00903318915516138 1069
1616310022868 0.011464463546872139 1070
1616310057260 0.010032044723629951 1071
1616310091745 0.012568820267915726 1072
1616310126329 0.010954510420560837 1073
1616310160749 0.010671306401491165 1074
1616310198262 0.008960932493209839 1075
1616310232659 0.009838348254561424 1076
1616310267039 0.011768165044486523 1077
1616310301743 0.01001272164285183 1078
1616310336036 0.010383917018771172 1079
1616310372411 0.01085103489458561 1080
1616310406735 0.011680283583700657 1081
1616310441011 0.013114241883158684 1082
1616310475329 0.011727471835911274 1083
1616310509652 0.011949172243475914 1084
1616310544529 0.011365879327058792 1085
1616310579289 0.009499014355242252 1086
1616310614182 0.009295660071074963 1087
1616310648847 0.009577156975865364 1088
1616310683317 0.010686095803976059 1089
1616310719491 0.009769713506102562 1090
1616310753878 0.009531065821647644 1091
1616310788227 0.010479642078280449 1092
1616310822529 0.009688977152109146 1093
1616310856846 0.011843664571642876 1094
1616310891275 0.00928613729774952 1095
1616310926193 0.00872357003390789 1096
1616310960580 0.011901212856173515 1097
1616310994944 0.01003305520862341 1098
1616311029311 0.008527668192982674 1099
1616311065280 0.0094402264803648 1100
1616311099677 0.008805423974990845 1101
1616311134019 0.010789865627884865 1102
1616311168429 0.009000197052955627 1103
1616311202776 0.010235114023089409 1104
1616311237126 0.011878307908773422 1105
1616311271998 0.008924365043640137 1106
1616311306487 0.010932506062090397 1107
1616311341206 0.009324530139565468 1108
1616311375867 0.009314028546214104 1109
1616311412269 0.007710785139352083 1110
1616311446746 0.010714991949498653 1111
1616311481181 0.012024998664855957 1112
1616311515591 0.010674643330276012 1113
1616311550720 0.009082680568099022 1114
1616311585112 0.010098977014422417 1115
1616311619424 0.008237689733505249 1116
1616311653805 0.010014730505645275 1117
1616311688076 0.009570170193910599 1118
1616311722383 0.011942606419324875 1119
1616311758323 0.010759323835372925 1120
1616311792643 0.010108349844813347 1121
1616311826944 0.009284814819693565 1122
1616311861356 0.009187854826450348 1123
1616311895741 0.009239446371793747 1124
1616311930073 0.009350760839879513 1125
1616311964561 0.00957517884671688 1126
1616311999061 0.008563049137592316 1127
1616312033487 0.009874105453491211 1128
1616312067952 0.009389784187078476 1129
1616312104362 0.00847967155277729 1130
1616312138858 0.011633668094873428 1131
1616312173331 0.008025641553103924 1132
1616312207867 0.010418612509965897 1133
1616312242221 0.009569171816110611 1134
1616312276723 0.010403956286609173 1135
1616312311156 0.00829472579061985 1136
1616312345482 0.00970376841723919 1137
1616312379808 0.009944689460098743 1138
1616312414308 0.010434949770569801 1139
1616312450285 0.01149702351540327 1140
1616312485151 0.01051096711307764 1141
1616312519609 0.011499056592583656 1142
1616312554077 0.010362669825553894 1143
1616312588532 0.01057484745979309 1144
1616312622914 0.009277976118028164 1145
1616312657242 0.011762792244553566 1146
1616312691560 0.007691588252782822 1147
1616312725827 0.010355323553085327 1148
1616312760142 0.010803327895700932 1149
1616312796021 0.010542957112193108 1150
1616312830400 0.010576561093330383 1151
1616312864972 0.010280749760568142 1152
1616312899505 0.010056423023343086 1153
1616312934120 0.01160759013146162 1154
1616312968619 0.01050267368555069 1155
1616313003116 0.00903091486543417 1156
1616313037681 0.010623986832797527 1157
1616313072049 0.010223163291811943 1158
1616313106475 0.012338757514953613 1159
1616313142729 0.010674655437469482 1160
1616313177134 0.010160944424569607 1161
1616313211615 0.007790303789079189 1162
1616313246235 0.008618188090622425 1163
1616313280946 0.01007173117250204 1164
1616313315392 0.012251177802681923 1165
1616313349774 0.009600119665265083 1166
1616313384172 0.010504696518182755 1167
1616313418511 0.011362774297595024 1168
1616313452742 0.009634587913751602 1169
1616313488812 0.009020471014082432 1170
1616313523225 0.009812342002987862 1171
1616313557699 0.010599665343761444 1172
1616313591967 0.011617586016654968 1173
1616313626418 0.011083662509918213 1174
1616313661366 0.01007472351193428 1175
1616313696200 0.008262019604444504 1176
1616313730684 0.007822654210031033 1177
1616313765316 0.010791249573230743 1178
1616313799840 0.009645793586969376 1179
1616313836200 0.010255610570311546 1180
1616313870520 0.008848447352647781 1181
1616313904895 0.011448143050074577 1182
1616313939680 0.010245304554700851 1183
1616313974014 0.008996586315333843 1184
1616314008388 0.010141279548406601 1185
1616314042725 0.01076086238026619 1186
1616314077098 0.01026084553450346 1187
1616314111415 0.010685916990041733 1188
1616314145731 0.007729616481810808 1189
1616314181665 0.009662000462412834 1190
1616314215841 0.008931032381951809 1191
1616314250261 0.007800032384693623 1192
1616314284684 0.010298850014805794 1193
1616314319227 0.01036743726581335 1194
1616314353832 0.011501404456794262 1195
1616314388394 0.009881660342216492 1196
1616314423019 0.010219963267445564 1197
1616314457621 0.010009480640292168 1198
1616314492020 0.009215900674462318 1199
1616314528119 0.011836562305688858 1200
1616314553194 0.00916534848511219 0
1616314553206 0.00916534848511219 0
