1616273036376 0.13944658637046814 1
1616273070598 0.1839277744293213 2
1616273104965 0.25074684619903564 3
1616273139095 0.29207924008369446 4
1616273173239 0.2959316670894623 5
1616273207493 0.30495914816856384 6
1616273241883 0.3063567876815796 7
1616273276694 0.31766319274902344 8
1616273311168 0.32624879479408264 9
1616273347550 0.3157790005207062 10
1616273381909 0.34996700286865234 11
1616273416266 0.33022135496139526 12
1616273450508 0.31452232599258423 13
1616273484986 0.3248055875301361 14
1616273519360 0.3273155093193054 15
1616273553754 0.3337686061859131 16
1616273587951 0.35263973474502563 17
1616273622196 0.3597601056098938 18
1616273656954 0.3386839032173157 19
1616273693106 0.3517519235610962 20
1616273727411 0.35078248381614685 21
1616273761687 0.35714083909988403 22
1616273795898 0.3746260404586792 23
1616273830231 0.3731944262981415 24
1616273864876 0.35567569732666016 25
1616273899423 0.3853335976600647 26
1616273933997 0.3665314316749573 27
1616273968597 0.3742120862007141 28
1616274002924 0.3559247851371765 29
1616274039015 0.3580288290977478 30
1616274073273 0.3819746971130371 31
1616274107544 0.36141446232795715 32
1616274141797 0.3816984295845032 33
1616274176638 0.3578000068664551 34
1616274210928 0.38420766592025757 35
1616274245263 0.3847126364707947 36
1616274279681 0.39637434482574463 37
1616274314007 0.3976138234138489 38
1616274348260 0.3849559724330902 39
1616274384207 0.38652729988098145 40
1616274418460 0.3829926550388336 41
1616274452812 0.3625483214855194 42
1616274487338 0.37572944164276123 43
1616274521824 0.3824673295021057 44
1616274556425 0.3781591057777405 45
1616274590891 0.3635439872741699 46
1616274625238 0.389957994222641 47
1616274659478 0.4189930558204651 48
1616274693797 0.4024779200553894 49
1616274730350 0.3969939649105072 50
1616274764747 0.3958698511123657 51
1616274799041 0.35077622532844543 52
1616274833353 0.3677636384963989 53
1616274867585 0.37681517004966736 54
1616274902160 0.3659711480140686 55
1616274936482 0.38045230507850647 56
1616274970737 0.37228816747665405 57
1616275004884 0.37938976287841797 58
1616275039173 0.3943425118923187 59
1616275075153 0.39567387104034424 60
1616275109426 0.38413214683532715 61
1616275143719 0.3818718492984772 62
1616275177912 0.3817196786403656 63
1616275212133 0.356536328792572 64
1616275246447 0.38532155752182007 65
1616275280696 0.4085461497306824 66
1616275315015 0.40375691652297974 67
1616275349315 0.4074900150299072 68
1616275383829 0.38409969210624695 69
1616275420068 0.3893025517463684 70
1616275454540 0.38386353850364685 71
1616275489008 0.3632305860519409 72
1616275523421 0.38196009397506714 73
1616275557787 0.3912642300128937 74
1616275592377 0.39766478538513184 75
1616275626686 0.40758103132247925 76
1616275661114 0.41918957233428955 77
1616275695571 0.4215666949748993 78
1616275729960 0.39816197752952576 79
1616275766259 0.38264065980911255 80
1616275801153 0.3934883773326874 81
1616275835429 0.41906309127807617 82
1616275869730 0.40142151713371277 83
1616275904043 0.4251948595046997 84
1616275938368 0.4140312671661377 85
1616275972625 0.4148799777030945 86
1616276006872 0.42423301935195923 87
1616276041194 0.4307398796081543 88
1616276075380 0.41438835859298706 89
1616276111256 0.40570008754730225 90
1616276145698 0.4194774925708771 91
1616276180875 0.3948867917060852 92
1616276215743 0.4171988368034363 93
1616276250206 0.4313886761665344 94
1616276284712 0.430462509393692 95
1616276318988 0.3984171152114868 96
1616276353312 0.399158775806427 97
1616276387735 0.3785111606121063 98
1616276422652 0.4034886956214905 99
1616276458881 0.40454787015914917 100
1616276493184 0.41767024993896484 101
1616276527420 0.4003642797470093 102
1616276561744 0.4200887978076935 103
1616276596039 0.4322139322757721 104
1616276630353 0.39759334921836853 105
1616276664626 0.377000093460083 106
1616276698934 0.4091055989265442 107
1616276733229 0.4051215648651123 108
1616276767547 0.41882967948913574 109
1616276803675 0.4036847949028015 110
1616276838320 0.4252301752567291 111
1616276872980 0.4188084602355957 112
1616276907658 0.40553781390190125 113
1616276942105 0.39603495597839355 114
1616276976653 0.4105561375617981 115
1616277011045 0.3967355489730835 116
1616277045400 0.4122045636177063 117
1616277079665 0.36603379249572754 118
1616277114023 0.421606183052063 119
1616277150224 0.4094502329826355 120
1616277184627 0.42414796352386475 121
1616277218909 0.41321879625320435 122
1616277253980 0.39060941338539124 123
1616277288257 0.3976399302482605 124
1616277322564 0.41168850660324097 125
1616277356797 0.4248514771461487 126
1616277391064 0.4271184206008911 127
1616277425293 0.4309485852718353 128
1616277459650 0.4200837016105652 129
1616277495633 0.4352402091026306 130
1616277530013 0.4179268777370453 131
1616277564437 0.4207374155521393 132
1616277598973 0.4304211437702179 133
1616277633556 0.4086278975009918 134
1616277668291 0.45497310161590576 135
1616277702890 0.4529750347137451 136
1616277737176 0.4272817373275757 137
1616277771533 0.39871618151664734 138
1616277806054 0.40942978858947754 139
1616277842054 0.4075712561607361 140
1616277876334 0.40491998195648193 141
1616277910697 0.4243611693382263 142
1616277945322 0.4434637427330017 143
1616277979614 0.4227854013442993 144
1616278013843 0.45012062788009644 145
1616278048132 0.43162792921066284 146
1616278082386 0.41204166412353516 147
1616278116676 0.4162295460700989 148
1616278150904 0.4291050434112549 149
1616278186912 0.42628929018974304 150
1616278221332 0.43426311016082764 151
1616278255987 0.4313305616378784 152
1616278290561 0.44203048944473267 153
1616278325319 0.4819726347923279 154
1616278359840 0.4430443048477173 155
1616278394274 0.4498194456100464 156
1616278428777 0.452518105506897 157
1616278463176 0.4397488236427307 158
1616278497591 0.4646187722682953 159
1616278533678 0.45320114493370056 160
1616278567955 0.40062081813812256 161
1616278602229 0.42271238565444946 162
1616278636673 0.43467819690704346 163
1616278671040 0.4529174268245697 164
1616278705559 0.4261065125465393 165
1616278739930 0.41117173433303833 166
1616278774208 0.4429042339324951 167
1616278808496 0.4455234408378601 168
1616278842855 0.47045251727104187 169
1616278878652 0.4395870566368103 170
1616278912856 0.4211292862892151 171
1616278947164 0.4542286992073059 172
1616278981443 0.4381573796272278 173
1616279015778 0.4268202781677246 174
1616279049985 0.4347790479660034 175
1616279084162 0.4291117191314697 176
1616279118776 0.40630775690078735 177
1616279153687 0.42880484461784363 178
1616279188450 0.4189761281013489 179
1616279224704 0.47114354372024536 180
1616279259074 0.44067031145095825 181
1616279293354 0.4258895516395569 182
1616279327726 0.40394115447998047 183
1616279362600 0.44826430082321167 184
1616279397034 0.43862301111221313 185
1616279431228 0.4370834231376648 186
1616279465582 0.41676896810531616 187
1616279499800 0.41837579011917114 188
1616279534117 0.43008285760879517 189
1616279570052 0.42903321981430054 190
1616279604292 0.47584331035614014 191
1616279638745 0.4260863661766052 192
1616279673545 0.4117674231529236 193
1616279708415 0.4130265712738037 194
1616279742896 0.44779932498931885 195
1616279777301 0.40816324949264526 196
1616279811879 0.4379505515098572 197
1616279846339 0.4462045431137085 198
1616279880655 0.44251924753189087 199
1616279917511 0.41901856660842896 200
1616279951723 0.4155823290348053 201
1616279985972 0.4091120660305023 202
1616280020277 0.42741549015045166 203
1616280054508 0.4380112886428833 204
1616280088788 0.4495827257633209 205
1616280123045 0.45522546768188477 206
1616280157349 0.4652590751647949 207
1616280191596 0.4579443335533142 208
1616280225838 0.4659780263900757 209
1616280261761 0.41088640689849854 210
1616280296342 0.44759601354599 211
1616280331536 0.443789541721344 212
1616280365933 0.40267932415008545 213
1616280400518 0.42065876722335815 214
1616280435462 0.4530203938484192 215
1616280469793 0.4236268997192383 216
1616280504075 0.44125309586524963 217
1616280538282 0.43736547231674194 218
1616280572514 0.4401223063468933 219
1616280608417 0.43230322003364563 220
1616280642707 0.4303056597709656 221
1616280677021 0.42693477869033813 222
1616280711538 0.4515165388584137 223
1616280746196 0.4515921473503113 224
1616280780690 0.4250747263431549 225
1616280815752 0.43638181686401367 226
1616280850314 0.4261015057563782 227
1616280884962 0.4477126896381378 228
1616280919481 0.4702262580394745 229
1616280955674 0.4520781338214874 230
1616280990047 0.4728850722312927 231
1616281024666 0.4530329406261444 232
1616281059346 0.4298071563243866 233
1616281093718 0.4454861283302307 234
1616281127997 0.44169020652770996 235
1616281162243 0.4444889724254608 236
1616281196564 0.45199501514434814 237
1616281230924 0.44230806827545166 238
1616281265252 0.47714704275131226 239
1616281301192 0.4441410303115845 240
1616281335470 0.4294990301132202 241
1616281369754 0.4480605125427246 242
1616281404230 0.45419788360595703 243
1616281439201 0.4638958275318146 244
1616281473729 0.45481395721435547 245
1616281508278 0.45325586199760437 246
1616281542775 0.42071080207824707 247
1616281577235 0.4461834132671356 248
1616281611756 0.4377123713493347 249
1616281647972 0.45383787155151367 250
1616281682462 0.4743826985359192 251
1616281716944 0.4416927695274353 252
1616281751091 0.41748160123825073 253
1616281785462 0.44253501296043396 254
1616281819749 0.4594460725784302 255
1616281854053 0.44806885719299316 256
1616281888338 0.48800140619277954 257
1616281922600 0.45719093084335327 258
1616281956921 0.4420432448387146 259
1616281992755 0.437286913394928 260
1616282027157 0.46715641021728516 261
1616282061423 0.47506746649742126 262
1616282095921 0.4518407881259918 263
1616282130608 0.42636430263519287 264
1616282165202 0.45019057393074036 265
1616282199863 0.43801140785217285 266
1616282234236 0.45327889919281006 267
1616282268697 0.43515026569366455 268
1616282302994 0.4592658579349518 269
1616282339131 0.46304434537887573 270
1616282373592 0.4710876941680908 271
1616282407835 0.45284372568130493 272
1616282442112 0.45505422353744507 273
1616282476361 0.45109429955482483 274
1616282510960 0.4477022886276245 275
1616282545338 0.41384056210517883 276
1616282579597 0.48638883233070374 277
1616282614010 0.4453800916671753 278
1616282648302 0.48209500312805176 279
1616282684093 0.47421538829803467 280
1616282718380 0.4575890302658081 281
1616282752709 0.47563594579696655 282
1616282787084 0.44878852367401123 283
1616282821356 0.4615028202533722 284
1616282856015 0.422899067401886 285
1616282890521 0.4674287438392639 286
1616282924974 0.44797736406326294 287
1616282959454 0.435651957988739 288
1616282993888 0.4589186906814575 289
1616283030387 0.4440494477748871 290
1616283064640 0.4643399119377136 291
1616283099060 0.47377809882164 292
1616283133352 0.4728469252586365 293
1616283167598 0.45219340920448303 294
1616283201917 0.4539761543273926 295
1616283236408 0.4478698670864105 296
1616283270899 0.4757440388202667 297
1616283305254 0.46300435066223145 298
1616283340197 0.4764908254146576 299
1616283376068 0.47675037384033203 300
1616283410292 0.4259907603263855 301
1616283444593 0.4565233588218689 302
1616283478882 0.49114856123924255 303
1616283513143 0.4929071068763733 304
1616283547390 0.446471631526947 305
1616283581669 0.4404839873313904 306
1616283615927 0.4652438163757324 307
1616283650140 0.5261774659156799 308
1616283684444 0.5098469257354736 309
1616283720325 0.42778295278549194 310
1616283754881 0.4454764127731323 311
1616283789619 0.4555140733718872 312
1616283824272 0.4564783573150635 313
1616283859071 0.49772125482559204 314
1616283893626 0.4539667069911957 315
1616283928008 0.47592592239379883 316
1616283962671 0.477544903755188 317
1616283996946 0.45777350664138794 318
1616284031376 0.4609071910381317 319
1616284067715 0.4698184132575989 320
1616284101923 0.4649447202682495 321
1616284136136 0.46357250213623047 322
1616284170403 0.43195247650146484 323
1616284204633 0.48465466499328613 324
1616284238969 0.44894278049468994 325
1616284273281 0.47062844038009644 326
1616284307586 0.4698493480682373 327
1616284341826 0.48477885127067566 328
1616284376136 0.49534738063812256 329
1616284411990 0.44364702701568604 330
1616284446229 0.4452739953994751 331
1616284480529 0.4614306092262268 332
1616284514875 0.49112650752067566 333
1616284549301 0.4602210521697998 334
1616284583709 0.46938633918762207 335
1616284618063 0.4695590138435364 336
1616284652681 0.4938507080078125 337
1616284687428 0.451224684715271 338
1616284721956 0.4996357560157776 339
1616284758217 0.4835807681083679 340
1616284792633 0.47588762640953064 341
1616284826935 0.5071762204170227 342
1616284861359 0.4699934720993042 343
1616284895709 0.4719852805137634 344
1616284929955 0.46344542503356934 345
1616284964318 0.4420534074306488 346
1616284998644 0.43416404724121094 347
1616285032937 0.47456902265548706 348
1616285067521 0.4985586702823639 349
1616285103490 0.5107046365737915 350
1616285137799 0.49857011437416077 351
1616285172121 0.5057360529899597 352
1616285206475 0.4890790581703186 353
1616285240824 0.51169753074646 354
1616285275086 0.4958497881889343 355
1616285309328 0.47377848625183105 356
1616285343680 0.48912355303764343 357
1616285377999 0.5192265510559082 358
1616285412918 0.4495575726032257 359
1616285449405 0.47953033447265625 360
1616285483868 0.514862060546875 361
1616285518530 0.5044005513191223 362
1616285552921 0.48509877920150757 363
1616285587436 0.4774123430252075 364
1616285621683 0.48002544045448303 365
1616285656056 0.4681049585342407 366
1616285690368 0.48628175258636475 367
1616285724634 0.5085673332214355 368
1616285759084 0.46458908915519714 369
1616285795302 0.4749297499656677 370
1616285829642 0.5179972648620605 371
1616285864358 0.5135726928710938 372
1616285898733 0.48899877071380615 373
1616285933143 0.48116981983184814 374
1616285967415 0.4834236204624176 375
1616286001750 0.47323739528656006 376
1616286036103 0.4310321807861328 377
1616286070477 0.44186151027679443 378
1616286105877 0.44897353649139404 379
1616286142196 0.4501112997531891 380
1616286176538 0.4703269600868225 381
1616286210888 0.49011003971099854 382
1616286245362 0.4589405655860901 383
1616286280230 0.48749274015426636 384
1616286314591 0.5011537075042725 385
1616286348823 0.49571773409843445 386
1616286383132 0.47069209814071655 387
1616286417336 0.4775170683860779 388
1616286451663 0.4794049859046936 389
1616286487529 0.46963322162628174 390
1616286521893 0.4594757556915283 391
1616286556439 0.46444693207740784 392
1616286590992 0.4910932779312134 393
1616286625623 0.4638897776603699 394
1616286660195 0.5331895351409912 395
1616286694952 0.4850645959377289 396
1616286729609 0.5099512338638306 397
1616286764246 0.5013542771339417 398
1616286798591 0.4843803644180298 399
1616286834722 0.48867589235305786 400
1616286869068 0.48100972175598145 401
1616286903403 0.4878731667995453 402
1616286937645 0.45105984807014465 403
1616286971904 0.5084100961685181 404
1616287006278 0.47744065523147583 405
1616287040530 0.5023884773254395 406
1616287074820 0.45252206921577454 407
1616287109196 0.5074964165687561 408
1616287143628 0.4768487215042114 409
1616287179681 0.4914287328720093 410
1616287214103 0.48832595348358154 411
1616287248551 0.5133365392684937 412
1616287283002 0.5058999061584473 413
1616287317578 0.46738627552986145 414
1616287352128 0.4704132676124573 415
1616287386536 0.49777424335479736 416
1616287420833 0.4726577699184418 417
1616287455203 0.5016518235206604 418
1616287489674 0.4996998608112335 419
1616287525720 0.510044515132904 420
1616287560087 0.5094490051269531 421
1616287594816 0.480496883392334 422
1616287629145 0.46600380539894104 423
1616287663446 0.48792776465415955 424
1616287697695 0.5044159889221191 425
1616287731842 0.47742581367492676 426
1616287766106 0.5026084780693054 427
1616287800387 0.4796147644519806 428
1616287834726 0.44528910517692566 429
1616287870714 0.46218088269233704 430
1616287905302 0.48700273036956787 431
1616287939763 0.48634153604507446 432
1616287974450 0.4674350321292877 433
1616288009057 0.4956051707267761 434
1616288043600 0.4367085099220276 435
1616288078037 0.48293718695640564 436
1616288112465 0.4928089380264282 437
1616288146869 0.49254587292671204 438
1616288181257 0.470319926738739 439
1616288217670 0.528536319732666 440
1616288252494 0.5011247396469116 441
1616288286789 0.46934330463409424 442
1616288321184 0.4973423480987549 443
1616288355546 0.5244861245155334 444
1616288389801 0.49146461486816406 445
1616288424067 0.4762870669364929 446
1616288458493 0.4669189453125 447
1616288493162 0.48989060521125793 448
1616288527794 0.5108067989349365 449
1616288564303 0.524667501449585 450
1616288598613 0.5028107166290283 451
1616288633130 0.5035566091537476 452
1616288667720 0.4882541298866272 453
1616288702113 0.4839337468147278 454
1616288736361 0.5344363451004028 455
1616288770763 0.4856172204017639 456
1616288805340 0.4669566750526428 457
1616288840114 0.46012794971466064 458
1616288874532 0.49890029430389404 459
1616288910840 0.5146322250366211 460
1616288945146 0.5129347443580627 461
1616288979435 0.5211302042007446 462
1616289013694 0.48822465538978577 463
1616289047904 0.5006431937217712 464
1616289082173 0.5154552459716797 465
1616289117558 0.48748159408569336 466
1616289151847 0.4892543852329254 467
1616289186271 0.4850148558616638 468
1616289220776 0.5003812313079834 469
1616289257018 0.48144978284835815 470
1616289291671 0.4609087407588959 471
1616289326394 0.4915333390235901 472
1616289361135 0.5063657760620117 473
1616289395541 0.49052971601486206 474
1616289429922 0.5062673687934875 475
1616289464157 0.4864131212234497 476
1616289498512 0.48710155487060547 477
1616289532917 0.500557005405426 478
1616289567220 0.5473806262016296 479
1616289603890 0.5209395289421082 480
1616289638189 0.5026922225952148 481
1616289672457 0.5225422382354736 482
1616289706712 0.4955236315727234 483
1616289740922 0.5067486763000488 484
1616289775212 0.49814221262931824 485
1616289809566 0.4800052344799042 486
1616289843841 0.4819953441619873 487
1616289878047 0.4920836389064789 488
1616289912402 0.5386595726013184 489
1616289948369 0.5371546149253845 490
1616289982742 0.502388596534729 491
1616290017234 0.4900217056274414 492
1616290051765 0.557093620300293 493
1616290086348 0.460497111082077 494
1616290121086 0.5026984214782715 495
1616290155763 0.4983791708946228 496
1616290190545 0.5269699096679688 497
1616290224829 0.5114091634750366 498
1616290259200 0.5168182849884033 499
1616290295383 0.5043208003044128 500
1616290329708 0.48207616806030273 501
1616290364166 0.5148564577102661 502
1616290398572 0.5302139520645142 503
1616290432854 0.5249672532081604 504
1616290467860 0.5026662945747375 505
1616290502098 0.5167646408081055 506
1616290536426 0.4834437370300293 507
1616290570716 0.4802900552749634 508
1616290605008 0.5111644268035889 509
1616290640878 0.5003076791763306 510
1616290675186 0.5395704507827759 511
1616290709473 0.5259292721748352 512
1616290743823 0.5358477830886841 513
1616290778254 0.5192856788635254 514
1616290812830 0.4967367947101593 515
1616290847474 0.5242930054664612 516
1616290882447 0.5305038690567017 517
1616290916962 0.5048454999923706 518
1616290951434 0.4870409667491913 519
1616290987866 0.4919000267982483 520
1616291022857 0.4847276508808136 521
1616291057140 0.49979862570762634 522
1616291091434 0.5160897374153137 523
1616291125702 0.5341506004333496 524
1616291159919 0.5074600577354431 525
1616291194141 0.5394002199172974 526
1616291228358 0.5055676698684692 527
1616291262634 0.5070918798446655 528
1616291296960 0.5524284839630127 529
1616291332831 0.5056617856025696 530
1616291367147 0.48889482021331787 531
1616291401597 0.49730736017227173 532
1616291436383 0.5094798803329468 533
1616291470794 0.5088703036308289 534
1616291505260 0.5126913785934448 535
1616291539814 0.5597274303436279 536
1616291574382 0.5023203492164612 537
1616291608729 0.5199771523475647 538
1616291643116 0.5145499110221863 539
1616291679278 0.5682497620582581 540
1616291713753 0.5061638355255127 541
1616291748161 0.4792375862598419 542
1616291782445 0.5111719369888306 543
1616291816674 0.5309178829193115 544
1616291851014 0.519243597984314 545
1616291885344 0.5179245471954346 546
1616291920480 0.5421100854873657 547
1616291954929 0.4954584240913391 548
1616291989201 0.5006555318832397 549
1616292025123 0.5192281007766724 550
1616292059412 0.5233176946640015 551
1616292093770 0.5236797332763672 552
1616292128083 0.5486679673194885 553
1616292162574 0.47624653577804565 554
1616292197292 0.5219210386276245 555
1616292231828 0.5402708053588867 556
1616292266452 0.5097988843917847 557
1616292300885 0.5027117133140564 558
1616292335339 0.4826764464378357 559
1616292371721 0.5415028929710388 560
1616292406058 0.514636218547821 561
1616292440346 0.4784180521965027 562
1616292474657 0.5013035535812378 563
1616292509656 0.5705739259719849 564
1616292543973 0.48044395446777344 565
1616292578331 0.5369053483009338 566
1616292612559 0.5322520732879639 567
1616292646945 0.5377399921417236 568
1616292681216 0.5290567874908447 569
1616292717192 0.5144385099411011 570
1616292751574 0.48703038692474365 571
1616292785840 0.527046263217926 572
1616292820293 0.5236063003540039 573
1616292854785 0.5353163480758667 574
1616292889210 0.5126317143440247 575
1616292923849 0.5154198408126831 576
1616292958417 0.5625194311141968 577
1616292993101 0.5440442562103271 578
1616293027371 0.5219475030899048 579
1616293063661 0.5301870703697205 580
1616293097991 0.5658026933670044 581
1616293132368 0.5081068277359009 582
1616293166800 0.5222365856170654 583
1616293201201 0.5135611295700073 584
1616293235493 0.5188412666320801 585
1616293270289 0.5298829674720764 586
1616293304602 0.5595680475234985 587
1616293338953 0.5408409833908081 588
1616293373282 0.5176535844802856 589
1616293409176 0.5391510725021362 590
1616293443458 0.5331451296806335 591
1616293477717 0.5257102251052856 592
1616293512321 0.5132626295089722 593
1616293547654 0.523669958114624 594
1616293582243 0.5290999412536621 595
1616293616926 0.5364376306533813 596
1616293651567 0.5433374643325806 597
1616293685990 0.5247180461883545 598
1616293720369 0.5103573799133301 599
1616293756912 0.505555272102356 600
1616293791303 0.5703107118606567 601
1616293825636 0.5210144519805908 602
1616293860035 0.47758594155311584 603
1616293894357 0.5100089311599731 604
1616293928672 0.5086939334869385 605
1616293963020 0.5415130257606506 606
1616293997540 0.526600182056427 607
1616294031765 0.5474416017532349 608
1616294066129 0.527337908744812 609
1616294102015 0.534469485282898 610
1616294136334 0.4812695384025574 611
1616294170597 0.5248405933380127 612
1616294204921 0.5114072561264038 613
1616294239212 0.5305737257003784 614
1616294273570 0.5161624550819397 615
1616294307830 0.5252008438110352 616
1616294342143 0.5010254979133606 617
1616294376427 0.5528841018676758 618
1616294410989 0.50337153673172 619
1616294447133 0.5179475545883179 620
1616294481779 0.5397933721542358 621
1616294516298 0.4803333878517151 622
1616294550793 0.5084571242332458 623
1616294585178 0.5382133722305298 624
1616294619613 0.5517382621765137 625
1616294653914 0.5539767742156982 626
1616294688265 0.5326021313667297 627
1616294722558 0.5286018252372742 628
1616294756975 0.5103836059570312 629
1616294792943 0.5256308317184448 630
1616294827996 0.570130467414856 631
1616294862290 0.4971073865890503 632
1616294896647 0.5519710183143616 633
1616294930929 0.5330594182014465 634
1616294965259 0.48713770508766174 635
1616294999552 0.49962684512138367 636
1616295033827 0.5485239028930664 637
1616295068124 0.526959240436554 638
1616295102474 0.5494700074195862 639
1616295138390 0.5228143334388733 640
1616295172908 0.5246045589447021 641
1616295207548 0.5178869366645813 642
1616295241922 0.5522313117980957 643
1616295276399 0.5354304313659668 644
1616295310937 0.533892035484314 645
1616295345419 0.554212212562561 646
1616295380080 0.5388333797454834 647
1616295414377 0.5154337286949158 648
1616295448708 0.5359468460083008 649
1616295484695 0.5641242265701294 650
1616295519053 0.5235176086425781 651
1616295553396 0.5395933389663696 652
1616295587996 0.5325026512145996 653
1616295622353 0.5563446283340454 654
1616295656651 0.5538704991340637 655
1616295690962 0.543708324432373 656
1616295725158 0.5399113893508911 657
1616295759457 0.5002241134643555 658
1616295793740 0.5210060477256775 659
1616295829810 0.527186393737793 660
1616295864514 0.5505938529968262 661
1616295899027 0.5057763457298279 662
1616295933987 0.5152051448822021 663
1616295968639 0.5292327404022217 664
1616296003139 0.5616804361343384 665
1616296037816 0.530742883682251 666
1616296072133 0.5480188131332397 667
1616296106613 0.5300246477127075 668
1616296140932 0.5396517515182495 669
1616296177340 0.5442628860473633 670
1616296211568 0.5248053073883057 671
1616296245756 0.4919303059577942 672
1616296279999 0.4844757914543152 673
1616296314225 0.5307590961456299 674
1616296350297 0.49657076597213745 675
1616296384584 0.5405527949333191 676
1616296418891 0.5340123176574707 677
1616296453139 0.5337605476379395 678
1616296487476 0.531316876411438 679
1616296523360 0.5542168617248535 680
1616296557716 0.5299545526504517 681
1616296592402 0.5671247839927673 682
1616296628111 0.5522269010543823 683
1616296662633 0.5156847834587097 684
1616296697079 0.5449722409248352 685
1616296731797 0.5599557161331177 686
1616296766521 0.5908412337303162 687
1616296800889 0.5120556354522705 688
1616296835182 0.48883056640625 689
1616296871495 0.5278624892234802 690
1616296905896 0.5471013784408569 691
1616296940250 0.5854040384292603 692
1616296975270 0.5565836429595947 693
1616297009740 0.5393599271774292 694
1616297044242 0.5426494479179382 695
1616297078736 0.544933557510376 696
1616297113196 0.5581886768341064 697
1616297147746 0.5385788083076477 698
1616297182450 0.5541088581085205 699
1616297218895 0.550237774848938 700
1616297253720 0.533727765083313 701
1616297288019 0.5525084733963013 702
1616297322248 0.5651416778564453 703
1616297356652 0.5407490730285645 704
1616297391024 0.5291513204574585 705
1616297425278 0.5331027507781982 706
1616297459559 0.5387380719184875 707
1616297493798 0.551215648651123 708
1616297527992 0.5332085490226746 709
1616297563947 0.5449845790863037 710
1616297598279 0.5589603781700134 711
1616297632913 0.5351218581199646 712
1616297667847 0.5492947101593018 713
1616297702389 0.546909749507904 714
1616297737076 0.5486113429069519 715
1616297771563 0.5115296840667725 716
1616297805990 0.5722842216491699 717
1616297840298 0.5830164551734924 718
1616297874682 0.5524082779884338 719
1616297910810 0.5551127195358276 720
1616297945217 0.5328899621963501 721
1616297979911 0.5122935175895691 722
1616298014167 0.5372529029846191 723
1616298048553 0.5451411008834839 724
1616298082927 0.5168504118919373 725
1616298117261 0.5775659084320068 726
1616298151932 0.6085999011993408 727
1616298186664 0.5271514058113098 728
1616298221168 0.5807604789733887 729
1616298257575 0.5926889181137085 730
1616298292096 0.5603035688400269 731
1616298326572 0.5399206876754761 732
1616298360909 0.5651718378067017 733
1616298395447 0.5267084240913391 734
1616298429806 0.5400080680847168 735
1616298464300 0.5480736494064331 736
1616298498650 0.5744652152061462 737
1616298533000 0.5485950112342834 738
1616298567442 0.5633962154388428 739
1616298603334 0.5105878710746765 740
1616298637888 0.5297163724899292 741
1616298672287 0.5664733648300171 742
1616298706637 0.5658206939697266 743
1616298740912 0.5970925092697144 744
1616298775263 0.5251668691635132 745
1616298809584 0.5577877759933472 746
1616298843948 0.5422013998031616 747
1616298878466 0.5287883281707764 748
1616298913279 0.5221954584121704 749
1616298949512 0.5706902146339417 750
1616298984068 0.5110042095184326 751
1616299018531 0.5370731353759766 752
1616299052916 0.5283246040344238 753
1616299087275 0.5427954196929932 754
1616299121673 0.549190104007721 755
1616299156105 0.5601010322570801 756
1616299190466 0.5475837588310242 757
1616299224818 0.5393126606941223 758
1616299259595 0.5792953968048096 759
1616299295408 0.5378690958023071 760
1616299329675 0.5255031585693359 761
1616299364079 0.5260615348815918 762
1616299398433 0.5398916006088257 763
1616299432759 0.5512599349021912 764
1616299466979 0.5317225456237793 765
1616299501286 0.5465818643569946 766
1616299535611 0.5538390874862671 767
1616299569857 0.5314775705337524 768
1616299604341 0.5710247755050659 769
1616299640562 0.5466431379318237 770
1616299675054 0.5137472748756409 771
1616299710059 0.5373365879058838 772
1616299744539 0.5651779174804688 773
1616299778945 0.54891037940979 774
1616299813245 0.512226939201355 775
1616299847641 0.5670512914657593 776
1616299882044 0.5559097528457642 777
1616299916317 0.5393816232681274 778
1616299950870 0.5273458957672119 779
1616299986884 0.5581899881362915 780
1616300021191 0.497780442237854 781
1616300055485 0.5698269605636597 782
1616300089699 0.5826301574707031 783
1616300123904 0.5625858306884766 784
1616300158219 0.5724427700042725 785
1616300192507 0.5305379629135132 786
1616300226834 0.5411051511764526 787
1616300261188 0.5766994953155518 788
1616300295560 0.5359979867935181 789
1616300331494 0.5347553491592407 790
1616300366231 0.5209710597991943 791
1616300400961 0.5647344589233398 792
1616300435625 0.5211082696914673 793
1616300470144 0.5745757222175598 794
1616300504538 0.5530123710632324 795
1616300538931 0.542881965637207 796
1616300573219 0.5604885816574097 797
1616300607670 0.5227702856063843 798
1616300641950 0.5909514427185059 799
1616300677937 0.5337368249893188 800
1616300712559 0.5071898102760315 801
1616300746934 0.5483138561248779 802
1616300781178 0.555888295173645 803
1616300815558 0.5538688898086548 804
1616300849924 0.5322999954223633 805
1616300884250 0.5498966574668884 806
1616300918492 0.5420782566070557 807
1616300952815 0.5365031957626343 808
1616300987095 0.5229920148849487 809
1616301023114 0.5447808504104614 810
1616301057549 0.5144094228744507 811
1616301092293 0.5499377250671387 812
1616301126779 0.580940842628479 813
1616301161302 0.5820201635360718 814
1616301195816 0.5511364936828613 815
1616301230318 0.5253713130950928 816
1616301264593 0.5926895141601562 817
1616301298973 0.5244185924530029 818
1616301333288 0.5313839316368103 819
1616301369283 0.5046385526657104 820
1616301403731 0.5550681352615356 821
1616301438090 0.5387171506881714 822
1616301472386 0.5493847131729126 823
1616301507109 0.5726900100708008 824
1616301541382 0.524631917476654 825
1616301575710 0.5353485345840454 826
1616301610027 0.5352599620819092 827
1616301644297 0.5684391260147095 828
1616301678571 0.5489974617958069 829
1616301714552 0.5535526275634766 830
1616301748936 0.5436181426048279 831
1616301783516 0.5590460300445557 832
1616301818090 0.5796874165534973 833
1616301852515 0.5441409349441528 834
1616301886998 0.535370945930481 835
1616301921418 0.5675747394561768 836
1616301955837 0.4985021948814392 837
1616301990266 0.550035834312439 838
1616302024662 0.5590400099754333 839
1616302060706 0.562287449836731 840
1616302095226 0.5263946056365967 841
1616302129642 0.5687034130096436 842
1616302164359 0.5807052850723267 843
1616302198807 0.563559889793396 844
1616302232979 0.5456184148788452 845
1616302267244 0.5676432847976685 846
1616302301546 0.5696015357971191 847
1616302335736 0.5226081013679504 848
1616302370046 0.5097816586494446 849
1616302406020 0.5390244722366333 850
1616302440383 0.5878424644470215 851
1616302474702 0.6028549671173096 852
1616302509181 0.5219987630844116 853
1616302543618 0.5366957187652588 854
1616302578408 0.5413792133331299 855
1616302612945 0.5577374696731567 856
1616302647450 0.5216257572174072 857
1616302681923 0.5553673505783081 858
1616302716429 0.5645657777786255 859
1616302752687 0.5762742757797241 860
1616302786996 0.515619158744812 861
1616302821269 0.5491175651550293 862
1616302856151 0.5316108465194702 863
1616302890394 0.506931483745575 864
1616302924698 0.5435463786125183 865
1616302958988 0.5275334715843201 866
1616302993383 0.5743144154548645 867
1616303027750 0.5260082483291626 868
1616303062013 0.535286545753479 869
1616303097913 0.5776115655899048 870
1616303132257 0.5442280173301697 871
1616303166612 0.5696436762809753 872
1616303200905 0.5271654725074768 873
1616303235182 0.5620948076248169 874
1616303269545 0.5526313781738281 875
1616303304040 0.5799560546875 876
1616303338521 0.5403633117675781 877
1616303373069 0.4990413188934326 878
1616303407533 0.5809355974197388 879
1616303443807 0.5662865042686462 880
1616303478343 0.540847897529602 881
1616303512690 0.5498622059822083 882
1616303547160 0.5175639390945435 883
1616303581400 0.558895468711853 884
1616303615948 0.5370500087738037 885
1616303650356 0.5135537981987 886
1616303684616 0.5908468961715698 887
1616303718959 0.5500333309173584 888
1616303753251 0.5045056343078613 889
1616303789313 0.5467509031295776 890
1616303824344 0.5918883085250854 891
1616303859122 0.5465034246444702 892
1616303894221 0.5584849119186401 893
1616303928659 0.5567492246627808 894
1616303963242 0.6134395599365234 895
1616303997525 0.5142099261283875 896
1616304031863 0.5198037028312683 897
1616304066600 0.5553961396217346 898
1616304100958 0.49499669671058655 899
1616304137039 0.5896645188331604 900
1616304171371 0.550408124923706 901
1616304205710 0.5668481588363647 902
1616304240106 0.5570460557937622 903
1616304274437 0.560520350933075 904
1616304308813 0.5443925261497498 905
1616304343216 0.5424908399581909 906
1616304377792 0.5275413393974304 907
1616304412762 0.5306503772735596 908
1616304447394 0.5362982749938965 909
1616304483445 0.5661689043045044 910
1616304517902 0.5704014301300049 911
1616304552397 0.5167970657348633 912
1616304586934 0.5494634509086609 913
1616304621313 0.5791096687316895 914
1616304656075 0.4992997646331787 915
1616304690376 0.5736556053161621 916
1616304724653 0.493668794631958 917
1616304758962 0.5545749664306641 918
1616304793181 0.5463244915008545 919
1616304829054 0.5519925355911255 920
1616304863328 0.5408329963684082 921
1616304897632 0.5478119850158691 922
1616304931898 0.5624751448631287 923
1616304966174 0.584296703338623 924
1616305000569 0.5394355058670044 925
1616305034856 0.5841252207756042 926
1616305069417 0.5681616067886353 927
1616305104264 0.5477344393730164 928
1616305138731 0.5575541853904724 929
1616305174933 0.5029162764549255 930
1616305209546 0.5524777770042419 931
1616305244012 0.5589341521263123 932
1616305278335 0.5561918616294861 933
1616305312688 0.5139195919036865 934
1616305347094 0.5351401567459106 935
1616305381434 0.5146721005439758 936
1616305415789 0.508880615234375 937
1616305450219 0.5427390336990356 938
1616305485062 0.5511636137962341 939
1616305521062 0.55550217628479 940
1616305555507 0.5223868489265442 941
1616305589837 0.5366319417953491 942
1616305624192 0.5194841027259827 943
1616305658520 0.5792644619941711 944
1616305692999 0.5617496967315674 945
1616305727518 0.590697169303894 946
1616305762181 0.48446428775787354 947
1616305796864 0.575130820274353 948
1616305831337 0.5861687660217285 949
1616305867537 0.54726243019104 950
1616305902039 0.5485531091690063 951
1616305936442 0.5947416424751282 952
1616305970801 0.5638160705566406 953
1616306005118 0.5684847831726074 954
1616306039562 0.5186079144477844 955
1616306074598 0.5656204223632812 956
1616306108881 0.5474231243133545 957
1616306143124 0.5724621415138245 958
1616306177424 0.556960940361023 959
1616306213382 0.507611870765686 960
1616306247661 0.5482429265975952 961
1616306281937 0.5624628067016602 962
1616306316292 0.5497449040412903 963
1616306350580 0.556411862373352 964
1616306384845 0.5960263609886169 965
1616306419179 0.5251398682594299 966
1616306453582 0.5590016841888428 967
1616306487986 0.5978951454162598 968
1616306522455 0.5495185852050781 969
1616306558691 0.540101170539856 970
1616306593736 0.5786510705947876 971
1616306628113 0.5487743020057678 972
1616306662558 0.5413112640380859 973
1616306696871 0.5485076904296875 974
1616306731258 0.5264055728912354 975
1616306765533 0.5649150609970093 976
1616306799859 0.5670528411865234 977
1616306834644 0.5044436454772949 978
1616306868920 0.5622305274009705 979
1616306904979 0.5002257227897644 980
1616306939228 0.541310727596283 981
1616306973531 0.5384073257446289 982
1616307007824 0.5474463105201721 983
1616307042113 0.6044633388519287 984
1616307076330 0.5727452039718628 985
1616307110540 0.5762159824371338 986
1616307144913 0.547433614730835 987
1616307179274 0.5668017864227295 988
1616307213718 0.566338062286377 989
1616307249780 0.5334858894348145 990
1616307284326 0.5456582903862 991
1616307318850 0.5846389532089233 992
1616307353528 0.5383032560348511 993
1616307388327 0.5896965265274048 994
1616307422683 0.5857205986976624 995
1616307457287 0.571064829826355 996
1616307491521 0.6020651459693909 997
1616307526664 0.5538171529769897 998
1616307561023 0.526373028755188 999
1616307597043 0.5865401029586792 1000
1616307631349 0.5762701034545898 1001
1616307665736 0.5830541253089905 1002
1616307700095 0.5608444213867188 1003
1616307734386 0.5486286282539368 1004
1616307768584 0.5472284555435181 1005
1616307802985 0.5400018692016602 1006
1616307837439 0.5519185066223145 1007
1616307871907 0.5499464273452759 1008
1616307906991 0.522853434085846 1009
1616307943978 0.5183395147323608 1010
1616307978565 0.5787773132324219 1011
1616308013181 0.548774003982544 1012
1616308047536 0.5261601805686951 1013
1616308081888 0.5651312470436096 1014
1616308116236 0.5493559241294861 1015
1616308151413 0.5640223026275635 1016
1616308185949 0.5369076132774353 1017
1616308220320 0.5715488195419312 1018
1616308254721 0.5753412246704102 1019
1616308290706 0.567378044128418 1020
1616308325041 0.5390915274620056 1021
1616308359267 0.5044398307800293 1022
1616308393644 0.5759820938110352 1023
1616308428015 0.5455726981163025 1024
1616308462414 0.5120707154273987 1025
1616308496846 0.5833024978637695 1026
1616308531297 0.5428007245063782 1027
1616308565854 0.5517776608467102 1028
1616308600423 0.5837698578834534 1029
1616308636804 0.5378977656364441 1030
1616308671275 0.5322778224945068 1031
1616308705794 0.5540399551391602 1032
1616308740685 0.5712461471557617 1033
1616308775278 0.5763571262359619 1034
1616308809793 0.5620452165603638 1035
1616308844237 0.5660018920898438 1036
1616308878621 0.5794196128845215 1037
1616308913156 0.5458323955535889 1038
1616308947511 0.5448246002197266 1039
1616308984162 0.5354067087173462 1040
1616309018454 0.5886658430099487 1041
1616309052741 0.5566751956939697 1042
1616309087075 0.5515521764755249 1043
1616309121418 0.5374647378921509 1044
1616309155836 0.5915225148200989 1045
1616309190409 0.5395900011062622 1046
1616309224968 0.5280262231826782 1047
1616309259467 0.5616019368171692 1048
1616309294123 0.5488017797470093 1049
1616309330248 0.5743100643157959 1050
1616309364703 0.5400451421737671 1051
1616309399340 0.5158278942108154 1052
1616309433842 0.5580337047576904 1053
1616309468226 0.5540512800216675 1054
1616309502661 0.5386203527450562 1055
1616309537038 0.5860767364501953 1056
1616309571507 0.5805824995040894 1057
1616309605893 0.5016154050827026 1058
1616309640705 0.49431443214416504 1059
1616309676671 0.5470399856567383 1060
1616309710973 0.5562785863876343 1061
1616309745354 0.5263190269470215 1062
1616309779627 0.5251470804214478 1063
1616309813893 0.5030937790870667 1064
1616309848215 0.5283628702163696 1065
1616309882692 0.5686080455780029 1066
1616309917037 0.5263711214065552 1067
1616309951393 0.5329819917678833 1068
1616309986100 0.5738196969032288 1069
1616310022868 0.5253986120223999 1070
1616310057260 0.5559865832328796 1071
1616310091745 0.5013889670372009 1072
1616310126329 0.5294244289398193 1073
1616310160749 0.5339640974998474 1074
1616310198262 0.5754702091217041 1075
1616310232659 0.5522986650466919 1076
1616310267039 0.5356204509735107 1077
1616310301743 0.5597567558288574 1078
1616310336036 0.555091381072998 1079
1616310372411 0.5330367088317871 1080
1616310406735 0.520037055015564 1081
1616310441011 0.5158388614654541 1082
1616310475329 0.5008265972137451 1083
1616310509652 0.5297027230262756 1084
1616310544529 0.526922345161438 1085
1616310579289 0.5614049434661865 1086
1616310614182 0.5681072473526001 1087
1616310648847 0.5541685819625854 1088
1616310683317 0.5475217700004578 1089
1616310719491 0.5543454885482788 1090
1616310753878 0.5658667087554932 1091
1616310788227 0.5435621738433838 1092
1616310822529 0.5541046857833862 1093
1616310856846 0.5194679498672485 1094
1616310891275 0.5668375492095947 1095
1616310926193 0.5768579244613647 1096
1616310960580 0.5256860256195068 1097
1616310994944 0.5483254194259644 1098
1616311029311 0.5817945003509521 1099
1616311065280 0.5758107900619507 1100
1616311099677 0.5695015788078308 1101
1616311134019 0.5361801385879517 1102
1616311168429 0.5795291066169739 1103
1616311202776 0.5644996166229248 1104
1616311237126 0.5233246088027954 1105
1616311271998 0.5729866027832031 1106
1616311306487 0.5327253341674805 1107
1616311341206 0.5669393539428711 1108
1616311375867 0.5836677551269531 1109
1616311412269 0.6061104536056519 1110
1616311446746 0.5377219915390015 1111
1616311481181 0.5282623767852783 1112
1616311515591 0.5376033186912537 1113
1616311550720 0.5767114162445068 1114
1616311585112 0.5497509241104126 1115
1616311619424 0.5917925238609314 1116
1616311653805 0.5710092782974243 1117
1616311688076 0.5673438310623169 1118
1616311722383 0.5179165005683899 1119
1616311758323 0.5620546340942383 1120
1616311792643 0.5536350011825562 1121
1616311826944 0.5415371656417847 1122
1616311861356 0.5506311655044556 1123
1616311895741 0.5516965389251709 1124
1616311930073 0.5628008842468262 1125
1616311964561 0.5634979605674744 1126
1616311999061 0.5789517164230347 1127
1616312033487 0.5641893744468689 1128
1616312067952 0.5673263072967529 1129
1616312104362 0.5863060355186462 1130
1616312138858 0.5263484716415405 1131
1616312173331 0.593130886554718 1132
1616312207867 0.5675541162490845 1133
1616312242221 0.5498210787773132 1134
1616312276723 0.549912691116333 1135
1616312311156 0.5948875546455383 1136
1616312345482 0.5665127038955688 1137
1616312379808 0.5422894954681396 1138
1616312414308 0.5393529534339905 1139
1616312450285 0.5443537831306458 1140
1616312485151 0.5198910236358643 1141
1616312519609 0.5479778051376343 1142
1616312554077 0.5681847333908081 1143
1616312588532 0.5430291891098022 1144
1616312622914 0.5794391632080078 1145
1616312657242 0.5442687273025513 1146
1616312691560 0.6018626689910889 1147
1616312725827 0.5688450336456299 1148
1616312760142 0.5532504320144653 1149
1616312796021 0.5542811751365662 1150
1616312830400 0.5550380945205688 1151
1616312864972 0.5459549427032471 1152
1616312899505 0.5315226316452026 1153
1616312934120 0.5326106548309326 1154
1616312968619 0.5392920970916748 1155
1616313003116 0.5820380449295044 1156
1616313037681 0.5519500374794006 1157
1616313072049 0.5673357248306274 1158
1616313106475 0.5098859071731567 1159
1616313142729 0.5348720550537109 1160
1616313177134 0.5479569435119629 1161
1616313211615 0.6057706475257874 1162
1616313246235 0.5706173181533813 1163
1616313280946 0.5599938631057739 1164
1616313315392 0.5247628688812256 1165
1616313349774 0.5552219152450562 1166
1616313384172 0.5526017546653748 1167
1616313418511 0.5321860313415527 1168
1616313452742 0.553817868232727 1169
1616313488812 0.5632343292236328 1170
1616313523225 0.5656747817993164 1171
1616313557699 0.5490350723266602 1172
1616313591967 0.5199858546257019 1173
1616313626418 0.5629411339759827 1174
1616313661366 0.5373449325561523 1175
1616313696200 0.5787951946258545 1176
1616313730684 0.5874309539794922 1177
1616313765316 0.5226105451583862 1178
1616313799840 0.5501388311386108 1179
1616313836200 0.5408653616905212 1180
1616313870520 0.5993926525115967 1181
1616313904895 0.5309116840362549 1182
1616313939680 0.549599289894104 1183
1616313974014 0.5533468723297119 1184
1616314008388 0.552695631980896 1185
1616314042725 0.5430883765220642 1186
1616314077098 0.5496523380279541 1187
1616314111415 0.5451431274414062 1188
1616314145731 0.595422625541687 1189
1616314181665 0.559087872505188 1190
1616314215841 0.5574997663497925 1191
1616314250261 0.5910834074020386 1192
1616314284684 0.529158353805542 1193
1616314319227 0.5375621914863586 1194
1616314353832 0.5509834289550781 1195
1616314388394 0.5510013699531555 1196
1616314423019 0.5491566061973572 1197
1616314457621 0.5597646236419678 1198
1616314492020 0.5672647953033447 1199
1616314528119 0.532791256904602 1200
1616314553196 0.5777917504310608 0
1616314553208 0.5777917504310608 0
