1615487117847 0.3059372901916504 1
1615487152128 0.40472301840782166 2
1615487186451 0.5476105213165283 3
1615487220791 0.6380399465560913 4
1615487255007 0.6533671617507935 5
1615487289221 0.6701226234436035 6
1615487323438 0.672713577747345 7
1615487357654 0.6860443353652954 8
1615487392094 0.7105896472930908 9
1615487428537 0.6885329484939575 10
1615487463124 0.7440075874328613 11
1615487497611 0.7212646007537842 12
1615487532212 0.6889500617980957 13
1615487566750 0.7046505808830261 14
1615487601061 0.7123459577560425 15
1615487635415 0.7232423424720764 16
1615487670070 0.7436392307281494 17
1615487704232 0.7614924907684326 18
1615487738450 0.7311869859695435 19
1615487774564 0.7551676034927368 20
1615487808725 0.7482807636260986 21
1615487842918 0.765730619430542 22
1615487877157 0.7789790630340576 23
1615487911322 0.7761962413787842 24
1615487945587 0.7531418800354004 25
1615487979925 0.793129026889801 26
1615488014394 0.7701036930084229 27
1615488049027 0.7834624648094177 28
1615488083709 0.7558778524398804 29
1615488119993 0.7610731720924377 30
1615488154361 0.7869091033935547 31
1615488188809 0.7674411535263062 32
1615488223228 0.7887281775474548 33
1615488257573 0.7724670171737671 34
1615488292097 0.7941382527351379 35
1615488326351 0.7924525737762451 36
1615488360638 0.8152022361755371 37
1615488394871 0.8111315965652466 38
1615488429184 0.7998526692390442 39
1615488465002 0.7949118614196777 40
1615488499775 0.797060489654541 41
1615488534078 0.7690451145172119 42
1615488568314 0.7874768972396851 43
1615488602618 0.8023302555084229 44
1615488636916 0.7936161756515503 45
1615488671263 0.770111083984375 46
1615488705980 0.7997193336486816 47
1615488741185 0.84501713514328 48
1615488775749 0.8168753385543823 49
1615488812240 0.8081514835357666 50
1615488846742 0.810210108757019 51
1615488881309 0.7476891875267029 52
1615488915583 0.7755065560340881 53
1615488949849 0.7937933206558228 54
1615488984154 0.7816770076751709 55
1615489018492 0.7971780300140381 56
1615489052704 0.7777032256126404 57
1615489086960 0.7894909381866455 58
1615489121172 0.809434175491333 59
1615489157498 0.8079715967178345 60
1615489191767 0.7964053750038147 61
1615489227406 0.7932194471359253 62
1615489261619 0.7891896963119507 63
1615489295909 0.7633030414581299 64
1615489330202 0.8017396926879883 65
1615489364564 0.8236315250396729 66
1615489398772 0.8204931020736694 67
1615489433006 0.825189471244812 68
1615489467264 0.7943050861358643 69
1615489503174 0.7984719276428223 70
1615489537556 0.7932407855987549 71
1615489572086 0.7743169069290161 72
1615489606594 0.7836689949035645 73
1615489641065 0.7973969578742981 74
1615489675396 0.8124645352363586 75
1615489709826 0.8246904611587524 76
1615489744569 0.8358257412910461 77
1615489779061 0.8379172086715698 78
1615489813407 0.8150267601013184 79
1615489849156 0.7939867973327637 80
1615489883529 0.8048590421676636 81
1615489917829 0.8402540683746338 82
1615489952166 0.8190841674804688 83
1615489986382 0.8417340517044067 84
1615490020710 0.8299314975738525 85
1615490055960 0.8285285830497742 86
1615490090293 0.8433014154434204 87
1615490124575 0.84495609998703 88
1615490158869 0.83016437292099 89
1615490194694 0.8218346238136292 90
1615490229126 0.8304609060287476 91
1615490263562 0.8126181960105896 92
1615490298377 0.8291890025138855 93
1615490333184 0.8471255898475647 94
1615490367877 0.8519273996353149 95
1615490402372 0.8157086372375488 96
1615490436751 0.8095890879631042 97
1615490471064 0.7930712699890137 98
1615490505309 0.8217239379882812 99
1615490541876 0.8249070644378662 100
1615490576251 0.8384589552879333 101
1615490610524 0.814915657043457 102
1615490644886 0.8393114805221558 103
1615490679138 0.8524977564811707 104
1615490713633 0.8159791231155396 105
1615490748297 0.7818232774734497 106
1615490782814 0.8258839845657349 107
1615490817362 0.8177956342697144 108
1615490851779 0.8355173468589783 109
1615490888233 0.8190577030181885 110
1615490922663 0.8399772644042969 111
1615490957045 0.8359090089797974 112
1615490991460 0.8219540119171143 113
1615491025770 0.8037177324295044 114
1615491060089 0.8273364305496216 115
1615491094444 0.8114712834358215 116
1615491128911 0.835691511631012 117
1615491163258 0.7754080891609192 118
1615491197531 0.8392213582992554 119
1615491233551 0.8266204595565796 120
1615491267777 0.8419663310050964 121
1615491301978 0.8239189386367798 122
1615491336385 0.802527904510498 123
1615491370925 0.8113480806350708 124
1615491405767 0.8216166496276855 125
1615491440624 0.8408448696136475 126
1615491475253 0.8476124405860901 127
1615491510036 0.8448766469955444 128
1615491544430 0.8340073823928833 129
1615491580587 0.8492308259010315 130
1615491614971 0.8320159316062927 131
1615491649389 0.8372671604156494 132
1615491683710 0.8534428477287292 133
1615491719055 0.8263980150222778 134
1615491753295 0.8735265731811523 135
1615491787506 0.8718148469924927 136
1615491821856 0.8393120169639587 137
1615491856151 0.8144471645355225 138
1615491890492 0.8183659911155701 139
1615491926304 0.824170708656311 140
1615491960586 0.8232049942016602 141
1615491994891 0.8417847156524658 142
1615492030414 0.8613070249557495 143
1615492065136 0.836357831954956 144
1615492099591 0.869164228439331 145
1615492133994 0.8454010486602783 146
1615492169471 0.8328815698623657 147
1615492203866 0.831406831741333 148
1615492238169 0.847360372543335 149
1615492274055 0.8396520018577576 150
1615492308335 0.8489886522293091 151
1615492342565 0.8460997343063354 152
1615492376856 0.8541848063468933 153
1615492411127 0.8959155082702637 154
1615492445446 0.8620175123214722 155
1615492479753 0.8713202476501465 156
1615492514569 0.8701285123825073 157
1615492549303 0.8535448312759399 158
1615492584437 0.8836721181869507 159
1615492621224 0.8682092428207397 160
1615492655581 0.8145343661308289 161
1615492690083 0.8338153958320618 162
1615492724461 0.845621645450592 163
1615492758799 0.8670303821563721 164
1615492793363 0.8417797088623047 165
1615492828280 0.8221453428268433 166
1615492862611 0.8583943247795105 167
1615492896883 0.8644270896911621 168
1615492931167 0.886972188949585 169
1615492967148 0.8557767868041992 170
1615493001721 0.8405739068984985 171
1615493036564 0.8677718639373779 172
1615493071357 0.8540953397750854 173
1615493105872 0.8478574156761169 174
1615493140354 0.850120484828949 175
1615493174938 0.8471570611000061 176
1615493209561 0.8234133720397949 177
1615493244012 0.8439793586730957 178
1615493278491 0.834802508354187 179
1615493314669 0.8879212141036987 180
1615493349055 0.8554009199142456 181
1615493383437 0.8401395678520203 182
1615493418125 0.8137632012367249 183
1615493452376 0.862288236618042 184
1615493486709 0.8554618954658508 185
1615493520972 0.8496208190917969 186
1615493555506 0.8295086622238159 187
1615493591081 0.8368740081787109 188
1615493625988 0.8434709310531616 189
1615493662769 0.8503484725952148 190
1615493697209 0.8862433433532715 191
1615493734270 0.8456021547317505 192
1615493768598 0.8254475593566895 193
1615493802806 0.8349738121032715 194
1615493837099 0.8644700050354004 195
1615493871674 0.8205587863922119 196
1615493905923 0.8575359582901001 197
1615493940200 0.8553440570831299 198
1615493974505 0.8538840413093567 199
1615494010487 0.8345028162002563 200
1615494044782 0.8294243812561035 201
1615494079007 0.8208624124526978 202
1615494113385 0.8426744341850281 203
1615494147686 0.8520570993423462 204
1615494182002 0.8603115081787109 205
1615494217516 0.871168315410614 206
1615494252243 0.8780168890953064 207
1615494286893 0.8734318017959595 208
1615494321452 0.8811122179031372 209
1615494358073 0.8261815905570984 210
1615494392496 0.8610718250274658 211
1615494426739 0.8614981770515442 212
1615494461069 0.8172992467880249 213
1615494495272 0.8380987644195557 214
1615494529515 0.8699929714202881 215
1615494563995 0.8375656604766846 216
1615494598416 0.8534327745437622 217
1615494633941 0.855046272277832 218
1615494668635 0.8506486415863037 219
1615494705114 0.851628303527832 220
1615494739498 0.8461079597473145 221
1615494773864 0.8395720720291138 222
1615494809187 0.8678573966026306 223
1615494843441 0.8627530336380005 224
1615494877656 0.8398281335830688 225
1615494911889 0.8508179187774658 226
1615494946175 0.8414767980575562 227
1615494980448 0.862241268157959 228
1615495014733 0.882868766784668 229
1615495050613 0.865371584892273 230
1615495084937 0.8854273557662964 231
1615495119374 0.8676194548606873 232
1615495153778 0.8430192470550537 233
1615495188447 0.860834002494812 234
1615495223006 0.85500168800354 235
1615495257576 0.859705924987793 236
1615495292107 0.8633926510810852 237
1615495326792 0.8582848310470581 238
1615495361342 0.8859297633171082 239
1615495397489 0.85335373878479 240
1615495431798 0.8440837860107422 241
1615495466232 0.861060619354248 242
1615495500521 0.8670650720596313 243
1615495534728 0.8762631416320801 244
1615495569032 0.8598775267601013 245
1615495603676 0.8611915111541748 246
1615495637938 0.833864688873291 247
1615495672189 0.8579428791999817 248
1615495706474 0.8536059856414795 249
1615495742510 0.8619105815887451 250
1615495776858 0.8827418088912964 251
1615495811186 0.8517156839370728 252
1615495845907 0.8258020877838135 253
1615495881032 0.8463653922080994 254
1615495915582 0.8660880327224731 255
1615495950242 0.8644190430641174 256
1615495984622 0.8972745537757874 257
1615496018941 0.8687865138053894 258
1615496053244 0.8584968447685242 259
1615496089277 0.8421427011489868 260
1615496123675 0.8707389831542969 261
1615496157940 0.8782427310943604 262
1615496192364 0.8598425388336182 263
1615496226788 0.8343237042427063 264
1615496261031 0.8603152632713318 265
1615496295285 0.8521366119384766 266
1615496329520 0.8659607172012329 267
1615496363830 0.8472152948379517 268
1615496398503 0.8655961751937866 269
1615496434767 0.8626309037208557 270
1615496469512 0.8791533708572388 271
1615496503968 0.8673465847969055 272
1615496538515 0.8581428527832031 273
1615496573203 0.8616625070571899 274
1615496607661 0.8524388670921326 275
1615496642020 0.8225210905075073 276
1615496676331 0.8963651061058044 277
1615496710651 0.851129412651062 278
1615496744918 0.8851725459098816 279
1615496780908 0.879976749420166 280
1615496815447 0.8695769309997559 281
1615496849711 0.8810205459594727 282
1615496883991 0.8583922386169434 283
1615496918219 0.8729023933410645 284
1615496952565 0.8307780027389526 285
1615496986780 0.8724103569984436 286
1615497021058 0.8569621443748474 287
1615497055350 0.8478626012802124 288
1615497089561 0.8704979419708252 289
1615497125539 0.8579872846603394 290
1615497159853 0.876948893070221 291
1615497194163 0.8679286241531372 292
1615497228456 0.8753119111061096 293
1615497262840 0.8654509782791138 294
1615497297420 0.8579322695732117 295
1615497332100 0.8521156311035156 296
1615497366616 0.8783146142959595 297
1615497401185 0.8699177503585815 298
1615497435811 0.8846131563186646 299
1615497472025 0.8794788122177124 300
1615497506377 0.8315611481666565 301
1615497540740 0.8710552453994751 302
1615497575187 0.8914824724197388 303
1615497609443 0.8855369091033936 304
1615497643895 0.8557627201080322 305
1615497678351 0.8505614995956421 306
1615497712718 0.8680828809738159 307
1615497746967 0.9158101081848145 308
1615497781245 0.8998640775680542 309
1615497817045 0.8409424424171448 310
1615497851278 0.8407478928565979 311
1615497885581 0.862101674079895 312
1615497919846 0.8527798056602478 313
1615497954321 0.8927723169326782 314
1615497989112 0.8627648949623108 315
1615498023690 0.8757066130638123 316
1615498058297 0.8846869468688965 317
1615498092790 0.8610621690750122 318
1615498127180 0.8643460869789124 319
1615498163176 0.8735306262969971 320
1615498197508 0.8664904832839966 321
1615498231903 0.8620356917381287 322
1615498266225 0.8401734828948975 323
1615498301051 0.8836294412612915 324
1615498335437 0.8480519652366638 325
1615498369715 0.8666553497314453 326
1615498404054 0.8704878091812134 327
1615498438358 0.880572497844696 328
1615498472567 0.890188455581665 329
1615498508355 0.8397424221038818 330
1615498542632 0.848330020904541 331
1615498577166 0.8623268604278564 332
1615498611556 0.8964760899543762 333
1615498645917 0.8556540012359619 334
1615498680269 0.8734023571014404 335
1615498714725 0.8567594289779663 336
1615498749190 0.8824822902679443 337
1615498783603 0.8482193946838379 338
1615498818020 0.8939052224159241 339
1615498854691 0.886509120464325 340
1615498889070 0.8675104379653931 341
1615498923316 0.8851598501205444 342
1615498957758 0.8557892441749573 343
1615498991971 0.8700128793716431 344
1615499026218 0.8581695556640625 345
1615499061166 0.8387856483459473 346
1615499095414 0.8241283297538757 347
1615499129611 0.8579598069190979 348
1615499163909 0.883520245552063 349
1615499199837 0.8951184749603271 350
1615499234231 0.8802160024642944 351
1615499268497 0.8761870265007019 352
1615499302819 0.8837358951568604 353
1615499337092 0.892991304397583 354
1615499371225 0.8836619257926941 355
1615499405677 0.8660718202590942 356
1615499440400 0.8820626735687256 357
1615499477467 0.9032373428344727 358
1615499512410 0.8519575595855713 359
1615499548767 0.8654503226280212 360
1615499583195 0.8924040794372559 361
1615499617694 0.8935309648513794 362
1615499652020 0.8769092559814453 363
1615499686533 0.8578618168830872 364
1615499720843 0.877021312713623 365
1615499755259 0.8596882820129395 366
1615499790091 0.8777339458465576 367
1615499824315 0.8890988826751709 368
1615499858569 0.8580787181854248 369
1615499894428 0.8696627020835876 370
1615499928737 0.9052325487136841 371
1615499963068 0.892392635345459 372
1615499997300 0.8707051277160645 373
1615500031625 0.8724983334541321 374
1615500066212 0.874312162399292 375
1615500100902 0.8654599189758301 376
1615500135803 0.8285669088363647 377
1615500170327 0.8396439552307129 378
1615500204744 0.8536255359649658 379
1615500240918 0.8532712459564209 380
1615500275475 0.8751593828201294 381
1615500309863 0.8768614530563354 382
1615500344141 0.8616191148757935 383
1615500378569 0.8792656660079956 384
1615500412836 0.8867976069450378 385
1615500447082 0.8773735761642456 386
1615500481792 0.8596970438957214 387
1615500516136 0.8724017143249512 388
1615500550276 0.8724002242088318 389
1615500586259 0.8555262088775635 390
1615500620532 0.859078049659729 391
1615500654767 0.8612512350082397 392
1615500688999 0.8760659098625183 393
1615500723278 0.8529331088066101 394
1615500758904 0.9115406274795532 395
1615500793506 0.8652628660202026 396
1615500828062 0.8893290758132935 397
1615500862743 0.8934075832366943 398
1615500897090 0.8750897645950317 399
1615500933436 0.884601354598999 400
1615500967795 0.8746328353881836 401
1615501002137 0.8764944076538086 402
1615501036457 0.8446540832519531 403
1615501070779 0.8916488289833069 404
1615501105839 0.8749840259552002 405
1615501140220 0.876849889755249 406
1615501174521 0.8366104364395142 407
1615501208796 0.8806254267692566 408
1615501243033 0.8628697991371155 409
1615501278993 0.8711351156234741 410
1615501313320 0.8720322847366333 411
1615501347643 0.8871773481369019 412
1615501382000 0.8904702663421631 413
1615501416262 0.8657108545303345 414
1615501450700 0.8552027940750122 415
1615501485364 0.8778125047683716 416
1615501519986 0.8693981170654297 417
1615501554435 0.8807275295257568 418
1615501589022 0.8749498128890991 419
1615501625003 0.8881708979606628 420
1615501659443 0.8784170150756836 421
1615501693808 0.8734925985336304 422
1615501728068 0.8554551601409912 423
1615501762570 0.8655472993850708 424
1615501796871 0.8907365798950195 425
1615501831573 0.8707840442657471 426
1615501865847 0.8908851146697998 427
1615501900093 0.8668545484542847 428
1615501934335 0.8375928401947021 429
1615501970339 0.8533830642700195 430
1615502004612 0.8812718987464905 431
1615502038850 0.8708310127258301 432
1615502073615 0.8628389835357666 433
1615502108422 0.879656195640564 434
1615502143358 0.815684974193573 435
1615502177869 0.879636287689209 436
1615502212516 0.8753874897956848 437
1615502246928 0.877204954624176 438
1615502281279 0.8501043319702148 439
1615502317242 0.9031744003295898 440
1615502351507 0.8870017528533936 441
1615502385799 0.8548949360847473 442
1615502420177 0.87689208984375 443
1615502454556 0.89533531665802 444
1615502488873 0.8756502866744995 445
1615502523615 0.8632352948188782 446
1615502557863 0.8537147045135498 447
1615502592134 0.8788462281227112 448
1615502626453 0.8883188962936401 449
1615502662522 0.8974471092224121 450
1615502696772 0.8890923261642456 451
1615502731147 0.8766745924949646 452
1615502765395 0.8701997995376587 453
1615502799823 0.8648808598518372 454
1615502834344 0.8969036340713501 455
1615502868794 0.8631939888000488 456
1615502903257 0.8486990928649902 457
1615502937718 0.8469250202178955 458
1615502972193 0.8809182047843933 459
1615503008831 0.8875094652175903 460
1615503043154 0.8881688117980957 461
1615503077475 0.8903576135635376 462
1615503111881 0.8703286647796631 463
1615503146320 0.8753082752227783 464
1615503180666 0.8846707344055176 465
1615503215089 0.8670073747634888 466
1615503249393 0.8597499132156372 467
1615503283661 0.8691550493240356 468
1615503317958 0.8810846209526062 469
1615503354066 0.857399582862854 470
1615503388583 0.8552019596099854 471
1615503423047 0.8660262227058411 472
1615503457545 0.8717743158340454 473
1615503492346 0.8672212362289429 474
1615503526778 0.889755129814148 475
1615503561152 0.8686115741729736 476
1615503595417 0.8712876439094543 477
1615503629733 0.8795571327209473 478
1615503664119 0.9087574481964111 479
1615503700042 0.8984599113464355 480
1615503734564 0.8791121244430542 481
1615503768823 0.8892772793769836 482
1615503803068 0.8730525970458984 483
1615503837270 0.8758353590965271 484
1615503871534 0.8731527328491211 485
1615503905825 0.866668164730072 486
1615503940111 0.8637926578521729 487
1615503975252 0.8805967569351196 488
1615504010334 0.8916743993759155 489
1615504047469 0.9043740034103394 490
1615504081897 0.8796238899230957 491
1615504116178 0.8514009118080139 492
1615504150549 0.9149713516235352 493
1615504184903 0.8395730257034302 494
1615504219275 0.8800536394119263 495
1615504253672 0.8683822154998779 496
1615504288165 0.8988837003707886 497
1615504322571 0.8720223903656006 498
1615504356813 0.8927011489868164 499
1615504392572 0.870524525642395 500
1615504426801 0.8506399393081665 501
1615504461367 0.8876696825027466 502
1615504495740 0.8955477476119995 503
1615504530002 0.8995014429092407 504
1615504564234 0.877117931842804 505
1615504598527 0.8926922082901001 506
1615504632803 0.857591986656189 507
1615504667144 0.8723757266998291 508
1615504702039 0.8863639235496521 509
1615504738111 0.8801491260528564 510
1615504772847 0.9174190759658813 511
1615504807345 0.8874537348747253 512
1615504841845 0.8928846120834351 513
1615504876143 0.8959835767745972 514
1615504910575 0.874651312828064 515
1615504944828 0.8930644989013672 516
1615504979207 0.9020441770553589 517
1615505013594 0.8771478533744812 518
1615505047892 0.8652700185775757 519
1615505083908 0.8597265481948853 520
1615505118824 0.8514965772628784 521
1615505153113 0.8761045932769775 522
1615505187361 0.8898898363113403 523
1615505221592 0.888371467590332 524
1615505255976 0.8742996454238892 525
1615505290407 0.9134130477905273 526
1615505324846 0.8834527134895325 527
1615505359407 0.8768084645271301 528
1615505393821 0.9074603319168091 529
1615505430039 0.8797106742858887 530
1615505464605 0.8652184009552002 531
1615505499016 0.8729457855224609 532
1615505533357 0.8749299049377441 533
1615505567596 0.8833775520324707 534
1615505602048 0.8741339445114136 535
1615505636441 0.9135609865188599 536
1615505670828 0.8715828061103821 537
1615505705342 0.8867406845092773 538
1615505739766 0.8790178298950195 539
1615505776182 0.908649206161499 540
1615505810427 0.8721421957015991 541
1615505844558 0.8592705726623535 542
1615505878873 0.8860275745391846 543
1615505913155 0.8939255475997925 544
1615505947473 0.8825657367706299 545
1615505981872 0.8923355340957642 546
1615506016926 0.9118714332580566 547
1615506051683 0.8690862059593201 548
1615506087039 0.8648194670677185 549
1615506123136 0.8967887163162231 550
1615506157430 0.8877407312393188 551
1615506191808 0.8891849517822266 552
1615506226442 0.9039499163627625 553
1615506260797 0.8507698774337769 554
1615506295077 0.8788546919822693 555
1615506329418 0.9007643461227417 556
1615506363723 0.8799786567687988 557
1615506398028 0.8788080215454102 558
1615506432282 0.8616794347763062 559
1615506468226 0.9011446237564087 560
1615506502617 0.8758683204650879 561
1615506537131 0.8693796396255493 562
1615506571896 0.8813617825508118 563
1615506606874 0.9241288900375366 564
1615506641630 0.8628890514373779 565
1615506676225 0.8952175974845886 566
1615506710702 0.8854355812072754 567
1615506745236 0.9065629839897156 568
1615506779492 0.8853647708892822 569
1615506816140 0.8855880498886108 570
1615506850446 0.8598310947418213 571
1615506884701 0.8762921094894409 572
1615506918938 0.8753663301467896 573
1615506953163 0.8940178155899048 574
1615506987413 0.8772472739219666 575
1615507022195 0.8839777708053589 576
1615507057268 0.9053564071655273 577
1615507091909 0.9056686162948608 578
1615507126518 0.8903976082801819 579
1615507162850 0.9000368118286133 580
1615507197290 0.9122850894927979 581
1615507231570 0.8580574989318848 582
1615507265973 0.8786967396736145 583
1615507300381 0.887937068939209 584
1615507335088 0.8771653175354004 585
1615507369408 0.8864229321479797 586
1615507403755 0.9129025936126709 587
1615507438009 0.8818659782409668 588
1615507472351 0.8740496635437012 589
1615507508629 0.8975508213043213 590
1615507543980 0.8875796794891357 591
1615507580556 0.8824855089187622 592
1615507614913 0.8736181259155273 593
1615507649391 0.8816008567810059 594
1615507683770 0.8950754404067993 595
1615507718062 0.8895690441131592 596
1615507752401 0.8975472450256348 597
1615507786626 0.880147397518158 598
1615507820901 0.8805422782897949 599
1615507857110 0.8677570223808289 600
1615507891737 0.9119505882263184 601
1615507926015 0.8879084587097168 602
1615507960326 0.8555355072021484 603
1615507994609 0.8756799101829529 604
1615508028858 0.8874586820602417 605
1615508063187 0.8854279518127441 606
1615508097509 0.8878744840621948 607
1615508131868 0.9007890224456787 608
1615508166236 0.8885303735733032 609
1615508202094 0.8882427215576172 610
1615508236343 0.8533810377120972 611
1615508270755 0.885245680809021 612
1615508305421 0.8812706470489502 613
1615508339892 0.8903107643127441 614
1615508374435 0.8722708821296692 615
1615508409156 0.8894280195236206 616
1615508443864 0.8720855712890625 617
1615508478215 0.9057812690734863 618
1615508513062 0.8825269937515259 619
1615508549008 0.8758633136749268 620
1615508583348 0.8971844911575317 621
1615508617810 0.8622883558273315 622
1615508652786 0.8691234588623047 623
1615508687579 0.8909358978271484 624
1615508722052 0.9096077680587769 625
1615508756481 0.899429440498352 626
1615508791128 0.8975000977516174 627
1615508825598 0.885633111000061 628
1615508859934 0.8664510250091553 629
1615508895999 0.883590579032898 630
1615508930445 0.9139431715011597 631
1615508964838 0.869026243686676 632
1615508999133 0.907660961151123 633
1615509033681 0.8950597047805786 634
1615509068020 0.8574477434158325 635
1615509102277 0.8736624717712402 636
1615509136400 0.90221107006073 637
1615509170604 0.8865649700164795 638
1615509204886 0.8903262615203857 639
1615509240677 0.8862138986587524 640
1615509274954 0.8875397443771362 641
1615509309291 0.8772299885749817 642
1615509343759 0.8898664712905884 643
1615509378297 0.8961521983146667 644
1615509413182 0.8937956094741821 645
1615509447709 0.8953313827514648 646
1615509482479 0.8975735902786255 647
1615509517018 0.8744686245918274 648
1615509551425 0.8964583873748779 649
1615509587555 0.9169971346855164 650
1615509621852 0.8822684288024902 651
1615509656445 0.8949546813964844 652
1615509690739 0.8862297534942627 653
1615509725004 0.9054785966873169 654
1615509759213 0.8938684463500977 655
1615509793429 0.8958213329315186 656
1615509827668 0.8882337808609009 657
1615509862095 0.8706095218658447 658
1615509897216 0.8729590177536011 659
1615509933609 0.8839893341064453 660
1615509968127 0.9054566621780396 661
1615510002607 0.8819711208343506 662
1615510037273 0.874585747718811 663
1615510071827 0.8825942277908325 664
1615510106430 0.9020712375640869 665
1615510140848 0.8890601396560669 666
1615510175125 0.894162654876709 667
1615510209729 0.886726975440979 668
1615510244078 0.8775207996368408 669
1615510280036 0.891307532787323 670
1615510314870 0.887701153755188 671
1615510349203 0.854567289352417 672
1615510383429 0.8597419261932373 673
1615510417765 0.880132794380188 674
1615510452040 0.8590327501296997 675
1615510487381 0.8909655809402466 676
1615510522685 0.8799607753753662 677
1615510557328 0.8933418393135071 678
1615510591781 0.8810832500457764 679
1615510628175 0.8919758796691895 680
1615510662561 0.886318564414978 681
1615510697059 0.9071274995803833 682
1615510731367 0.9077759981155396 683
1615510766291 0.884788990020752 684
1615510800564 0.8869162797927856 685
1615510834812 0.8874140977859497 686
1615510869004 0.9237145185470581 687
1615510903306 0.8780378103256226 688
1615510937713 0.8506882190704346 689
1615510974236 0.8899612426757812 690
1615511008978 0.8948732614517212 691
1615511043846 0.9176902770996094 692
1615511078403 0.9032222032546997 693
1615511112922 0.8909389972686768 694
1615511147281 0.8798454403877258 695
1615511181732 0.8964974880218506 696
1615511216095 0.9031872749328613 697
1615511250370 0.8932786583900452 698
1615511284710 0.9072825908660889 699
1615511320885 0.9036949872970581 700
1615511355239 0.8821686506271362 701
1615511389543 0.8881974816322327 702
1615511424271 0.9127405881881714 703
1615511458570 0.8912606239318848 704
1615511492854 0.8701695799827576 705
1615511527131 0.8874144554138184 706
1615511561461 0.8922756910324097 707
1615511595669 0.9041630625724792 708
1615511630004 0.8776017427444458 709
1615511665840 0.9034203290939331 710
1615511700138 0.9009222984313965 711
1615511734391 0.8908400535583496 712
1615511768599 0.901646077632904 713
1615511802953 0.9088598489761353 714
1615511837281 0.8924347162246704 715
1615511871911 0.8733907341957092 716
1615511906519 0.9137892723083496 717
1615511940946 0.9180576205253601 718
1615511975659 0.8900389671325684 719
1615512012075 0.9006141424179077 720
1615512046584 0.884161114692688 721
1615512081056 0.869065523147583 722
1615512115500 0.8834223747253418 723
1615512149866 0.8982372879981995 724
1615512184215 0.8779592514038086 725
1615512218637 0.915278971195221 726
1615512252908 0.92958664894104 727
1615512287229 0.8855542540550232 728
1615512322018 0.9231199026107788 729
1615512358342 0.9189396500587463 730
1615512392677 0.9043532609939575 731
1615512427027 0.9016355276107788 732
1615512461325 0.9089720249176025 733
1615512495604 0.876962423324585 734
1615512529884 0.8899538516998291 735
1615512564226 0.9017529487609863 736
1615512598557 0.9126496315002441 737
1615512632928 0.8929197788238525 738
1615512667914 0.8981775045394897 739
1615512704067 0.8779515027999878 740
1615512738702 0.8699719905853271 741
1615512773060 0.9024717807769775 742
1615512807602 0.9122616052627563 743
1615512842003 0.929039478302002 744
1615512876371 0.8791434168815613 745
1615512910635 0.8959250450134277 746
1615512945314 0.8827100992202759 747
1615512979618 0.8849918842315674 748
1615513013977 0.8850939273834229 749
1615513049851 0.9205450415611267 750
1615513084133 0.8752641081809998 751
1615513118317 0.8891336917877197 752
1615513152566 0.8794125318527222 753
1615513188437 0.8904732465744019 754
1615513223364 0.8937340974807739 755
1615513257880 0.9072787761688232 756
1615513292229 0.8883761167526245 757
1615513326818 0.8782268762588501 758
1615513361526 0.9266032576560974 759
1615513398194 0.8859978914260864 760
1615513432505 0.8728009462356567 761
1615513466773 0.8798648118972778 762
1615513501270 0.8950798511505127 763
1615513535580 0.9044939279556274 764
1615513569904 0.8831522464752197 765
1615513604217 0.8978185653686523 766
1615513639099 0.8984912633895874 767
1615513673997 0.882111668586731 768
1615513708764 0.9020369052886963 769
1615513745035 0.8902953863143921 770
1615513779606 0.8700189590454102 771
1615513813997 0.891294002532959 772
1615513848406 0.9029678106307983 773
1615513882858 0.8964177370071411 774
1615513917631 0.8704357147216797 775
1615513951972 0.9041186571121216 776
1615513986266 0.8948235511779785 777
1615514020598 0.8810127377510071 778
1615514054857 0.8719638586044312 779
1615514090763 0.9058994054794312 780
1615514125112 0.8435109853744507 781
1615514159382 0.9050366878509521 782
1615514193715 0.9182313680648804 783
1615514228030 0.9046926498413086 784
1615514262427 0.9016476273536682 785
1615514297202 0.8724684715270996 786
1615514331937 0.8879731297492981 787
1615514366656 0.9109711647033691 788
1615514401272 0.8881703019142151 789
1615514437419 0.8913826942443848 790
1615514471999 0.8829057216644287 791
1615514506413 0.9096885919570923 792
1615514540795 0.8793368935585022 793
1615514575335 0.9127770066261292 794
1615514609707 0.878265380859375 795
1615514644439 0.8819341659545898 796
1615514678810 0.9001570343971252 797
1615514713047 0.8776519298553467 798
1615514747374 0.914668619632721 799
1615514783158 0.8797349333763123 800
1615514817449 0.8699871301651001 801
1615514851697 0.8867835402488708 802
1615514886020 0.900181770324707 803
1615514920330 0.8831439018249512 804
1615514954645 0.8870506286621094 805
1615514988920 0.8840920329093933 806
1615515023341 0.8923861980438232 807
1615515057892 0.8907194137573242 808
1615515092410 0.8774656057357788 809
1615515128701 0.8976086378097534 810
1615515163227 0.8728623986244202 811
1615515197809 0.8839303255081177 812
1615515232391 0.9159224033355713 813
1615515266951 0.9161365032196045 814
1615515301447 0.8916659355163574 815
1615515335839 0.8726825714111328 816
1615515370322 0.9217789173126221 817
1615515404877 0.8762224912643433 818
1615515439154 0.8830333948135376 819
1615515475358 0.8517569303512573 820
1615515509656 0.9051670432090759 821
1615515544010 0.88190758228302 822
1615515578208 0.8911134004592896 823
1615515612523 0.9013821482658386 824
1615515646894 0.8758506774902344 825
1615515681338 0.8753271698951721 826
1615515716027 0.8833081722259521 827
1615515750444 0.9087148904800415 828
1615515785371 0.900388240814209 829
1615515821768 0.8874058127403259 830
1615515856330 0.8936707973480225 831
1615515890846 0.9005415439605713 832
1615515925188 0.9098082780838013 833
1615515959555 0.8926210403442383 834
1615515993881 0.876814067363739 835
1615516028182 0.9075682163238525 836
1615516062526 0.853861927986145 837
1615516097256 0.9009861946105957 838
1615516131621 0.9048097133636475 839
1615516167457 0.8993656635284424 840
1615516201763 0.8792692422866821 841
1615516236061 0.9068452715873718 842
1615516270347 0.9147585034370422 843
1615516304754 0.907454252243042 844
1615516339266 0.8921371698379517 845
1615516374050 0.8945109844207764 846
1615516408900 0.8988499045372009 847
1615516443320 0.874535322189331 848
1615516477920 0.8682539463043213 849
1615516514008 0.8824489712715149 850
1615516548675 0.9192572832107544 851
1615516582989 0.9314974546432495 852
1615516617411 0.8744488954544067 853
1615516651715 0.8836385011672974 854
1615516686023 0.887541651725769 855
1615516720267 0.8963462710380554 856
1615516754601 0.8822823762893677 857
1615516788846 0.9017376899719238 858
1615516823162 0.9008752107620239 859
1615516858989 0.9006633758544922 860
1615516893379 0.8697366714477539 861
1615516928443 0.8958772420883179 862
1615516963033 0.8886321783065796 863
1615516997552 0.8679417371749878 864
1615517031972 0.8881654739379883 865
1615517066414 0.8740634918212891 866
1615517100871 0.9055672883987427 867
1615517135230 0.8730120658874512 868
1615517169550 0.8790287375450134 869
1615517205562 0.9147382974624634 870
1615517239971 0.8836100101470947 871
1615517274216 0.9084594249725342 872
1615517308881 0.8900302648544312 873
1615517343267 0.9096856117248535 874
1615517377532 0.8962825536727905 875
1615517411766 0.9068719744682312 876
1615517445985 0.8897454738616943 877
1615517480317 0.8629758358001709 878
1615517514646 0.9105122089385986 879
1615517550549 0.9077227115631104 880
1615517585340 0.8852208852767944 881
1615517619922 0.8944305181503296 882
1615517654678 0.8719413876533508 883
1615517689093 0.9106824398040771 884
1615517723700 0.8812222480773926 885
1615517758184 0.8604137897491455 886
1615517792611 0.9167230129241943 887
1615517827041 0.8908871412277222 888
1615517861404 0.8581740856170654 889
1615517897570 0.8901751041412354 890
1615517932236 0.9179267883300781 891
1615517966582 0.8935655951499939 892
1615518000849 0.8952500224113464 893
1615518035150 0.9035866260528564 894
1615518069484 0.9253087043762207 895
1615518103766 0.8630542755126953 896
1615518138083 0.882444441318512 897
1615518172411 0.8973631858825684 898
1615518206766 0.8557005524635315 899
1615518243089 0.9237750768661499 900
1615518278193 0.891231894493103 901
1615518312913 0.9076551198959351 902
1615518347453 0.8960776329040527 903
1615518381920 0.8969807624816895 904
1615518416220 0.8960214257240295 905
1615518450707 0.8812930583953857 906
1615518485087 0.878239095211029 907
1615518519529 0.8766446113586426 908
1615518553820 0.8962646126747131 909
1615518590410 0.9095922708511353 910
1615518624655 0.9100663065910339 911
1615518658981 0.8640317320823669 912
1615518693334 0.89689040184021 913
1615518727562 0.9119068384170532 914
1615518761894 0.8732346296310425 915
1615518796208 0.904747486114502 916
1615518830738 0.8531851768493652 917
1615518865254 0.8909755945205688 918
1615518899890 0.8945682644844055 919
1615518936415 0.8965983986854553 920
1615518971005 0.8939284682273865 921
1615519005345 0.8937061429023743 922
1615519039919 0.8932924270629883 923
1615519074175 0.9150394201278687 924
1615519108980 0.8869550228118896 925
1615519143343 0.9113553762435913 926
1615519177672 0.9063315391540527 927
1615519211933 0.8939448595046997 928
1615519246251 0.9042980074882507 929
1615519282185 0.8654320240020752 930
1615519316441 0.8936572074890137 931
1615519350756 0.9001699090003967 932
1615519384987 0.8976191878318787 933
1615519419248 0.8690828680992126 934
1615519453548 0.8814620971679688 935
1615519488616 0.867459237575531 936
1615519523539 0.8792734146118164 937
1615519558206 0.884196400642395 938
1615519592841 0.9023882746696472 939
1615519628791 0.9033570289611816 940
1615519663234 0.8754067420959473 941
1615519697623 0.8772518634796143 942
1615519732026 0.8705253601074219 943
1615519766351 0.9177500009536743 944
1615519801021 0.901456892490387 945
1615519835305 0.9193164110183716 946
1615519869652 0.8396189212799072 947
1615519903979 0.9064601063728333 948
1615519938217 0.918168306350708 949
1615519974190 0.8842548131942749 950
1615520008497 0.8885590434074402 951
1615520042855 0.9281278252601624 952
1615520077502 0.9009801745414734 953
1615520112430 0.8978608846664429 954
1615520147281 0.8852871656417847 955
1615520182065 0.8966720104217529 956
1615520216372 0.8937651515007019 957
1615520250673 0.8965942859649658 958
1615520285024 0.9055811166763306 959
1615520321192 0.8840421438217163 960
1615520355470 0.88306725025177 961
1615520389841 0.8920384645462036 962
1615520424202 0.8892807960510254 963
1615520458448 0.8935743570327759 964
1615520492802 0.916826605796814 965
1615520527685 0.8802536725997925 966
1615520562030 0.9035455584526062 967
1615520596336 0.9309892654418945 968
1615520630581 0.8890911340713501 969
1615520666526 0.8941934108734131 970
1615520700881 0.9111169576644897 971
1615520735778 0.8854259252548218 972
1615520770561 0.8884674310684204 973
1615520805419 0.9009511470794678 974
1615520840079 0.863775908946991 975
1615520874543 0.9052193760871887 976
1615520908897 0.9056087732315063 977
1615520943322 0.8648718595504761 978
1615520977719 0.9018598794937134 979
1615521014228 0.8473734855651855 980
1615521048576 0.893047034740448 981
1615521082846 0.8845958709716797 982
1615521117714 0.8887406587600708 983
1615521152023 0.9275388121604919 984
1615521186337 0.9048033952713013 985
1615521220609 0.915652871131897 986
1615521254972 0.8913134336471558 987
1615521289242 0.9051564335823059 988
1615521323471 0.8990556001663208 989
1615521359578 0.887438952922821 990
1615521394201 0.8947569727897644 991
1615521428868 0.916054368019104 992
1615521463510 0.8690654635429382 993
1615521498507 0.9185599088668823 994
1615521533081 0.9131175875663757 995
1615521567631 0.9116856455802917 996
1615521602000 0.9299250841140747 997
1615521636291 0.9009652137756348 998
1615521670860 0.8708750605583191 999
1615521706870 0.9234026670455933 1000
1615521741179 0.9162298440933228 1001
1615521775473 0.9196234941482544 1002
1615521809788 0.9108651280403137 1003
1615521844017 0.9010526537895203 1004
1615521878355 0.890584409236908 1005
1615521912742 0.8838286995887756 1006
1615521947172 0.8879514932632446 1007
1615521981689 0.9016624689102173 1008
1615522016205 0.863327145576477 1009
1615522052534 0.8714534044265747 1010
1615522087162 0.9203979969024658 1011
1615522121900 0.8975526690483093 1012
1615522156346 0.8793270587921143 1013
1615522190850 0.8979766368865967 1014
1615522225572 0.8961269855499268 1015
1615522260047 0.8999740481376648 1016
1615522294387 0.8783148527145386 1017
1615522329612 0.9197361469268799 1018
1615522363957 0.9116296768188477 1019
1615522400012 0.9052444696426392 1020
1615522434279 0.8849389553070068 1021
1615522468848 0.863702654838562 1022
1615522503307 0.9132694005966187 1023
1615522537586 0.884240448474884 1024
1615522571946 0.8444820642471313 1025
1615522606187 0.914915919303894 1026
1615522640537 0.8784918785095215 1027
1615522674861 0.8989002704620361 1028
1615522709099 0.9053981900215149 1029
1615522744941 0.8830877542495728 1030
1615522779225 0.8780415058135986 1031
1615522813476 0.8825118541717529 1032
1615522847818 0.9106547236442566 1033
1615522882302 0.9037400484085083 1034
1615522917869 0.9041755795478821 1035
1615522952700 0.9024111032485962 1036
1615522987387 0.901086151599884 1037
1615523021776 0.8814951777458191 1038
1615523056142 0.8976396322250366 1039
1615523092499 0.8755514621734619 1040
1615523127227 0.925910472869873 1041
1615523161481 0.8956512212753296 1042
1615523195764 0.8820313215255737 1043
1615523233633 0.8891018629074097 1044
1615523267960 0.916259765625 1045
1615523302265 0.8814494609832764 1046
1615523336794 0.8753734827041626 1047
1615523371411 0.9051281213760376 1048
1615523406153 0.8964931964874268 1049
1615523442835 0.9045636653900146 1050
1615523477717 0.8779062032699585 1051
1615523512333 0.8576671481132507 1052
1615523546821 0.9020181894302368 1053
1615523581131 0.8949779272079468 1054
1615523615524 0.896373987197876 1055
1615523649908 0.915357232093811 1056
1615523684704 0.9120270013809204 1057
1615523718944 0.8655409812927246 1058
1615523753228 0.8592761754989624 1059
1615523789103 0.8959372639656067 1060
1615523823453 0.8920357823371887 1061
1615523857717 0.8859601616859436 1062
1615523891984 0.8767651319503784 1063
1615523926341 0.864783763885498 1064
1615523960701 0.8829407691955566 1065
1615523995324 0.9036076068878174 1066
1615524030081 0.8821830749511719 1067
1615524064634 0.8879116773605347 1068
1615524099221 0.9048312902450562 1069
1615524135308 0.8763534426689148 1070
1615524169700 0.8857275247573853 1071
1615524204028 0.8677147626876831 1072
1615524238403 0.8942620754241943 1073
1615524272724 0.8921328783035278 1074
1615524307085 0.9081013202667236 1075
1615524341571 0.8906195163726807 1076
1615524375831 0.8803505897521973 1077
1615524410588 0.9012327790260315 1078
1615524445589 0.9041988253593445 1079
1615524481490 0.8704832792282104 1080
1615524515886 0.8664557933807373 1081
1615524550176 0.8714250326156616 1082
1615524584523 0.863213300704956 1083
1615524618851 0.8851466178894043 1084
1615524653085 0.8775995969772339 1085
1615524687450 0.9025102853775024 1086
1615524722056 0.8970686197280884 1087
1615524756469 0.895738959312439 1088
1615524791368 0.903002142906189 1089
1615524827662 0.8947607278823853 1090
1615524862164 0.904082179069519 1091
1615524896749 0.8940092921257019 1092
1615524931120 0.9007135033607483 1093
1615524965497 0.8712697625160217 1094
1615524999961 0.9024264812469482 1095
1615525034252 0.9102887511253357 1096
1615525069166 0.8785256147384644 1097
1615525103516 0.8803942799568176 1098
1615525137814 0.9170812368392944 1099
1615525173828 0.9124153852462769 1100
1615525208104 0.9079923033714294 1101
1615525242385 0.8822208642959595 1102
1615525276738 0.9170225858688354 1103
1615525310998 0.8980963230133057 1104
1615525345427 0.8775860071182251 1105
1615525380086 0.9022805690765381 1106
1615525414573 0.8858201503753662 1107
1615525449052 0.9096391201019287 1108
1615525484212 0.9095756411552429 1109
1615525521227 0.9223572611808777 1110
1615525555856 0.8908657431602478 1111
1615525590374 0.8879369497299194 1112
1615525624654 0.8933902382850647 1113
1615525658920 0.9144027829170227 1114
1615525693246 0.8949214816093445 1115
1615525727628 0.9141818284988403 1116
1615525762221 0.9028258323669434 1117
1615525796529 0.9077744483947754 1118
1615525830825 0.8735779523849487 1119
1615525866791 0.901898980140686 1120
1615525901100 0.8984606266021729 1121
1615525935437 0.8835344314575195 1122
1615525969834 0.8864487409591675 1123
1615526004164 0.8915339112281799 1124
1615526038482 0.8980097770690918 1125
1615526072834 0.8947707414627075 1126
1615526107273 0.9113690257072449 1127
1615526141731 0.905310332775116 1128
1615526176265 0.899267852306366 1129
1615526212425 0.9114978313446045 1130
1615526246941 0.8806396722793579 1131
1615526282045 0.9237896203994751 1132
1615526316735 0.8994150757789612 1133
1615526351633 0.8939497470855713 1134
1615526386073 0.8927299976348877 1135
1615526420626 0.9216209650039673 1136
1615526455001 0.9109271764755249 1137
1615526489329 0.8905150294303894 1138
1615526523932 0.8803595304489136 1139
1615526560134 0.8960601091384888 1140
1615526594472 0.8836674690246582 1141
1615526628737 0.8907128572463989 1142
1615526663016 0.9055600166320801 1143
1615526697245 0.8897124528884888 1144
1615526731506 0.9128131866455078 1145
1615526765831 0.8989608883857727 1146
1615526800156 0.9331621527671814 1147
1615526834479 0.8945738077163696 1148
1615526868928 0.8909285068511963 1149
1615526905014 0.8921201825141907 1150
1615526939532 0.8920024633407593 1151
1615526974192 0.8877475261688232 1152
1615527008710 0.876213550567627 1153
1615527043181 0.8757733702659607 1154
1615527077660 0.8866462111473083 1155
1615527112089 0.9126991033554077 1156
1615527146510 0.9023023843765259 1157
1615527180881 0.8977034091949463 1158
1615527215168 0.8697900176048279 1159
1615527251277 0.8850609064102173 1160
1615527285686 0.8923839330673218 1161
1615527320057 0.9329437017440796 1162
1615527354414 0.9117390513420105 1163
1615527389049 0.9014114141464233 1164
1615527423328 0.8837991952896118 1165
1615527457592 0.8937285542488098 1166
1615527491847 0.887829065322876 1167
1615527526050 0.8895537853240967 1168
1615527560382 0.9101623892784119 1169
1615527596300 0.9006472826004028 1170
1615527630665 0.8983550071716309 1171
1615527665155 0.8956763744354248 1172
1615527699715 0.8716146945953369 1173
1615527734100 0.8948755264282227 1174
1615527768697 0.8775017261505127 1175
1615527803541 0.9125321507453918 1176
1615527838112 0.9205830097198486 1177
1615527872505 0.8657155632972717 1178
1615527906817 0.8979393243789673 1179
1615527942974 0.884537935256958 1180
1615527977305 0.9316183924674988 1181
1615528011574 0.8848981261253357 1182
1615528046149 0.8856269121170044 1183
1615528080525 0.8925161361694336 1184
1615528114775 0.8934349417686462 1185
1615528149031 0.8873915076255798 1186
1615528183270 0.8921210765838623 1187
1615528217645 0.8869369029998779 1188
1615528251982 0.9203565120697021 1189
1615528288643 0.8869101405143738 1190
1615528323258 0.9049414396286011 1191
1615528358054 0.920824408531189 1192
1615528392806 0.8757244348526001 1193
1615528427486 0.8975642919540405 1194
1615528461934 0.8995680809020996 1195
1615528496255 0.8954683542251587 1196
1615528530515 0.9083395600318909 1197
1615528564986 0.9027879238128662 1198
1615528599248 0.905187726020813 1199
1615528635540 0.8787246346473694 1200
1615528658099 0.91352379322052 0
1615528658111 0.91352379322052 0
