1615487117847 0.13944658637046814 1
1615487152128 0.1839277744293213 2
1615487186451 0.25074684619903564 3
1615487220791 0.29207924008369446 4
1615487255007 0.2959316670894623 5
1615487289221 0.30495914816856384 6
1615487323438 0.3063567876815796 7
1615487357654 0.31766319274902344 8
1615487392094 0.32624879479408264 9
1615487428537 0.3157790005207062 10
1615487463124 0.34996700286865234 11
1615487497611 0.33022135496139526 12
1615487532212 0.31452232599258423 13
1615487566750 0.3248055875301361 14
1615487601061 0.3273155093193054 15
1615487635415 0.3337686061859131 16
1615487670070 0.35263973474502563 17
1615487704232 0.3597601056098938 18
1615487738450 0.3386839032173157 19
1615487774564 0.3517519235610962 20
1615487808725 0.35078248381614685 21
1615487842918 0.35714083909988403 22
1615487877157 0.3746260404586792 23
1615487911322 0.3731944262981415 24
1615487945587 0.35567569732666016 25
1615487979925 0.3853335976600647 26
1615488014394 0.3665314316749573 27
1615488049027 0.3742120862007141 28
1615488083709 0.3559247851371765 29
1615488119993 0.3580288290977478 30
1615488154361 0.3819746971130371 31
1615488188809 0.36141446232795715 32
1615488223228 0.3816984295845032 33
1615488257573 0.3578000068664551 34
1615488292097 0.38420766592025757 35
1615488326351 0.3847126364707947 36
1615488360638 0.39637434482574463 37
1615488394871 0.3976138234138489 38
1615488429184 0.3849559724330902 39
1615488465002 0.38652729988098145 40
1615488499775 0.3829926550388336 41
1615488534078 0.3625483214855194 42
1615488568314 0.37572944164276123 43
1615488602618 0.3824673295021057 44
1615488636916 0.3781591057777405 45
1615488671263 0.3635439872741699 46
1615488705980 0.389957994222641 47
1615488741185 0.4189930558204651 48
1615488775749 0.4024779200553894 49
1615488812240 0.3969939649105072 50
1615488846742 0.3958698511123657 51
1615488881309 0.35077622532844543 52
1615488915583 0.3677636384963989 53
1615488949849 0.37681517004966736 54
1615488984154 0.3659711480140686 55
1615489018492 0.38045230507850647 56
1615489052704 0.37228816747665405 57
1615489086960 0.37938976287841797 58
1615489121172 0.3943425118923187 59
1615489157498 0.39567387104034424 60
1615489191767 0.38413214683532715 61
1615489227406 0.3818718492984772 62
1615489261619 0.3817196786403656 63
1615489295909 0.356536328792572 64
1615489330202 0.38532155752182007 65
1615489364564 0.4085461497306824 66
1615489398772 0.40375691652297974 67
1615489433006 0.4074900150299072 68
1615489467264 0.38409969210624695 69
1615489503174 0.3893025517463684 70
1615489537556 0.38386353850364685 71
1615489572086 0.3632305860519409 72
1615489606594 0.38196009397506714 73
1615489641065 0.3912642300128937 74
1615489675396 0.39766478538513184 75
1615489709826 0.40758103132247925 76
1615489744569 0.41918957233428955 77
1615489779061 0.4215666949748993 78
1615489813407 0.39816197752952576 79
1615489849156 0.38264065980911255 80
1615489883529 0.3934883773326874 81
1615489917829 0.41906309127807617 82
1615489952166 0.40142151713371277 83
1615489986382 0.4251948595046997 84
1615490020710 0.4140312671661377 85
1615490055960 0.4148799777030945 86
1615490090293 0.42423301935195923 87
1615490124575 0.4307398796081543 88
1615490158869 0.41438835859298706 89
1615490194694 0.40570008754730225 90
1615490229126 0.4194774925708771 91
1615490263562 0.3948867917060852 92
1615490298377 0.4171988368034363 93
1615490333184 0.4313886761665344 94
1615490367877 0.430462509393692 95
1615490402372 0.3984171152114868 96
1615490436751 0.399158775806427 97
1615490471064 0.3785111606121063 98
1615490505309 0.4034886956214905 99
1615490541876 0.40454787015914917 100
1615490576251 0.41767024993896484 101
1615490610524 0.4003642797470093 102
1615490644886 0.4200887978076935 103
1615490679138 0.4322139322757721 104
1615490713633 0.39759334921836853 105
1615490748297 0.377000093460083 106
1615490782814 0.4091055989265442 107
1615490817362 0.4051215648651123 108
1615490851779 0.41882967948913574 109
1615490888233 0.4036847949028015 110
1615490922663 0.4252301752567291 111
1615490957045 0.4188084602355957 112
1615490991460 0.40553781390190125 113
1615491025770 0.39603495597839355 114
1615491060089 0.4105561375617981 115
1615491094444 0.3967355489730835 116
1615491128911 0.4122045636177063 117
1615491163258 0.36603379249572754 118
1615491197531 0.421606183052063 119
1615491233551 0.4094502329826355 120
1615491267777 0.42414796352386475 121
1615491301978 0.41321879625320435 122
1615491336385 0.39060941338539124 123
1615491370925 0.3976399302482605 124
1615491405767 0.41168850660324097 125
1615491440624 0.4248514771461487 126
1615491475253 0.4271184206008911 127
1615491510036 0.4309485852718353 128
1615491544430 0.4200837016105652 129
1615491580587 0.4352402091026306 130
1615491614971 0.4179268777370453 131
1615491649389 0.4207374155521393 132
1615491683710 0.4304211437702179 133
1615491719055 0.4086278975009918 134
1615491753295 0.45497310161590576 135
1615491787506 0.4529750347137451 136
1615491821856 0.4272817373275757 137
1615491856151 0.39871618151664734 138
1615491890492 0.40942978858947754 139
1615491926304 0.4075712561607361 140
1615491960586 0.40491998195648193 141
1615491994891 0.4243611693382263 142
1615492030414 0.4434637427330017 143
1615492065136 0.4227854013442993 144
1615492099591 0.45012062788009644 145
1615492133994 0.43162792921066284 146
1615492169471 0.41204166412353516 147
1615492203866 0.4162295460700989 148
1615492238169 0.4291050434112549 149
1615492274055 0.42628929018974304 150
1615492308335 0.43426311016082764 151
1615492342565 0.4313305616378784 152
1615492376856 0.44203048944473267 153
1615492411127 0.4819726347923279 154
1615492445446 0.4430443048477173 155
1615492479753 0.4498194456100464 156
1615492514569 0.452518105506897 157
1615492549303 0.4397488236427307 158
1615492584437 0.4646187722682953 159
1615492621224 0.45320114493370056 160
1615492655581 0.40062081813812256 161
1615492690083 0.42271238565444946 162
1615492724461 0.43467819690704346 163
1615492758799 0.4529174268245697 164
1615492793363 0.4261065125465393 165
1615492828280 0.41117173433303833 166
1615492862611 0.4429042339324951 167
1615492896883 0.4455234408378601 168
1615492931167 0.47045251727104187 169
1615492967148 0.4395870566368103 170
1615493001721 0.4211292862892151 171
1615493036564 0.4542286992073059 172
1615493071357 0.4381573796272278 173
1615493105872 0.4268202781677246 174
1615493140354 0.4347790479660034 175
1615493174938 0.4291117191314697 176
1615493209561 0.40630775690078735 177
1615493244012 0.42880484461784363 178
1615493278491 0.4189761281013489 179
1615493314669 0.47114354372024536 180
1615493349055 0.44067031145095825 181
1615493383437 0.4258895516395569 182
1615493418125 0.40394115447998047 183
1615493452376 0.44826430082321167 184
1615493486709 0.43862301111221313 185
1615493520972 0.4370834231376648 186
1615493555506 0.41676896810531616 187
1615493591081 0.41837579011917114 188
1615493625988 0.43008285760879517 189
1615493662769 0.42903321981430054 190
1615493697209 0.47584331035614014 191
1615493734270 0.4260863661766052 192
1615493768598 0.4117674231529236 193
1615493802806 0.4130265712738037 194
1615493837099 0.44779932498931885 195
1615493871674 0.40816324949264526 196
1615493905923 0.4379505515098572 197
1615493940200 0.4462045431137085 198
1615493974505 0.44251924753189087 199
1615494010487 0.41901856660842896 200
1615494044782 0.4155823290348053 201
1615494079007 0.4091120660305023 202
1615494113385 0.42741549015045166 203
1615494147686 0.4380112886428833 204
1615494182002 0.4495827257633209 205
1615494217516 0.45522546768188477 206
1615494252243 0.4652590751647949 207
1615494286893 0.4579443335533142 208
1615494321452 0.4659780263900757 209
1615494358073 0.41088640689849854 210
1615494392496 0.44759601354599 211
1615494426739 0.443789541721344 212
1615494461069 0.40267932415008545 213
1615494495272 0.42065876722335815 214
1615494529515 0.4530203938484192 215
1615494563995 0.4236268997192383 216
1615494598416 0.44125309586524963 217
1615494633941 0.43736547231674194 218
1615494668635 0.4401223063468933 219
1615494705114 0.43230322003364563 220
1615494739498 0.4303056597709656 221
1615494773864 0.42693477869033813 222
1615494809187 0.4515165388584137 223
1615494843441 0.4515921473503113 224
1615494877656 0.4250747263431549 225
1615494911889 0.43638181686401367 226
1615494946175 0.4261015057563782 227
1615494980448 0.4477126896381378 228
1615495014733 0.4702262580394745 229
1615495050613 0.4520781338214874 230
1615495084937 0.4728850722312927 231
1615495119374 0.4530329406261444 232
1615495153778 0.4298071563243866 233
1615495188447 0.4454861283302307 234
1615495223006 0.44169020652770996 235
1615495257576 0.4444889724254608 236
1615495292107 0.45199501514434814 237
1615495326792 0.44230806827545166 238
1615495361342 0.47714704275131226 239
1615495397489 0.4441410303115845 240
1615495431798 0.4294990301132202 241
1615495466232 0.4480605125427246 242
1615495500521 0.45419788360595703 243
1615495534728 0.4638958275318146 244
1615495569032 0.45481395721435547 245
1615495603676 0.45325586199760437 246
1615495637938 0.42071080207824707 247
1615495672189 0.4461834132671356 248
1615495706474 0.4377123713493347 249
1615495742510 0.45383787155151367 250
1615495776858 0.4743826985359192 251
1615495811186 0.4416927695274353 252
1615495845907 0.41748160123825073 253
1615495881032 0.44253501296043396 254
1615495915582 0.4594460725784302 255
1615495950242 0.44806885719299316 256
1615495984622 0.48800140619277954 257
1615496018941 0.45719093084335327 258
1615496053244 0.4420432448387146 259
1615496089277 0.437286913394928 260
1615496123675 0.46715641021728516 261
1615496157940 0.47506746649742126 262
1615496192364 0.4518407881259918 263
1615496226788 0.42636430263519287 264
1615496261031 0.45019057393074036 265
1615496295285 0.43801140785217285 266
1615496329520 0.45327889919281006 267
1615496363830 0.43515026569366455 268
1615496398503 0.4592658579349518 269
1615496434767 0.46304434537887573 270
1615496469512 0.4710876941680908 271
1615496503968 0.45284372568130493 272
1615496538515 0.45505422353744507 273
1615496573203 0.45109429955482483 274
1615496607661 0.4477022886276245 275
1615496642020 0.41384056210517883 276
1615496676331 0.48638883233070374 277
1615496710651 0.4453800916671753 278
1615496744918 0.48209500312805176 279
1615496780908 0.47421538829803467 280
1615496815447 0.4575890302658081 281
1615496849711 0.47563594579696655 282
1615496883991 0.44878852367401123 283
1615496918219 0.4615028202533722 284
1615496952565 0.422899067401886 285
1615496986780 0.4674287438392639 286
1615497021058 0.44797736406326294 287
1615497055350 0.435651957988739 288
1615497089561 0.4589186906814575 289
1615497125539 0.4440494477748871 290
1615497159853 0.4643399119377136 291
1615497194163 0.47377809882164 292
1615497228456 0.4728469252586365 293
1615497262840 0.45219340920448303 294
1615497297420 0.4539761543273926 295
1615497332100 0.4478698670864105 296
1615497366616 0.4757440388202667 297
1615497401185 0.46300435066223145 298
1615497435811 0.4764908254146576 299
1615497472025 0.47675037384033203 300
1615497506377 0.4259907603263855 301
1615497540740 0.4565233588218689 302
1615497575187 0.49114856123924255 303
1615497609443 0.4929071068763733 304
1615497643895 0.446471631526947 305
1615497678351 0.4404839873313904 306
1615497712718 0.4652438163757324 307
1615497746967 0.5261774659156799 308
1615497781245 0.5098469257354736 309
1615497817045 0.42778295278549194 310
1615497851278 0.4454764127731323 311
1615497885581 0.4555140733718872 312
1615497919846 0.4564783573150635 313
1615497954321 0.49772125482559204 314
1615497989112 0.4539667069911957 315
1615498023690 0.47592592239379883 316
1615498058297 0.477544903755188 317
1615498092790 0.45777350664138794 318
1615498127180 0.4609071910381317 319
1615498163176 0.4698184132575989 320
1615498197508 0.4649447202682495 321
1615498231903 0.46357250213623047 322
1615498266225 0.43195247650146484 323
1615498301051 0.48465466499328613 324
1615498335437 0.44894278049468994 325
1615498369715 0.47062844038009644 326
1615498404054 0.4698493480682373 327
1615498438358 0.48477885127067566 328
1615498472567 0.49534738063812256 329
1615498508355 0.44364702701568604 330
1615498542632 0.4452739953994751 331
1615498577166 0.4614306092262268 332
1615498611556 0.49112650752067566 333
1615498645917 0.4602210521697998 334
1615498680269 0.46938633918762207 335
1615498714725 0.4695590138435364 336
1615498749190 0.4938507080078125 337
1615498783603 0.451224684715271 338
1615498818020 0.4996357560157776 339
1615498854691 0.4835807681083679 340
1615498889070 0.47588762640953064 341
1615498923316 0.5071762204170227 342
1615498957758 0.4699934720993042 343
1615498991971 0.4719852805137634 344
1615499026218 0.46344542503356934 345
1615499061166 0.4420534074306488 346
1615499095414 0.43416404724121094 347
1615499129611 0.47456902265548706 348
1615499163909 0.4985586702823639 349
1615499199837 0.5107046365737915 350
1615499234231 0.49857011437416077 351
1615499268497 0.5057360529899597 352
1615499302819 0.4890790581703186 353
1615499337092 0.51169753074646 354
1615499371225 0.4958497881889343 355
1615499405677 0.47377848625183105 356
1615499440400 0.48912355303764343 357
1615499477467 0.5192265510559082 358
1615499512410 0.4495575726032257 359
1615499548767 0.47953033447265625 360
1615499583195 0.514862060546875 361
1615499617694 0.5044005513191223 362
1615499652020 0.48509877920150757 363
1615499686533 0.4774123430252075 364
1615499720843 0.48002544045448303 365
1615499755259 0.4681049585342407 366
1615499790091 0.48628175258636475 367
1615499824315 0.5085673332214355 368
1615499858569 0.46458908915519714 369
1615499894428 0.4749297499656677 370
1615499928737 0.5179972648620605 371
1615499963068 0.5135726928710938 372
1615499997300 0.48899877071380615 373
1615500031625 0.48116981983184814 374
1615500066212 0.4834236204624176 375
1615500100902 0.47323739528656006 376
1615500135803 0.4310321807861328 377
1615500170327 0.44186151027679443 378
1615500204744 0.44897353649139404 379
1615500240918 0.4501112997531891 380
1615500275475 0.4703269600868225 381
1615500309863 0.49011003971099854 382
1615500344141 0.4589405655860901 383
1615500378569 0.48749274015426636 384
1615500412836 0.5011537075042725 385
1615500447082 0.49571773409843445 386
1615500481792 0.47069209814071655 387
1615500516136 0.4775170683860779 388
1615500550276 0.4794049859046936 389
1615500586259 0.46963322162628174 390
1615500620532 0.4594757556915283 391
1615500654767 0.46444693207740784 392
1615500688999 0.4910932779312134 393
1615500723278 0.4638897776603699 394
1615500758904 0.5331895351409912 395
1615500793506 0.4850645959377289 396
1615500828062 0.5099512338638306 397
1615500862743 0.5013542771339417 398
1615500897090 0.4843803644180298 399
1615500933436 0.48867589235305786 400
1615500967795 0.48100972175598145 401
1615501002137 0.4878731667995453 402
1615501036457 0.45105984807014465 403
1615501070779 0.5084100961685181 404
1615501105839 0.47744065523147583 405
1615501140220 0.5023884773254395 406
1615501174521 0.45252206921577454 407
1615501208796 0.5074964165687561 408
1615501243033 0.4768487215042114 409
1615501278993 0.4914287328720093 410
1615501313320 0.48832595348358154 411
1615501347643 0.5133365392684937 412
1615501382000 0.5058999061584473 413
1615501416262 0.46738627552986145 414
1615501450700 0.4704132676124573 415
1615501485364 0.49777424335479736 416
1615501519986 0.4726577699184418 417
1615501554435 0.5016518235206604 418
1615501589022 0.4996998608112335 419
1615501625003 0.510044515132904 420
1615501659443 0.5094490051269531 421
1615501693808 0.480496883392334 422
1615501728068 0.46600380539894104 423
1615501762570 0.48792776465415955 424
1615501796871 0.5044159889221191 425
1615501831573 0.47742581367492676 426
1615501865847 0.5026084780693054 427
1615501900093 0.4796147644519806 428
1615501934335 0.44528910517692566 429
1615501970339 0.46218088269233704 430
1615502004612 0.48700273036956787 431
1615502038850 0.48634153604507446 432
1615502073615 0.4674350321292877 433
1615502108422 0.4956051707267761 434
1615502143358 0.4367085099220276 435
1615502177869 0.48293718695640564 436
1615502212516 0.4928089380264282 437
1615502246928 0.49254587292671204 438
1615502281279 0.470319926738739 439
1615502317242 0.528536319732666 440
1615502351507 0.5011247396469116 441
1615502385799 0.46934330463409424 442
1615502420177 0.4973423480987549 443
1615502454556 0.5244861245155334 444
1615502488873 0.49146461486816406 445
1615502523615 0.4762870669364929 446
1615502557863 0.4669189453125 447
1615502592134 0.48989060521125793 448
1615502626453 0.5108067989349365 449
1615502662522 0.524667501449585 450
1615502696772 0.5028107166290283 451
1615502731147 0.5035566091537476 452
1615502765395 0.4882541298866272 453
1615502799823 0.4839337468147278 454
1615502834344 0.5344363451004028 455
1615502868794 0.4856172204017639 456
1615502903257 0.4669566750526428 457
1615502937718 0.46012794971466064 458
1615502972193 0.49890029430389404 459
1615503008831 0.5146322250366211 460
1615503043154 0.5129347443580627 461
1615503077475 0.5211302042007446 462
1615503111881 0.48822465538978577 463
1615503146320 0.5006431937217712 464
1615503180666 0.5154552459716797 465
1615503215089 0.48748159408569336 466
1615503249393 0.4892543852329254 467
1615503283661 0.4850148558616638 468
1615503317958 0.5003812313079834 469
1615503354066 0.48144978284835815 470
1615503388583 0.4609087407588959 471
1615503423047 0.4915333390235901 472
1615503457545 0.5063657760620117 473
1615503492346 0.49052971601486206 474
1615503526778 0.5062673687934875 475
1615503561152 0.4864131212234497 476
1615503595417 0.48710155487060547 477
1615503629733 0.500557005405426 478
1615503664119 0.5473806262016296 479
1615503700042 0.5209395289421082 480
1615503734564 0.5026922225952148 481
1615503768823 0.5225422382354736 482
1615503803068 0.4955236315727234 483
1615503837270 0.5067486763000488 484
1615503871534 0.49814221262931824 485
1615503905825 0.4800052344799042 486
1615503940111 0.4819953441619873 487
1615503975252 0.4920836389064789 488
1615504010334 0.5386595726013184 489
1615504047469 0.5371546149253845 490
1615504081897 0.502388596534729 491
1615504116178 0.4900217056274414 492
1615504150549 0.557093620300293 493
1615504184903 0.460497111082077 494
1615504219275 0.5026984214782715 495
1615504253672 0.4983791708946228 496
1615504288165 0.5269699096679688 497
1615504322571 0.5114091634750366 498
1615504356813 0.5168182849884033 499
1615504392572 0.5043208003044128 500
1615504426801 0.48207616806030273 501
1615504461367 0.5148564577102661 502
1615504495740 0.5302139520645142 503
1615504530002 0.5249672532081604 504
1615504564234 0.5026662945747375 505
1615504598527 0.5167646408081055 506
1615504632803 0.4834437370300293 507
1615504667144 0.4802900552749634 508
1615504702039 0.5111644268035889 509
1615504738111 0.5003076791763306 510
1615504772847 0.5395704507827759 511
1615504807345 0.5259292721748352 512
1615504841845 0.5358477830886841 513
1615504876143 0.5192856788635254 514
1615504910575 0.4967367947101593 515
1615504944828 0.5242930054664612 516
1615504979207 0.5305038690567017 517
1615505013594 0.5048454999923706 518
1615505047892 0.4870409667491913 519
1615505083908 0.4919000267982483 520
1615505118824 0.4847276508808136 521
1615505153113 0.49979862570762634 522
1615505187361 0.5160897374153137 523
1615505221592 0.5341506004333496 524
1615505255976 0.5074600577354431 525
1615505290407 0.5394002199172974 526
1615505324846 0.5055676698684692 527
1615505359407 0.5070918798446655 528
1615505393821 0.5524284839630127 529
1615505430039 0.5056617856025696 530
1615505464605 0.48889482021331787 531
1615505499016 0.49730736017227173 532
1615505533357 0.5094798803329468 533
1615505567596 0.5088703036308289 534
1615505602048 0.5126913785934448 535
1615505636441 0.5597274303436279 536
1615505670828 0.5023203492164612 537
1615505705342 0.5199771523475647 538
1615505739766 0.5145499110221863 539
1615505776182 0.5682497620582581 540
1615505810427 0.5061638355255127 541
1615505844558 0.4792375862598419 542
1615505878873 0.5111719369888306 543
1615505913155 0.5309178829193115 544
1615505947473 0.519243597984314 545
1615505981872 0.5179245471954346 546
1615506016926 0.5421100854873657 547
1615506051683 0.4954584240913391 548
1615506087039 0.5006555318832397 549
1615506123136 0.5192281007766724 550
1615506157430 0.5233176946640015 551
1615506191808 0.5236797332763672 552
1615506226442 0.5486679673194885 553
1615506260797 0.47624653577804565 554
1615506295077 0.5219210386276245 555
1615506329418 0.5402708053588867 556
1615506363723 0.5097988843917847 557
1615506398028 0.5027117133140564 558
1615506432282 0.4826764464378357 559
1615506468226 0.5415028929710388 560
1615506502617 0.514636218547821 561
1615506537131 0.4784180521965027 562
1615506571896 0.5013035535812378 563
1615506606874 0.5705739259719849 564
1615506641630 0.48044395446777344 565
1615506676225 0.5369053483009338 566
1615506710702 0.5322520732879639 567
1615506745236 0.5377399921417236 568
1615506779492 0.5290567874908447 569
1615506816140 0.5144385099411011 570
1615506850446 0.48703038692474365 571
1615506884701 0.527046263217926 572
1615506918938 0.5236063003540039 573
1615506953163 0.5353163480758667 574
1615506987413 0.5126317143440247 575
1615507022195 0.5154198408126831 576
1615507057268 0.5625194311141968 577
1615507091909 0.5440442562103271 578
1615507126518 0.5219475030899048 579
1615507162850 0.5301870703697205 580
1615507197290 0.5658026933670044 581
1615507231570 0.5081068277359009 582
1615507265973 0.5222365856170654 583
1615507300381 0.5135611295700073 584
1615507335088 0.5188412666320801 585
1615507369408 0.5298829674720764 586
1615507403755 0.5595680475234985 587
1615507438009 0.5408409833908081 588
1615507472351 0.5176535844802856 589
1615507508629 0.5391510725021362 590
1615507543980 0.5331451296806335 591
1615507580556 0.5257102251052856 592
1615507614913 0.5132626295089722 593
1615507649391 0.523669958114624 594
1615507683770 0.5290999412536621 595
1615507718062 0.5364376306533813 596
1615507752401 0.5433374643325806 597
1615507786626 0.5247180461883545 598
1615507820901 0.5103573799133301 599
1615507857110 0.505555272102356 600
1615507891737 0.5703107118606567 601
1615507926015 0.5210144519805908 602
1615507960326 0.47758594155311584 603
1615507994609 0.5100089311599731 604
1615508028858 0.5086939334869385 605
1615508063187 0.5415130257606506 606
1615508097509 0.526600182056427 607
1615508131868 0.5474416017532349 608
1615508166236 0.527337908744812 609
1615508202094 0.534469485282898 610
1615508236343 0.4812695384025574 611
1615508270755 0.5248405933380127 612
1615508305421 0.5114072561264038 613
1615508339892 0.5305737257003784 614
1615508374435 0.5161624550819397 615
1615508409156 0.5252008438110352 616
1615508443864 0.5010254979133606 617
1615508478215 0.5528841018676758 618
1615508513062 0.50337153673172 619
1615508549008 0.5179475545883179 620
1615508583348 0.5397933721542358 621
1615508617810 0.4803333878517151 622
1615508652786 0.5084571242332458 623
1615508687579 0.5382133722305298 624
1615508722052 0.5517382621765137 625
1615508756481 0.5539767742156982 626
1615508791128 0.5326021313667297 627
1615508825598 0.5286018252372742 628
1615508859934 0.5103836059570312 629
1615508895999 0.5256308317184448 630
1615508930445 0.570130467414856 631
1615508964838 0.4971073865890503 632
1615508999133 0.5519710183143616 633
1615509033681 0.5330594182014465 634
1615509068020 0.48713770508766174 635
1615509102277 0.49962684512138367 636
1615509136400 0.5485239028930664 637
1615509170604 0.526959240436554 638
1615509204886 0.5494700074195862 639
1615509240677 0.5228143334388733 640
1615509274954 0.5246045589447021 641
1615509309291 0.5178869366645813 642
1615509343759 0.5522313117980957 643
1615509378297 0.5354304313659668 644
1615509413182 0.533892035484314 645
1615509447709 0.554212212562561 646
1615509482479 0.5388333797454834 647
1615509517018 0.5154337286949158 648
1615509551425 0.5359468460083008 649
1615509587555 0.5641242265701294 650
1615509621852 0.5235176086425781 651
1615509656445 0.5395933389663696 652
1615509690739 0.5325026512145996 653
1615509725004 0.5563446283340454 654
1615509759213 0.5538704991340637 655
1615509793429 0.543708324432373 656
1615509827668 0.5399113893508911 657
1615509862095 0.5002241134643555 658
1615509897216 0.5210060477256775 659
1615509933609 0.527186393737793 660
1615509968127 0.5505938529968262 661
1615510002607 0.5057763457298279 662
1615510037273 0.5152051448822021 663
1615510071827 0.5292327404022217 664
1615510106430 0.5616804361343384 665
1615510140848 0.530742883682251 666
1615510175125 0.5480188131332397 667
1615510209729 0.5300246477127075 668
1615510244078 0.5396517515182495 669
1615510280036 0.5442628860473633 670
1615510314870 0.5248053073883057 671
1615510349203 0.4919303059577942 672
1615510383429 0.4844757914543152 673
1615510417765 0.5307590961456299 674
1615510452040 0.49657076597213745 675
1615510487381 0.5405527949333191 676
1615510522685 0.5340123176574707 677
1615510557328 0.5337605476379395 678
1615510591781 0.531316876411438 679
1615510628175 0.5542168617248535 680
1615510662561 0.5299545526504517 681
1615510697059 0.5671247839927673 682
1615510731367 0.5522269010543823 683
1615510766291 0.5156847834587097 684
1615510800564 0.5449722409248352 685
1615510834812 0.5599557161331177 686
1615510869004 0.5908412337303162 687
1615510903306 0.5120556354522705 688
1615510937713 0.48883056640625 689
1615510974236 0.5278624892234802 690
1615511008978 0.5471013784408569 691
1615511043846 0.5854040384292603 692
1615511078403 0.5565836429595947 693
1615511112922 0.5393599271774292 694
1615511147281 0.5426494479179382 695
1615511181732 0.544933557510376 696
1615511216095 0.5581886768341064 697
1615511250370 0.5385788083076477 698
1615511284710 0.5541088581085205 699
1615511320885 0.550237774848938 700
1615511355239 0.533727765083313 701
1615511389543 0.5525084733963013 702
1615511424271 0.5651416778564453 703
1615511458570 0.5407490730285645 704
1615511492854 0.5291513204574585 705
1615511527131 0.5331027507781982 706
1615511561461 0.5387380719184875 707
1615511595669 0.551215648651123 708
1615511630004 0.5332085490226746 709
1615511665840 0.5449845790863037 710
1615511700138 0.5589603781700134 711
1615511734391 0.5351218581199646 712
1615511768599 0.5492947101593018 713
1615511802953 0.546909749507904 714
1615511837281 0.5486113429069519 715
1615511871911 0.5115296840667725 716
1615511906519 0.5722842216491699 717
1615511940946 0.5830164551734924 718
1615511975659 0.5524082779884338 719
1615512012075 0.5551127195358276 720
1615512046584 0.5328899621963501 721
1615512081056 0.5122935175895691 722
1615512115500 0.5372529029846191 723
1615512149866 0.5451411008834839 724
1615512184215 0.5168504118919373 725
1615512218637 0.5775659084320068 726
1615512252908 0.6085999011993408 727
1615512287229 0.5271514058113098 728
1615512322018 0.5807604789733887 729
1615512358342 0.5926889181137085 730
1615512392677 0.5603035688400269 731
1615512427027 0.5399206876754761 732
1615512461325 0.5651718378067017 733
1615512495604 0.5267084240913391 734
1615512529884 0.5400080680847168 735
1615512564226 0.5480736494064331 736
1615512598557 0.5744652152061462 737
1615512632928 0.5485950112342834 738
1615512667914 0.5633962154388428 739
1615512704067 0.5105878710746765 740
1615512738702 0.5297163724899292 741
1615512773060 0.5664733648300171 742
1615512807602 0.5658206939697266 743
1615512842003 0.5970925092697144 744
1615512876371 0.5251668691635132 745
1615512910635 0.5577877759933472 746
1615512945314 0.5422013998031616 747
1615512979618 0.5287883281707764 748
1615513013977 0.5221954584121704 749
1615513049851 0.5706902146339417 750
1615513084133 0.5110042095184326 751
1615513118317 0.5370731353759766 752
1615513152566 0.5283246040344238 753
1615513188437 0.5427954196929932 754
1615513223364 0.549190104007721 755
1615513257880 0.5601010322570801 756
1615513292229 0.5475837588310242 757
1615513326818 0.5393126606941223 758
1615513361526 0.5792953968048096 759
1615513398194 0.5378690958023071 760
1615513432505 0.5255031585693359 761
1615513466773 0.5260615348815918 762
1615513501270 0.5398916006088257 763
1615513535580 0.5512599349021912 764
1615513569904 0.5317225456237793 765
1615513604217 0.5465818643569946 766
1615513639099 0.5538390874862671 767
1615513673997 0.5314775705337524 768
1615513708764 0.5710247755050659 769
1615513745035 0.5466431379318237 770
1615513779606 0.5137472748756409 771
1615513813997 0.5373365879058838 772
1615513848406 0.5651779174804688 773
1615513882858 0.54891037940979 774
1615513917631 0.512226939201355 775
1615513951972 0.5670512914657593 776
1615513986266 0.5559097528457642 777
1615514020598 0.5393816232681274 778
1615514054857 0.5273458957672119 779
1615514090763 0.5581899881362915 780
1615514125112 0.497780442237854 781
1615514159382 0.5698269605636597 782
1615514193715 0.5826301574707031 783
1615514228030 0.5625858306884766 784
1615514262427 0.5724427700042725 785
1615514297202 0.5305379629135132 786
1615514331937 0.5411051511764526 787
1615514366656 0.5766994953155518 788
1615514401272 0.5359979867935181 789
1615514437419 0.5347553491592407 790
1615514471999 0.5209710597991943 791
1615514506413 0.5647344589233398 792
1615514540795 0.5211082696914673 793
1615514575335 0.5745757222175598 794
1615514609707 0.5530123710632324 795
1615514644439 0.542881965637207 796
1615514678810 0.5604885816574097 797
1615514713047 0.5227702856063843 798
1615514747374 0.5909514427185059 799
1615514783158 0.5337368249893188 800
1615514817449 0.5071898102760315 801
1615514851697 0.5483138561248779 802
1615514886020 0.555888295173645 803
1615514920330 0.5538688898086548 804
1615514954645 0.5322999954223633 805
1615514988920 0.5498966574668884 806
1615515023341 0.5420782566070557 807
1615515057892 0.5365031957626343 808
1615515092410 0.5229920148849487 809
1615515128701 0.5447808504104614 810
1615515163227 0.5144094228744507 811
1615515197809 0.5499377250671387 812
1615515232391 0.580940842628479 813
1615515266951 0.5820201635360718 814
1615515301447 0.5511364936828613 815
1615515335839 0.5253713130950928 816
1615515370322 0.5926895141601562 817
1615515404877 0.5244185924530029 818
1615515439154 0.5313839316368103 819
1615515475358 0.5046385526657104 820
1615515509656 0.5550681352615356 821
1615515544010 0.5387171506881714 822
1615515578208 0.5493847131729126 823
1615515612523 0.5726900100708008 824
1615515646894 0.524631917476654 825
1615515681338 0.5353485345840454 826
1615515716027 0.5352599620819092 827
1615515750444 0.5684391260147095 828
1615515785371 0.5489974617958069 829
1615515821768 0.5535526275634766 830
1615515856330 0.5436181426048279 831
1615515890846 0.5590460300445557 832
1615515925188 0.5796874165534973 833
1615515959555 0.5441409349441528 834
1615515993881 0.535370945930481 835
1615516028182 0.5675747394561768 836
1615516062526 0.4985021948814392 837
1615516097256 0.550035834312439 838
1615516131621 0.5590400099754333 839
1615516167457 0.562287449836731 840
1615516201763 0.5263946056365967 841
1615516236061 0.5687034130096436 842
1615516270347 0.5807052850723267 843
1615516304754 0.563559889793396 844
1615516339266 0.5456184148788452 845
1615516374050 0.5676432847976685 846
1615516408900 0.5696015357971191 847
1615516443320 0.5226081013679504 848
1615516477920 0.5097816586494446 849
1615516514008 0.5390244722366333 850
1615516548675 0.5878424644470215 851
1615516582989 0.6028549671173096 852
1615516617411 0.5219987630844116 853
1615516651715 0.5366957187652588 854
1615516686023 0.5413792133331299 855
1615516720267 0.5577374696731567 856
1615516754601 0.5216257572174072 857
1615516788846 0.5553673505783081 858
1615516823162 0.5645657777786255 859
1615516858989 0.5762742757797241 860
1615516893379 0.515619158744812 861
1615516928443 0.5491175651550293 862
1615516963033 0.5316108465194702 863
1615516997552 0.506931483745575 864
1615517031972 0.5435463786125183 865
1615517066414 0.5275334715843201 866
1615517100871 0.5743144154548645 867
1615517135230 0.5260082483291626 868
1615517169550 0.535286545753479 869
1615517205562 0.5776115655899048 870
1615517239971 0.5442280173301697 871
1615517274216 0.5696436762809753 872
1615517308881 0.5271654725074768 873
1615517343267 0.5620948076248169 874
1615517377532 0.5526313781738281 875
1615517411766 0.5799560546875 876
1615517445985 0.5403633117675781 877
1615517480317 0.4990413188934326 878
1615517514646 0.5809355974197388 879
1615517550549 0.5662865042686462 880
1615517585340 0.540847897529602 881
1615517619922 0.5498622059822083 882
1615517654678 0.5175639390945435 883
1615517689093 0.558895468711853 884
1615517723700 0.5370500087738037 885
1615517758184 0.5135537981987 886
1615517792611 0.5908468961715698 887
1615517827041 0.5500333309173584 888
1615517861404 0.5045056343078613 889
1615517897570 0.5467509031295776 890
1615517932236 0.5918883085250854 891
1615517966582 0.5465034246444702 892
1615518000849 0.5584849119186401 893
1615518035150 0.5567492246627808 894
1615518069484 0.6134395599365234 895
1615518103766 0.5142099261283875 896
1615518138083 0.5198037028312683 897
1615518172411 0.5553961396217346 898
1615518206766 0.49499669671058655 899
1615518243089 0.5896645188331604 900
1615518278193 0.550408124923706 901
1615518312913 0.5668481588363647 902
1615518347453 0.5570460557937622 903
1615518381920 0.560520350933075 904
1615518416220 0.5443925261497498 905
1615518450707 0.5424908399581909 906
1615518485087 0.5275413393974304 907
1615518519529 0.5306503772735596 908
1615518553820 0.5362982749938965 909
1615518590410 0.5661689043045044 910
1615518624655 0.5704014301300049 911
1615518658981 0.5167970657348633 912
1615518693334 0.5494634509086609 913
1615518727562 0.5791096687316895 914
1615518761894 0.4992997646331787 915
1615518796208 0.5736556053161621 916
1615518830738 0.493668794631958 917
1615518865254 0.5545749664306641 918
1615518899890 0.5463244915008545 919
1615518936415 0.5519925355911255 920
1615518971005 0.5408329963684082 921
1615519005345 0.5478119850158691 922
1615519039919 0.5624751448631287 923
1615519074175 0.584296703338623 924
1615519108980 0.5394355058670044 925
1615519143343 0.5841252207756042 926
1615519177672 0.5681616067886353 927
1615519211933 0.5477344393730164 928
1615519246251 0.5575541853904724 929
1615519282185 0.5029162764549255 930
1615519316441 0.5524777770042419 931
1615519350756 0.5589341521263123 932
1615519384987 0.5561918616294861 933
1615519419248 0.5139195919036865 934
1615519453548 0.5351401567459106 935
1615519488616 0.5146721005439758 936
1615519523539 0.508880615234375 937
1615519558206 0.5427390336990356 938
1615519592841 0.5511636137962341 939
1615519628791 0.55550217628479 940
1615519663234 0.5223868489265442 941
1615519697623 0.5366319417953491 942
1615519732026 0.5194841027259827 943
1615519766351 0.5792644619941711 944
1615519801021 0.5617496967315674 945
1615519835305 0.590697169303894 946
1615519869652 0.48446428775787354 947
1615519903979 0.575130820274353 948
1615519938217 0.5861687660217285 949
1615519974190 0.54726243019104 950
1615520008497 0.5485531091690063 951
1615520042855 0.5947416424751282 952
1615520077502 0.5638160705566406 953
1615520112430 0.5684847831726074 954
1615520147281 0.5186079144477844 955
1615520182065 0.5656204223632812 956
1615520216372 0.5474231243133545 957
1615520250673 0.5724621415138245 958
1615520285024 0.556960940361023 959
1615520321192 0.507611870765686 960
1615520355470 0.5482429265975952 961
1615520389841 0.5624628067016602 962
1615520424202 0.5497449040412903 963
1615520458448 0.556411862373352 964
1615520492802 0.5960263609886169 965
1615520527685 0.5251398682594299 966
1615520562030 0.5590016841888428 967
1615520596336 0.5978951454162598 968
1615520630581 0.5495185852050781 969
1615520666526 0.540101170539856 970
1615520700881 0.5786510705947876 971
1615520735778 0.5487743020057678 972
1615520770561 0.5413112640380859 973
1615520805419 0.5485076904296875 974
1615520840079 0.5264055728912354 975
1615520874543 0.5649150609970093 976
1615520908897 0.5670528411865234 977
1615520943322 0.5044436454772949 978
1615520977719 0.5622305274009705 979
1615521014228 0.5002257227897644 980
1615521048576 0.541310727596283 981
1615521082846 0.5384073257446289 982
1615521117714 0.5474463105201721 983
1615521152023 0.6044633388519287 984
1615521186337 0.5727452039718628 985
1615521220609 0.5762159824371338 986
1615521254972 0.547433614730835 987
1615521289242 0.5668017864227295 988
1615521323471 0.566338062286377 989
1615521359578 0.5334858894348145 990
1615521394201 0.5456582903862 991
1615521428868 0.5846389532089233 992
1615521463510 0.5383032560348511 993
1615521498507 0.5896965265274048 994
1615521533081 0.5857205986976624 995
1615521567631 0.571064829826355 996
1615521602000 0.6020651459693909 997
1615521636291 0.5538171529769897 998
1615521670860 0.526373028755188 999
1615521706870 0.5865401029586792 1000
1615521741179 0.5762701034545898 1001
1615521775473 0.5830541253089905 1002
1615521809788 0.5608444213867188 1003
1615521844017 0.5486286282539368 1004
1615521878355 0.5472284555435181 1005
1615521912742 0.5400018692016602 1006
1615521947172 0.5519185066223145 1007
1615521981689 0.5499464273452759 1008
1615522016205 0.522853434085846 1009
1615522052534 0.5183395147323608 1010
1615522087162 0.5787773132324219 1011
1615522121900 0.548774003982544 1012
1615522156346 0.5261601805686951 1013
1615522190850 0.5651312470436096 1014
1615522225572 0.5493559241294861 1015
1615522260047 0.5640223026275635 1016
1615522294387 0.5369076132774353 1017
1615522329612 0.5715488195419312 1018
1615522363957 0.5753412246704102 1019
1615522400012 0.567378044128418 1020
1615522434279 0.5390915274620056 1021
1615522468848 0.5044398307800293 1022
1615522503307 0.5759820938110352 1023
1615522537586 0.5455726981163025 1024
1615522571946 0.5120707154273987 1025
1615522606187 0.5833024978637695 1026
1615522640537 0.5428007245063782 1027
1615522674861 0.5517776608467102 1028
1615522709099 0.5837698578834534 1029
1615522744941 0.5378977656364441 1030
1615522779225 0.5322778224945068 1031
1615522813476 0.5540399551391602 1032
1615522847818 0.5712461471557617 1033
1615522882302 0.5763571262359619 1034
1615522917869 0.5620452165603638 1035
1615522952700 0.5660018920898438 1036
1615522987387 0.5794196128845215 1037
1615523021776 0.5458323955535889 1038
1615523056142 0.5448246002197266 1039
1615523092499 0.5354067087173462 1040
1615523127227 0.5886658430099487 1041
1615523161481 0.5566751956939697 1042
1615523195764 0.5515521764755249 1043
1615523233633 0.5374647378921509 1044
1615523267960 0.5915225148200989 1045
1615523302265 0.5395900011062622 1046
1615523336794 0.5280262231826782 1047
1615523371411 0.5616019368171692 1048
1615523406153 0.5488017797470093 1049
1615523442835 0.5743100643157959 1050
1615523477717 0.5400451421737671 1051
1615523512333 0.5158278942108154 1052
1615523546821 0.5580337047576904 1053
1615523581131 0.5540512800216675 1054
1615523615524 0.5386203527450562 1055
1615523649908 0.5860767364501953 1056
1615523684704 0.5805824995040894 1057
1615523718944 0.5016154050827026 1058
1615523753228 0.49431443214416504 1059
1615523789103 0.5470399856567383 1060
1615523823453 0.5562785863876343 1061
1615523857717 0.5263190269470215 1062
1615523891984 0.5251470804214478 1063
1615523926341 0.5030937790870667 1064
1615523960701 0.5283628702163696 1065
1615523995324 0.5686080455780029 1066
1615524030081 0.5263711214065552 1067
1615524064634 0.5329819917678833 1068
1615524099221 0.5738196969032288 1069
1615524135308 0.5253986120223999 1070
1615524169700 0.5559865832328796 1071
1615524204028 0.5013889670372009 1072
1615524238403 0.5294244289398193 1073
1615524272724 0.5339640974998474 1074
1615524307085 0.5754702091217041 1075
1615524341571 0.5522986650466919 1076
1615524375831 0.5356204509735107 1077
1615524410588 0.5597567558288574 1078
1615524445589 0.555091381072998 1079
1615524481490 0.5330367088317871 1080
1615524515886 0.520037055015564 1081
1615524550176 0.5158388614654541 1082
1615524584523 0.5008265972137451 1083
1615524618851 0.5297027230262756 1084
1615524653085 0.526922345161438 1085
1615524687450 0.5614049434661865 1086
1615524722056 0.5681072473526001 1087
1615524756469 0.5541685819625854 1088
1615524791368 0.5475217700004578 1089
1615524827662 0.5543454885482788 1090
1615524862164 0.5658667087554932 1091
1615524896749 0.5435621738433838 1092
1615524931120 0.5541046857833862 1093
1615524965497 0.5194679498672485 1094
1615524999961 0.5668375492095947 1095
1615525034252 0.5768579244613647 1096
1615525069166 0.5256860256195068 1097
1615525103516 0.5483254194259644 1098
1615525137814 0.5817945003509521 1099
1615525173828 0.5758107900619507 1100
1615525208104 0.5695015788078308 1101
1615525242385 0.5361801385879517 1102
1615525276738 0.5795291066169739 1103
1615525310998 0.5644996166229248 1104
1615525345427 0.5233246088027954 1105
1615525380086 0.5729866027832031 1106
1615525414573 0.5327253341674805 1107
1615525449052 0.5669393539428711 1108
1615525484212 0.5836677551269531 1109
1615525521227 0.6061104536056519 1110
1615525555856 0.5377219915390015 1111
1615525590374 0.5282623767852783 1112
1615525624654 0.5376033186912537 1113
1615525658920 0.5767114162445068 1114
1615525693246 0.5497509241104126 1115
1615525727628 0.5917925238609314 1116
1615525762221 0.5710092782974243 1117
1615525796529 0.5673438310623169 1118
1615525830825 0.5179165005683899 1119
1615525866791 0.5620546340942383 1120
1615525901100 0.5536350011825562 1121
1615525935437 0.5415371656417847 1122
1615525969834 0.5506311655044556 1123
1615526004164 0.5516965389251709 1124
1615526038482 0.5628008842468262 1125
1615526072834 0.5634979605674744 1126
1615526107273 0.5789517164230347 1127
1615526141731 0.5641893744468689 1128
1615526176265 0.5673263072967529 1129
1615526212425 0.5863060355186462 1130
1615526246941 0.5263484716415405 1131
1615526282045 0.593130886554718 1132
1615526316735 0.5675541162490845 1133
1615526351633 0.5498210787773132 1134
1615526386073 0.549912691116333 1135
1615526420626 0.5948875546455383 1136
1615526455001 0.5665127038955688 1137
1615526489329 0.5422894954681396 1138
1615526523932 0.5393529534339905 1139
1615526560134 0.5443537831306458 1140
1615526594472 0.5198910236358643 1141
1615526628737 0.5479778051376343 1142
1615526663016 0.5681847333908081 1143
1615526697245 0.5430291891098022 1144
1615526731506 0.5794391632080078 1145
1615526765831 0.5442687273025513 1146
1615526800156 0.6018626689910889 1147
1615526834479 0.5688450336456299 1148
1615526868928 0.5532504320144653 1149
1615526905014 0.5542811751365662 1150
1615526939532 0.5550380945205688 1151
1615526974192 0.5459549427032471 1152
1615527008710 0.5315226316452026 1153
1615527043181 0.5326106548309326 1154
1615527077660 0.5392920970916748 1155
1615527112089 0.5820380449295044 1156
1615527146510 0.5519500374794006 1157
1615527180881 0.5673357248306274 1158
1615527215168 0.5098859071731567 1159
1615527251277 0.5348720550537109 1160
1615527285686 0.5479569435119629 1161
1615527320057 0.6057706475257874 1162
1615527354414 0.5706173181533813 1163
1615527389049 0.5599938631057739 1164
1615527423328 0.5247628688812256 1165
1615527457592 0.5552219152450562 1166
1615527491847 0.5526017546653748 1167
1615527526050 0.5321860313415527 1168
1615527560382 0.553817868232727 1169
1615527596300 0.5632343292236328 1170
1615527630665 0.5656747817993164 1171
1615527665155 0.5490350723266602 1172
1615527699715 0.5199858546257019 1173
1615527734100 0.5629411339759827 1174
1615527768697 0.5373449325561523 1175
1615527803541 0.5787951946258545 1176
1615527838112 0.5874309539794922 1177
1615527872505 0.5226105451583862 1178
1615527906817 0.5501388311386108 1179
1615527942974 0.5408653616905212 1180
1615527977305 0.5993926525115967 1181
1615528011574 0.5309116840362549 1182
1615528046149 0.549599289894104 1183
1615528080525 0.5533468723297119 1184
1615528114775 0.552695631980896 1185
1615528149031 0.5430883765220642 1186
1615528183270 0.5496523380279541 1187
1615528217645 0.5451431274414062 1188
1615528251982 0.595422625541687 1189
1615528288643 0.559087872505188 1190
1615528323258 0.5574997663497925 1191
1615528358054 0.5910834074020386 1192
1615528392806 0.529158353805542 1193
1615528427486 0.5375621914863586 1194
1615528461934 0.5509834289550781 1195
1615528496255 0.5510013699531555 1196
1615528530515 0.5491566061973572 1197
1615528564986 0.5597646236419678 1198
1615528599248 0.5672647953033447 1199
1615528635540 0.532791256904602 1200
1615528658100 0.5777917504310608 0
1615528658112 0.5777917504310608 0
