1615278264175 0.22657442092895508 1
1615278298101 0.3530287742614746 2
1615278332115 0.4748537242412567 3
1615278366122 0.5203119516372681 4
1615278400162 0.6194602251052856 5
1615278434062 0.6374298334121704 6
1615278468025 0.5631484985351562 7
1615278502035 0.6290850639343262 8
1615278536085 0.6534436941146851 9
1615278573832 0.6466331481933594 10
1615278607863 0.6651761531829834 11
1615278641674 0.6841993927955627 12
1615278675470 0.6740769147872925 13
1615278709523 0.659900426864624 14
1615278743388 0.6880060434341431 15
1615278777291 0.7049169540405273 16
1615278811138 0.6965882778167725 17
1615278845208 0.6990323066711426 18
1615278879310 0.7145060300827026 19
1615278917057 0.695253849029541 20
1615278951059 0.7022645473480225 21
1615278985504 0.6695780754089355 22
1615279019875 0.7367457747459412 23
1615279054507 0.7284688949584961 24
1615279089177 0.748965322971344 25
1615279123325 0.7508684992790222 26
1615279157066 0.721590518951416 27
1615279190957 0.7391935586929321 28
1615279224915 0.7563098669052124 29
1615279263016 0.7425947785377502 30
1615279296952 0.7501318454742432 31
1615279330656 0.7413461804389954 32
1615279364587 0.7532230615615845 33
1615279398265 0.7697975039482117 34
1615279432215 0.7754440307617188 35
1615279466044 0.7728537321090698 36
1615279499918 0.7659077048301697 37
1615279533916 0.7806018590927124 38
1615279567855 0.7705802917480469 39
1615279605541 0.7823096513748169 40
1615279639633 0.7678155899047852 41
1615279673616 0.7788216471672058 42
1615279707621 0.7770851850509644 43
1615279741975 0.7679012417793274 44
1615279776316 0.7718489170074463 45
1615279810905 0.7790259122848511 46
1615279845375 0.8046526312828064 47
1615279879832 0.7738746404647827 48
1615279913886 0.7975108623504639 49
1615279952014 0.7980080246925354 50
1615279985848 0.795628547668457 51
1615280019891 0.7821252346038818 52
1615280054739 0.798974871635437 53
1615280088559 0.7950818538665771 54
1615280122697 0.791604220867157 55
1615280156447 0.8246786594390869 56
1615280190495 0.8026823401451111 57
1615280224286 0.8015591502189636 58
1615280258280 0.7905460596084595 59
1615280295788 0.8185994625091553 60
1615280329714 0.8177509307861328 61
1615280363791 0.8169265389442444 62
1615280398364 0.794579803943634 63
1615280432944 0.8009066581726074 64
1615280468878 0.8063393235206604 65
1615280503601 0.7869755029678345 66
1615280537913 0.776500940322876 67
1615280571752 0.7880947589874268 68
1615280605787 0.8126000761985779 69
1615280644647 0.7926836013793945 70
1615280678570 0.8408774137496948 71
1615280712387 0.8285820484161377 72
1615280746285 0.8109349012374878 73
1615280780162 0.8211017847061157 74
1615280814142 0.8286079168319702 75
1615280848048 0.8135581612586975 76
1615280881753 0.8159459829330444 77
1615280915712 0.8244038820266724 78
1615280949615 0.8372252583503723 79
1615280987436 0.8230946063995361 80
1615281021640 0.8236823678016663 81
1615281055429 0.8092414736747742 82
1615281089475 0.8140039443969727 83
1615281125617 0.7930415272712708 84
1615281161404 0.81031733751297 85
1615281196644 0.8381199836730957 86
1615281231285 0.8145005702972412 87
1615281265260 0.8074632883071899 88
1615281299047 0.8138843774795532 89
1615281336986 0.8213253021240234 90
1615281370937 0.8181162476539612 91
1615281404640 0.7933520078659058 92
1615281438800 0.841853141784668 93
1615281472565 0.8304390907287598 94
1615281506898 0.7789069414138794 95
1615281540670 0.7944151163101196 96
1615281574632 0.8124393224716187 97
1615281608794 0.8055242896080017 98
1615281643194 0.840973973274231 99
1615281681518 0.8145610690116882 100
1615281716069 0.8102688789367676 101
1615281750662 0.8057997226715088 102
1615281784713 0.8213081359863281 103
1615281818973 0.8523818254470825 104
1615281853196 0.7966077327728271 105
1615281888076 0.8366097211837769 106
1615281922260 0.8228071928024292 107
1615281956092 0.847649335861206 108
1615281989829 0.8389418721199036 109
1615282027384 0.7930964231491089 110
1615282061205 0.8043228387832642 111
1615282095018 0.8388751745223999 112
1615282128945 0.8219407200813293 113
1615282162651 0.8263718485832214 114
1615282196571 0.8129094839096069 115
1615282230621 0.8233187794685364 116
1615282264429 0.8300634622573853 117
1615282298534 0.8341406583786011 118
1615282332416 0.8391274213790894 119
1615282370157 0.8274323344230652 120
1615282404155 0.8262027502059937 121
1615282438464 0.8258898258209229 122
1615282473550 0.8416934013366699 123
1615282508635 0.8496373891830444 124
1615282543128 0.8293310403823853 125
1615282577931 0.838153600692749 126
1615282611970 0.844162106513977 127
1615282645652 0.8246847987174988 128
1615282680643 0.8275012969970703 129
1615282719282 0.8310205936431885 130
1615282753256 0.8240278959274292 131
1615282787070 0.8554602861404419 132
1615282820898 0.8374649286270142 133
1615282854686 0.8502205610275269 134
1615282888445 0.8411892056465149 135
1615282922309 0.813971757888794 136
1615282956390 0.8369372487068176 137
1615282990297 0.8339743614196777 138
1615283024233 0.8621558547019958 139
1615283061971 0.8176501989364624 140
1615283096313 0.8586510419845581 141
1615283130931 0.8290600776672363 142
1615283166672 0.831963062286377 143
1615283201648 0.8010538816452026 144
1615283236046 0.7995164394378662 145
1615283270261 0.8398827314376831 146
1615283304307 0.8445743322372437 147
1615283338474 0.8491896390914917 148
1615283372562 0.8772368431091309 149
1615283411815 0.8669146299362183 150
1615283445785 0.8524539470672607 151
1615283479628 0.8705170154571533 152
1615283513426 0.8535547256469727 153
1615283547125 0.8494776487350464 154
1615283580829 0.8558356165885925 155
1615283614759 0.8500767946243286 156
1615283648479 0.8274120092391968 157
1615283682495 0.8310275077819824 158
1615283716544 0.8432267904281616 159
1615283754625 0.8540303707122803 160
1615283788863 0.8440909385681152 161
1615283823227 0.8451804518699646 162
1615283857780 0.8448787927627563 163
1615283892690 0.850664496421814 164
1615283926628 0.8300526142120361 165
1615283961054 0.8475358486175537 166
1615283995130 0.8433605432510376 167
1615284029003 0.8581834435462952 168
1615284062846 0.856093168258667 169
1615284101526 0.8421766757965088 170
1615284135466 0.8212683796882629 171
1615284169169 0.847989559173584 172
1615284203172 0.8549296259880066 173
1615284237065 0.8715900182723999 174
1615284271146 0.8213542699813843 175
1615284304884 0.8714885711669922 176
1615284338614 0.8380415439605713 177
1615284372640 0.853649914264679 178
1615284406597 0.8348129987716675 179
1615284444239 0.8382086753845215 180
1615284478034 0.8437166213989258 181
1615284512093 0.8517093658447266 182
1615284546200 0.8416628837585449 183
1615284580669 0.8319218158721924 184
1615284615028 0.8483622074127197 185
1615284649490 0.8622701168060303 186
1615284683708 0.8484474420547485 187
1615284717950 0.8444293737411499 188
1615284752274 0.8680402636528015 189
1615284790000 0.8460490107536316 190
1615284824432 0.8400992751121521 191
1615284858551 0.8410885334014893 192
1615284892392 0.8332176208496094 193
1615284926375 0.8535149097442627 194
1615284960464 0.8486319184303284 195
1615284994305 0.8443912267684937 196
1615285028266 0.8351659774780273 197
1615285062294 0.8663370013237 198
1615285096250 0.8534458875656128 199
1615285134356 0.8375906944274902 200
1615285168364 0.850331723690033 201
1615285202951 0.8515585064888 202
1615285237562 0.8617081642150879 203
1615285272419 0.8709508180618286 204
1615285306443 0.8618839979171753 205
1615285340567 0.8231658935546875 206
1615285375036 0.8498428463935852 207
1615285409390 0.883925199508667 208
1615285443369 0.8549836874008179 209
1615285481783 0.872482419013977 210
1615285515868 0.838699996471405 211
1615285549764 0.842941164970398 212
1615285583561 0.8663224577903748 213
1615285617681 0.8582803010940552 214
1615285651621 0.8755163550376892 215
1615285685593 0.8748846054077148 216
1615285719610 0.8926752805709839 217
1615285753696 0.8556637167930603 218
1615285788959 0.8714438676834106 219
1615285828343 0.8499553799629211 220
1615285862502 0.8527887463569641 221
1615285896652 0.8661510348320007 222
1615285930896 0.865660548210144 223
1615285964617 0.8430712223052979 224
1615285998570 0.829797625541687 225
1615286032390 0.8730456829071045 226
1615286066097 0.8577804565429688 227
1615286100123 0.8570652008056641 228
1615286133824 0.8583770990371704 229
1615286171472 0.8497673273086548 230
1615286205221 0.8690371513366699 231
1615286239371 0.8768357038497925 232
1615286273612 0.8742549419403076 233
1615286307702 0.845752477645874 234
1615286341738 0.854438304901123 235
1615286376390 0.835104763507843 236
1615286410563 0.8447085618972778 237
1615286445212 0.844632089138031 238
1615286479604 0.8713122606277466 239
1615286517146 0.8544230461120605 240
1615286551241 0.893938422203064 241
1615286585356 0.8531097769737244 242
1615286619135 0.8733519911766052 243
1615286653118 0.8640008568763733 244
1615286686858 0.8553377985954285 245
1615286721117 0.8442994356155396 246
1615286755159 0.8523110151290894 247
1615286789106 0.8460034132003784 248
1615286822749 0.8606389164924622 249
1615286860145 0.8528989553451538 250
1615286893947 0.848689079284668 251
1615286927972 0.8706461787223816 252
1615286961777 0.8704268932342529 253
1615286995522 0.8572407960891724 254
1615287029478 0.8635057210922241 255
1615287063211 0.8489020466804504 256
1615287096982 0.8708226680755615 257
1615287131067 0.8792263269424438 258
1615287164926 0.8859691619873047 259
1615287202717 0.8335501551628113 260
1615287237238 0.8510009050369263 261
1615287271949 0.8511052131652832 262
1615287306711 0.8573203086853027 263
1615287340584 0.8723883628845215 264
1615287374690 0.856674313545227 265
1615287408645 0.8575339317321777 266
1615287442816 0.8623815178871155 267
1615287476802 0.8905745148658752 268
1615287510858 0.8648481369018555 269
1615287548190 0.8485487699508667 270
1615287582017 0.8642857074737549 271
1615287616737 0.8628993630409241 272
1615287650849 0.8582925796508789 273
1615287684633 0.8384231925010681 274
1615287718461 0.8430745601654053 275
1615287752103 0.8557306528091431 276
1615287786103 0.857803225517273 277
1615287819794 0.8482862710952759 278
1615287853947 0.8616765737533569 279
1615287891465 0.8582644462585449 280
1615287925434 0.8710551261901855 281
1615287959429 0.8849572539329529 282
1615287993135 0.8752404451370239 283
1615288027430 0.854864776134491 284
1615288061888 0.8665231466293335 285
1615288096246 0.8614935278892517 286
1615288130699 0.8776395320892334 287
1615288165004 0.8703242540359497 288
1615288199015 0.8877406716346741 289
1615288236597 0.8710325956344604 290
1615288271574 0.8870738744735718 291
1615288305769 0.8572201728820801 292
1615288339624 0.8518580198287964 293
1615288373579 0.8378573656082153 294
1615288407690 0.8650935888290405 295
1615288441508 0.8847918510437012 296
1615288475323 0.8495506644248962 297
1615288509210 0.8410139083862305 298
1615288543083 0.8634047508239746 299
1615288580805 0.8372397422790527 300
1615288615826 0.862075924873352 301
1615288651731 0.8657069206237793 302
1615288686118 0.8666340112686157 303
1615288720059 0.8351601362228394 304
1615288754734 0.8413339853286743 305
1615288788571 0.8660787343978882 306
1615288822504 0.872838020324707 307
1615288856532 0.8651951551437378 308
1615288890275 0.874457061290741 309
1615288928149 0.867520809173584 310
1615288961796 0.8596727848052979 311
1615288995506 0.8731932640075684 312
1615289029517 0.8691282272338867 313
1615289064132 0.8590208888053894 314
1615289098684 0.8429906368255615 315
1615289133314 0.8554479479789734 316
1615289168646 0.8763109445571899 317
1615289202973 0.8356552720069885 318
1615289237312 0.8753189444541931 319
1615289275347 0.865381121635437 320
1615289310017 0.889784574508667 321
1615289343767 0.884014368057251 322
1615289377712 0.8748933672904968 323
1615289411709 0.8656320571899414 324
1615289445741 0.8893147706985474 325
1615289479858 0.8771768808364868 326
1615289513691 0.8751847743988037 327
1615289547616 0.8750953078269958 328
1615289581583 0.8648968935012817 329
1615289619499 0.8684028387069702 330
1615289653511 0.8395311832427979 331
1615289688167 0.8372102975845337 332
1615289722699 0.8615777492523193 333
1615289757476 0.85440993309021 334
1615289792018 0.8712712526321411 335
1615289826494 0.8663340210914612 336
1615289860498 0.8397829532623291 337
1615289894658 0.8341847658157349 338
1615289928718 0.8383150100708008 339
1615289966371 0.8586421012878418 340
1615290000367 0.8860809803009033 341
1615290034076 0.883945107460022 342
1615290068159 0.8645310401916504 343
1615290102120 0.8893753290176392 344
1615290135923 0.8916745185852051 345
1615290169898 0.8707844614982605 346
1615290203782 0.8452001810073853 347
1615290237828 0.8893752098083496 348
1615290271872 0.8902682065963745 349
1615290309939 0.8500938415527344 350
1615290344553 0.8830281496047974 351
1615290379729 0.8978712558746338 352
1615290414141 0.8566994071006775 353
1615290448758 0.8655416965484619 354
1615290482608 0.8726471066474915 355
1615290516677 0.8795438408851624 356
1615290550236 0.8659718036651611 357
1615290584044 0.8692187666893005 358
1615290617983 0.8689680099487305 359
1615290655912 0.8798553943634033 360
1615290689807 0.8799687623977661 361
1615290723926 0.8645329475402832 362
1615290757981 0.8831579089164734 363
1615290792122 0.8822713494300842 364
1615290826392 0.8909921050071716 365
1615290861033 0.8463751077651978 366
1615290895379 0.8566172122955322 367
1615290929797 0.8829423189163208 368
1615290964029 0.8748231530189514 369
1615291002029 0.8780366778373718 370
1615291035843 0.8449994325637817 371
1615291069964 0.8574444055557251 372
1615291103733 0.8640084266662598 373
1615291138252 0.8504317998886108 374
1615291172008 0.8710548877716064 375
1615291206207 0.8625518679618835 376
1615291240192 0.8531705141067505 377
1615291274000 0.8683472871780396 378
1615291307946 0.8980436325073242 379
1615291345814 0.8866556286811829 380
1615291379572 0.8769797086715698 381
1615291413135 0.8663190603256226 382
1615291447230 0.8508248925209045 383
1615291481832 0.8787011504173279 384
1615291516932 0.8667961359024048 385
1615291551560 0.8737572431564331 386
1615291585931 0.8762319087982178 387
1615291620132 0.8620262742042542 388
1615291654002 0.8657321333885193 389
1615291691904 0.8580034971237183 390
1615291725928 0.854220986366272 391
1615291760164 0.8728826642036438 392
1615291793960 0.8849402666091919 393
1615291828040 0.8758832216262817 394
1615291862108 0.8638657331466675 395
1615291896110 0.8921903371810913 396
1615291929964 0.8951518535614014 397
1615291963854 0.8698968887329102 398
1615291997490 0.8787322044372559 399
1615292035242 0.8756903409957886 400
1615292071256 0.8661247491836548 401
1615292106202 0.8778650164604187 402
1615292140328 0.8538559675216675 403
1615292174861 0.8756586313247681 404
1615292209097 0.9044256806373596 405
1615292243079 0.8781551122665405 406
1615292276890 0.8753378987312317 407
1615292310652 0.8573223352432251 408
1615292344462 0.879117488861084 409
1615292381968 0.8812556266784668 410
1615292415757 0.883570671081543 411
1615292449600 0.8494106531143188 412
1615292483622 0.8745844960212708 413
1615292517715 0.8501614332199097 414
1615292552066 0.890811562538147 415
1615292586907 0.8665035963058472 416
1615292621371 0.8804822564125061 417
1615292655616 0.863933801651001 418
1615292689914 0.8503087162971497 419
1615292728781 0.8780606985092163 420
1615292762834 0.8801809549331665 421
1615292796783 0.8787320852279663 422
1615292830694 0.8764978647232056 423
1615292864417 0.8645650148391724 424
1615292898181 0.8582489490509033 425
1615292931868 0.8684835433959961 426
1615292965636 0.9084290266036987 427
1615292999520 0.8894621133804321 428
1615293033429 0.8876311779022217 429
1615293071684 0.8525867462158203 430
1615293106593 0.8579111099243164 431
1615293141027 0.875825047492981 432
1615293175352 0.8645151853561401 433
1615293209327 0.8716273307800293 434
1615293243273 0.8839007616043091 435
1615293277229 0.8944442272186279 436
1615293311622 0.8481022119522095 437
1615293345455 0.8587731719017029 438
1615293379372 0.8569804430007935 439
1615293417474 0.8539871573448181 440
1615293451606 0.8936631679534912 441
1615293485546 0.8892709016799927 442
1615293519569 0.864952802658081 443
1615293553423 0.890121340751648 444
1615293587488 0.892742395401001 445
1615293621760 0.8685445785522461 446
1615293656237 0.8551534414291382 447
1615293690524 0.8712535500526428 448
1615293725554 0.8925373554229736 449
1615293763878 0.8883039951324463 450
1615293797992 0.8649190664291382 451
1615293832594 0.879533588886261 452
1615293866536 0.8703639507293701 453
1615293900354 0.8667992353439331 454
1615293934009 0.8885690569877625 455
1615293967786 0.8345769643783569 456
1615294001515 0.8715457320213318 457
1615294035634 0.8605597615242004 458
1615294069629 0.8662317991256714 459
1615294107428 0.8705178499221802 460
1615294142020 0.8710968494415283 461
1615294176669 0.8856028318405151 462
1615294211432 0.8500823974609375 463
1615294245552 0.8612371683120728 464
1615294279799 0.9029749631881714 465
1615294313895 0.8722341060638428 466
1615294347796 0.884660005569458 467
1615294381516 0.881781816482544 468
1615294415386 0.8576390147209167 469
1615294453159 0.8766095638275146 470
1615294487163 0.8714987635612488 471
1615294520963 0.8847695589065552 472
1615294554935 0.8811531066894531 473
1615294588666 0.8672844171524048 474
1615294622628 0.8757271766662598 475
1615294656589 0.8739728927612305 476
1615294690434 0.8629077672958374 477
1615294724184 0.8853492736816406 478
1615294758177 0.8836179375648499 479
1615294795843 0.8603472709655762 480
1615294829720 0.8629263639450073 481
1615294863800 0.8942278623580933 482
1615294898093 0.8726482391357422 483
1615294932434 0.8675791621208191 484
1615294967312 0.8898106217384338 485
1615295001509 0.8602096438407898 486
1615295035669 0.8741282820701599 487
1615295069771 0.8852792382240295 488
1615295103745 0.8735677003860474 489
1615295141940 0.8838458061218262 490
1615295176432 0.8967190980911255 491
1615295210282 0.8905173540115356 492
1615295244043 0.8692724108695984 493
1615295278017 0.8943687677383423 494
1615295311643 0.8833413124084473 495
1615295345595 0.8827602863311768 496
1615295379263 0.8713618516921997 497
1615295413256 0.8651304244995117 498
1615295447380 0.8732315301895142 499
1615295485068 0.8929214477539062 500
1615295519218 0.8726524114608765 501
1615295553935 0.897613525390625 502
1615295588274 0.896204948425293 503
1615295622618 0.8724160194396973 504
1615295657163 0.8827828764915466 505
1615295691350 0.8702190518379211 506
1615295725463 0.8720176219940186 507
1615295759747 0.8788847923278809 508
1615295793788 0.8753803968429565 509
1615295831876 0.8829494118690491 510
1615295865669 0.8816852569580078 511
1615295899643 0.8779194355010986 512
1615295933221 0.9095187187194824 513
1615295967150 0.8626348376274109 514
1615296001054 0.8918359279632568 515
1615296034873 0.870485782623291 516
1615296068860 0.895932674407959 517
1615296103648 0.8935173749923706 518
1615296139648 0.8933861255645752 519
1615296177644 0.8716590404510498 520
1615296211933 0.8583100438117981 521
1615296246126 0.8371503353118896 522
1615296281186 0.8731204271316528 523
1615296315054 0.8936880230903625 524
1615296349038 0.866783857345581 525
1615296383182 0.8810597658157349 526
1615296416915 0.8951128721237183 527
1615296450729 0.8798081874847412 528
1615296484478 0.8602691292762756 529
1615296521936 0.8765409588813782 530
1615296555947 0.8730542659759521 531
1615296589937 0.8838014602661133 532
1615296624075 0.8707777261734009 533
1615296657955 0.8518105745315552 534
1615296692550 0.8733856678009033 535
1615296727351 0.8827274441719055 536
1615296762580 0.8706958293914795 537
1615296796804 0.8708064556121826 538
1615296830928 0.8971971273422241 539
1615296868797 0.8744120001792908 540
1615296902566 0.882933497428894 541
1615296936544 0.8832727670669556 542
1615296971358 0.8842437267303467 543
1615297005284 0.8743659257888794 544
1615297039298 0.8657840490341187 545
1615297073063 0.8835556507110596 546
1615297107129 0.8951314091682434 547
1615297140891 0.8889135718345642 548
1615297174994 0.885062575340271 549
1615297212642 0.870200514793396 550
1615297246733 0.8940649032592773 551
1615297280694 0.8711645603179932 552
1615297315467 0.9052596688270569 553
1615297350731 0.867526650428772 554
1615297385447 0.8989212512969971 555
1615297419624 0.8971481323242188 556
1615297453763 0.8629466891288757 557
1615297488379 0.8682938814163208 558
1615297522464 0.8840039968490601 559
1615297560005 0.8344714641571045 560
1615297593883 0.876430332660675 561
1615297627485 0.8806989789009094 562
1615297661195 0.8849948644638062 563
1615297694912 0.8847841620445251 564
1615297728615 0.8489773273468018 565
1615297762614 0.8724278211593628 566
1615297797199 0.8799972534179688 567
1615297832457 0.864307165145874 568
1615297867061 0.8963185548782349 569
1615297905758 0.8897886276245117 570
1615297940110 0.8766558170318604 571
1615297973916 0.8713716268539429 572
1615298008587 0.9121365547180176 573
1615298042518 0.8839118480682373 574
1615298076330 0.8768183588981628 575
1615298110472 0.8817741870880127 576
1615298144568 0.8608452081680298 577
1615298178510 0.8753765821456909 578
1615298212470 0.8946545124053955 579
1615298250344 0.8747453689575195 580
1615298284359 0.8923035860061646 581
1615298318027 0.8750718832015991 582
1615298352166 0.8593414425849915 583
1615298386119 0.9101808667182922 584
1615298420132 0.8791928291320801 585
1615298454151 0.8657232522964478 586
1615298490121 0.8752946853637695 587
1615298525496 0.866145133972168 588
1615298560024 0.8776443600654602 589
1615298598508 0.8875757455825806 590
1615298632671 0.8929628133773804 591
1615298666522 0.8729034662246704 592
1615298700614 0.8865692615509033 593
1615298734343 0.8610585927963257 594
1615298768200 0.8827414512634277 595
1615298801931 0.9002068042755127 596
1615298835692 0.8796902894973755 597
1615298869597 0.8808684349060059 598
1615298903515 0.8632886409759521 599
1615298941455 0.886055588722229 600
1615298975339 0.8819831609725952 601
1615299009239 0.8764972686767578 602
1615299043338 0.8863081932067871 603
1615299078420 0.8719760179519653 604
1615299113336 0.8897844552993774 605
1615299148430 0.881379246711731 606
1615299182890 0.8744397163391113 607
1615299217167 0.8692301511764526 608
1615299251605 0.8889490365982056 609
1615299289286 0.8656466007232666 610
1615299323115 0.8796677589416504 611
1615299357025 0.8744317889213562 612
1615299391414 0.8725593090057373 613
1615299425120 0.8789052963256836 614
1615299458976 0.8680379390716553 615
1615299492861 0.8865293264389038 616
1615299526578 0.8997251391410828 617
1615299560382 0.8794548511505127 618
1615299594067 0.86623215675354 619
1615299631693 0.8761841058731079 620
1615299665453 0.8926288485527039 621
1615299699389 0.8822495937347412 622
1615299732967 0.8610012531280518 623
1615299766725 0.8788679242134094 624
1615299800520 0.8706270456314087 625
1615299834669 0.8799352645874023 626
1615299868720 0.8812952041625977 627
1615299902630 0.8719770908355713 628
1615299936602 0.8637883067131042 629
1615299974957 0.8719536066055298 630
1615300009118 0.8869464993476868 631
1615300043513 0.9015870094299316 632
1615300077856 0.87449711561203 633
1615300112407 0.8708759546279907 634
1615300146638 0.8740847110748291 635
1615300180458 0.8702142834663391 636
1615300214424 0.8962379693984985 637
1615300248574 0.8702065944671631 638
1615300282346 0.8835632801055908 639
1615300320064 0.8733343482017517 640
1615300353957 0.888831377029419 641
1615300387842 0.8771175146102905 642
1615300421808 0.8763839602470398 643
1615300455546 0.8621314167976379 644
1615300489273 0.893356204032898 645
1615300523182 0.8804471492767334 646
1615300557134 0.8798092603683472 647
1615300590982 0.8811219930648804 648
1615300624986 0.8814191222190857 649
1615300662436 0.8748879432678223 650
1615300696374 0.8955897092819214 651
1615300730144 0.9014803171157837 652
1615300764262 0.8781981468200684 653
1615300799205 0.8712109327316284 654
1615300834986 0.9142903685569763 655
1615300869851 0.8871424198150635 656
1615300904128 0.8842401504516602 657
1615300938221 0.8795102834701538 658
1615300972030 0.8804183006286621 659
1615301009546 0.8740286827087402 660
1615301043419 0.896345317363739 661
1615301077299 0.8670452237129211 662
1615301111353 0.8890643119812012 663
1615301145303 0.8921302556991577 664
1615301178971 0.8807185292243958 665
1615301214842 0.8882813453674316 666
1615301250583 0.8777891397476196 667
1615301285222 0.8848060369491577 668
1615301319272 0.8863108158111572 669
1615301356977 0.8699479103088379 670
1615301390835 0.8806248903274536 671
1615301424763 0.8952957391738892 672
1615301458853 0.8744534254074097 673
1615301492693 0.9050775170326233 674
1615301526558 0.8931058049201965 675
1615301560099 0.8602700233459473 676
1615301594237 0.8463736772537231 677
1615301627957 0.8680670261383057 678
1615301661829 0.8763512372970581 679
1615301699461 0.877865195274353 680
1615301733196 0.8775609135627747 681
1615301767164 0.8852498531341553 682
1615301801120 0.8696790933609009 683
1615301836505 0.8800517320632935 684
1615301871614 0.8880813121795654 685
1615301905927 0.8871549367904663 686
1615301940196 0.8731598854064941 687
1615301974167 0.8858412504196167 688
1615302008373 0.8569999933242798 689
1615302046510 0.8895151019096375 690
1615302080534 0.8962200880050659 691
1615302114845 0.8682272434234619 692
1615302149025 0.8882033824920654 693
1615302183065 0.9014495015144348 694
1615302216774 0.8630509376525879 695
1615302250709 0.8639531135559082 696
1615302284533 0.8805072903633118 697
1615302318484 0.8907750248908997 698
1615302352721 0.8835550546646118 699
1615302391651 0.9012777805328369 700
1615302426857 0.8838034272193909 701
1615302460936 0.8858040571212769 702
1615302495086 0.8666988611221313 703
1615302529338 0.8852729797363281 704
1615302563280 0.8905849456787109 705
1615302597204 0.8589820861816406 706
1615302631789 0.885295033454895 707
1615302665792 0.8901104927062988 708
1615302699561 0.8937809467315674 709
1615302737337 0.8553856611251831 710
1615302771072 0.9019978046417236 711
1615302804967 0.8882781267166138 712
1615302838975 0.9113807678222656 713
1615302872592 0.8789824843406677 714
1615302906573 0.8807697296142578 715
1615302940850 0.908732533454895 716
1615302976084 0.8752924203872681 717
1615303010695 0.8728023171424866 718
1615303045013 0.8746629357337952 719
1615303082800 0.8812577724456787 720
1615303116741 0.8643374443054199 721
1615303151095 0.9040930867195129 722
1615303184981 0.8735470175743103 723
1615303219100 0.9036043882369995 724
1615303252846 0.8861169815063477 725
1615303286557 0.8896512389183044 726
1615303320598 0.8673688173294067 727
1615303354535 0.8702226877212524 728
1615303388272 0.9009461998939514 729
1615303425835 0.8609817028045654 730
1615303459732 0.8925236463546753 731
1615303493765 0.873446524143219 732
1615303528007 0.882452130317688 733
1615303562717 0.8863402605056763 734
1615303598485 0.8613066673278809 735
1615303632697 0.8642650842666626 736
1615303666769 0.8704394698143005 737
1615303700810 0.8773252367973328 738
1615303734654 0.8794567584991455 739
1615303772215 0.8702252507209778 740
1615303806500 0.8719580769538879 741
1615303840248 0.8999121189117432 742
1615303874327 0.8913778066635132 743
1615303908298 0.8902674913406372 744
1615303942156 0.8983186483383179 745
1615303976195 0.8928706645965576 746
1615304009952 0.8791496753692627 747
1615304043795 0.8773202300071716 748
1615304077865 0.8885400295257568 749
1615304115360 0.8803504109382629 750
1615304149335 0.8772384524345398 751
1615304183272 0.89451003074646 752
1615304217373 0.8982993960380554 753
1615304251366 0.8813301920890808 754
1615304285534 0.8829947113990784 755
1615304320143 0.8826755285263062 756
1615304355237 0.8797575235366821 757
1615304389478 0.8942192792892456 758
1615304423688 0.8641268014907837 759
1615304461744 0.8745067119598389 760
1615304495814 0.8817644119262695 761
1615304529750 0.8769656419754028 762
1615304564500 0.8899319171905518 763
1615304598434 0.8791484832763672 764
1615304632404 0.8728317022323608 765
1615304666211 0.8853422403335571 766
1615304699880 0.8826645612716675 767
1615304733602 0.875194251537323 768
1615304767685 0.8720964193344116 769
1615304805101 0.8868852257728577 770
1615304838826 0.8621838092803955 771
1615304872565 0.8854364156723022 772
1615304906853 0.8694507479667664 773
1615304941094 0.8796526193618774 774
1615304975305 0.8881330490112305 775
1615305009554 0.8660444021224976 776
1615305043777 0.8765174150466919 777
1615305078354 0.8887474536895752 778
1615305112699 0.8734884858131409 779
1615305150955 0.9108296632766724 780
1615305185564 0.8586894869804382 781
1615305219729 0.8703868389129639 782
1615305253936 0.8999584913253784 783
1615305288806 0.911969780921936 784
1615305322912 0.8623712062835693 785
1615305357006 0.897718071937561 786
1615305391093 0.8988728523254395 787
1615305425126 0.8742339611053467 788
1615305459203 0.8844934105873108 789
1615305496792 0.8974660634994507 790
1615305530886 0.868571400642395 791
1615305564638 0.8830738067626953 792
1615305598377 0.9164305925369263 793
1615305632321 0.8740993142127991 794
1615305666564 0.8777737021446228 795
1615305700472 0.8686212301254272 796
1615305734566 0.8898605108261108 797
1615305768734 0.8549449443817139 798
1615305803262 0.8694325685501099 799
1615305841658 0.872704029083252 800
1615305875910 0.8767115473747253 801
1615305910416 0.883691668510437 802
1615305944603 0.884965181350708 803
1615305978801 0.8815290331840515 804
1615306013222 0.8868283033370972 805
1615306047113 0.8678879737854004 806
1615306080909 0.8607019186019897 807
1615306115925 0.8647365570068359 808
1615306150013 0.8655412793159485 809
1615306187838 0.8973015546798706 810
1615306221826 0.8991567492485046 811
1615306255604 0.892458975315094 812
1615306289673 0.8740739822387695 813
1615306323546 0.8850395679473877 814
1615306357456 0.8720114231109619 815
1615306391285 0.8892264366149902 816
1615306425154 0.8598549365997314 817
1615306459065 0.8948083519935608 818
1615306494017 0.9151222705841064 819
1615306533102 0.8777539134025574 820
1615306567475 0.882676362991333 821
1615306601420 0.8825019598007202 822
1615306635295 0.8962888717651367 823
1615306670132 0.8850868940353394 824
1615306703960 0.8849130272865295 825
1615306738040 0.8908157348632812 826
1615306771866 0.8935868740081787 827
1615306805920 0.8830733299255371 828
1615306839609 0.8874557614326477 829
1615306877387 0.8919473886489868 830
1615306911073 0.8851035833358765 831
1615306944991 0.9043647050857544 832
1615306978881 0.889334499835968 833
1615307012892 0.8940963745117188 834
1615307046828 0.894075870513916 835
1615307080769 0.8674362301826477 836
1615307115061 0.8679898977279663 837
1615307149763 0.8948838114738464 838
1615307184152 0.8760977983474731 839
1615307222623 0.8983362317085266 840
1615307256979 0.8723150491714478 841
1615307291063 0.8830875158309937 842
1615307325278 0.8934353590011597 843
1615307359404 0.9028234481811523 844
1615307393355 0.8731566071510315 845
1615307427352 0.893048107624054 846
1615307461912 0.8767983913421631 847
1615307495938 0.8658022880554199 848
1615307530002 0.8825615644454956 849
1615307567424 0.8793817162513733 850
1615307601195 0.8761827945709229 851
1615307635183 0.8628764748573303 852
1615307668935 0.8649682998657227 853
1615307702809 0.8964122533798218 854
1615307737215 0.8749256134033203 855
1615307771329 0.8851580023765564 856
1615307805517 0.8922277092933655 857
1615307839989 0.8733439445495605 858
1615307874288 0.8756217956542969 859
1615307912734 0.8995926380157471 860
1615307947105 0.8952394723892212 861
1615307981365 0.8957613110542297 862
1615308015262 0.8960407376289368 863
1615308049462 0.8907791972160339 864
1615308083441 0.8918370008468628 865
1615308117297 0.9128594398498535 866
1615308151147 0.8858355283737183 867
1615308185698 0.8944405317306519 868
1615308219622 0.8818435072898865 869
1615308257537 0.8767818212509155 870
1615308291285 0.9002225995063782 871
1615308325262 0.8734441995620728 872
1615308359354 0.8932216167449951 873
1615308393250 0.8626712560653687 874
1615308427299 0.8840687274932861 875
1615308461253 0.8645559549331665 876
1615308495720 0.8960440158843994 877
1615308529860 0.856773853302002 878
1615308564164 0.8929234147071838 879
1615308602374 0.8761685490608215 880
1615308636702 0.86795973777771 881
1615308670631 0.8489217758178711 882
1615308704707 0.8640519380569458 883
1615308738782 0.8981587886810303 884
1615308772748 0.8688114881515503 885
1615308806455 0.9107874035835266 886
1615308840297 0.891466498374939 887
1615308874450 0.9043077230453491 888
1615308908547 0.8980473875999451 889
1615308946381 0.8810904026031494 890
1615308980320 0.8858633041381836 891
1615309014171 0.8998432159423828 892
1615309048068 0.9056488275527954 893
1615309081854 0.9006470441818237 894
1615309115696 0.9066177010536194 895
1615309149683 0.8950031399726868 896
1615309183725 0.8802279829978943 897
1615309217905 0.8828890323638916 898
1615309252946 0.8931428790092468 899
1615309291798 0.8596405982971191 900
1615309326791 0.8929044008255005 901
1615309360945 0.8772550821304321 902
1615309395758 0.8924225568771362 903
1615309430437 0.8747783899307251 904
1615309464376 0.902245283126831 905
1615309498263 0.8945716619491577 906
1615309532392 0.8788727521896362 907
1615309566456 0.8910086154937744 908
1615309600213 0.8781942129135132 909
1615309637669 0.8705956935882568 910
1615309671333 0.8847392797470093 911
1615309705125 0.8824201226234436 912
1615309739097 0.9205241203308105 913
1615309773031 0.8714462518692017 914
1615309807355 0.8749359846115112 915
1615309841701 0.8833982944488525 916
1615309876133 0.8885807991027832 917
1615309910596 0.9029106497764587 918
1615309944806 0.8472561836242676 919
1615309982737 0.8828543424606323 920
1615310017044 0.8688498735427856 921
1615310051854 0.8722115159034729 922
1615310086002 0.8774218559265137 923
1615310119901 0.8792001008987427 924
1615310153874 0.869850754737854 925
1615310187997 0.9152724742889404 926
1615310222065 0.9066534042358398 927
1615310255872 0.8864790201187134 928
1615310289709 0.8835369348526001 929
1615310327464 0.9030094742774963 930
1615310361172 0.9042913913726807 931
1615310394839 0.8945163488388062 932
1615310428972 0.882012128829956 933
1615310463186 0.8834625482559204 934
1615310497093 0.8945882320404053 935
1615310531333 0.9003329277038574 936
1615310566096 0.899428129196167 937
1615310601449 0.8913094997406006 938
1615310635964 0.8808934688568115 939
1615310674094 0.8942317962646484 940
1615310708192 0.8876091837882996 941
1615310742126 0.8721392154693604 942
1615310776191 0.9044874310493469 943
1615310810828 0.8908005356788635 944
1615310844845 0.8752284646034241 945
1615310878534 0.8992574214935303 946
1615310912242 0.875076174736023 947
1615310946159 0.9007037878036499 948
1615310979901 0.8866455554962158 949
1615311017457 0.9077398777008057 950
1615311051210 0.8917685747146606 951
1615311085233 0.901731550693512 952
1615311119264 0.8819831609725952 953
1615311153406 0.879320502281189 954
1615311188562 0.9021615386009216 955
1615311223306 0.9067649841308594 956
1615311258007 0.890507161617279 957
1615311292156 0.9207226037979126 958
1615311327218 0.9011142253875732 959
1615311365060 0.8948267698287964 960
1615311399080 0.8733079433441162 961
1615311432777 0.9032745361328125 962
1615311466528 0.8881266117095947 963
1615311500462 0.8883336782455444 964
1615311534121 0.8822830319404602 965
1615311567845 0.9050602912902832 966
1615311601617 0.895500898361206 967
1615311635707 0.882282018661499 968
1615311669405 0.8938784599304199 969
1615311706788 0.8877069354057312 970
1615311740565 0.8737943172454834 971
1615311774723 0.8858577609062195 972
1615311808798 0.9135951995849609 973
1615311842916 0.9022300839424133 974
1615311877230 0.9050215482711792 975
1615311911798 0.9020525217056274 976
1615311946269 0.884369969367981 977
1615311980713 0.8808993697166443 978
1615312014690 0.8955934643745422 979
1615312052640 0.8964383602142334 980
1615312086581 0.8928898572921753 981
1615312120630 0.8997488021850586 982
1615312154866 0.8864108324050903 983
1615312188776 0.8771817684173584 984
1615312222871 0.8872765302658081 985
1615312256880 0.8925344944000244 986
1615312290889 0.8861169815063477 987
1615312324749 0.9132057428359985 988
1615312358664 0.8449677228927612 989
1615312396479 0.9110244512557983 990
1615312430220 0.8620107769966125 991
1615312464331 0.9045661687850952 992
1615312498232 0.9059816598892212 993
1615312532385 0.8758206367492676 994
1615312566342 0.8887124061584473 995
1615312601285 0.8824115991592407 996
1615312636396 0.9109227657318115 997
1615312671228 0.8938363790512085 998
1615312705827 0.8894994854927063 999
1615312744592 0.8880160450935364 1000
1615312778555 0.8941161036491394 1001
1615312812429 0.8750874996185303 1002
1615312846613 0.886375367641449 1003
1615312880670 0.8571658134460449 1004
1615312914792 0.8761988282203674 1005
1615312948651 0.9003846049308777 1006
1615312982906 0.8752221465110779 1007
1615313016831 0.9231114387512207 1008
1615313050616 0.8918606042861938 1009
1615313087926 0.8914512395858765 1010
1615313121765 0.9088923931121826 1011
1615313155666 0.8968566656112671 1012
1615313189634 0.8959890604019165 1013
1615313223961 0.8935496807098389 1014
1615313259473 0.907779335975647 1015
1615313294774 0.9013170003890991 1016
1615313329150 0.8961567878723145 1017
1615313363622 0.8987939953804016 1018
1615313397396 0.911969780921936 1019
1615313436185 0.8629492521286011 1020
1615313470089 0.9052270650863647 1021
1615313503900 0.90898597240448 1022
1615313537741 0.8977612853050232 1023
1615313571749 0.8885893821716309 1024
1615313605501 0.9145563840866089 1025
1615313639602 0.8919296264648438 1026
1615313674115 0.8842893838882446 1027
1615313708612 0.8929900527000427 1028
1615313743611 0.9173572659492493 1029
1615313783494 0.8844934701919556 1030
1615313817631 0.8929933309555054 1031
1615313851800 0.898414134979248 1032
1615313885709 0.8925541043281555 1033
1615313919608 0.88862144947052 1034
1615313953501 0.9010635614395142 1035
1615313987247 0.8876869678497314 1036
1615314021096 0.8933606147766113 1037
1615314055243 0.8893928527832031 1038
1615314089419 0.8840012550354004 1039
1615314127532 0.8954126238822937 1040
1615314162668 0.859799861907959 1041
1615314197261 0.8780634999275208 1042
1615314231753 0.8745263814926147 1043
1615314265765 0.8770288825035095 1044
1615314300178 0.8860078454017639 1045
1615314334326 0.8822986483573914 1046
1615314368075 0.9100775718688965 1047
1615314402600 0.8866430521011353 1048
1615314436883 0.8974871039390564 1049
1615314475006 0.8942242860794067 1050
1615314509140 0.8875216245651245 1051
1615314542799 0.9098705053329468 1052
1615314576811 0.8837361335754395 1053
1615314610939 0.8859348297119141 1054
1615314644722 0.8930618762969971 1055
1615314678775 0.8966797590255737 1056
1615314712826 0.8719346523284912 1057
1615314747023 0.8855774402618408 1058
1615314781131 0.904316782951355 1059
1615314819814 0.8980733752250671 1060
1615314854564 0.8969334363937378 1061
1615314889147 0.8952651023864746 1062
1615314923772 0.8977892398834229 1063
1615314957943 0.9223655462265015 1064
1615314991763 0.9005155563354492 1065
1615315026335 0.8847886323928833 1066
1615315061297 0.8859190940856934 1067
1615315095354 0.8882383108139038 1068
1615315129392 0.8979324698448181 1069
1615315167259 0.8908723592758179 1070
1615315201127 0.8967317342758179 1071
1615315235241 0.8915770053863525 1072
1615315268996 0.8814792633056641 1073
1615315302843 0.8734496235847473 1074
1615315336628 0.8961939811706543 1075
1615315370458 0.8975837230682373 1076
1615315404378 0.8968267440795898 1077
1615315438408 0.8960373997688293 1078
1615315472193 0.8851024508476257 1079
1615315509888 0.9198216795921326 1080
1615315544025 0.8998368978500366 1081
1615315578076 0.8911906480789185 1082
1615315612200 0.8863025307655334 1083
1615315646269 0.869559645652771 1084
1615315680833 0.886940598487854 1085
1615315715348 0.8982890248298645 1086
1615315749454 0.888466477394104 1087
1615315784262 0.8896231651306152 1088
1615315818563 0.887452244758606 1089
1615315856532 0.9013826847076416 1090
1615315890569 0.8955261707305908 1091
1615315924952 0.8854196071624756 1092
1615315958863 0.8823623657226562 1093
1615315992847 0.9026899337768555 1094
1615316026806 0.8875826597213745 1095
1615316060694 0.8814653158187866 1096
1615316094523 0.9030827283859253 1097
1615316128408 0.8965747356414795 1098
1615316162531 0.88823401927948 1099
1615316200265 0.896797776222229 1100
1615316234562 0.8939217329025269 1101
1615316268617 0.9039065837860107 1102
1615316302564 0.8970824480056763 1103
1615316336489 0.8885060548782349 1104
1615316370470 0.886371910572052 1105
1615316404668 0.8847886323928833 1106
1615316438770 0.8878014087677002 1107
1615316472897 0.9007890224456787 1108
1615316506969 0.8941841125488281 1109
1615316544666 0.8706941604614258 1110
1615316578482 0.8797470331192017 1111
1615316612399 0.9058483839035034 1112
1615316646125 0.8983034491539001 1113
1615316679822 0.8966381549835205 1114
1615316713846 0.9052140712738037 1115
1615316747943 0.8881013989448547 1116
1615316781676 0.8831908702850342 1117
1615316815516 0.894665002822876 1118
1615316849299 0.903721809387207 1119
1615316886876 0.8976302742958069 1120
1615316920808 0.892255425453186 1121
1615316954961 0.8925328850746155 1122
1615316988955 0.9161920547485352 1123
1615317022948 0.8988295197486877 1124
1615317056746 0.8833014965057373 1125
1615317090397 0.8718258142471313 1126
1615317124527 0.8987324237823486 1127
1615317158546 0.8710501194000244 1128
1615317192618 0.8827573657035828 1129
1615317230293 0.895421028137207 1130
1615317264347 0.8743603229522705 1131
1615317298512 0.8794412612915039 1132
1615317332535 0.8858863115310669 1133
1615317366643 0.892027735710144 1134
1615317400393 0.8735471367835999 1135
1615317434271 0.891072154045105 1136
1615317468276 0.8949122428894043 1137
1615317502188 0.893944263458252 1138
1615317535949 0.8891735672950745 1139
1615317573502 0.8618621826171875 1140
1615317607637 0.9108799695968628 1141
1615317641407 0.8888176083564758 1142
1615317675348 0.8986096382141113 1143
1615317709037 0.8823859691619873 1144
1615317742911 0.9238701462745667 1145
1615317776825 0.8851914405822754 1146
1615317810955 0.8924127817153931 1147
1615317844704 0.900086522102356 1148
1615317878773 0.8971224427223206 1149
1615317916701 0.8866318464279175 1150
1615317950552 0.8846083283424377 1151
1615317984662 0.8877103924751282 1152
1615318018612 0.8803845643997192 1153
1615318052755 0.8884973526000977 1154
1615318086985 0.8790794610977173 1155
1615318121741 0.9212151765823364 1156
1615318156305 0.8845630884170532 1157
1615318190182 0.8760451078414917 1158
1615318223911 0.9177061319351196 1159
1615318262433 0.9029514789581299 1160
1615318296378 0.9143021702766418 1161
1615318330415 0.8822662830352783 1162
1615318364208 0.8959588408470154 1163
1615318397883 0.8737854957580566 1164
1615318432017 0.8919682502746582 1165
1615318465822 0.8744786977767944 1166
1615318499954 0.8865951299667358 1167
1615318533762 0.8989980816841125 1168
1615318567975 0.9061385989189148 1169
1615318606012 0.8756142854690552 1170
1615318640034 0.8807196617126465 1171
1615318673937 0.8792967200279236 1172
1615318708009 0.8787683248519897 1173
1615318742136 0.9026341438293457 1174
1615318776137 0.8876985311508179 1175
1615318810038 0.9182518720626831 1176
1615318843857 0.8791863918304443 1177
1615318877829 0.8869712352752686 1178
1615318911912 0.908339262008667 1179
1615318949159 0.9055977463722229 1180
1615318983008 0.893576979637146 1181
1615319016851 0.8869239091873169 1182
1615319050767 0.9078154563903809 1183
1615319084923 0.8821829557418823 1184
1615319118934 0.9034334421157837 1185
1615319153146 0.9051967263221741 1186
1615319187089 0.8927401900291443 1187
1615319221156 0.9110562801361084 1188
1615319255268 0.8732481002807617 1189
1615319293035 0.8987545371055603 1190
1615319327009 0.9000007510185242 1191
1615319361396 0.8973798155784607 1192
1615319395428 0.8870406746864319 1193
1615319429479 0.9029971361160278 1194
1615319463244 0.8994699120521545 1195
1615319497008 0.8864004611968994 1196
1615319530935 0.8924863338470459 1197
1615319564618 0.9031292200088501 1198
1615319598617 0.8771939277648926 1199
1615319636540 0.889317512512207 1200
1615319658647 0.8995546102523804 0
1615319658659 0.8995546102523804 0
