1615278264175 0.3243870139122009 1
1615278298101 0.4366002678871155 2
1615278332115 0.5380544662475586 3
1615278366122 0.5774275660514832 4
1615278400162 0.6635451316833496 5
1615278434062 0.6752623319625854 6
1615278468025 0.6145875453948975 7
1615278502035 0.6724188327789307 8
1615278536085 0.693108320236206 9
1615278573832 0.6844186782836914 10
1615278607863 0.7028038501739502 11
1615278641674 0.71767258644104 12
1615278675470 0.7071007490158081 13
1615278709523 0.6955277919769287 14
1615278743388 0.7211705446243286 15
1615278777291 0.7359069585800171 16
1615278811138 0.7281680107116699 17
1615278845208 0.7326091527938843 18
1615278879310 0.7422612309455872 19
1615278917057 0.7276678085327148 20
1615278951059 0.7345855832099915 21
1615278985504 0.7053055763244629 22
1615279019875 0.7633687257766724 23
1615279054507 0.7548388242721558 24
1615279089177 0.7729554772377014 25
1615279123325 0.7746821641921997 26
1615279157066 0.7502174377441406 27
1615279190957 0.766016960144043 28
1615279224915 0.7791298627853394 29
1615279263016 0.7683234214782715 30
1615279296952 0.774142861366272 31
1615279330656 0.7680924534797668 32
1615279364587 0.7789883613586426 33
1615279398265 0.7926523685455322 34
1615279432215 0.7962665557861328 35
1615279466044 0.7944424152374268 36
1615279499918 0.7888673543930054 37
1615279533916 0.8020273447036743 38
1615279567855 0.7925422191619873 39
1615279605541 0.802857518196106 40
1615279639633 0.7913769483566284 41
1615279673616 0.8012897968292236 42
1615279707621 0.7986241579055786 43
1615279741975 0.7926392555236816 44
1615279776316 0.7928721904754639 45
1615279810905 0.8000261783599854 46
1615279845375 0.823993444442749 47
1615279879832 0.7960805296897888 48
1615279913886 0.8163813352584839 49
1615279952014 0.8168981075286865 50
1615279985848 0.8153468370437622 51
1615280019891 0.8035225868225098 52
1615280054739 0.8184839487075806 53
1615280088559 0.8135427236557007 54
1615280122697 0.8105746507644653 55
1615280156447 0.8396680355072021 56
1615280190495 0.8197669982910156 57
1615280224286 0.8198753595352173 58
1615280258280 0.8106777667999268 59
1615280295788 0.834261417388916 60
1615280329714 0.8347151875495911 61
1615280363791 0.8323968052864075 62
1615280398364 0.8148837089538574 63
1615280432944 0.8184161186218262 64
1615280468878 0.8229182958602905 65
1615280503601 0.806659460067749 66
1615280537913 0.7981743812561035 67
1615280571752 0.8075743913650513 68
1615280605787 0.8283809423446655 69
1615280644647 0.8133515119552612 70
1615280678570 0.855499267578125 71
1615280712387 0.8430346250534058 72
1615280746285 0.82745361328125 73
1615280780162 0.835342288017273 74
1615280814142 0.8439822196960449 75
1615280848048 0.8304997682571411 76
1615280881753 0.8335971236228943 77
1615280915712 0.840215802192688 78
1615280949615 0.8515812158584595 79
1615280987436 0.8394046425819397 80
1615281021640 0.8397053480148315 81
1615281055429 0.8261233568191528 82
1615281089475 0.8309354186058044 83
1615281125617 0.812861442565918 84
1615281161404 0.8281530141830444 85
1615281196644 0.8503826260566711 86
1615281231285 0.830427885055542 87
1615281265260 0.8248859643936157 88
1615281299047 0.8309406638145447 89
1615281336986 0.8368045091629028 90
1615281370937 0.8337545990943909 91
1615281404640 0.8116598129272461 92
1615281438800 0.8549630045890808 93
1615281472565 0.8446389436721802 94
1615281506898 0.7995297312736511 95
1615281540670 0.8137367367744446 96
1615281574632 0.8300136923789978 97
1615281608794 0.82204270362854 98
1615281643194 0.8552451729774475 99
1615281681518 0.8325597047805786 100
1615281716069 0.8287293910980225 101
1615281750662 0.8238498568534851 102
1615281784713 0.8373306393623352 103
1615281818973 0.8639020919799805 104
1615281853196 0.8141332864761353 105
1615281888076 0.8508738279342651 106
1615281922260 0.839801549911499 107
1615281956092 0.8606565594673157 108
1615281989829 0.8537064790725708 109
1615282027384 0.8130100965499878 110
1615282061205 0.8231467008590698 111
1615282095018 0.8529378175735474 112
1615282128945 0.8396601676940918 113
1615282162651 0.8408556580543518 114
1615282196571 0.8319219350814819 115
1615282230621 0.8391669988632202 116
1615282264429 0.8463143110275269 117
1615282298534 0.8489993810653687 118
1615282332416 0.852851152420044 119
1615282370157 0.843072772026062 120
1615282404155 0.8416528105735779 121
1615282438464 0.8420910835266113 122
1615282473550 0.8550645112991333 123
1615282508635 0.8623104691505432 124
1615282543128 0.8456186056137085 125
1615282577931 0.8526087999343872 126
1615282611970 0.8572756052017212 127
1615282645652 0.8410686254501343 128
1615282680643 0.8419811129570007 129
1615282719282 0.8455253839492798 130
1615282753256 0.840497612953186 131
1615282787070 0.8664005994796753 132
1615282820898 0.8516259789466858 133
1615282854686 0.8641759157180786 134
1615282888445 0.8550314903259277 135
1615282922309 0.8319975137710571 136
1615282956390 0.851286768913269 137
1615282990297 0.8488375544548035 138
1615283024233 0.8734602928161621 139
1615283061971 0.8353063464164734 140
1615283096313 0.8703719973564148 141
1615283130931 0.8462494015693665 142
1615283166672 0.8461283445358276 143
1615283201648 0.8204941749572754 144
1615283236046 0.8187273144721985 145
1615283270261 0.8536490201950073 146
1615283304307 0.8582758903503418 147
1615283338474 0.8627136945724487 148
1615283372562 0.8869349956512451 149
1615283411815 0.877158522605896 150
1615283445785 0.8629498481750488 151
1615283479628 0.8809664249420166 152
1615283513426 0.8655223250389099 153
1615283547125 0.8622899651527405 154
1615283580829 0.8676743507385254 155
1615283614759 0.8623532056808472 156
1615283648479 0.8429657220840454 157
1615283682495 0.8458852767944336 158
1615283716544 0.8573111295700073 159
1615283754625 0.8664218187332153 160
1615283788863 0.857196033000946 161
1615283823227 0.8584696054458618 162
1615283857780 0.8585949540138245 163
1615283892690 0.8619558811187744 164
1615283926628 0.8448293805122375 165
1615283961054 0.8603112101554871 166
1615283995130 0.85734623670578 167
1615284029003 0.8688080906867981 168
1615284062846 0.8679039478302002 169
1615284101526 0.8554184436798096 170
1615284135466 0.8386099338531494 171
1615284169169 0.8608242273330688 172
1615284203172 0.8684844374656677 173
1615284237065 0.8813743591308594 174
1615284271146 0.8385317921638489 175
1615284304884 0.8808131217956543 176
1615284338614 0.8518023490905762 177
1615284372640 0.8642034530639648 178
1615284406597 0.8494094610214233 179
1615284444239 0.8519619703292847 180
1615284478034 0.8576098680496216 181
1615284512093 0.8652043342590332 182
1615284546200 0.8559451103210449 183
1615284580669 0.8473074436187744 184
1615284615028 0.8613441586494446 185
1615284649490 0.8741393089294434 186
1615284683708 0.8611738681793213 187
1615284717950 0.8583700060844421 188
1615284752274 0.8790880441665649 189
1615284790000 0.8593961000442505 190
1615284824432 0.8543428778648376 191
1615284858551 0.8553546667098999 192
1615284892392 0.8468930721282959 193
1615284926375 0.8646383285522461 194
1615284960464 0.8611582517623901 195
1615284994305 0.8587775230407715 196
1615285028266 0.848442792892456 197
1615285062294 0.8770314455032349 198
1615285096250 0.8660252094268799 199
1615285134356 0.8523935675621033 200
1615285168364 0.8640005588531494 201
1615285202951 0.8644621968269348 202
1615285237562 0.8730825185775757 203
1615285272419 0.8810176849365234 204
1615285306443 0.8732097148895264 205
1615285340567 0.840438723564148 206
1615285375036 0.8630523085594177 207
1615285409390 0.8918038606643677 208
1615285443369 0.86882483959198 209
1615285481783 0.8822388648986816 210
1615285515868 0.8536981344223022 211
1615285549764 0.8554057478904724 212
1615285583561 0.877583920955658 213
1615285617681 0.8697519302368164 214
1615285651621 0.8858028650283813 215
1615285685593 0.8854341506958008 216
1615285719610 0.9001601934432983 217
1615285753696 0.8693352341651917 218
1615285788959 0.8819030523300171 219
1615285828343 0.862076461315155 220
1615285862502 0.8650063872337341 221
1615285896652 0.8767039775848389 222
1615285930896 0.8764105439186096 223
1615285964617 0.8567589521408081 224
1615285998570 0.8451859951019287 225
1615286032390 0.8832271099090576 226
1615286066097 0.8700481057167053 227
1615286100123 0.8687249422073364 228
1615286133824 0.8713065385818481 229
1615286171472 0.8625018000602722 230
1615286205221 0.879592776298523 231
1615286239371 0.8862677812576294 232
1615286273612 0.8837032318115234 233
1615286307702 0.8580253720283508 234
1615286341738 0.8672701120376587 235
1615286376390 0.8509148359298706 236
1615286410563 0.858688473701477 237
1615286445212 0.8591015338897705 238
1615286479604 0.8821916580200195 239
1615286517146 0.8666566610336304 240
1615286551241 0.9015707969665527 241
1615286585356 0.8652547001838684 242
1615286619135 0.8833659887313843 243
1615286653118 0.8753626942634583 244
1615286686858 0.8680450916290283 245
1615286721117 0.8567825555801392 246
1615286755159 0.8642805814743042 247
1615286789106 0.8589181900024414 248
1615286822749 0.8702260255813599 249
1615286860145 0.8659982085227966 250
1615286893947 0.8619765043258667 251
1615286927972 0.8812267780303955 252
1615286961777 0.8796119689941406 253
1615286995522 0.8690395355224609 254
1615287029478 0.8735958337783813 255
1615287063211 0.861750066280365 256
1615287096982 0.8817083239555359 257
1615287131067 0.8876962661743164 258
1615287164926 0.8944710493087769 259
1615287202717 0.8483923673629761 260
1615287237238 0.8644437789916992 261
1615287271949 0.8642446994781494 262
1615287306711 0.8700380921363831 263
1615287340584 0.8819416761398315 264
1615287374690 0.8699695467948914 265
1615287408645 0.8693382740020752 266
1615287442816 0.8736926913261414 267
1615287476802 0.8986301422119141 268
1615287510858 0.8759946823120117 269
1615287548190 0.8626120090484619 270
1615287582017 0.8755679726600647 271
1615287616737 0.8746999502182007 272
1615287650849 0.8701101541519165 273
1615287684633 0.8525547981262207 274
1615287718461 0.8570280075073242 275
1615287752103 0.8684889078140259 276
1615287786103 0.87030428647995 277
1615287819794 0.8611090183258057 278
1615287853947 0.8728563189506531 279
1615287891465 0.8700078129768372 280
1615287925434 0.8804051280021667 281
1615287959429 0.8941479325294495 282
1615287993135 0.8853410482406616 283
1615288027430 0.8680300712585449 284
1615288061888 0.8776074647903442 285
1615288096246 0.8731670379638672 286
1615288130699 0.88616544008255 287
1615288165004 0.8805596828460693 288
1615288199015 0.8943401575088501 289
1615288236597 0.8823819160461426 290
1615288271574 0.8948662281036377 291
1615288305769 0.8695152997970581 292
1615288339624 0.8646321296691895 293
1615288373579 0.8535070419311523 294
1615288407690 0.8757383823394775 295
1615288441508 0.892287015914917 296
1615288475323 0.8626757860183716 297
1615288509210 0.8545951843261719 298
1615288543083 0.8732044696807861 299
1615288580805 0.8497626781463623 300
1615288615826 0.8726463317871094 301
1615288651731 0.8770962953567505 302
1615288686118 0.8780062198638916 303
1615288720059 0.848267138004303 304
1615288754734 0.8531361818313599 305
1615288788571 0.8773007392883301 306
1615288822504 0.8831784129142761 307
1615288856532 0.8762551546096802 308
1615288890275 0.8856334686279297 309
1615288928149 0.8789921402931213 310
1615288961796 0.8708328008651733 311
1615288995506 0.8837345242500305 312
1615289029517 0.8789215087890625 313
1615289064132 0.8708140850067139 314
1615289098684 0.8564343452453613 315
1615289133314 0.8680558204650879 316
1615289168646 0.8849107027053833 317
1615289202973 0.8507655262947083 318
1615289237312 0.8844906091690063 319
1615289275347 0.8766202926635742 320
1615289310017 0.8984873294830322 321
1615289343767 0.893646240234375 322
1615289377712 0.8849127292633057 323
1615289411709 0.8764533996582031 324
1615289445741 0.8953516483306885 325
1615289479858 0.886915922164917 326
1615289513691 0.8847615718841553 327
1615289547616 0.8840341567993164 328
1615289581583 0.8761937618255615 329
1615289619499 0.8798336982727051 330
1615289653511 0.8531872630119324 331
1615289688167 0.8525575399398804 332
1615289722699 0.8724126815795898 333
1615289757476 0.8672885894775391 334
1615289792018 0.8813591003417969 335
1615289826494 0.8774722814559937 336
1615289860498 0.853606104850769 337
1615289894658 0.8493143320083618 338
1615289928718 0.8532007932662964 339
1615289966371 0.8693364262580872 340
1615290000367 0.8942926526069641 341
1615290034076 0.8930120468139648 342
1615290068159 0.8753723502159119 343
1615290102120 0.896461009979248 344
1615290135923 0.8989697694778442 345
1615290169898 0.8816981315612793 346
1615290203782 0.8611154556274414 347
1615290237828 0.8977162837982178 348
1615290271872 0.8966054916381836 349
1615290309939 0.8636481761932373 350
1615290344553 0.8917083144187927 351
1615290379729 0.9039087295532227 352
1615290414141 0.8688912391662598 353
1615290448758 0.8754884004592896 354
1615290482608 0.8819620609283447 355
1615290516677 0.8888454437255859 356
1615290550236 0.8781797885894775 357
1615290584044 0.8803048133850098 358
1615290617983 0.8797136545181274 359
1615290655912 0.8885936737060547 360
1615290689807 0.8890174627304077 361
1615290723926 0.8763664960861206 362
1615290757981 0.8913408517837524 363
1615290792122 0.891032338142395 364
1615290826392 0.8988035321235657 365
1615290861033 0.860298752784729 366
1615290895379 0.8683921098709106 367
1615290929797 0.8912527561187744 368
1615290964029 0.8837429285049438 369
1615291002029 0.8865303993225098 370
1615291035843 0.8591514825820923 371
1615291069964 0.8701159358024597 372
1615291103733 0.875572919845581 373
1615291138252 0.8624303936958313 374
1615291172008 0.88039231300354 375
1615291206207 0.8738681077957153 376
1615291240192 0.8653120994567871 377
1615291274000 0.8785455226898193 378
1615291307946 0.9053575992584229 379
1615291345814 0.8941542506217957 380
1615291379572 0.8849908113479614 381
1615291413135 0.8772308230400085 382
1615291447230 0.8643034100532532 383
1615291481832 0.8890849947929382 384
1615291516932 0.877798318862915 385
1615291551560 0.8839341402053833 386
1615291585931 0.8848353624343872 387
1615291620132 0.8743640184402466 388
1615291654002 0.8773634433746338 389
1615291691904 0.8692805767059326 390
1615291725928 0.8660609722137451 391
1615291760164 0.883956789970398 392
1615291793960 0.8938297033309937 393
1615291828040 0.8854807615280151 394
1615291862108 0.8745436668395996 395
1615291896110 0.8997337818145752 396
1615291929964 0.9028855562210083 397
1615291963854 0.880293071269989 398
1615291997490 0.8881427049636841 399
1615292035242 0.8844777345657349 400
1615292071256 0.8778908848762512 401
1615292106202 0.8879940509796143 402
1615292140328 0.8668249845504761 403
1615292174861 0.8850384950637817 404
1615292209097 0.9101543426513672 405
1615292243079 0.8889244794845581 406
1615292276890 0.8845402002334595 407
1615292310652 0.8692724704742432 408
1615292344462 0.888655424118042 409
1615292381968 0.8908855319023132 410
1615292415757 0.8916783928871155 411
1615292449600 0.8613405227661133 412
1615292483622 0.8841605186462402 413
1615292517715 0.8612586855888367 414
1615292552066 0.89824378490448 415
1615292586907 0.8785257339477539 416
1615292621371 0.889428973197937 417
1615292655616 0.8736043572425842 418
1615292689914 0.8615964651107788 419
1615292728781 0.8878574967384338 420
1615292762834 0.8890302181243896 421
1615292796783 0.8880527019500732 422
1615292830694 0.8867999315261841 423
1615292864417 0.8758361339569092 424
1615292898181 0.8690257668495178 425
1615292931868 0.8781683444976807 426
1615292965636 0.9147142767906189 427
1615292999520 0.8979940414428711 428
1615293033429 0.8952167630195618 429
1615293071684 0.8646830916404724 430
1615293106593 0.8698329925537109 431
1615293141027 0.8850719332695007 432
1615293175352 0.8733301162719727 433
1615293209327 0.8828094601631165 434
1615293243273 0.8915921449661255 435
1615293277229 0.9018617272377014 436
1615293311622 0.8598164319992065 437
1615293345455 0.8706824779510498 438
1615293379372 0.869312584400177 439
1615293417474 0.8675658702850342 440
1615293451606 0.9011662006378174 441
1615293485546 0.8973840475082397 442
1615293519569 0.876300573348999 443
1615293553423 0.8973485827445984 444
1615293587488 0.8991326093673706 445
1615293621760 0.8800039291381836 446
1615293656237 0.8678224682807922 447
1615293690524 0.8823849558830261 448
1615293725554 0.8990943431854248 449
1615293763878 0.8975892066955566 450
1615293797992 0.8752169013023376 451
1615293832594 0.8883963823318481 452
1615293866536 0.8805077075958252 453
1615293900354 0.8783605098724365 454
1615293934009 0.8957663774490356 455
1615293967786 0.8495770692825317 456
1615294001515 0.8828152418136597 457
1615294035634 0.8714745044708252 458
1615294069629 0.8782075047492981 459
1615294107428 0.8820725083351135 460
1615294142020 0.8818261027336121 461
1615294176669 0.8945708870887756 462
1615294211432 0.8621945381164551 463
1615294245552 0.8728669285774231 464
1615294279799 0.9082988500595093 465
1615294313895 0.8820642232894897 466
1615294347796 0.8941189646720886 467
1615294381516 0.8902899026870728 468
1615294415386 0.8702726364135742 469
1615294453159 0.8865309953689575 470
1615294487163 0.8822465538978577 471
1615294520963 0.894595742225647 472
1615294554935 0.8900733590126038 473
1615294588666 0.8781362771987915 474
1615294622628 0.8862463235855103 475
1615294656589 0.8847959041595459 476
1615294690434 0.8744467496871948 477
1615294724184 0.8944375514984131 478
1615294758177 0.8942576050758362 479
1615294795843 0.8721292018890381 480
1615294829720 0.8743525743484497 481
1615294863800 0.9010257720947266 482
1615294898093 0.8842812180519104 483
1615294932434 0.879717230796814 484
1615294967312 0.8986743688583374 485
1615295001509 0.8722207546234131 486
1615295035669 0.8849793672561646 487
1615295069771 0.8932031393051147 488
1615295103745 0.8851574063301086 489
1615295141940 0.8932867050170898 490
1615295176432 0.9026312828063965 491
1615295210282 0.8996201753616333 492
1615295244043 0.8801635503768921 493
1615295278017 0.9014003872871399 494
1615295311643 0.8924871683120728 495
1615295345595 0.89146488904953 496
1615295379263 0.8812559247016907 497
1615295413256 0.8767266273498535 498
1615295447380 0.8830365538597107 499
1615295485068 0.8983640670776367 500
1615295519218 0.8831713795661926 501
1615295553935 0.9035558700561523 502
1615295588274 0.9043172597885132 503
1615295622618 0.8828839063644409 504
1615295657163 0.891790509223938 505
1615295691350 0.8810333013534546 506
1615295725463 0.8829923868179321 507
1615295759747 0.8888494372367859 508
1615295793788 0.8843058347702026 509
1615295831876 0.8928732872009277 510
1615295865669 0.8894326686859131 511
1615295899643 0.8869953751564026 512
1615295933221 0.9136134386062622 513
1615295967150 0.8743150234222412 514
1615296001054 0.8986085653305054 515
1615296034873 0.8802837133407593 516
1615296068860 0.9035032391548157 517
1615296103648 0.9005692005157471 518
1615296139648 0.9005964994430542 519
1615296177644 0.8832931518554688 520
1615296211933 0.8703938126564026 521
1615296246126 0.8525692820549011 522
1615296281186 0.8807888031005859 523
1615296315054 0.9015276432037354 524
1615296349038 0.8779745101928711 525
1615296383182 0.890730619430542 526
1615296416915 0.902626633644104 527
1615296450729 0.890020489692688 528
1615296484478 0.8719465732574463 529
1615296521936 0.8870525360107422 530
1615296555947 0.8829578161239624 531
1615296589937 0.8935451507568359 532
1615296624075 0.8820345401763916 533
1615296657955 0.8643263578414917 534
1615296692550 0.8830389976501465 535
1615296727351 0.8906573057174683 536
1615296762580 0.8817084431648254 537
1615296796804 0.8827207088470459 538
1615296830928 0.9050361514091492 539
1615296868797 0.8848658800125122 540
1615296902566 0.8917267322540283 541
1615296936544 0.8927584886550903 542
1615296971358 0.8940142393112183 543
1615297005284 0.8854796886444092 544
1615297039298 0.8761098384857178 545
1615297073063 0.8921675682067871 546
1615297107129 0.9025331735610962 547
1615297140891 0.8972762823104858 548
1615297174994 0.8935106992721558 549
1615297212642 0.8806937336921692 550
1615297246733 0.9028509259223938 551
1615297280694 0.8817707896232605 552
1615297315467 0.9120447039604187 553
1615297350731 0.8795017600059509 554
1615297385447 0.9028233289718628 555
1615297419624 0.9049038887023926 556
1615297453763 0.8743273615837097 557
1615297488379 0.8779628276824951 558
1615297522464 0.8927310705184937 559
1615297560005 0.8505551815032959 560
1615297593883 0.8857607841491699 561
1615297627485 0.8899229764938354 562
1615297661195 0.8938432931900024 563
1615297694912 0.8935089111328125 564
1615297728615 0.8621342778205872 565
1615297762614 0.8806976675987244 566
1615297797199 0.890078604221344 567
1615297832457 0.8771193027496338 568
1615297867061 0.9038665294647217 569
1615297905758 0.8967969417572021 570
1615297940110 0.8861114978790283 571
1615297973916 0.8820306062698364 572
1615298008587 0.9185863733291626 573
1615298042518 0.8925734758377075 574
1615298076330 0.8877109289169312 575
1615298110472 0.8902305960655212 576
1615298144568 0.8751232624053955 577
1615298178510 0.8859075903892517 578
1615298212470 0.9017221331596375 579
1615298250344 0.8858214020729065 580
1615298284359 0.899226188659668 581
1615298318027 0.8858389258384705 582
1615298352166 0.8717232942581177 583
1615298386119 0.9164777994155884 584
1615298420132 0.887391984462738 585
1615298454151 0.8786377906799316 586
1615298490121 0.8861552476882935 587
1615298525496 0.8782317042350769 588
1615298560024 0.8873927593231201 589
1615298598508 0.8963379263877869 590
1615298632671 0.8986765146255493 591
1615298666522 0.8832577466964722 592
1615298700614 0.8942545652389526 593
1615298734343 0.8737754821777344 594
1615298768200 0.8930050134658813 595
1615298801931 0.9074516296386719 596
1615298835692 0.8889570236206055 597
1615298869597 0.8910003900527954 598
1615298903515 0.8745911121368408 599
1615298941455 0.8941781520843506 600
1615298975339 0.8886790871620178 601
1615299009239 0.8877218961715698 602
1615299043338 0.8955464959144592 603
1615299078420 0.8819013833999634 604
1615299113336 0.8973077535629272 605
1615299148430 0.8893649578094482 606
1615299182890 0.8832470178604126 607
1615299217167 0.8798125982284546 608
1615299251605 0.8981620073318481 609
1615299289286 0.8776928186416626 610
1615299323115 0.8882628679275513 611
1615299357025 0.8837103247642517 612
1615299391414 0.8833129405975342 613
1615299425120 0.8894978761672974 614
1615299458976 0.8774800300598145 615
1615299492861 0.8951630592346191 616
1615299526578 0.9070343971252441 617
1615299560382 0.8893685936927795 618
1615299594067 0.8772242069244385 619
1615299631693 0.8882777690887451 620
1615299665453 0.9009564518928528 621
1615299699389 0.8929016590118408 622
1615299732967 0.8737515211105347 623
1615299766725 0.8891654014587402 624
1615299800520 0.8815507888793945 625
1615299834669 0.8898550868034363 626
1615299868720 0.8927013278007507 627
1615299902630 0.8820806741714478 628
1615299936602 0.8748956918716431 629
1615299974957 0.883055567741394 630
1615300009118 0.8949906826019287 631
1615300043513 0.9092828035354614 632
1615300077856 0.8850529193878174 633
1615300112407 0.8818650841712952 634
1615300146638 0.8846132755279541 635
1615300180458 0.882502019405365 636
1615300214424 0.90433669090271 637
1615300248574 0.880677342414856 638
1615300282346 0.8928127288818359 639
1615300320064 0.8838027119636536 640
1615300353957 0.8959808349609375 641
1615300387842 0.8868041038513184 642
1615300421808 0.8857734203338623 643
1615300455546 0.8753799200057983 644
1615300489273 0.902232825756073 645
1615300523182 0.8904109001159668 646
1615300557134 0.8886476755142212 647
1615300590982 0.8903774619102478 648
1615300624986 0.8913291692733765 649
1615300662436 0.885590672492981 650
1615300696374 0.9034126996994019 651
1615300730144 0.9095195531845093 652
1615300764262 0.8890483379364014 653
1615300799205 0.8827271461486816 654
1615300834986 0.9178705215454102 655
1615300869851 0.8954658508300781 656
1615300904128 0.8932478427886963 657
1615300938221 0.8895732164382935 658
1615300972030 0.8911830186843872 659
1615301009546 0.8849488496780396 660
1615301043419 0.9041633605957031 661
1615301077299 0.8787574768066406 662
1615301111353 0.8959575295448303 663
1615301145303 0.9000532627105713 664
1615301178971 0.8910342454910278 665
1615301214842 0.8976925015449524 666
1615301250583 0.8873450756072998 667
1615301285222 0.8932950496673584 668
1615301319272 0.8956023454666138 669
1615301356977 0.8805984258651733 670
1615301390835 0.8919641971588135 671
1615301424763 0.9035403728485107 672
1615301458853 0.8859986662864685 673
1615301492693 0.9110797047615051 674
1615301526558 0.8992204666137695 675
1615301560099 0.873990535736084 676
1615301594237 0.8605190515518188 677
1615301627957 0.8797519207000732 678
1615301661829 0.8873317241668701 679
1615301699461 0.8874781131744385 680
1615301733196 0.8882096409797668 681
1615301767164 0.8936436176300049 682
1615301801120 0.8798189759254456 683
1615301836505 0.8897473216056824 684
1615301871614 0.8967085480690002 685
1615301905927 0.8965827822685242 686
1615301940196 0.8835370540618896 687
1615301974167 0.8950850963592529 688
1615302008373 0.8678003549575806 689
1615302046510 0.8978102207183838 690
1615302080534 0.904247522354126 691
1615302114845 0.8802527189254761 692
1615302149025 0.8961774706840515 693
1615302183065 0.9091188907623291 694
1615302216774 0.8746553063392639 695
1615302250709 0.8752948045730591 696
1615302284533 0.8899174928665161 697
1615302318484 0.8993562459945679 698
1615302352721 0.8922680616378784 699
1615302391651 0.9085047245025635 700
1615302426857 0.8942774534225464 701
1615302460936 0.8951911926269531 702
1615302495086 0.8781429529190063 703
1615302529338 0.895633339881897 704
1615302563280 0.8978052139282227 705
1615302597204 0.8706544637680054 706
1615302631789 0.8941237330436707 707
1615302665792 0.8990458250045776 708
1615302699561 0.9026626348495483 709
1615302737337 0.8690640926361084 710
1615302771072 0.9096744060516357 711
1615302804967 0.8969449996948242 712
1615302838975 0.9172185063362122 713
1615302872592 0.8882731795310974 714
1615302906573 0.8907042741775513 715
1615302940850 0.9148428440093994 716
1615302976084 0.8866070508956909 717
1615303010695 0.8831048011779785 718
1615303045013 0.8845866918563843 719
1615303082800 0.8912222385406494 720
1615303116741 0.8757263422012329 721
1615303151095 0.9120974540710449 722
1615303184981 0.8849245309829712 723
1615303219100 0.9098736047744751 724
1615303252846 0.8948076367378235 725
1615303286557 0.8986332416534424 726
1615303320598 0.8783197999000549 727
1615303354535 0.8827563524246216 728
1615303388272 0.9069792628288269 729
1615303425835 0.8736087083816528 730
1615303459732 0.9010076522827148 731
1615303493765 0.8833305239677429 732
1615303528007 0.8910396099090576 733
1615303562717 0.8939576148986816 734
1615303598485 0.8729731440544128 735
1615303632697 0.875385046005249 736
1615303666769 0.8814382553100586 737
1615303700810 0.8875633478164673 738
1615303734654 0.8897339105606079 739
1615303772215 0.8809503316879272 740
1615303806500 0.8820217251777649 741
1615303840248 0.9071342945098877 742
1615303874327 0.9000927805900574 743
1615303908298 0.8993974924087524 744
1615303942156 0.9069940447807312 745
1615303976195 0.9014615416526794 746
1615304009952 0.8892664909362793 747
1615304043795 0.8862602114677429 748
1615304077865 0.8971295356750488 749
1615304115360 0.8906409740447998 750
1615304149335 0.8877943754196167 751
1615304183272 0.9017151594161987 752
1615304217373 0.9054893851280212 753
1615304251366 0.8906540274620056 754
1615304285534 0.8922369480133057 755
1615304320143 0.8927799463272095 756
1615304355237 0.891844630241394 757
1615304389478 0.9024760723114014 758
1615304423688 0.8772050738334656 759
1615304461744 0.8850892782211304 760
1615304495814 0.8920947313308716 761
1615304529750 0.8882023096084595 762
1615304564500 0.8994255065917969 763
1615304598434 0.8896864652633667 764
1615304632404 0.8841174840927124 765
1615304666211 0.8950897455215454 766
1615304699880 0.8930461406707764 767
1615304733602 0.8866036534309387 768
1615304767685 0.8829450607299805 769
1615304805101 0.8970601558685303 770
1615304838826 0.8740122318267822 771
1615304872565 0.8938512206077576 772
1615304906853 0.8811031579971313 773
1615304941094 0.8891196250915527 774
1615304975305 0.8963145613670349 775
1615305009554 0.877975583076477 776
1615305043777 0.8858960270881653 777
1615305078354 0.8992414474487305 778
1615305112699 0.8835098743438721 779
1615305150955 0.9170646667480469 780
1615305185564 0.8727082014083862 781
1615305219729 0.8829821348190308 782
1615305253936 0.9072229862213135 783
1615305288806 0.9190917015075684 784
1615305322912 0.8753485679626465 785
1615305357006 0.9065020084381104 786
1615305391093 0.9046038389205933 787
1615305425126 0.8860589861869812 788
1615305459203 0.8940612077713013 789
1615305496792 0.9052062034606934 790
1615305530886 0.8805263042449951 791
1615305564638 0.8942712545394897 792
1615305598377 0.9222666621208191 793
1615305632321 0.8846397399902344 794
1615305666564 0.8826171159744263 795
1615305700472 0.8773093223571777 796
1615305734566 0.8992873430252075 797
1615305768734 0.8680284023284912 798
1615305803262 0.8811523914337158 799
1615305841658 0.8834247589111328 800
1615305875910 0.8874939680099487 801
1615305910416 0.8931572437286377 802
1615305944603 0.8945029973983765 803
1615305978801 0.8912136554718018 804
1615306013222 0.8949650526046753 805
1615306047113 0.8804576396942139 806
1615306080909 0.8733196258544922 807
1615306115925 0.8767642974853516 808
1615306150013 0.8781298398971558 809
1615306187838 0.9057996273040771 810
1615306221826 0.907348096370697 811
1615306255604 0.9011152982711792 812
1615306289673 0.8858761787414551 813
1615306323546 0.8950791358947754 814
1615306357456 0.8821885585784912 815
1615306391285 0.8992109298706055 816
1615306425154 0.8721051216125488 817
1615306459065 0.9027511477470398 818
1615306494017 0.9214572906494141 819
1615306533102 0.886974573135376 820
1615306567475 0.8928461074829102 821
1615306601420 0.8930108547210693 822
1615306635295 0.9040071964263916 823
1615306670132 0.8949170112609863 824
1615306703960 0.8946555852890015 825
1615306738040 0.9011589288711548 826
1615306771866 0.9014661908149719 827
1615306805920 0.8932740688323975 828
1615306839609 0.8959631323814392 829
1615306877387 0.9007316827774048 830
1615306911073 0.8948131799697876 831
1615306944991 0.9113396406173706 832
1615306978881 0.898602306842804 833
1615307012892 0.9017553925514221 834
1615307046828 0.9040663242340088 835
1615307080769 0.8787969350814819 836
1615307115061 0.8812621831893921 837
1615307149763 0.9034382104873657 838
1615307184152 0.8864976167678833 839
1615307222623 0.906631588935852 840
1615307256979 0.8838890194892883 841
1615307291063 0.8932493925094604 842
1615307325278 0.9012313485145569 843
1615307359404 0.9100204110145569 844
1615307393355 0.8841512203216553 845
1615307427352 0.9012675285339355 846
1615307461912 0.8880200386047363 847
1615307495938 0.8778152465820312 848
1615307530002 0.8932007551193237 849
1615307567424 0.8905595541000366 850
1615307601195 0.8851433992385864 851
1615307635183 0.8762755990028381 852
1615307668935 0.8767919540405273 853
1615307702809 0.9054316282272339 854
1615307737215 0.8858957290649414 855
1615307771329 0.8961105346679688 856
1615307805517 0.9009407758712769 857
1615307839989 0.8837791681289673 858
1615307874288 0.88676917552948 859
1615307912734 0.9069968461990356 860
1615307947105 0.9031537771224976 861
1615307981365 0.9039734601974487 862
1615308015262 0.9041527509689331 863
1615308049462 0.900540828704834 864
1615308083441 0.8991708755493164 865
1615308117297 0.9185805320739746 866
1615308151147 0.8950634002685547 867
1615308185698 0.9025826454162598 868
1615308219622 0.8918907642364502 869
1615308257537 0.8873037695884705 870
1615308291285 0.907289445400238 871
1615308325262 0.8837611675262451 872
1615308359354 0.9010121822357178 873
1615308393250 0.8761602640151978 874
1615308427299 0.893604576587677 875
1615308461253 0.8771482110023499 876
1615308495720 0.9043087959289551 877
1615308529860 0.8699594140052795 878
1615308564164 0.9015809297561646 879
1615308602374 0.8867251873016357 880
1615308636702 0.8794336318969727 881
1615308670631 0.8640526533126831 882
1615308704707 0.8775853514671326 883
1615308738782 0.9070329070091248 884
1615308772748 0.8794407844543457 885
1615308806455 0.9175687432289124 886
1615308840297 0.8998334407806396 887
1615308874450 0.9129450917243958 888
1615308908547 0.9066981077194214 889
1615308946381 0.89161217212677 890
1615308980320 0.8949254751205444 891
1615309014171 0.9072147607803345 892
1615309048068 0.9139255285263062 893
1615309081854 0.9086618423461914 894
1615309115696 0.9134523868560791 895
1615309149683 0.9030068516731262 896
1615309183725 0.8917725086212158 897
1615309217905 0.8934848308563232 898
1615309252946 0.9017883539199829 899
1615309291798 0.8730891942977905 900
1615309326791 0.9017161130905151 901
1615309360945 0.885189414024353 902
1615309395758 0.8998207449913025 903
1615309430437 0.8846691846847534 904
1615309464376 0.9099470973014832 905
1615309498263 0.9019031524658203 906
1615309532392 0.8893780708312988 907
1615309566456 0.8980882167816162 908
1615309600213 0.8887825012207031 909
1615309637669 0.8829891681671143 910
1615309671333 0.89393150806427 911
1615309705125 0.893878698348999 912
1615309739097 0.9249531626701355 913
1615309773031 0.8833663463592529 914
1615309807355 0.8853158950805664 915
1615309841701 0.8933780789375305 916
1615309876133 0.8969986438751221 917
1615309910596 0.9092055559158325 918
1615309944806 0.8615696430206299 919
1615309982737 0.8936945199966431 920
1615310017044 0.8802194595336914 921
1615310051854 0.8834353089332581 922
1615310086002 0.8871899247169495 923
1615310119901 0.8890935182571411 924
1615310153874 0.8824681043624878 925
1615310187997 0.9206235408782959 926
1615310222065 0.9145269393920898 927
1615310255872 0.8953555226325989 928
1615310289709 0.893570065498352 929
1615310327464 0.910785973072052 930
1615310361172 0.9117501974105835 931
1615310394839 0.9025453329086304 932
1615310428972 0.8912744522094727 933
1615310463186 0.8933677673339844 934
1615310497093 0.9042876958847046 935
1615310531333 0.906132698059082 936
1615310566096 0.9086602926254272 937
1615310601449 0.8998806476593018 938
1615310635964 0.8917795419692993 939
1615310674094 0.9026699662208557 940
1615310708192 0.8967503309249878 941
1615310742126 0.8839715719223022 942
1615310776191 0.912402868270874 943
1615310810828 0.8995821475982666 944
1615310844845 0.8863764405250549 945
1615310878534 0.9066712856292725 946
1615310912242 0.8862569332122803 947
1615310946159 0.9093590974807739 948
1615310979901 0.8956046104431152 949
1615311017457 0.9150398373603821 950
1615311051210 0.9013999700546265 951
1615311085233 0.9097881317138672 952
1615311119264 0.8927996158599854 953
1615311153406 0.8890640735626221 954
1615311188562 0.9097033143043518 955
1615311223306 0.9136906862258911 956
1615311258007 0.9003763198852539 957
1615311292156 0.9270803928375244 958
1615311327218 0.909298837184906 959
1615311365060 0.9040271043777466 960
1615311399080 0.8850810527801514 961
1615311432777 0.9119560718536377 962
1615311466528 0.896777868270874 963
1615311500462 0.8960826396942139 964
1615311534121 0.8924323320388794 965
1615311567845 0.9124710559844971 966
1615311601617 0.9042568206787109 967
1615311635707 0.8914004564285278 968
1615311669405 0.9026914834976196 969
1615311706788 0.8978493213653564 970
1615311740565 0.8853628635406494 971
1615311774723 0.8954761028289795 972
1615311808798 0.9193065166473389 973
1615311842916 0.9088284969329834 974
1615311877230 0.9129478931427002 975
1615311911798 0.910662829875946 976
1615311946269 0.8943813443183899 977
1615311980713 0.8919804096221924 978
1615312014690 0.9049391746520996 979
1615312052640 0.9050843715667725 980
1615312086581 0.900862455368042 981
1615312120630 0.9083573818206787 982
1615312154866 0.8951866030693054 983
1615312188776 0.888979971408844 984
1615312222871 0.8973574638366699 985
1615312256880 0.9016858339309692 986
1615312290889 0.8962020874023438 987
1615312324749 0.9190337657928467 988
1615312358664 0.8604596853256226 989
1615312396479 0.9181619882583618 990
1615312430220 0.8757321834564209 991
1615312464331 0.9117571115493774 992
1615312498232 0.913420557975769 993
1615312532385 0.8874710202217102 994
1615312566342 0.8964152336120605 995
1615312601285 0.8926059007644653 996
1615312636396 0.9169780611991882 997
1615312671228 0.9036292433738708 998
1615312705827 0.8993253707885742 999
1615312744592 0.8969957828521729 1000
1615312778555 0.9031039476394653 1001
1615312812429 0.8866791725158691 1002
1615312846613 0.8961522579193115 1003
1615312880670 0.8708666563034058 1004
1615312914792 0.8877988457679749 1005
1615312948651 0.9069547653198242 1006
1615312982906 0.8874610066413879 1007
1615313016831 0.9285379648208618 1008
1615313050616 0.9013025164604187 1009
1615313087926 0.9006109833717346 1010
1615313121765 0.9147419929504395 1011
1615313155666 0.9048507809638977 1012
1615313189634 0.9053252935409546 1013
1615313223961 0.9023464322090149 1014
1615313259473 0.9142600297927856 1015
1615313294774 0.9095089435577393 1016
1615313329150 0.9049347639083862 1017
1615313363622 0.9066078066825867 1018
1615313397396 0.9186742305755615 1019
1615313436185 0.8773801326751709 1020
1615313470089 0.9131628274917603 1021
1615313503900 0.9160672426223755 1022
1615313537741 0.9054752588272095 1023
1615313571749 0.8983136415481567 1024
1615313605501 0.9207924604415894 1025
1615313639602 0.9008846879005432 1026
1615313674115 0.8951353430747986 1027
1615313708612 0.9020282030105591 1028
1615313743611 0.9233289957046509 1029
1615313783494 0.8950480222702026 1030
1615313817631 0.9034133553504944 1031
1615313851800 0.9064633250236511 1032
1615313885709 0.9019562602043152 1033
1615313919608 0.8978779315948486 1034
1615313953501 0.90971440076828 1035
1615313987247 0.8962756395339966 1036
1615314021096 0.9036048054695129 1037
1615314055243 0.8993475437164307 1038
1615314089419 0.8942011594772339 1039
1615314127532 0.9048565626144409 1040
1615314162668 0.8732104301452637 1041
1615314197261 0.887452244758606 1042
1615314231753 0.8853431344032288 1043
1615314265765 0.8885224461555481 1044
1615314300178 0.8962295055389404 1045
1615314334326 0.8929922580718994 1046
1615314368075 0.9167423248291016 1047
1615314402600 0.8957421779632568 1048
1615314436883 0.9058372974395752 1049
1615314475006 0.9031087160110474 1050
1615314509140 0.8977336883544922 1051
1615314542799 0.9169690608978271 1052
1615314576811 0.8949357271194458 1053
1615314610939 0.8964841961860657 1054
1615314644722 0.9015573263168335 1055
1615314678775 0.9059314131736755 1056
1615314712826 0.8841274380683899 1057
1615314747023 0.8952414393424988 1058
1615314781131 0.9118520021438599 1059
1615314819814 0.9074661731719971 1060
1615314854564 0.9055548906326294 1061
1615314889147 0.9039312601089478 1062
1615314923772 0.9072475433349609 1063
1615314957943 0.9283866286277771 1064
1615314991763 0.907598614692688 1065
1615315026335 0.8952233791351318 1066
1615315061297 0.8967934846878052 1067
1615315095354 0.8979853391647339 1068
1615315129392 0.9053463339805603 1069
1615315167259 0.9004338979721069 1070
1615315201127 0.9049856662750244 1071
1615315235241 0.900486946105957 1072
1615315268996 0.8924691677093506 1073
1615315302843 0.8858687281608582 1074
1615315336628 0.906058669090271 1075
1615315370458 0.9065659642219543 1076
1615315404378 0.9054819345474243 1077
1615315438408 0.9051217436790466 1078
1615315472193 0.8963633179664612 1079
1615315509888 0.9255274534225464 1080
1615315544025 0.9077818989753723 1081
1615315578076 0.9003980755805969 1082
1615315612200 0.8955066800117493 1083
1615315646269 0.880761981010437 1084
1615315680833 0.8978359699249268 1085
1615315715348 0.9071787595748901 1086
1615315749454 0.8979160785675049 1087
1615315784262 0.8994097113609314 1088
1615315818563 0.8981466889381409 1089
1615315856532 0.909325361251831 1090
1615315890569 0.9039825201034546 1091
1615315924952 0.896001398563385 1092
1615315958863 0.8925518989562988 1093
1615315992847 0.9095607995986938 1094
1615316026806 0.8974472284317017 1095
1615316060694 0.8916860818862915 1096
1615316094523 0.9089422225952148 1097
1615316128408 0.9058512449264526 1098
1615316162531 0.8976258039474487 1099
1615316200265 0.9055031538009644 1100
1615316234562 0.9015288352966309 1101
1615316268617 0.9112135171890259 1102
1615316302564 0.9066669940948486 1103
1615316336489 0.8969245553016663 1104
1615316370470 0.8957092761993408 1105
1615316404668 0.8946391344070435 1106
1615316438770 0.8974010944366455 1107
1615316472897 0.9091385006904602 1108
1615316506969 0.9025843143463135 1109
1615316544666 0.8827275037765503 1110
1615316578482 0.8906154036521912 1111
1615316612399 0.9126696586608887 1112
1615316646125 0.9074190855026245 1113
1615316679822 0.9063562154769897 1114
1615316713846 0.9134911298751831 1115
1615316747943 0.8979762196540833 1116
1615316781676 0.8941518068313599 1117
1615316815516 0.9032672643661499 1118
1615316849299 0.9110369682312012 1119
1615316886876 0.9065549373626709 1120
1615316920808 0.9015049934387207 1121
1615316954961 0.9020595550537109 1122
1615316988955 0.9228936433792114 1123
1615317022948 0.9069399833679199 1124
1615317056746 0.8947088718414307 1125
1615317090397 0.8830478191375732 1126
1615317124527 0.9072908163070679 1127
1615317158546 0.8833325505256653 1128
1615317192618 0.8927969932556152 1129
1615317230293 0.9026435613632202 1130
1615317264347 0.8853737115859985 1131
1615317298512 0.8906024694442749 1132
1615317332535 0.8963004350662231 1133
1615317366643 0.9016799330711365 1134
1615317400393 0.8866275548934937 1135
1615317434271 0.9005591869354248 1136
1615317468276 0.9049488306045532 1137
1615317502188 0.9033674001693726 1138
1615317535949 0.8991278409957886 1139
1615317573502 0.874599277973175 1140
1615317607637 0.9180819988250732 1141
1615317641407 0.8981335759162903 1142
1615317675348 0.9076899290084839 1143
1615317709037 0.8927526473999023 1144
1615317742911 0.928520679473877 1145
1615317776825 0.8947404026985168 1146
1615317810955 0.9012001752853394 1147
1615317844704 0.909100353717804 1148
1615317878773 0.9061081409454346 1149
1615317916701 0.895949125289917 1150
1615317950552 0.8946994543075562 1151
1615317984662 0.8976893424987793 1152
1615318018612 0.8918607234954834 1153
1615318052755 0.897236704826355 1154
1615318086985 0.8901574611663818 1155
1615318121741 0.9258617162704468 1156
1615318156305 0.8948383331298828 1157
1615318190182 0.8867303133010864 1158
1615318223911 0.9251337647438049 1159
1615318262433 0.9110291004180908 1160
1615318296378 0.9216023087501526 1161
1615318330415 0.8921890258789062 1162
1615318364208 0.904492974281311 1163
1615318397883 0.8867371082305908 1164
1615318432017 0.9008082747459412 1165
1615318465822 0.8867020606994629 1166
1615318499954 0.8955110311508179 1167
1615318533762 0.9060055017471313 1168
1615318567975 0.9134005308151245 1169
1615318606012 0.8869920969009399 1170
1615318640034 0.8922052979469299 1171
1615318673937 0.890354573726654 1172
1615318708009 0.889889121055603 1173
1615318742136 0.9111291766166687 1174
1615318776137 0.898668110370636 1175
1615318810038 0.9256181716918945 1176
1615318843857 0.8892204761505127 1177
1615318877829 0.8969146013259888 1178
1615318911912 0.9147659540176392 1179
1615318949159 0.9135088920593262 1180
1615318983008 0.9029314517974854 1181
1615319016851 0.8964970707893372 1182
1615319050767 0.9148337841033936 1183
1615319084923 0.8931499719619751 1184
1615319118934 0.9123667478561401 1185
1615319153146 0.9121443033218384 1186
1615319187089 0.9011507034301758 1187
1615319221156 0.9175552129745483 1188
1615319255268 0.8842983841896057 1189
1615319293035 0.9066393375396729 1190
1615319327009 0.9081258773803711 1191
1615319361396 0.9057784080505371 1192
1615319395428 0.896919846534729 1193
1615319429479 0.9104198217391968 1194
1615319463244 0.9078972339630127 1195
1615319497008 0.8955867290496826 1196
1615319530935 0.9010879993438721 1197
1615319564618 0.9107228517532349 1198
1615319598617 0.888306736946106 1199
1615319636540 0.8993139266967773 1200
1615319658646 0.908484697341919 0
1615319658658 0.908484697341919 0
