1615278264175 0.13625189661979675 1
1615278298101 0.18780463933944702 2
1615278332115 0.23468069732189178 3
1615278366122 0.25535133481025696 4
1615278400162 0.30049586296081543 5
1615278434062 0.3050506114959717 6
1615278468025 0.272380530834198 7
1615278502035 0.30592572689056396 8
1615278536085 0.3168884217739105 9
1615278573832 0.3107958436012268 10
1615278607863 0.3204919993877411 11
1615278641674 0.3316362798213959 12
1615278675470 0.3227160573005676 13
1615278709523 0.3162379264831543 14
1615278743388 0.3323020935058594 15
1615278777291 0.3435875177383423 16
1615278811138 0.33612412214279175 17
1615278845208 0.34176403284072876 18
1615278879310 0.3438417315483093 19
1615278917057 0.3359777629375458 20
1615278951059 0.343051016330719 21
1615278985504 0.32489562034606934 22
1615279019875 0.3638227880001068 23
1615279054507 0.35365456342697144 24
1615279089177 0.3654717206954956 25
1615279123325 0.3650023937225342 26
1615279157066 0.3535899519920349 27
1615279190957 0.3639494478702545 28
1615279224915 0.36742842197418213 29
1615279263016 0.3615400195121765 30
1615279296952 0.3689138889312744 31
1615279330656 0.3631296157836914 32
1615279364587 0.37304484844207764 33
1615279398265 0.38222992420196533 34
1615279432215 0.38193178176879883 35
1615279466044 0.38531315326690674 36
1615279499918 0.37890976667404175 37
1615279533916 0.38563960790634155 38
1615279567855 0.37988412380218506 39
1615279605541 0.39158982038497925 40
1615279639633 0.3822646737098694 41
1615279673616 0.38780027627944946 42
1615279707621 0.38742876052856445 43
1615279741975 0.38452115654945374 44
1615279776316 0.3820987939834595 45
1615279810905 0.3867329955101013 46
1615279845375 0.40930473804473877 47
1615279879832 0.3864375352859497 48
1615279913886 0.4012982249259949 49
1615279952014 0.4030057489871979 50
1615279985848 0.3998006582260132 51
1615280019891 0.3902685046195984 52
1615280054739 0.4079282283782959 53
1615280088559 0.39694830775260925 54
1615280122697 0.39593857526779175 55
1615280156447 0.42323988676071167 56
1615280190495 0.40178561210632324 57
1615280224286 0.40484505891799927 58
1615280258280 0.39642930030822754 59
1615280295788 0.41389280557632446 60
1615280329714 0.41822871565818787 61
1615280363791 0.4124402403831482 62
1615280398364 0.40354883670806885 63
1615280432944 0.3961206376552582 64
1615280468878 0.39832425117492676 65
1615280503601 0.3922342360019684 66
1615280537913 0.3864062428474426 67
1615280571752 0.39488330483436584 68
1615280605787 0.4084480404853821 69
1615280644647 0.40158572793006897 70
1615280678570 0.4349800944328308 71
1615280712387 0.42453739047050476 72
1615280746285 0.41186338663101196 73
1615280780162 0.4157832860946655 74
1615280814142 0.42653214931488037 75
1615280848048 0.4127826690673828 76
1615280881753 0.415729820728302 77
1615280915712 0.4240976572036743 78
1615280949615 0.43242347240448 79
1615280987436 0.4224162697792053 80
1615281021640 0.42298269271850586 81
1615281055429 0.4088829457759857 82
1615281089475 0.4146620035171509 83
1615281125617 0.3979804217815399 84
1615281161404 0.41432806849479675 85
1615281196644 0.43022871017456055 86
1615281231285 0.4122030735015869 87
1615281265260 0.40984922647476196 88
1615281299047 0.4129406809806824 89
1615281336986 0.41383683681488037 90
1615281370937 0.41536104679107666 91
1615281404640 0.3948695659637451 92
1615281438800 0.4411988854408264 93
1615281472565 0.4237760305404663 94
1615281506898 0.387623131275177 95
1615281540670 0.40004974603652954 96
1615281574632 0.4169888496398926 97
1615281608794 0.40650710463523865 98
1615281643194 0.43806588649749756 99
1615281681518 0.4153500199317932 100
1615281716069 0.4134688973426819 101
1615281750662 0.4111751616001129 102
1615281784713 0.4201280474662781 103
1615281818973 0.4453994631767273 104
1615281853196 0.4001760482788086 105
1615281888076 0.4262697100639343 106
1615281922260 0.4220651388168335 107
1615281956092 0.44089025259017944 108
1615281989829 0.4383348226547241 109
1615282027384 0.403322696685791 110
1615282061205 0.41012102365493774 111
1615282095018 0.43865182995796204 112
1615282128945 0.4207790493965149 113
1615282162651 0.42297613620758057 114
1615282196571 0.42042168974876404 115
1615282230621 0.4199346899986267 116
1615282264429 0.42920899391174316 117
1615282298534 0.43597298860549927 118
1615282332416 0.43559783697128296 119
1615282370157 0.42861297726631165 120
1615282404155 0.42532071471214294 121
1615282438464 0.42252856492996216 122
1615282473550 0.43819278478622437 123
1615282508635 0.44914424419403076 124
1615282543128 0.430561900138855 125
1615282577931 0.4384903609752655 126
1615282611970 0.4400244355201721 127
1615282645652 0.42741018533706665 128
1615282680643 0.4291336238384247 129
1615282719282 0.4316345751285553 130
1615282753256 0.42438316345214844 131
1615282787070 0.44725853204727173 132
1615282820898 0.4394170939922333 133
1615282854686 0.44930487871170044 134
1615282888445 0.43914851546287537 135
1615282922309 0.4176797866821289 136
1615282956390 0.4382723569869995 137
1615282990297 0.43363168835639954 138
1615283024233 0.4554118514060974 139
1615283061971 0.42098748683929443 140
1615283096313 0.45643746852874756 141
1615283130931 0.4288974404335022 142
1615283166672 0.4277689456939697 143
1615283201648 0.40937820076942444 144
1615283236046 0.40776851773262024 145
1615283270261 0.4391292333602905 146
1615283304307 0.44121795892715454 147
1615283338474 0.4458552896976471 148
1615283372562 0.4757819175720215 149
1615283411815 0.46513327956199646 150
1615283445785 0.44676336646080017 151
1615283479628 0.4690427780151367 152
1615283513426 0.4470369815826416 153
1615283547125 0.4464203119277954 154
1615283580829 0.45123785734176636 155
1615283614759 0.44306010007858276 156
1615283648479 0.42964470386505127 157
1615283682495 0.42350655794143677 158
1615283716544 0.4448298513889313 159
1615283754625 0.44952988624572754 160
1615283788863 0.4431126117706299 161
1615283823227 0.44099125266075134 162
1615283857780 0.4457869231700897 163
1615283892690 0.4443068504333496 164
1615283926628 0.427146315574646 165
1615283961054 0.4472469091415405 166
1615283995130 0.44520285725593567 167
1615284029003 0.4568847417831421 168
1615284062846 0.45539677143096924 169
1615284101526 0.4430839419364929 170
1615284135466 0.4238913655281067 171
1615284169169 0.44906824827194214 172
1615284203172 0.4535442292690277 173
1615284237065 0.46749502420425415 174
1615284271146 0.432113379240036 175
1615284304884 0.46931546926498413 176
1615284338614 0.439613401889801 177
1615284372640 0.4492156505584717 178
1615284406597 0.4324638545513153 179
1615284444239 0.4399465024471283 180
1615284478034 0.4447295665740967 181
1615284512093 0.44877946376800537 182
1615284546200 0.43964824080467224 183
1615284580669 0.4329211115837097 184
1615284615028 0.44588661193847656 185
1615284649490 0.4581347107887268 186
1615284683708 0.44532063603401184 187
1615284717950 0.4434959292411804 188
1615284752274 0.46982264518737793 189
1615284790000 0.4493546783924103 190
1615284824432 0.44846612215042114 191
1615284858551 0.44300997257232666 192
1615284892392 0.44176751375198364 193
1615284926375 0.45244744420051575 194
1615284960464 0.44583064317703247 195
1615284994305 0.4491516351699829 196
1615285028266 0.43180567026138306 197
1615285062294 0.4675949811935425 198
1615285096250 0.45340991020202637 199
1615285134356 0.4377727806568146 200
1615285168364 0.4463072419166565 201
1615285202951 0.4512050151824951 202
1615285237562 0.4552425742149353 203
1615285272419 0.47117099165916443 204
1615285306443 0.4623938500881195 205
1615285340567 0.4316871464252472 206
1615285375036 0.4554397761821747 207
1615285409390 0.4868124723434448 208
1615285443369 0.4651058316230774 209
1615285481783 0.47308599948883057 210
1615285515868 0.44583243131637573 211
1615285549764 0.44645214080810547 212
1615285583561 0.4684675335884094 213
1615285617681 0.46091604232788086 214
1615285651621 0.4804117679595947 215
1615285685593 0.47672802209854126 216
1615285719610 0.49419766664505005 217
1615285753696 0.45419612526893616 218
1615285788959 0.4785328507423401 219
1615285828343 0.4523528218269348 220
1615285862502 0.4520225524902344 221
1615285896652 0.46426814794540405 222
1615285930896 0.46450573205947876 223
1615285964617 0.4482796788215637 224
1615285998570 0.4376831352710724 225
1615286032390 0.4744926393032074 226
1615286066097 0.4694069027900696 227
1615286100123 0.46057891845703125 228
1615286133824 0.4784039855003357 229
1615286171472 0.4584382176399231 230
1615286205221 0.4686306416988373 231
1615286239371 0.4819973111152649 232
1615286273612 0.4804549813270569 233
1615286307702 0.4545297622680664 234
1615286341738 0.4549202620983124 235
1615286376390 0.4375895857810974 236
1615286410563 0.4512169361114502 237
1615286445212 0.45088034868240356 238
1615286479604 0.48051735758781433 239
1615286517146 0.46228325366973877 240
1615286551241 0.49425816535949707 241
1615286585356 0.4640392065048218 242
1615286619135 0.4762316346168518 243
1615286653118 0.46140652894973755 244
1615286686858 0.46245360374450684 245
1615286721117 0.4533517360687256 246
1615286755159 0.4675526022911072 247
1615286789106 0.45098328590393066 248
1615286822749 0.46658995747566223 249
1615286860145 0.4545488953590393 250
1615286893947 0.4566754996776581 251
1615286927972 0.4717087745666504 252
1615286961777 0.4750283360481262 253
1615286995522 0.4627262353897095 254
1615287029478 0.4721962809562683 255
1615287063211 0.451610267162323 256
1615287096982 0.47340279817581177 257
1615287131067 0.48729729652404785 258
1615287164926 0.4964290261268616 259
1615287202717 0.4434763193130493 260
1615287237238 0.4558904767036438 261
1615287271949 0.45814257860183716 262
1615287306711 0.46685442328453064 263
1615287340584 0.47304460406303406 264
1615287374690 0.45955583453178406 265
1615287408645 0.4659460186958313 266
1615287442816 0.4743140637874603 267
1615287476802 0.4984133839607239 268
1615287510858 0.4755673408508301 269
1615287548190 0.45993173122406006 270
1615287582017 0.4773520231246948 271
1615287616737 0.48216885328292847 272
1615287650849 0.4628230333328247 273
1615287684633 0.4603669047355652 274
1615287718461 0.46192729473114014 275
1615287752103 0.4725724458694458 276
1615287786103 0.46467429399490356 277
1615287819794 0.4662785530090332 278
1615287853947 0.4713093638420105 279
1615287891465 0.47836732864379883 280
1615287925434 0.48476871848106384 281
1615287959429 0.508386492729187 282
1615287993135 0.4936369061470032 283
1615288027430 0.4695743918418884 284
1615288061888 0.48742401599884033 285
1615288096246 0.4814316928386688 286
1615288130699 0.48318368196487427 287
1615288165004 0.4943941831588745 288
1615288199015 0.5053229331970215 289
1615288236597 0.4811432957649231 290
1615288271574 0.49386242032051086 291
1615288305769 0.4805299937725067 292
1615288339624 0.46378564834594727 293
1615288373579 0.4521414339542389 294
1615288407690 0.48178306221961975 295
1615288441508 0.49227190017700195 296
1615288475323 0.4619046449661255 297
1615288509210 0.4582868218421936 298
1615288543083 0.4755914807319641 299
1615288580805 0.4602620601654053 300
1615288615826 0.4663100242614746 301
1615288651731 0.48612457513809204 302
1615288686118 0.4881111979484558 303
1615288720059 0.46597808599472046 304
1615288754734 0.45444557070732117 305
1615288788571 0.48082906007766724 306
1615288822504 0.4835170805454254 307
1615288856532 0.48289233446121216 308
1615288890275 0.4960319399833679 309
1615288928149 0.4921046495437622 310
1615288961796 0.48261502385139465 311
1615288995506 0.49962514638900757 312
1615289029517 0.4962679147720337 313
1615289064132 0.4812390208244324 314
1615289098684 0.46476924419403076 315
1615289133314 0.4747689962387085 316
1615289168646 0.48958832025527954 317
1615289202973 0.46145111322402954 318
1615289237312 0.4873558282852173 319
1615289275347 0.4943145513534546 320
1615289310017 0.5261720418930054 321
1615289343767 0.5193762183189392 322
1615289377712 0.4897325038909912 323
1615289411709 0.49484318494796753 324
1615289445741 0.5034481287002563 325
1615289479858 0.49429574608802795 326
1615289513691 0.488955020904541 327
1615289547616 0.4951399862766266 328
1615289581583 0.48615527153015137 329
1615289619499 0.48537206649780273 330
1615289653511 0.4464408755302429 331
1615289688167 0.4659441113471985 332
1615289722699 0.4872029721736908 333
1615289757476 0.46796539425849915 334
1615289792018 0.4807622730731964 335
1615289826494 0.4908295273780823 336
1615289860498 0.46089524030685425 337
1615289894658 0.4490419626235962 338
1615289928718 0.4623737931251526 339
1615289966371 0.48261725902557373 340
1615290000367 0.4967331290245056 341
1615290034076 0.5016427040100098 342
1615290068159 0.4901643991470337 343
1615290102120 0.5144355297088623 344
1615290135923 0.503791093826294 345
1615290169898 0.495945543050766 346
1615290203782 0.47074347734451294 347
1615290237828 0.5128259062767029 348
1615290271872 0.5129575729370117 349
1615290309939 0.4824371337890625 350
1615290344553 0.5052372217178345 351
1615290379729 0.5282522439956665 352
1615290414141 0.4775857627391815 353
1615290448758 0.4892593026161194 354
1615290482608 0.4920738637447357 355
1615290516677 0.49754029512405396 356
1615290550236 0.4943045973777771 357
1615290584044 0.4916004538536072 358
1615290617983 0.5012302398681641 359
1615290655912 0.5001363158226013 360
1615290689807 0.5031992197036743 361
1615290723926 0.49403512477874756 362
1615290757981 0.5089381337165833 363
1615290792122 0.5050878524780273 364
1615290826392 0.5229001045227051 365
1615290861033 0.47618168592453003 366
1615290895379 0.4891226887702942 367
1615290929797 0.49999451637268066 368
1615290964029 0.4841459393501282 369
1615291002029 0.5013570189476013 370
1615291035843 0.4715346693992615 371
1615291069964 0.48190680146217346 372
1615291103733 0.4845127463340759 373
1615291138252 0.4843360185623169 374
1615291172008 0.4905080199241638 375
1615291206207 0.4800853133201599 376
1615291240192 0.4721100330352783 377
1615291274000 0.4996485710144043 378
1615291307946 0.5265028476715088 379
1615291345814 0.5035814642906189 380
1615291379572 0.4905966520309448 381
1615291413135 0.48101866245269775 382
1615291447230 0.4779623746871948 383
1615291481832 0.5072470903396606 384
1615291516932 0.5008592009544373 385
1615291551560 0.5038005709648132 386
1615291585931 0.5021470189094543 387
1615291620132 0.49303576350212097 388
1615291654002 0.49913907051086426 389
1615291691904 0.4872080087661743 390
1615291725928 0.4737403988838196 391
1615291760164 0.5016854405403137 392
1615291793960 0.5073776841163635 393
1615291828040 0.4951562285423279 394
1615291862108 0.4988693594932556 395
1615291896110 0.5208518505096436 396
1615291929964 0.5385466814041138 397
1615291963854 0.5038219690322876 398
1615291997490 0.5057691335678101 399
1615292035242 0.5116591453552246 400
1615292071256 0.5126934051513672 401
1615292106202 0.519282877445221 402
1615292140328 0.47562021017074585 403
1615292174861 0.5127959847450256 404
1615292209097 0.5424363613128662 405
1615292243079 0.5268512964248657 406
1615292276890 0.5164326429367065 407
1615292310652 0.47913533449172974 408
1615292344462 0.5126117467880249 409
1615292381968 0.5173710584640503 410
1615292415757 0.5139034986495972 411
1615292449600 0.4835070073604584 412
1615292483622 0.4896947741508484 413
1615292517715 0.4702528715133667 414
1615292552066 0.5020681619644165 415
1615292586907 0.480327308177948 416
1615292621371 0.5056328773498535 417
1615292655616 0.4893176555633545 418
1615292689914 0.47559383511543274 419
1615292728781 0.5054109692573547 420
1615292762834 0.5056353211402893 421
1615292796783 0.5119175910949707 422
1615292830694 0.5011026859283447 423
1615292864417 0.5005464553833008 424
1615292898181 0.4854013919830322 425
1615292931868 0.4983242154121399 426
1615292965636 0.5605040192604065 427
1615292999520 0.5220609903335571 428
1615293033429 0.5263750553131104 429
1615293071684 0.5019203424453735 430
1615293106593 0.481726735830307 431
1615293141027 0.5179435014724731 432
1615293175352 0.49403804540634155 433
1615293209327 0.5003511309623718 434
1615293243273 0.5211384892463684 435
1615293277229 0.5264409184455872 436
1615293311622 0.4682217240333557 437
1615293345455 0.4770107865333557 438
1615293379372 0.48819810152053833 439
1615293417474 0.48987501859664917 440
1615293451606 0.5308504104614258 441
1615293485546 0.5231305360794067 442
1615293519569 0.499311625957489 443
1615293553423 0.517561137676239 444
1615293587488 0.5387293100357056 445
1615293621760 0.5077940821647644 446
1615293656237 0.4836626648902893 447
1615293690524 0.4973587393760681 448
1615293725554 0.5208116173744202 449
1615293763878 0.5351380109786987 450
1615293797992 0.5061936974525452 451
1615293832594 0.5150836110115051 452
1615293866536 0.5068322420120239 453
1615293900354 0.5181981921195984 454
1615293934009 0.5220244526863098 455
1615293967786 0.47303521633148193 456
1615294001515 0.4997505843639374 457
1615294035634 0.5018574595451355 458
1615294069629 0.4988069534301758 459
1615294107428 0.501393735408783 460
1615294142020 0.5117822885513306 461
1615294176669 0.5188779234886169 462
1615294211432 0.4779505133628845 463
1615294245552 0.49819350242614746 464
1615294279799 0.550560712814331 465
1615294313895 0.5167404413223267 466
1615294347796 0.5312514305114746 467
1615294381516 0.5226132273674011 468
1615294415386 0.4942469000816345 469
1615294453159 0.5238302946090698 470
1615294487163 0.5111372470855713 471
1615294520963 0.5273829698562622 472
1615294554935 0.5101703405380249 473
1615294588666 0.5067746043205261 474
1615294622628 0.5015060901641846 475
1615294656589 0.5180887579917908 476
1615294690434 0.50209641456604 477
1615294724184 0.541417121887207 478
1615294758177 0.5253923535346985 479
1615294795843 0.4954770803451538 480
1615294829720 0.4976888597011566 481
1615294863800 0.5308263301849365 482
1615294898093 0.5030568838119507 483
1615294932434 0.5185894966125488 484
1615294967312 0.5415549278259277 485
1615295001509 0.48670172691345215 486
1615295035669 0.5064562559127808 487
1615295069771 0.5402176380157471 488
1615295103745 0.5069074630737305 489
1615295141940 0.5140899419784546 490
1615295176432 0.5405901670455933 491
1615295210282 0.5286951661109924 492
1615295244043 0.519363522529602 493
1615295278017 0.5246290564537048 494
1615295311643 0.528258740901947 495
1615295345595 0.5262477397918701 496
1615295379263 0.5026714205741882 497
1615295413256 0.5118790864944458 498
1615295447380 0.510285496711731 499
1615295485068 0.5333648324012756 500
1615295519218 0.501789927482605 501
1615295553935 0.5329793095588684 502
1615295588274 0.543148934841156 503
1615295622618 0.5151243209838867 504
1615295657163 0.5207212567329407 505
1615295691350 0.5088788866996765 506
1615295725463 0.5272100567817688 507
1615295759747 0.5342316031455994 508
1615295793788 0.5195823311805725 509
1615295831876 0.5310767292976379 510
1615295865669 0.5154831409454346 511
1615295899643 0.5161169767379761 512
1615295933221 0.5551021099090576 513
1615295967150 0.5070534348487854 514
1615296001054 0.5270247459411621 515
1615296034873 0.5141887664794922 516
1615296068860 0.5378921031951904 517
1615296103648 0.5354787707328796 518
1615296139648 0.5274233818054199 519
1615296177644 0.5260571241378784 520
1615296211933 0.49974527955055237 521
1615296246126 0.47503334283828735 522
1615296281186 0.5091038346290588 523
1615296315054 0.5345823764801025 524
1615296349038 0.5120596885681152 525
1615296383182 0.515497088432312 526
1615296416915 0.5390502214431763 527
1615296450729 0.5353013277053833 528
1615296484478 0.5010980367660522 529
1615296521936 0.5317779183387756 530
1615296555947 0.5107902884483337 531
1615296589937 0.5272516012191772 532
1615296624075 0.5144906044006348 533
1615296657955 0.4836371839046478 534
1615296692550 0.524513840675354 535
1615296727351 0.5317568778991699 536
1615296762580 0.5082702040672302 537
1615296796804 0.5170506238937378 538
1615296830928 0.5488327741622925 539
1615296868797 0.5250445604324341 540
1615296902566 0.528505802154541 541
1615296936544 0.520736575126648 542
1615296971358 0.5288357734680176 543
1615297005284 0.5256947875022888 544
1615297039298 0.5102357268333435 545
1615297073063 0.5234819054603577 546
1615297107129 0.541869580745697 547
1615297140891 0.534193217754364 548
1615297174994 0.532043993473053 549
1615297212642 0.5145820379257202 550
1615297246733 0.5400398969650269 551
1615297280694 0.5268611907958984 552
1615297315467 0.5526556968688965 553
1615297350731 0.5036932826042175 554
1615297385447 0.5424048900604248 555
1615297419624 0.5391837954521179 556
1615297453763 0.5018784999847412 557
1615297488379 0.4962729811668396 558
1615297522464 0.5248638391494751 559
1615297560005 0.47951263189315796 560
1615297593883 0.5170053243637085 561
1615297627485 0.5213555097579956 562
1615297661195 0.527396559715271 563
1615297694912 0.5387778878211975 564
1615297728615 0.4932948350906372 565
1615297762614 0.5119577050209045 566
1615297797199 0.5183802843093872 567
1615297832457 0.503721296787262 568
1615297867061 0.545224666595459 569
1615297905758 0.5282175540924072 570
1615297940110 0.5166186094284058 571
1615297973916 0.5283343195915222 572
1615298008587 0.572503924369812 573
1615298042518 0.5279024839401245 574
1615298076330 0.5243151187896729 575
1615298110472 0.5213066339492798 576
1615298144568 0.5088269114494324 577
1615298178510 0.5208554863929749 578
1615298212470 0.5532904863357544 579
1615298250344 0.5226958990097046 580
1615298284359 0.5445193648338318 581
1615298318027 0.5357701778411865 582
1615298352166 0.49653908610343933 583
1615298386119 0.5725356340408325 584
1615298420132 0.5181714296340942 585
1615298454151 0.509465217590332 586
1615298490121 0.5183594226837158 587
1615298525496 0.5150645971298218 588
1615298560024 0.5206740498542786 589
1615298598508 0.5322147011756897 590
1615298632671 0.5228654146194458 591
1615298666522 0.5141909718513489 592
1615298700614 0.5357774496078491 593
1615298734343 0.5067875981330872 594
1615298768200 0.5296353697776794 595
1615298801931 0.5565398335456848 596
1615298835692 0.506125807762146 597
1615298869597 0.5439087748527527 598
1615298903515 0.5174285769462585 599
1615298941455 0.5253856778144836 600
1615298975339 0.5204814076423645 601
1615299009239 0.5154850482940674 602
1615299043338 0.530124306678772 603
1615299078420 0.528659462928772 604
1615299113336 0.533201277256012 605
1615299148430 0.5177358388900757 606
1615299182890 0.5111079216003418 607
1615299217167 0.5143557786941528 608
1615299251605 0.5360584259033203 609
1615299289286 0.5118802785873413 610
1615299323115 0.5241248607635498 611
1615299357025 0.5135796666145325 612
1615299391414 0.5196832418441772 613
1615299425120 0.5271027088165283 614
1615299458976 0.5198751091957092 615
1615299492861 0.5227359533309937 616
1615299526578 0.5506478548049927 617
1615299560382 0.5173238515853882 618
1615299594067 0.5132520794868469 619
1615299631693 0.5246139764785767 620
1615299665453 0.5411602258682251 621
1615299699389 0.5523241758346558 622
1615299732967 0.5199031829833984 623
1615299766725 0.5279367566108704 624
1615299800520 0.5362785458564758 625
1615299834669 0.5286957025527954 626
1615299868720 0.5357397794723511 627
1615299902630 0.5159183144569397 628
1615299936602 0.5109782218933105 629
1615299974957 0.5400789976119995 630
1615300009118 0.5463827848434448 631
1615300043513 0.5488644242286682 632
1615300077856 0.5165271759033203 633
1615300112407 0.5159659385681152 634
1615300146638 0.5097537636756897 635
1615300180458 0.5200173258781433 636
1615300214424 0.5538010001182556 637
1615300248574 0.5199588537216187 638
1615300282346 0.5344219207763672 639
1615300320064 0.5260505676269531 640
1615300353957 0.5433006882667542 641
1615300387842 0.5263733863830566 642
1615300421808 0.5259324908256531 643
1615300455546 0.5255785584449768 644
1615300489273 0.5586776733398438 645
1615300523182 0.5205200910568237 646
1615300557134 0.5284724235534668 647
1615300590982 0.5143916010856628 648
1615300624986 0.5457184314727783 649
1615300662436 0.5317842364311218 650
1615300696374 0.5453680753707886 651
1615300730144 0.5682920813560486 652
1615300764262 0.5371732115745544 653
1615300799205 0.5283463001251221 654
1615300834986 0.5775137543678284 655
1615300869851 0.538475513458252 656
1615300904128 0.5441843867301941 657
1615300938221 0.523419976234436 658
1615300972030 0.5426820516586304 659
1615301009546 0.5330713391304016 660
1615301043419 0.5489413738250732 661
1615301077299 0.5383389592170715 662
1615301111353 0.5368573665618896 663
1615301145303 0.5377890467643738 664
1615301178971 0.5386042594909668 665
1615301214842 0.5352212190628052 666
1615301250583 0.5276647806167603 667
1615301285222 0.5382301211357117 668
1615301319272 0.5433912873268127 669
1615301356977 0.5148533582687378 670
1615301390835 0.5426188111305237 671
1615301424763 0.5542972683906555 672
1615301458853 0.5385985374450684 673
1615301492693 0.568309485912323 674
1615301526558 0.5409857630729675 675
1615301560099 0.5092296004295349 676
1615301594237 0.48489701747894287 677
1615301627957 0.5159685015678406 678
1615301661829 0.525181770324707 679
1615301699461 0.5322117209434509 680
1615301733196 0.5361783504486084 681
1615301767164 0.5357797145843506 682
1615301801120 0.514849066734314 683
1615301836505 0.5368742942810059 684
1615301871614 0.5406186580657959 685
1615301905927 0.5400862693786621 686
1615301940196 0.5332016348838806 687
1615301974167 0.5461068749427795 688
1615302008373 0.5152676701545715 689
1615302046510 0.5351065397262573 690
1615302080534 0.5424978733062744 691
1615302114845 0.5344804525375366 692
1615302149025 0.5430762767791748 693
1615302183065 0.5441336631774902 694
1615302216774 0.5351822376251221 695
1615302250709 0.520248532295227 696
1615302284533 0.5148203372955322 697
1615302318484 0.5463842153549194 698
1615302352721 0.5408926010131836 699
1615302391651 0.5550230741500854 700
1615302426857 0.5452934503555298 701
1615302460936 0.5364750623703003 702
1615302495086 0.5261566638946533 703
1615302529338 0.5669277906417847 704
1615302563280 0.552100658416748 705
1615302597204 0.4890388548374176 706
1615302631789 0.5285133123397827 707
1615302665792 0.5529180765151978 708
1615302699561 0.5399282574653625 709
1615302737337 0.5125454664230347 710
1615302771072 0.557391881942749 711
1615302804967 0.5545523762702942 712
1615302838975 0.5848997831344604 713
1615302872592 0.5327157974243164 714
1615302906573 0.5419145822525024 715
1615302940850 0.574849009513855 716
1615302976084 0.5331164598464966 717
1615303010695 0.5220543742179871 718
1615303045013 0.5360898971557617 719
1615303082800 0.543092668056488 720
1615303116741 0.5180075764656067 721
1615303151095 0.5610640048980713 722
1615303184981 0.523334264755249 723
1615303219100 0.5660547614097595 724
1615303252846 0.5515199899673462 725
1615303286557 0.5504422187805176 726
1615303320598 0.5214217901229858 727
1615303354535 0.5241501927375793 728
1615303388272 0.5746879577636719 729
1615303425835 0.5109916925430298 730
1615303459732 0.5437705516815186 731
1615303493765 0.5301064848899841 732
1615303528007 0.5400671362876892 733
1615303562717 0.5454913377761841 734
1615303598485 0.5073875188827515 735
1615303632697 0.5169228315353394 736
1615303666769 0.5014883875846863 737
1615303700810 0.5482139587402344 738
1615303734654 0.5297274589538574 739
1615303772215 0.5247539281845093 740
1615303806500 0.5347338914871216 741
1615303840248 0.5580084323883057 742
1615303874327 0.5373753905296326 743
1615303908298 0.5479620099067688 744
1615303942156 0.5672016739845276 745
1615303976195 0.5573017597198486 746
1615304009952 0.5505593419075012 747
1615304043795 0.5213147401809692 748
1615304077865 0.5557219982147217 749
1615304115360 0.5433601140975952 750
1615304149335 0.5216010212898254 751
1615304183272 0.5472527742385864 752
1615304217373 0.5471655130386353 753
1615304251366 0.5347340703010559 754
1615304285534 0.527702808380127 755
1615304320143 0.5418387055397034 756
1615304355237 0.5397007465362549 757
1615304389478 0.5637165307998657 758
1615304423688 0.5227907299995422 759
1615304461744 0.5285439491271973 760
1615304495814 0.5468142032623291 761
1615304529750 0.5368441939353943 762
1615304564500 0.5396790504455566 763
1615304598434 0.5514562129974365 764
1615304632404 0.5330338478088379 765
1615304666211 0.5285438895225525 766
1615304699880 0.5332865715026855 767
1615304733602 0.5394229888916016 768
1615304767685 0.5373831987380981 769
1615304805101 0.5599275827407837 770
1615304838826 0.5282145738601685 771
1615304872565 0.5350479483604431 772
1615304906853 0.530637264251709 773
1615304941094 0.551074743270874 774
1615304975305 0.538282036781311 775
1615305009554 0.5217820405960083 776
1615305043777 0.5305913686752319 777
1615305078354 0.5644041299819946 778
1615305112699 0.5169976353645325 779
1615305150955 0.5861044526100159 780
1615305185564 0.5212894678115845 781
1615305219729 0.5405682921409607 782
1615305253936 0.5542721152305603 783
1615305288806 0.5769736766815186 784
1615305322912 0.5440738201141357 785
1615305357006 0.5648908615112305 786
1615305391093 0.5632017254829407 787
1615305425126 0.5276962518692017 788
1615305459203 0.5366296768188477 789
1615305496792 0.5663187503814697 790
1615305530886 0.5265182256698608 791
1615305564638 0.5543001890182495 792
1615305598377 0.5898631811141968 793
1615305632321 0.5186876058578491 794
1615305666564 0.5090879797935486 795
1615305700472 0.5118058919906616 796
1615305734566 0.5439070463180542 797
1615305768734 0.5135838985443115 798
1615305803262 0.5400595664978027 799
1615305841658 0.5280525088310242 800
1615305875910 0.5304900407791138 801
1615305910416 0.5394647717475891 802
1615305944603 0.5548696517944336 803
1615305978801 0.5493698120117188 804
1615306013222 0.5339676141738892 805
1615306047113 0.5214815735816956 806
1615306080909 0.510837197303772 807
1615306115925 0.513424813747406 808
1615306150013 0.5246052742004395 809
1615306187838 0.5528877377510071 810
1615306221826 0.5651659965515137 811
1615306255604 0.5570713877677917 812
1615306289673 0.52888423204422 813
1615306323546 0.549936056137085 814
1615306357456 0.5266718864440918 815
1615306391285 0.5571302175521851 816
1615306425154 0.5123127698898315 817
1615306459065 0.5614235997200012 818
1615306494017 0.5719542503356934 819
1615306533102 0.5378619432449341 820
1615306567475 0.5502040982246399 821
1615306601420 0.5380733013153076 822
1615306635295 0.5480824708938599 823
1615306670132 0.534125804901123 824
1615306703960 0.5401430130004883 825
1615306738040 0.5710030794143677 826
1615306771866 0.5515762567520142 827
1615306805920 0.5394728779792786 828
1615306839609 0.5583665370941162 829
1615306877387 0.5675522089004517 830
1615306911073 0.5388225317001343 831
1615306944991 0.571808934211731 832
1615306978881 0.5548118352890015 833
1615307012892 0.5571101903915405 834
1615307046828 0.569143533706665 835
1615307080769 0.5297805070877075 836
1615307115061 0.5252917408943176 837
1615307149763 0.5503429174423218 838
1615307184152 0.5456567406654358 839
1615307222623 0.5691958069801331 840
1615307256979 0.5449837446212769 841
1615307291063 0.5472342371940613 842
1615307325278 0.5545892119407654 843
1615307359404 0.5684274435043335 844
1615307393355 0.5371091365814209 845
1615307427352 0.5377302169799805 846
1615307461912 0.5510061383247375 847
1615307495938 0.5387281775474548 848
1615307530002 0.5441564321517944 849
1615307567424 0.5437977313995361 850
1615307601195 0.5187491178512573 851
1615307635183 0.5117706656455994 852
1615307668935 0.524355411529541 853
1615307702809 0.5526570081710815 854
1615307737215 0.543877363204956 855
1615307771329 0.5550546646118164 856
1615307805517 0.5498864054679871 857
1615307839989 0.5424644947052002 858
1615307874288 0.5470733046531677 859
1615307912734 0.5568692684173584 860
1615307947105 0.5753844976425171 861
1615307981365 0.5634762048721313 862
1615308015262 0.5679885149002075 863
1615308049462 0.5567646622657776 864
1615308083441 0.5475199818611145 865
1615308117297 0.5936610698699951 866
1615308151147 0.5496007800102234 867
1615308185698 0.5570930242538452 868
1615308219622 0.545454204082489 869
1615308257537 0.5556163191795349 870
1615308291285 0.5868453979492188 871
1615308325262 0.5419453382492065 872
1615308359354 0.5585240721702576 873
1615308393250 0.5327143669128418 874
1615308427299 0.5431915521621704 875
1615308461253 0.5295024514198303 876
1615308495720 0.5602867007255554 877
1615308529860 0.5308542251586914 878
1615308564164 0.5643209218978882 879
1615308602374 0.5353977084159851 880
1615308636702 0.5227890610694885 881
1615308670631 0.4982290267944336 882
1615308704707 0.5367579460144043 883
1615308738782 0.579135537147522 884
1615308772748 0.524686336517334 885
1615308806455 0.5909209251403809 886
1615308840297 0.5797218084335327 887
1615308874450 0.5791703462600708 888
1615308908547 0.5722478628158569 889
1615308946381 0.5544573068618774 890
1615308980320 0.5615220069885254 891
1615309014171 0.57680344581604 892
1615309048068 0.5775340795516968 893
1615309081854 0.5794630646705627 894
1615309115696 0.5757825374603271 895
1615309149683 0.5698086619377136 896
1615309183725 0.5305089950561523 897
1615309217905 0.5629715919494629 898
1615309252946 0.5628139972686768 899
1615309291798 0.5139315128326416 900
1615309326791 0.5737063884735107 901
1615309360945 0.5360216498374939 902
1615309395758 0.5414271950721741 903
1615309430437 0.5131592750549316 904
1615309464376 0.572449803352356 905
1615309498263 0.5670046806335449 906
1615309532392 0.5484172701835632 907
1615309566456 0.5472897291183472 908
1615309600213 0.5591526031494141 909
1615309637669 0.5315811634063721 910
1615309671333 0.5445571541786194 911
1615309705125 0.5495433807373047 912
1615309739097 0.592505931854248 913
1615309773031 0.5436934232711792 914
1615309807355 0.5371130704879761 915
1615309841701 0.5608941316604614 916
1615309876133 0.5521723031997681 917
1615309910596 0.5604102611541748 918
1615309944806 0.5171788930892944 919
1615309982737 0.5640981197357178 920
1615310017044 0.5401595830917358 921
1615310051854 0.546451985836029 922
1615310086002 0.5310854315757751 923
1615310119901 0.53316330909729 924
1615310153874 0.5506830215454102 925
1615310187997 0.5872244834899902 926
1615310222065 0.5531827211380005 927
1615310255872 0.5515572428703308 928
1615310289709 0.5582201480865479 929
1615310327464 0.5899302959442139 930
1615310361172 0.5940607786178589 931
1615310394839 0.5704969763755798 932
1615310428972 0.5567725300788879 933
1615310463186 0.554060697555542 934
1615310497093 0.5730183124542236 935
1615310531333 0.566347599029541 936
1615310566096 0.5732211470603943 937
1615310601449 0.5451226830482483 938
1615310635964 0.5514638423919678 939
1615310674094 0.5777838826179504 940
1615310708192 0.5574319362640381 941
1615310742126 0.533758282661438 942
1615310776191 0.5814405679702759 943
1615310810828 0.5588959455490112 944
1615310844845 0.545952320098877 945
1615310878534 0.5612668991088867 946
1615310912242 0.5357879996299744 947
1615310946159 0.5826228857040405 948
1615310979901 0.5658924579620361 949
1615311017457 0.592760443687439 950
1615311051210 0.560249388217926 951
1615311085233 0.5757026672363281 952
1615311119264 0.564290463924408 953
1615311153406 0.5558095574378967 954
1615311188562 0.5813359022140503 955
1615311223306 0.579863429069519 956
1615311258007 0.5738368034362793 957
1615311292156 0.6138879060745239 958
1615311327218 0.5736067891120911 959
1615311365060 0.5629562139511108 960
1615311399080 0.5465919375419617 961
1615311432777 0.6014934778213501 962
1615311466528 0.5571048259735107 963
1615311500462 0.5584027767181396 964
1615311534121 0.5658556818962097 965
1615311567845 0.5825199484825134 966
1615311601617 0.5807494521141052 967
1615311635707 0.5479969382286072 968
1615311669405 0.5813113451004028 969
1615311706788 0.556647002696991 970
1615311740565 0.5399038791656494 971
1615311774723 0.5552693605422974 972
1615311808798 0.583431601524353 973
1615311842916 0.5762959718704224 974
1615311877230 0.5947267413139343 975
1615311911798 0.5833766460418701 976
1615311946269 0.5405534505844116 977
1615311980713 0.5682370066642761 978
1615312014690 0.590103030204773 979
1615312052640 0.5760486721992493 980
1615312086581 0.5607334971427917 981
1615312120630 0.5763337016105652 982
1615312154866 0.5559223890304565 983
1615312188776 0.561524510383606 984
1615312222871 0.574012041091919 985
1615312256880 0.5601087808609009 986
1615312290889 0.5683333873748779 987
1615312324749 0.5928643941879272 988
1615312358664 0.5097041130065918 989
1615312396479 0.596156120300293 990
1615312430220 0.5609492659568787 991
1615312464331 0.5846940279006958 992
1615312498232 0.5873657464981079 993
1615312532385 0.5610063076019287 994
1615312566342 0.5652791857719421 995
1615312601285 0.5530113577842712 996
1615312636396 0.5994765162467957 997
1615312671228 0.5692653656005859 998
1615312705827 0.5697615146636963 999
1615312744592 0.5790114402770996 1000
1615312778555 0.5790189504623413 1001
1615312812429 0.5589234828948975 1002
1615312846613 0.56377112865448 1003
1615312880670 0.5197249054908752 1004
1615312914792 0.5660960674285889 1005
1615312948651 0.5796405076980591 1006
1615312982906 0.5672460794448853 1007
1615313016831 0.6130943298339844 1008
1615313050616 0.5777444839477539 1009
1615313087926 0.5671440958976746 1010
1615313121765 0.5797433853149414 1011
1615313155666 0.5527283549308777 1012
1615313189634 0.5854405164718628 1013
1615313223961 0.5865519046783447 1014
1615313259473 0.6045001745223999 1015
1615313294774 0.587874710559845 1016
1615313329150 0.5831645727157593 1017
1615313363622 0.5767890810966492 1018
1615313397396 0.5916971564292908 1019
1615313436185 0.5545416474342346 1020
1615313470089 0.5913063287734985 1021
1615313503900 0.5833706855773926 1022
1615313537741 0.5887877941131592 1023
1615313571749 0.5672725439071655 1024
1615313605501 0.5990604162216187 1025
1615313639602 0.5631997585296631 1026
1615313674115 0.5766615867614746 1027
1615313708612 0.5645870566368103 1028
1615313743611 0.608234703540802 1029
1615313783494 0.5582005381584167 1030
1615313817631 0.5983811616897583 1031
1615313851800 0.5614213943481445 1032
1615313885709 0.5895822644233704 1033
1615313919608 0.5734603404998779 1034
1615313953501 0.5983633399009705 1035
1615313987247 0.5547752976417542 1036
1615314021096 0.5936766266822815 1037
1615314055243 0.5637792348861694 1038
1615314089419 0.5643163323402405 1039
1615314127532 0.5790011286735535 1040
1615314162668 0.5390926003456116 1041
1615314197261 0.5307555198669434 1042
1615314231753 0.5440142750740051 1043
1615314265765 0.5612149238586426 1044
1615314300178 0.579678475856781 1045
1615314334326 0.5469400882720947 1046
1615314368075 0.6004455089569092 1047
1615314402600 0.551581859588623 1048
1615314436883 0.5856460332870483 1049
1615314475006 0.5799368023872375 1050
1615314509140 0.5650084614753723 1051
1615314542799 0.5928664803504944 1052
1615314576811 0.5674796104431152 1053
1615314610939 0.5685294270515442 1054
1615314644722 0.5620070695877075 1055
1615314678775 0.5926902890205383 1056
1615314712826 0.561895489692688 1057
1615314747023 0.5534560084342957 1058
1615314781131 0.5758534669876099 1059
1615314819814 0.6006327867507935 1060
1615314854564 0.5774328708648682 1061
1615314889147 0.57126384973526 1062
1615314923772 0.574769139289856 1063
1615314957943 0.6092810034751892 1064
1615314991763 0.5797566175460815 1065
1615315026335 0.5749524831771851 1066
1615315061297 0.5886045694351196 1067
1615315095354 0.5636882781982422 1068
1615315129392 0.5658637285232544 1069
1615315167259 0.568365216255188 1070
1615315201127 0.5673431158065796 1071
1615315235241 0.5688736438751221 1072
1615315268996 0.5540478229522705 1073
1615315302843 0.5522385835647583 1074
1615315336628 0.5796996355056763 1075
1615315370458 0.5953329205513 1076
1615315404378 0.593191385269165 1077
1615315438408 0.5601418614387512 1078
1615315472193 0.565586507320404 1079
1615315509888 0.608985424041748 1080
1615315544025 0.5794426202774048 1081
1615315578076 0.5775789022445679 1082
1615315612200 0.5693533420562744 1083
1615315646269 0.5230889320373535 1084
1615315680833 0.5607296824455261 1085
1615315715348 0.5631850957870483 1086
1615315749454 0.576610267162323 1087
1615315784262 0.5637198686599731 1088
1615315818563 0.5650393962860107 1089
1615315856532 0.5681580305099487 1090
1615315890569 0.5733202695846558 1091
1615315924952 0.5783818364143372 1092
1615315958863 0.5524418354034424 1093
1615315992847 0.5722274780273438 1094
1615316026806 0.5571407675743103 1095
1615316060694 0.5482794046401978 1096
1615316094523 0.5800796151161194 1097
1615316128408 0.5935899019241333 1098
1615316162531 0.563323974609375 1099
1615316200265 0.5969005823135376 1100
1615316234562 0.5647797584533691 1101
1615316268617 0.5814228057861328 1102
1615316302564 0.5811470150947571 1103
1615316336489 0.5520159006118774 1104
1615316370470 0.5721533298492432 1105
1615316404668 0.5540915727615356 1106
1615316438770 0.5588418841362 1107
1615316472897 0.5787521600723267 1108
1615316506969 0.5753006935119629 1109
1615316544666 0.5482158660888672 1110
1615316578482 0.5595818758010864 1111
1615316612399 0.5797058343887329 1112
1615316646125 0.5963026285171509 1113
1615316679822 0.5777331590652466 1114
1615316713846 0.5865688920021057 1115
1615316747943 0.5702347159385681 1116
1615316781676 0.55820631980896 1117
1615316815516 0.5738623142242432 1118
1615316849299 0.5935617685317993 1119
1615316886876 0.5736244916915894 1120
1615316920808 0.5745432376861572 1121
1615316954961 0.5638816356658936 1122
1615316988955 0.6190929412841797 1123
1615317022948 0.5689449310302734 1124
1615317056746 0.5666399002075195 1125
1615317090397 0.5330132246017456 1126
1615317124527 0.5969036817550659 1127
1615317158546 0.5573161840438843 1128
1615317192618 0.547031044960022 1129
1615317230293 0.5693658590316772 1130
1615317264347 0.5568256378173828 1131
1615317298512 0.5516846179962158 1132
1615317332535 0.5611535906791687 1133
1615317366643 0.5669991970062256 1134
1615317400393 0.5623167753219604 1135
1615317434271 0.5645385980606079 1136
1615317468276 0.5877493023872375 1137
1615317502188 0.5788569450378418 1138
1615317535949 0.5606231689453125 1139
1615317573502 0.5302594900131226 1140
1615317607637 0.5964367985725403 1141
1615317641407 0.5614924430847168 1142
1615317675348 0.5698153376579285 1143
1615317709037 0.5718860626220703 1144
1615317742911 0.6079443693161011 1145
1615317776825 0.5518978834152222 1146
1615317810955 0.56679767370224 1147
1615317844704 0.606120228767395 1148
1615317878773 0.58931964635849 1149
1615317916701 0.564786434173584 1150
1615317950552 0.5624767541885376 1151
1615317984662 0.5587225556373596 1152
1615318018612 0.5738280415534973 1153
1615318052755 0.5650953054428101 1154
1615318086985 0.5448567867279053 1155
1615318121741 0.6115016937255859 1156
1615318156305 0.5630631446838379 1157
1615318190182 0.5362928509712219 1158
1615318223911 0.6198335289955139 1159
1615318262433 0.5829687118530273 1160
1615318296378 0.605614423751831 1161
1615318330415 0.5614255666732788 1162
1615318364208 0.5892937779426575 1163
1615318397883 0.5635353922843933 1164
1615318432017 0.5514828562736511 1165
1615318465822 0.5705834627151489 1166
1615318499954 0.5643196702003479 1167
1615318533762 0.5687759518623352 1168
1615318567975 0.5827518701553345 1169
1615318606012 0.5678006410598755 1170
1615318640034 0.5665497779846191 1171
1615318673937 0.5607892274856567 1172
1615318708009 0.5609230399131775 1173
1615318742136 0.5871971845626831 1174
1615318776137 0.5777857303619385 1175
1615318810038 0.6275338530540466 1176
1615318843857 0.5615983605384827 1177
1615318877829 0.5656929016113281 1178
1615318911912 0.5778858661651611 1179
1615318949159 0.5972867012023926 1180
1615318983008 0.5962206125259399 1181
1615319016851 0.5703766345977783 1182
1615319050767 0.5746166706085205 1183
1615319084923 0.5623685121536255 1184
1615319118934 0.5901027321815491 1185
1615319153146 0.5835807919502258 1186
1615319187089 0.5723836421966553 1187
1615319221156 0.6000667810440063 1188
1615319255268 0.5517822504043579 1189
1615319293035 0.5684701800346375 1190
1615319327009 0.5894854068756104 1191
1615319361396 0.5727905035018921 1192
1615319395428 0.5638970136642456 1193
1615319429479 0.5903875827789307 1194
1615319463244 0.5847442150115967 1195
1615319497008 0.5458362102508545 1196
1615319530935 0.5479468703269958 1197
1615319564618 0.5881437063217163 1198
1615319598617 0.5575318336486816 1199
1615319636540 0.5593587160110474 1200
1615319658647 0.5855001211166382 0
1615319658659 0.5855001211166382 0
