1615278264175 0.18006464838981628 1
1615278298101 0.2099268138408661 2
1615278332115 0.22890275716781616 3
1615278366122 0.2453048974275589 4
1615278400162 0.2816691994667053 5
1615278434062 0.27760380506515503 6
1615278468025 0.2538701295852661 7
1615278502035 0.28865495324134827 8
1615278536085 0.29718852043151855 9
1615278573832 0.28574633598327637 10
1615278607863 0.2962998151779175 11
1615278641674 0.3107089400291443 12
1615278675470 0.2940695881843567 13
1615278709523 0.28881216049194336 14
1615278743388 0.30890023708343506 15
1615278777291 0.3257996737957001 16
1615278811138 0.31178414821624756 17
1615278845208 0.32625919580459595 18
1615278879310 0.3170188069343567 19
1615278917057 0.3126794695854187 20
1615278951059 0.32688838243484497 21
1615278985504 0.3051087260246277 22
1615279019875 0.3547225594520569 23
1615279054507 0.33249473571777344 24
1615279089177 0.3474498391151428 25
1615279123325 0.3441387414932251 26
1615279157066 0.3391793370246887 27
1615279190957 0.35265469551086426 28
1615279224915 0.34597545862197876 29
1615279263016 0.3420253396034241 30
1615279296952 0.3566097915172577 31
1615279330656 0.34804272651672363 32
1615279364587 0.36591142416000366 33
1615279398265 0.37689220905303955 34
1615279432215 0.37035131454467773 35
1615279466044 0.3830857276916504 36
1615279499918 0.37082159519195557 37
1615279533916 0.3763169050216675 38
1615279567855 0.3690721094608307 39
1615279605541 0.3924599289894104 40
1615279639633 0.3789783716201782 41
1615279673616 0.3845791220664978 42
1615279707621 0.3852011561393738 43
1615279741975 0.3856621980667114 44
1615279776316 0.3744474947452545 45
1615279810905 0.38117295503616333 46
1615279845375 0.4232616424560547 47
1615279879832 0.3854379653930664 48
1615279913886 0.40638384222984314 49
1615279952014 0.4110092222690582 50
1615279985848 0.4037710428237915 51
1615280019891 0.38868027925491333 52
1615280054739 0.42480987310409546 53
1615280088559 0.39576053619384766 54
1615280122697 0.39621150493621826 55
1615280156447 0.4450410306453705 56
1615280190495 0.4026743769645691 57
1615280224286 0.4129759967327118 58
1615280258280 0.3987405002117157 59
1615280295788 0.42307889461517334 60
1615280329714 0.4369351863861084 61
1615280363791 0.4203942120075226 62
1615280398364 0.4160667061805725 63
1615280432944 0.3874552249908447 64
1615280468878 0.38862961530685425 65
1615280503601 0.38936948776245117 66
1615280537913 0.38271450996398926 67
1615280571752 0.39639928936958313 68
1615280605787 0.41274410486221313 69
1615280644647 0.41207361221313477 70
1615280678570 0.4640629291534424 71
1615280712387 0.4450300931930542 72
1615280746285 0.4246382713317871 73
1615280780162 0.42624810338020325 74
1615280814142 0.45098865032196045 75
1615280848048 0.42478716373443604 76
1615280881753 0.4312421381473541 77
1615280915712 0.4478890299797058 78
1615280949615 0.46003568172454834 79
1615280987436 0.4441542327404022 80
1615281021640 0.44526565074920654 81
1615281055429 0.4173900783061981 82
1615281089475 0.42995625734329224 83
1615281125617 0.4008997082710266 84
1615281161404 0.4326667785644531 85
1615281196644 0.45253506302833557 86
1615281231285 0.4190930724143982 87
1615281265260 0.42206135392189026 88
1615281299047 0.424934446811676 89
1615281336986 0.4201848804950714 90
1615281370937 0.4263118803501129 91
1615281404640 0.39125657081604004 92
1615281438800 0.48173463344573975 93
1615281472565 0.4408889412879944 94
1615281506898 0.3839625418186188 95
1615281540670 0.40566906332969666 96
1615281574632 0.43850547075271606 97
1615281608794 0.4139970541000366 98
1615281643194 0.4732237458229065 99
1615281681518 0.431467205286026 100
1615281716069 0.4301379323005676 101
1615281750662 0.42772579193115234 102
1615281784713 0.43907594680786133 103
1615281818973 0.48381656408309937 104
1615281853196 0.40392041206359863 105
1615281888076 0.44219934940338135 106
1615281922260 0.4399106204509735 107
1615281956092 0.4750213325023651 108
1615281989829 0.4760626554489136 109
1615282027384 0.4168716073036194 110
1615282061205 0.426040381193161 111
1615282095018 0.4770803451538086 112
1615282128945 0.44035816192626953 113
1615282162651 0.44198697805404663 114
1615282196571 0.44834357500076294 115
1615282230621 0.436485230922699 116
1615282264429 0.45756351947784424 117
1615282298534 0.47377830743789673 118
1615282332416 0.46765273809432983 119
1615282370157 0.45839405059814453 120
1615282404155 0.449759304523468 121
1615282438464 0.44169580936431885 122
1615282473550 0.4718901813030243 123
1615282508635 0.49673932790756226 124
1615282543128 0.4623168110847473 125
1615282577931 0.4772786796092987 126
1615282611970 0.4759112000465393 127
1615282645652 0.4574039578437805 128
1615282680643 0.45797431468963623 129
1615282719282 0.46133702993392944 130
1615282753256 0.4487989544868469 131
1615282787070 0.48622772097587585 132
1615282820898 0.4799894690513611 133
1615282854686 0.4976760745048523 134
1615282888445 0.47625279426574707 135
1615282922309 0.43891096115112305 136
1615282956390 0.47787731885910034 137
1615282990297 0.4660455584526062 138
1615283024233 0.5004841089248657 139
1615283061971 0.44378116726875305 140
1615283096313 0.508912980556488 141
1615283130931 0.45746761560440063 142
1615283166672 0.4513360261917114 143
1615283201648 0.4268767833709717 144
1615283236046 0.4237891435623169 145
1615283270261 0.4775049686431885 146
1615283304307 0.47907963395118713 147
1615283338474 0.48812931776046753 148
1615283372562 0.5368934869766235 149
1615283411815 0.521012008190155 150
1615283445785 0.4857317805290222 151
1615283479628 0.5296024084091187 152
1615283513426 0.48695388436317444 153
1615283547125 0.48916271328926086 154
1615283580829 0.4978775680065155 155
1615283614759 0.47909921407699585 156
1615283648479 0.4587595760822296 157
1615283682495 0.43682944774627686 158
1615283716544 0.48903554677963257 159
1615283754625 0.4944036304950714 160
1615283788863 0.48200875520706177 161
1615283823227 0.4742448329925537 162
1615283857780 0.48920461535453796 163
1615283892690 0.47763150930404663 164
1615283926628 0.4510940909385681 165
1615283961054 0.49416476488113403 166
1615283995130 0.49215608835220337 167
1615284029003 0.5123555660247803 168
1615284062846 0.5004355311393738 169
1615284101526 0.4788975715637207 170
1615284135466 0.4489007592201233 171
1615284169169 0.4947657585144043 172
1615284203172 0.5055826902389526 173
1615284237065 0.5285115242004395 174
1615284271146 0.4649817943572998 175
1615284304884 0.5304194092750549 176
1615284338614 0.4716762900352478 177
1615284372640 0.48683393001556396 178
1615284406597 0.4615474343299866 179
1615284444239 0.47375065088272095 180
1615284478034 0.4893020987510681 181
1615284512093 0.4943743944168091 182
1615284546200 0.47634831070899963 183
1615284580669 0.46600306034088135 184
1615284615028 0.48733922839164734 185
1615284649490 0.5119172930717468 186
1615284683708 0.48595404624938965 187
1615284717950 0.485264390707016 188
1615284752274 0.5386530756950378 189
1615284790000 0.48357927799224854 190
1615284824432 0.4914930462837219 191
1615284858551 0.4832375645637512 192
1615284892392 0.4785540699958801 193
1615284926375 0.49638450145721436 194
1615284960464 0.4852149486541748 195
1615284994305 0.49714863300323486 196
1615285028266 0.46009141206741333 197
1615285062294 0.5335456132888794 198
1615285096250 0.5063355565071106 199
1615285134356 0.4756774306297302 200
1615285168364 0.48654666543006897 201
1615285202951 0.4991447627544403 202
1615285237562 0.5004947185516357 203
1615285272419 0.5288747549057007 204
1615285306443 0.5114027261734009 205
1615285340567 0.459739089012146 206
1615285375036 0.5081048011779785 207
1615285409390 0.5674804449081421 208
1615285443369 0.5167227387428284 209
1615285481783 0.5341783761978149 210
1615285515868 0.4752737879753113 211
1615285549764 0.4808412790298462 212
1615285583561 0.5325819253921509 213
1615285617681 0.5181666612625122 214
1615285651621 0.5564767718315125 215
1615285685593 0.5449713468551636 216
1615285719610 0.5780242085456848 217
1615285753696 0.5043104887008667 218
1615285788959 0.5492796897888184 219
1615285828343 0.501044511795044 220
1615285862502 0.4990386366844177 221
1615285896652 0.5225014090538025 222
1615285930896 0.5140988826751709 223
1615285964617 0.4806607961654663 224
1615285998570 0.4781274199485779 225
1615286032390 0.5393471717834473 226
1615286066097 0.5151181817054749 227
1615286100123 0.5085433721542358 228
1615286133824 0.5302747488021851 229
1615286171472 0.5070784687995911 230
1615286205221 0.5250967741012573 231
1615286239371 0.5487637519836426 232
1615286273612 0.5522342920303345 233
1615286307702 0.500597357749939 234
1615286341738 0.5090203881263733 235
1615286376390 0.4665547013282776 236
1615286410563 0.49895036220550537 237
1615286445212 0.49677783250808716 238
1615286479604 0.5335282683372498 239
1615286517146 0.5160804390907288 240
1615286551241 0.586380124092102 241
1615286585356 0.52409827709198 242
1615286619135 0.5394287109375 243
1615286653118 0.5164129734039307 244
1615286686858 0.5124934911727905 245
1615286721117 0.4943848252296448 246
1615286755159 0.5044810175895691 247
1615286789106 0.48983243107795715 248
1615286822749 0.5235223174095154 249
1615286860145 0.5058377981185913 250
1615286893947 0.5082756280899048 251
1615286927972 0.5387412309646606 252
1615286961777 0.5283251404762268 253
1615286995522 0.5196812152862549 254
1615287029478 0.5305370688438416 255
1615287063211 0.5008969306945801 256
1615287096982 0.5448445081710815 257
1615287131067 0.5558743476867676 258
1615287164926 0.5665278434753418 259
1615287202717 0.4677656888961792 260
1615287237238 0.5115143060684204 261
1615287271949 0.5054454803466797 262
1615287306711 0.5317468047142029 263
1615287340584 0.5386021137237549 264
1615287374690 0.5155133008956909 265
1615287408645 0.5235921144485474 266
1615287442816 0.5286349654197693 267
1615287476802 0.5772240161895752 268
1615287510858 0.538269579410553 269
1615287548190 0.5056275129318237 270
1615287582017 0.5261834263801575 271
1615287616737 0.5224916934967041 272
1615287650849 0.49563056230545044 273
1615287684633 0.4928135275840759 274
1615287718461 0.5069345235824585 275
1615287752103 0.5193374156951904 276
1615287786103 0.5146743059158325 277
1615287819794 0.5130905508995056 278
1615287853947 0.5245867967605591 279
1615287891465 0.512765645980835 280
1615287925434 0.5415627956390381 281
1615287959429 0.5731625556945801 282
1615287993135 0.5508890151977539 283
1615288027430 0.5183721780776978 284
1615288061888 0.5486340522766113 285
1615288096246 0.5276613831520081 286
1615288130699 0.5457350611686707 287
1615288165004 0.5438774824142456 288
1615288199015 0.5759914517402649 289
1615288236597 0.5386396646499634 290
1615288271574 0.5791206359863281 291
1615288305769 0.5267823338508606 292
1615288339624 0.49394798278808594 293
1615288373579 0.4936693608760834 294
1615288407690 0.5199993252754211 295
1615288441508 0.5624368190765381 296
1615288475323 0.5017749071121216 297
1615288509210 0.5039165019989014 298
1615288543083 0.52022385597229 299
1615288580805 0.474822461605072 300
1615288615826 0.5205984711647034 301
1615288651731 0.5466981530189514 302
1615288686118 0.530220627784729 303
1615288720059 0.5048239231109619 304
1615288754734 0.4784065783023834 305
1615288788571 0.5420601963996887 306
1615288822504 0.5417112112045288 307
1615288856532 0.5373528003692627 308
1615288890275 0.5525006055831909 309
1615288928149 0.5511168241500854 310
1615288961796 0.5242888927459717 311
1615288995506 0.5490286350250244 312
1615289029517 0.546312689781189 313
1615289064132 0.5328376293182373 314
1615289098684 0.5050621032714844 315
1615289133314 0.5332279801368713 316
1615289168646 0.5544890761375427 317
1615289202973 0.4819296896457672 318
1615289237312 0.5419861674308777 319
1615289275347 0.5311777591705322 320
1615289310017 0.5839253067970276 321
1615289343767 0.5786267518997192 322
1615289377712 0.5488966107368469 323
1615289411709 0.5287551879882812 324
1615289445741 0.5804545879364014 325
1615289479858 0.5539370775222778 326
1615289513691 0.5457348823547363 327
1615289547616 0.5546175837516785 328
1615289581583 0.5471343994140625 329
1615289619499 0.5406457185745239 330
1615289653511 0.488334983587265 331
1615289688167 0.484137624502182 332
1615289722699 0.5226854085922241 333
1615289757476 0.5270622968673706 334
1615289792018 0.5528560280799866 335
1615289826494 0.5439627170562744 336
1615289860498 0.47292518615722656 337
1615289894658 0.4689441919326782 338
1615289928718 0.4880397319793701 339
1615289966371 0.5235337018966675 340
1615290000367 0.5836460590362549 341
1615290034076 0.5792161226272583 342
1615290068159 0.5440568327903748 343
1615290102120 0.5979670882225037 344
1615290135923 0.5694315433502197 345
1615290169898 0.561103343963623 346
1615290203782 0.49748605489730835 347
1615290237828 0.5800004005432129 348
1615290271872 0.5760990381240845 349
1615290309939 0.5109440088272095 350
1615290344553 0.5850015878677368 351
1615290379729 0.5946672558784485 352
1615290414141 0.5223990678787231 353
1615290448758 0.5477706789970398 354
1615290482608 0.5426125526428223 355
1615290516677 0.570316731929779 356
1615290550236 0.5401713848114014 357
1615290584044 0.5456454157829285 358
1615290617983 0.5408526659011841 359
1615290655912 0.5737913846969604 360
1615290689807 0.5628114938735962 361
1615290723926 0.5329617261886597 362
1615290757981 0.5684863328933716 363
1615290792122 0.5666313171386719 364
1615290826392 0.5863947868347168 365
1615290861033 0.5155681371688843 366
1615290895379 0.5188870429992676 367
1615290929797 0.5634076595306396 368
1615290964029 0.5351872444152832 369
1615291002029 0.5689549446105957 370
1615291035843 0.5080969333648682 371
1615291069964 0.5275880098342896 372
1615291103733 0.5268287658691406 373
1615291138252 0.5077213048934937 374
1615291172008 0.5395650863647461 375
1615291206207 0.5292446613311768 376
1615291240192 0.5134013891220093 377
1615291274000 0.546807050704956 378
1615291307946 0.6103201508522034 379
1615291345814 0.5616726279258728 380
1615291379572 0.544182300567627 381
1615291413135 0.5341275930404663 382
1615291447230 0.5000852346420288 383
1615291481832 0.5736236572265625 384
1615291516932 0.5620619058609009 385
1615291551560 0.5655530691146851 386
1615291585931 0.5558135509490967 387
1615291620132 0.5347570776939392 388
1615291654002 0.5277040004730225 389
1615291691904 0.5235717296600342 390
1615291725928 0.5262925624847412 391
1615291760164 0.5591886043548584 392
1615291793960 0.58119797706604 393
1615291828040 0.5466699004173279 394
1615291862108 0.5572994947433472 395
1615291896110 0.5841339826583862 396
1615291929964 0.6018221378326416 397
1615291963854 0.5320525765419006 398
1615291997490 0.5574687719345093 399
1615292035242 0.580030083656311 400
1615292071256 0.53873610496521 401
1615292106202 0.5681910514831543 402
1615292140328 0.5179963111877441 403
1615292174861 0.5591371059417725 404
1615292209097 0.6121830344200134 405
1615292243079 0.5761042237281799 406
1615292276890 0.5608384609222412 407
1615292310652 0.5062487125396729 408
1615292344462 0.5793105959892273 409
1615292381968 0.5657444000244141 410
1615292415757 0.5667471885681152 411
1615292449600 0.5087230801582336 412
1615292483622 0.5576176643371582 413
1615292517715 0.5114016532897949 414
1615292552066 0.5681551694869995 415
1615292586907 0.5403705835342407 416
1615292621371 0.5850496292114258 417
1615292655616 0.5203834772109985 418
1615292689914 0.5043598413467407 419
1615292728781 0.5663237571716309 420
1615292762834 0.5642275214195251 421
1615292796783 0.5829583406448364 422
1615292830694 0.5447940230369568 423
1615292864417 0.5380152463912964 424
1615292898181 0.4934110641479492 425
1615292931868 0.553230881690979 426
1615292965636 0.6375740766525269 427
1615292999520 0.5951375365257263 428
1615293033429 0.5704441070556641 429
1615293071684 0.5212075114250183 430
1615293106593 0.523098886013031 431
1615293141027 0.5761491060256958 432
1615293175352 0.5212793350219727 433
1615293209327 0.5445826053619385 434
1615293243273 0.5775947570800781 435
1615293277229 0.6011766195297241 436
1615293311622 0.512888491153717 437
1615293345455 0.5310043692588806 438
1615293379372 0.5239744186401367 439
1615293417474 0.5231164693832397 440
1615293451606 0.6109457015991211 441
1615293485546 0.5814173221588135 442
1615293519569 0.5473748445510864 443
1615293553423 0.5829439163208008 444
1615293587488 0.5982255935668945 445
1615293621760 0.535550057888031 446
1615293656237 0.5252537727355957 447
1615293690524 0.558182954788208 448
1615293725554 0.5782339572906494 449
1615293763878 0.6057479381561279 450
1615293797992 0.5437767505645752 451
1615293832594 0.5713356733322144 452
1615293866536 0.5429880619049072 453
1615293900354 0.5604050159454346 454
1615293934009 0.5745716094970703 455
1615293967786 0.4936593770980835 456
1615294001515 0.5625223517417908 457
1615294035634 0.5428020358085632 458
1615294069629 0.5426846742630005 459
1615294107428 0.5544071197509766 460
1615294142020 0.5786433219909668 461
1615294176669 0.5809561014175415 462
1615294211432 0.5096662640571594 463
1615294245552 0.5178372263908386 464
1615294279799 0.6208137273788452 465
1615294313895 0.5570310950279236 466
1615294347796 0.5890916585922241 467
1615294381516 0.5672168135643005 468
1615294415386 0.5202407836914062 469
1615294453159 0.5776984691619873 470
1615294487163 0.5585144758224487 471
1615294520963 0.592256486415863 472
1615294554935 0.5695935487747192 473
1615294588666 0.5551297068595886 474
1615294622628 0.5486570596694946 475
1615294656589 0.5473202466964722 476
1615294690434 0.5463535189628601 477
1615294724184 0.5930821895599365 478
1615294758177 0.5730053782463074 479
1615294795843 0.536125898361206 480
1615294829720 0.5241783261299133 481
1615294863800 0.5965747833251953 482
1615294898093 0.5580829977989197 483
1615294932434 0.5572128295898438 484
1615294967312 0.5874407291412354 485
1615295001509 0.5300991535186768 486
1615295035669 0.5479866862297058 487
1615295069771 0.5885788798332214 488
1615295103745 0.5413079261779785 489
1615295141940 0.5788037776947021 490
1615295176432 0.5999208092689514 491
1615295210282 0.5828037261962891 492
1615295244043 0.5448758006095886 493
1615295278017 0.5942337512969971 494
1615295311643 0.5801336765289307 495
1615295345595 0.5693864822387695 496
1615295379263 0.5552000999450684 497
1615295413256 0.5595248937606812 498
1615295447380 0.5649560689926147 499
1615295485068 0.5823705792427063 500
1615295519218 0.5545881986618042 501
1615295553935 0.6034223437309265 502
1615295588274 0.6073669195175171 503
1615295622618 0.5540369749069214 504
1615295657163 0.5688767433166504 505
1615295691350 0.540961503982544 506
1615295725463 0.5472120642662048 507
1615295759747 0.5572205781936646 508
1615295793788 0.5565190315246582 509
1615295831876 0.5846742391586304 510
1615295865669 0.57594895362854 511
1615295899643 0.5608340501785278 512
1615295933221 0.6384702324867249 513
1615295967150 0.5411994457244873 514
1615296001054 0.5850558280944824 515
1615296034873 0.5404725074768066 516
1615296068860 0.6018692851066589 517
1615296103648 0.6135284900665283 518
1615296139648 0.5887351632118225 519
1615296177644 0.5589959621429443 520
1615296211933 0.5218198895454407 521
1615296246126 0.4952729642391205 522
1615296281186 0.5479161143302917 523
1615296315054 0.5982418060302734 524
1615296349038 0.5582320690155029 525
1615296383182 0.5697796940803528 526
1615296416915 0.6104568243026733 527
1615296450729 0.5681158304214478 528
1615296484478 0.5441001653671265 529
1615296521936 0.5873432755470276 530
1615296555947 0.547803521156311 531
1615296589937 0.5707377195358276 532
1615296624075 0.5643950700759888 533
1615296657955 0.5113363265991211 534
1615296692550 0.5636434555053711 535
1615296727351 0.5760135650634766 536
1615296762580 0.5614410042762756 537
1615296796804 0.556383490562439 538
1615296830928 0.6159213185310364 539
1615296868797 0.5608189105987549 540
1615296902566 0.5650233030319214 541
1615296936544 0.5729742050170898 542
1615296971358 0.5852081775665283 543
1615297005284 0.564552366733551 544
1615297039298 0.5607563257217407 545
1615297073063 0.5795508623123169 546
1615297107129 0.6084340810775757 547
1615297140891 0.5993107557296753 548
1615297174994 0.565993070602417 549
1615297212642 0.54704749584198 550
1615297246733 0.6124374866485596 551
1615297280694 0.5439160466194153 552
1615297315467 0.6323897838592529 553
1615297350731 0.5463034510612488 554
1615297385447 0.6134196519851685 555
1615297419624 0.6051375865936279 556
1615297453763 0.535750150680542 557
1615297488379 0.5351309776306152 558
1615297522464 0.5742932558059692 559
1615297560005 0.48543110489845276 560
1615297593883 0.5739667415618896 561
1615297627485 0.5758185386657715 562
1615297661195 0.5849425792694092 563
1615297694912 0.5777188539505005 564
1615297728615 0.5158694386482239 565
1615297762614 0.5433275699615479 566
1615297797199 0.5680241584777832 567
1615297832457 0.5527019500732422 568
1615297867061 0.6075491905212402 569
1615297905758 0.5725325345993042 570
1615297940110 0.5713229179382324 571
1615297973916 0.5744512677192688 572
1615298008587 0.6500600576400757 573
1615298042518 0.566047191619873 574
1615298076330 0.5734941959381104 575
1615298110472 0.5700628161430359 576
1615298144568 0.5432969331741333 577
1615298178510 0.5623685121536255 578
1615298212470 0.5928174257278442 579
1615298250344 0.5627521276473999 580
1615298284359 0.5930769443511963 581
1615298318027 0.5786786675453186 582
1615298352166 0.5500575304031372 583
1615298386119 0.6279547810554504 584
1615298420132 0.5595210790634155 585
1615298454151 0.5477454662322998 586
1615298490121 0.581592321395874 587
1615298525496 0.5456219911575317 588
1615298560024 0.5624761581420898 589
1615298598508 0.5743680000305176 590
1615298632671 0.5950486660003662 591
1615298666522 0.5574327707290649 592
1615298700614 0.5758844614028931 593
1615298734343 0.5387759208679199 594
1615298768200 0.570023775100708 595
1615298801931 0.6280202865600586 596
1615298835692 0.5522595643997192 597
1615298869597 0.5583425164222717 598
1615298903515 0.555361270904541 599
1615298941455 0.5790630578994751 600
1615298975339 0.5453673005104065 601
1615299009239 0.5629303455352783 602
1615299043338 0.5851902365684509 603
1615299078420 0.5508310794830322 604
1615299113336 0.583121657371521 605
1615299148430 0.5667381882667542 606
1615299182890 0.5606288909912109 607
1615299217167 0.5392954349517822 608
1615299251605 0.5971616506576538 609
1615299289286 0.5338816046714783 610
1615299323115 0.5732867121696472 611
1615299357025 0.5558767318725586 612
1615299391414 0.5649256110191345 613
1615299425120 0.5846056938171387 614
1615299458976 0.5412675142288208 615
1615299492861 0.5925132036209106 616
1615299526578 0.6231831312179565 617
1615299560382 0.5786975622177124 618
1615299594067 0.5404777526855469 619
1615299631693 0.5700653791427612 620
1615299665453 0.5996575951576233 621
1615299699389 0.5710936784744263 622
1615299732967 0.5437071323394775 623
1615299766725 0.5741947889328003 624
1615299800520 0.5600371360778809 625
1615299834669 0.5706195831298828 626
1615299868720 0.5709890127182007 627
1615299902630 0.5479113459587097 628
1615299936602 0.5400108098983765 629
1615299974957 0.5757583975791931 630
1615300009118 0.5923748016357422 631
1615300043513 0.6200130581855774 632
1615300077856 0.5587489604949951 633
1615300112407 0.5609583854675293 634
1615300146638 0.5857753753662109 635
1615300180458 0.5487876534461975 636
1615300214424 0.6061313152313232 637
1615300248574 0.5586246848106384 638
1615300282346 0.5834251642227173 639
1615300320064 0.5619645714759827 640
1615300353957 0.5741714239120483 641
1615300387842 0.5647279024124146 642
1615300421808 0.5634647607803345 643
1615300455546 0.5435377955436707 644
1615300489273 0.6073364019393921 645
1615300523182 0.5738334059715271 646
1615300557134 0.5760207772254944 647
1615300590982 0.5684265494346619 648
1615300624986 0.5690574645996094 649
1615300662436 0.5569139122962952 650
1615300696374 0.6135018467903137 651
1615300730144 0.6280961036682129 652
1615300764262 0.5713341236114502 653
1615300799205 0.5662080645561218 654
1615300834986 0.6392086744308472 655
1615300869851 0.5843375325202942 656
1615300904128 0.580946147441864 657
1615300938221 0.5813597440719604 658
1615300972030 0.5647502541542053 659
1615301009546 0.5717376470565796 660
1615301043419 0.6014316082000732 661
1615301077299 0.5549556612968445 662
1615301111353 0.5778424739837646 663
1615301145303 0.5960983037948608 664
1615301178971 0.563812255859375 665
1615301214842 0.5869753956794739 666
1615301250583 0.5690795183181763 667
1615301285222 0.586359977722168 668
1615301319272 0.5924186706542969 669
1615301356977 0.5443655252456665 670
1615301390835 0.5852339267730713 671
1615301424763 0.624477744102478 672
1615301458853 0.5682438015937805 673
1615301492693 0.6162735223770142 674
1615301526558 0.5893893241882324 675
1615301560099 0.5466797351837158 676
1615301594237 0.4946068525314331 677
1615301627957 0.5463078618049622 678
1615301661829 0.569608211517334 679
1615301699461 0.57082599401474 680
1615301733196 0.5669803619384766 681
1615301767164 0.562118649482727 682
1615301801120 0.5408743619918823 683
1615301836505 0.5910730361938477 684
1615301871614 0.597175121307373 685
1615301905927 0.5853819251060486 686
1615301940196 0.5673513412475586 687
1615301974167 0.581745982170105 688
1615302008373 0.5399312973022461 689
1615302046510 0.5969390273094177 690
1615302080534 0.6165975332260132 691
1615302114845 0.5544764995574951 692
1615302149025 0.5687113404273987 693
1615302183065 0.6129672527313232 694
1615302216774 0.5518250465393066 695
1615302250709 0.5512938499450684 696
1615302284533 0.5667853355407715 697
1615302318484 0.5994307994842529 698
1615302352721 0.5985689759254456 699
1615302391651 0.6239970922470093 700
1615302426857 0.5843375325202942 701
1615302460936 0.593468189239502 702
1615302495086 0.5355700254440308 703
1615302529338 0.5950244665145874 704
1615302563280 0.5933974981307983 705
1615302597204 0.537146270275116 706
1615302631789 0.5819637179374695 707
1615302665792 0.5968133807182312 708
1615302699561 0.5952168703079224 709
1615302737337 0.5224292278289795 710
1615302771072 0.6245712041854858 711
1615302804967 0.5982009172439575 712
1615302838975 0.6762140989303589 713
1615302872592 0.5748522877693176 714
1615302906573 0.5765214562416077 715
1615302940850 0.6406610012054443 716
1615302976084 0.5649867057800293 717
1615303010695 0.571445107460022 718
1615303045013 0.5541528463363647 719
1615303082800 0.5935709476470947 720
1615303116741 0.536545991897583 721
1615303151095 0.6318361759185791 722
1615303184981 0.561558723449707 723
1615303219100 0.6370213031768799 724
1615303252846 0.5771597623825073 725
1615303286557 0.5798753499984741 726
1615303320598 0.549028754234314 727
1615303354535 0.5772691369056702 728
1615303388272 0.6326922178268433 729
1615303425835 0.5152302980422974 730
1615303459732 0.6111240983009338 731
1615303493765 0.5619322657585144 732
1615303528007 0.589619517326355 733
1615303562717 0.5947784781455994 734
1615303598485 0.5430657863616943 735
1615303632697 0.5407857298851013 736
1615303666769 0.5387775897979736 737
1615303700810 0.5719960927963257 738
1615303734654 0.5569249987602234 739
1615303772215 0.5643207430839539 740
1615303806500 0.5649044513702393 741
1615303840248 0.6085797548294067 742
1615303874327 0.5967435240745544 743
1615303908298 0.586706280708313 744
1615303942156 0.6058838963508606 745
1615303976195 0.6064543724060059 746
1615304009952 0.5698144435882568 747
1615304043795 0.5557962656021118 748
1615304077865 0.5887582302093506 749
1615304115360 0.5681655406951904 750
1615304149335 0.5579704642295837 751
1615304183272 0.613803505897522 752
1615304217373 0.5954810380935669 753
1615304251366 0.5793832540512085 754
1615304285534 0.6013550758361816 755
1615304320143 0.5820390582084656 756
1615304355237 0.5729234218597412 757
1615304389478 0.5923869609832764 758
1615304423688 0.5514264106750488 759
1615304461744 0.5789400339126587 760
1615304495814 0.5771242380142212 761
1615304529750 0.5672221183776855 762
1615304564500 0.6124217510223389 763
1615304598434 0.5704619884490967 764
1615304632404 0.5465913414955139 765
1615304666211 0.5755719542503357 766
1615304699880 0.5739871263504028 767
1615304733602 0.56358802318573 768
1615304767685 0.5557160973548889 769
1615304805101 0.6051266193389893 770
1615304838826 0.5429612398147583 771
1615304872565 0.5760310888290405 772
1615304906853 0.5493018627166748 773
1615304941094 0.5934362411499023 774
1615304975305 0.5887232422828674 775
1615305009554 0.5381600856781006 776
1615305043777 0.5522308349609375 777
1615305078354 0.5992398262023926 778
1615305112699 0.5468746423721313 779
1615305150955 0.6577326655387878 780
1615305185564 0.5363874435424805 781
1615305219729 0.550492525100708 782
1615305253936 0.6193044185638428 783
1615305288806 0.677871584892273 784
1615305322912 0.544765055179596 785
1615305357006 0.6120502948760986 786
1615305391093 0.6081292629241943 787
1615305425126 0.5761144161224365 788
1615305459203 0.5825451612472534 789
1615305496792 0.6203909516334534 790
1615305530886 0.5550212860107422 791
1615305564638 0.5798739790916443 792
1615305598377 0.6542187929153442 793
1615305632321 0.5709859132766724 794
1615305666564 0.554095983505249 795
1615305700472 0.5270603895187378 796
1615305734566 0.5873181819915771 797
1615305768734 0.5180665254592896 798
1615305803262 0.5618746876716614 799
1615305841658 0.5610730051994324 800
1615305875910 0.5601236820220947 801
1615305910416 0.5865468978881836 802
1615305944603 0.5945758819580078 803
1615305978801 0.5705342292785645 804
1615306013222 0.574286699295044 805
1615306047113 0.5412855744361877 806
1615306080909 0.5418094396591187 807
1615306115925 0.5438199043273926 808
1615306150013 0.5474599599838257 809
1615306187838 0.6036195755004883 810
1615306221826 0.6208467483520508 811
1615306255604 0.6001745462417603 812
1615306289673 0.5626411437988281 813
1615306323546 0.5983945727348328 814
1615306357456 0.5490513443946838 815
1615306391285 0.6088373064994812 816
1615306425154 0.531395673751831 817
1615306459065 0.614473819732666 818
1615306494017 0.6523298621177673 819
1615306533102 0.5726510286331177 820
1615306567475 0.5883896946907043 821
1615306601420 0.5753147602081299 822
1615306635295 0.5921956300735474 823
1615306670132 0.5807714462280273 824
1615306703960 0.5757131576538086 825
1615306738040 0.6069206595420837 826
1615306771866 0.6204315423965454 827
1615306805920 0.5719210505485535 828
1615306839609 0.5944617986679077 829
1615306877387 0.6115015149116516 830
1615306911073 0.5879019498825073 831
1615306944991 0.6107281446456909 832
1615306978881 0.6036148071289062 833
1615307012892 0.6032841801643372 834
1615307046828 0.6089428663253784 835
1615307080769 0.5473301410675049 836
1615307115061 0.555237352848053 837
1615307149763 0.6154407262802124 838
1615307184152 0.5924378633499146 839
1615307222623 0.6195569038391113 840
1615307256979 0.5623971223831177 841
1615307291063 0.5744060277938843 842
1615307325278 0.6013025045394897 843
1615307359404 0.6295496821403503 844
1615307393355 0.5750428438186646 845
1615307427352 0.6007590293884277 846
1615307461912 0.5814371109008789 847
1615307495938 0.5636947154998779 848
1615307530002 0.569549560546875 849
1615307567424 0.5704429149627686 850
1615307601195 0.550369381904602 851
1615307635183 0.5374836325645447 852
1615307668935 0.5434999465942383 853
1615307702809 0.6124735474586487 854
1615307737215 0.5777696967124939 855
1615307771329 0.5893227458000183 856
1615307805517 0.5954647064208984 857
1615307839989 0.5598559379577637 858
1615307874288 0.5679118633270264 859
1615307912734 0.6130675077438354 860
1615307947105 0.6015055179595947 861
1615307981365 0.6068986654281616 862
1615308015262 0.6179802417755127 863
1615308049462 0.5975682735443115 864
1615308083441 0.59275221824646 865
1615308117297 0.6566951274871826 866
1615308151147 0.5805666446685791 867
1615308185698 0.5901553630828857 868
1615308219622 0.5719666481018066 869
1615308257537 0.5770748853683472 870
1615308291285 0.6310858726501465 871
1615308325262 0.5633423328399658 872
1615308359354 0.5936183929443359 873
1615308393250 0.5503451824188232 874
1615308427299 0.5803601741790771 875
1615308461253 0.5297480225563049 876
1615308495720 0.6098406314849854 877
1615308529860 0.5165883302688599 878
1615308564164 0.611950695514679 879
1615308602374 0.556084156036377 880
1615308636702 0.5603938102722168 881
1615308670631 0.5089251399040222 882
1615308704707 0.5410511493682861 883
1615308738782 0.610590934753418 884
1615308772748 0.5552924871444702 885
1615308806455 0.6426082849502563 886
1615308840297 0.600621223449707 887
1615308874450 0.6327998638153076 888
1615308908547 0.612128496170044 889
1615308946381 0.5812135934829712 890
1615308980320 0.5854700803756714 891
1615309014171 0.6199169158935547 892
1615309048068 0.6320836544036865 893
1615309081854 0.6168231964111328 894
1615309115696 0.6394938230514526 895
1615309149683 0.6136888265609741 896
1615309183725 0.5795227289199829 897
1615309217905 0.601587176322937 898
1615309252946 0.6158716678619385 899
1615309291798 0.5532332062721252 900
1615309326791 0.603549599647522 901
1615309360945 0.5722314119338989 902
1615309395758 0.5839730501174927 903
1615309430437 0.5510478019714355 904
1615309464376 0.6394590139389038 905
1615309498263 0.6079191565513611 906
1615309532392 0.5699459314346313 907
1615309566456 0.6002993583679199 908
1615309600213 0.5799666047096252 909
1615309637669 0.5442133545875549 910
1615309671333 0.577601432800293 911
1615309705125 0.5770939588546753 912
1615309739097 0.6620371341705322 913
1615309773031 0.5612646341323853 914
1615309807355 0.5423736572265625 915
1615309841701 0.5756460428237915 916
1615309876133 0.591264009475708 917
1615309910596 0.6248788833618164 918
1615309944806 0.518846869468689 919
1615309982737 0.5832335352897644 920
1615310017044 0.5506372451782227 921
1615310051854 0.5614397525787354 922
1615310086002 0.5689690113067627 923
1615310119901 0.5639153122901917 924
1615310153874 0.5457270741462708 925
1615310187997 0.6425713300704956 926
1615310222065 0.6255444288253784 927
1615310255872 0.5826225876808167 928
1615310289709 0.5875983238220215 929
1615310327464 0.6197769641876221 930
1615310361172 0.627117395401001 931
1615310394839 0.60544753074646 932
1615310428972 0.5904416441917419 933
1615310463186 0.5702558755874634 934
1615310497093 0.6143364906311035 935
1615310531333 0.6217728853225708 936
1615310566096 0.6232479214668274 937
1615310601449 0.5968906879425049 938
1615310635964 0.5720130205154419 939
1615310674094 0.5990574359893799 940
1615310708192 0.5835633277893066 941
1615310742126 0.5536551475524902 942
1615310776191 0.627957820892334 943
1615310810828 0.5931335687637329 944
1615310844845 0.5696130990982056 945
1615310878534 0.6188002824783325 946
1615310912242 0.5553712844848633 947
1615310946159 0.6263273358345032 948
1615310979901 0.5969009399414062 949
1615311017457 0.634009838104248 950
1615311051210 0.605859637260437 951
1615311085233 0.6261293292045593 952
1615311119264 0.5804954767227173 953
1615311153406 0.576431393623352 954
1615311188562 0.6244519948959351 955
1615311223306 0.6526862382888794 956
1615311258007 0.6032969951629639 957
1615311292156 0.6648201942443848 958
1615311327218 0.6315954923629761 959
1615311365060 0.5987951755523682 960
1615311399080 0.5580724477767944 961
1615311432777 0.639430820941925 962
1615311466528 0.5929886698722839 963
1615311500462 0.5876765251159668 964
1615311534121 0.5939505100250244 965
1615311567845 0.6429612636566162 966
1615311601617 0.609923243522644 967
1615311635707 0.5789753198623657 968
1615311669405 0.5956820249557495 969
1615311706788 0.6047215461730957 970
1615311740565 0.5485728979110718 971
1615311774723 0.5744510293006897 972
1615311808798 0.670482873916626 973
1615311842916 0.6121810674667358 974
1615311877230 0.622170090675354 975
1615311911798 0.640918493270874 976
1615311946269 0.5792456865310669 977
1615311980713 0.5904877185821533 978
1615312014690 0.6372036933898926 979
1615312052640 0.6077131628990173 980
1615312086581 0.613880455493927 981
1615312120630 0.6150428056716919 982
1615312154866 0.5870773792266846 983
1615312188776 0.5684677362442017 984
1615312222871 0.5945136547088623 985
1615312256880 0.5950427055358887 986
1615312290889 0.5936008095741272 987
1615312324749 0.662761926651001 988
1615312358664 0.5059328079223633 989
1615312396479 0.6509338617324829 990
1615312430220 0.5618128180503845 991
1615312464331 0.6227352023124695 992
1615312498232 0.6404114961624146 993
1615312532385 0.5687820911407471 994
1615312566342 0.5898638963699341 995
1615312601285 0.5883966684341431 996
1615312636396 0.6472091674804688 997
1615312671228 0.6032201051712036 998
1615312705827 0.5951743125915527 999
1615312744592 0.5933058261871338 1000
1615312778555 0.6066977977752686 1001
1615312812429 0.5721848011016846 1002
1615312846613 0.6042131185531616 1003
1615312880670 0.5240170955657959 1004
1615312914792 0.564049482345581 1005
1615312948651 0.611803412437439 1006
1615312982906 0.55951988697052 1007
1615313016831 0.6784231662750244 1008
1615313050616 0.6098054647445679 1009
1615313087926 0.5995609164237976 1010
1615313121765 0.6314520835876465 1011
1615313155666 0.600300133228302 1012
1615313189634 0.6016875505447388 1013
1615313223961 0.5969666242599487 1014
1615313259473 0.6479694843292236 1015
1615313294774 0.6224634647369385 1016
1615313329150 0.6130753755569458 1017
1615313363622 0.6156971454620361 1018
1615313397396 0.6528066396713257 1019
1615313436185 0.5546807050704956 1020
1615313470089 0.6394253969192505 1021
1615313503900 0.6335849761962891 1022
1615313537741 0.6091190576553345 1023
1615313571749 0.5926973819732666 1024
1615313605501 0.6560330390930176 1025
1615313639602 0.5917152166366577 1026
1615313674115 0.5935651063919067 1027
1615313708612 0.5971361994743347 1028
1615313743611 0.6714111566543579 1029
1615313783494 0.5901170372962952 1030
1615313817631 0.6104722023010254 1031
1615313851800 0.6212519407272339 1032
1615313885709 0.6109631061553955 1033
1615313919608 0.6099398136138916 1034
1615313953501 0.632163405418396 1035
1615313987247 0.5960699319839478 1036
1615314021096 0.6125893592834473 1037
1615314055243 0.5981180667877197 1038
1615314089419 0.5871831178665161 1039
1615314127532 0.612005352973938 1040
1615314162668 0.5413522124290466 1041
1615314197261 0.5536699891090393 1042
1615314231753 0.54984450340271 1043
1615314265765 0.5856180191040039 1044
1615314300178 0.5905567407608032 1045
1615314334326 0.5805728435516357 1046
1615314368075 0.6540273427963257 1047
1615314402600 0.5855995416641235 1048
1615314436883 0.6135116815567017 1049
1615314475006 0.6175428628921509 1050
1615314509140 0.5760835409164429 1051
1615314542799 0.6507740616798401 1052
1615314576811 0.5826534032821655 1053
1615314610939 0.5828186273574829 1054
1615314644722 0.6067356467247009 1055
1615314678775 0.6143844127655029 1056
1615314712826 0.5629284381866455 1057
1615314747023 0.5897446274757385 1058
1615314781131 0.6343480348587036 1059
1615314819814 0.6366713047027588 1060
1615314854564 0.6057125329971313 1061
1615314889147 0.6096062660217285 1062
1615314923772 0.6246646642684937 1063
1615314957943 0.6740386486053467 1064
1615314991763 0.6162821054458618 1065
1615315026335 0.5869812965393066 1066
1615315061297 0.5766172409057617 1067
1615315095354 0.6003591418266296 1068
1615315129392 0.6182434558868408 1069
1615315167259 0.6073017120361328 1070
1615315201127 0.6091281175613403 1071
1615315235241 0.6080655455589294 1072
1615315268996 0.583838939666748 1073
1615315302843 0.5664581060409546 1074
1615315336628 0.6236066818237305 1075
1615315370458 0.6219930052757263 1076
1615315404378 0.6160717010498047 1077
1615315438408 0.6091018319129944 1078
1615315472193 0.5973244905471802 1079
1615315509888 0.6702784299850464 1080
1615315544025 0.6176471710205078 1081
1615315578076 0.6062588691711426 1082
1615315612200 0.5796724557876587 1083
1615315646269 0.5522317886352539 1084
1615315680833 0.5866168141365051 1085
1615315715348 0.6196115016937256 1086
1615315749454 0.6065323352813721 1087
1615315784262 0.5903675556182861 1088
1615315818563 0.5888718366622925 1089
1615315856532 0.6219016313552856 1090
1615315890569 0.5998800992965698 1091
1615315924952 0.603513240814209 1092
1615315958863 0.5694423913955688 1093
1615315992847 0.6347362995147705 1094
1615316026806 0.594657838344574 1095
1615316060694 0.5782425999641418 1096
1615316094523 0.6161901950836182 1097
1615316128408 0.6206815242767334 1098
1615316162531 0.6052709817886353 1099
1615316200265 0.623987078666687 1100
1615316234562 0.5989487171173096 1101
1615316268617 0.6281932592391968 1102
1615316302564 0.6241708993911743 1103
1615316336489 0.5806357860565186 1104
1615316370470 0.5963447093963623 1105
1615316404668 0.58072429895401 1106
1615316438770 0.614319920539856 1107
1615316472897 0.623285174369812 1108
1615316506969 0.6066564321517944 1109
1615316544666 0.5536826848983765 1110
1615316578482 0.5723892450332642 1111
1615316612399 0.642069935798645 1112
1615316646125 0.6280635595321655 1113
1615316679822 0.6130673885345459 1114
1615316713846 0.6534252166748047 1115
1615316747943 0.5969175100326538 1116
1615316781676 0.5879332423210144 1117
1615316815516 0.5981882810592651 1118
1615316849299 0.6432936191558838 1119
1615316886876 0.6244624853134155 1120
1615316920808 0.6005352735519409 1121
1615316954961 0.610826849937439 1122
1615316988955 0.6667184829711914 1123
1615317022948 0.6182156801223755 1124
1615317056746 0.5968565940856934 1125
1615317090397 0.5516318678855896 1126
1615317124527 0.6119975447654724 1127
1615317158546 0.5464774370193481 1128
1615317192618 0.5674751996994019 1129
1615317230293 0.6276029348373413 1130
1615317264347 0.5663624405860901 1131
1615317298512 0.5861146450042725 1132
1615317332535 0.5745804309844971 1133
1615317366643 0.6001379489898682 1134
1615317400393 0.5750704407691956 1135
1615317434271 0.6013734936714172 1136
1615317468276 0.6238535642623901 1137
1615317502188 0.6220642328262329 1138
1615317535949 0.5944536924362183 1139
1615317573502 0.5228604078292847 1140
1615317607637 0.6521477699279785 1141
1615317641407 0.60697340965271 1142
1615317675348 0.6164922714233398 1143
1615317709037 0.5957227349281311 1144
1615317742911 0.6871769428253174 1145
1615317776825 0.5736544132232666 1146
1615317810955 0.6018334627151489 1147
1615317844704 0.6189095377922058 1148
1615317878773 0.6138311624526978 1149
1615317916701 0.60353684425354 1150
1615317950552 0.5816967487335205 1151
1615317984662 0.5737360119819641 1152
1615318018612 0.5833431482315063 1153
1615318052755 0.5899147987365723 1154
1615318086985 0.5771622657775879 1155
1615318121741 0.6650220155715942 1156
1615318156305 0.5910438299179077 1157
1615318190182 0.5630261898040771 1158
1615318223911 0.6805256605148315 1159
1615318262433 0.6290477514266968 1160
1615318296378 0.6668103933334351 1161
1615318330415 0.6014283895492554 1162
1615318364208 0.6153150200843811 1163
1615318397883 0.5745538473129272 1164
1615318432017 0.5862675905227661 1165
1615318465822 0.5758945941925049 1166
1615318499954 0.5923476219177246 1167
1615318533762 0.5966727137565613 1168
1615318567975 0.6307017207145691 1169
1615318606012 0.5741746425628662 1170
1615318640034 0.5830769538879395 1171
1615318673937 0.5758200883865356 1172
1615318708009 0.5731309652328491 1173
1615318742136 0.639504075050354 1174
1615318776137 0.5847882032394409 1175
1615318810038 0.6824053525924683 1176
1615318843857 0.5720988512039185 1177
1615318877829 0.5890381336212158 1178
1615318911912 0.639601469039917 1179
1615318949159 0.6285061836242676 1180
1615318983008 0.6089905500411987 1181
1615319016851 0.5842514038085938 1182
1615319050767 0.619549036026001 1183
1615319084923 0.558009147644043 1184
1615319118934 0.6293677091598511 1185
1615319153146 0.6443655490875244 1186
1615319187089 0.6066924333572388 1187
1615319221156 0.6489094495773315 1188
1615319255268 0.5707299709320068 1189
1615319293035 0.6160900592803955 1190
1615319327009 0.620614767074585 1191
1615319361396 0.608108401298523 1192
1615319395428 0.5962660312652588 1193
1615319429479 0.6298470497131348 1194
1615319463244 0.6303829550743103 1195
1615319497008 0.5669952630996704 1196
1615319530935 0.5831311941146851 1197
1615319564618 0.6263984441757202 1198
1615319598617 0.5848994851112366 1199
1615319636540 0.5970920920372009 1200
1615319658648 0.6368504762649536 0
1615319658660 0.6368504762649536 0
