1615278264175 0.04172045737504959 1
1615278298101 0.0366789735853672 2
1615278332115 0.03395795822143555 3
1615278366122 0.03103175386786461 4
1615278400162 0.02887512370944023 5
1615278434062 0.027578461915254593 6
1615278468025 0.02839720994234085 7
1615278502035 0.026134658604860306 8
1615278536085 0.024930113926529884 9
1615278573832 0.02621070295572281 10
1615278607863 0.024983065202832222 11
1615278641674 0.0243963785469532 12
1615278675470 0.02584766037762165 13
1615278709523 0.024681635200977325 14
1615278743388 0.023682335391640663 15
1615278777291 0.022849055007100105 16
1615278811138 0.022646378725767136 17
1615278845208 0.022542426362633705 18
1615278879310 0.02375764772295952 19
1615278917057 0.02309609204530716 20
1615278951059 0.021904632449150085 21
1615278985504 0.02251671627163887 22
1615279019875 0.021215010434389114 23
1615279054507 0.022285696119070053 24
1615279089177 0.021255750209093094 25
1615279123325 0.02218811586499214 26
1615279157066 0.02098054066300392 27
1615279190957 0.02162054553627968 28
1615279224915 0.021500319242477417 29
1615279263016 0.021353241056203842 30
1615279296952 0.02019890397787094 31
1615279330656 0.021038729697465897 32
1615279364587 0.02021532505750656 33
1615279398265 0.020253818482160568 34
1615279432215 0.02051337994635105 35
1615279466044 0.02033759467303753 36
1615279499918 0.020162925124168396 37
1615279533916 0.020911386236548424 38
1615279567855 0.020080577582120895 39
1615279605541 0.01947266235947609 40
1615279639633 0.019682826474308968 41
1615279673616 0.019474495202302933 42
1615279707621 0.020084839314222336 43
1615279741975 0.018776528537273407 44
1615279776316 0.019917309284210205 45
1615279810905 0.01980886235833168 46
1615279845375 0.01866012252867222 47
1615279879832 0.020382504910230637 48
1615279913886 0.018425142392516136 49
1615279952014 0.01920473389327526 50
1615279985848 0.018525468185544014 51
1615280019891 0.019245319068431854 52
1615280054739 0.017753802239894867 53
1615280088559 0.01924947276711464 54
1615280122697 0.019327927380800247 55
1615280156447 0.018663447350263596 56
1615280190495 0.018899351358413696 57
1615280224286 0.01771162822842598 58
1615280258280 0.01876799389719963 59
1615280295788 0.018688302487134933 60
1615280329714 0.01777559705078602 61
1615280363791 0.018915405496954918 62
1615280398364 0.018589969724416733 63
1615280432944 0.02033189684152603 64
1615280468878 0.01928114891052246 65
1615280503601 0.01885395497083664 66
1615280537913 0.01909210905432701 67
1615280571752 0.018654052168130875 68
1615280605787 0.01904355362057686 69
1615280644647 0.017611626535654068 70
1615280678570 0.017602957785129547 71
1615280712387 0.01819959655404091 72
1615280746285 0.017670631408691406 73
1615280780162 0.01806759089231491 74
1615280814142 0.016761135309934616 75
1615280848048 0.017700564116239548 76
1615280881753 0.01769045740365982 77
1615280915712 0.01705726981163025 78
1615280949615 0.01662467233836651 79
1615280987436 0.01797044649720192 80
1615281021640 0.01703399233520031 81
1615281055429 0.018547024577856064 82
1615281089475 0.018136169761419296 83
1615281125617 0.01836078241467476 84
1615281161404 0.018806610256433487 85
1615281196644 0.016978325322270393 86
1615281231285 0.018104342743754387 87
1615281265260 0.018595214933156967 88
1615281299047 0.017466431483626366 89
1615281336986 0.018310589715838432 90
1615281370937 0.018022598698735237 91
1615281404640 0.019000036641955376 92
1615281438800 0.01663988269865513 93
1615281472565 0.01653091423213482 94
1615281506898 0.01954832300543785 95
1615281540670 0.01776403933763504 96
1615281574632 0.017663046717643738 97
1615281608794 0.018227022141218185 98
1615281643194 0.01646486110985279 99
1615281681518 0.017372053116559982 100
1615281716069 0.01753413677215576 101
1615281750662 0.01781884953379631 102
1615281784713 0.016588138416409492 103
1615281818973 0.015945009887218475 104
1615281853196 0.019368115812540054 105
1615281888076 0.017266493290662766 106
1615281922260 0.01763766072690487 107
1615281956092 0.015739556401968002 108
1615281989829 0.015575189143419266 109
1615282027384 0.018992742523550987 110
1615282061205 0.017209384590387344 111
1615282095018 0.016331907361745834 112
1615282128945 0.017775943502783775 113
1615282162651 0.016879040747880936 114
1615282196571 0.017228269949555397 115
1615282230621 0.01725582405924797 116
1615282264429 0.016692403703927994 117
1615282298534 0.01654687151312828 118
1615282332416 0.016234537586569786 119
1615282370157 0.016323335468769073 120
1615282404155 0.016673460602760315 121
1615282438464 0.016758564859628677 122
1615282473550 0.016016418114304543 123
1615282508635 0.015427090227603912 124
1615282543128 0.01646539196372032 125
1615282577931 0.016298379749059677 126
1615282611970 0.016393272206187248 127
1615282645652 0.016052106395363808 128
1615282680643 0.016069818288087845 129
1615282719282 0.015887118875980377 130
1615282753256 0.017106808722019196 131
1615282787070 0.015865663066506386 132
1615282820898 0.016209060326218605 133
1615282854686 0.014956901781260967 134
1615282888445 0.01590462028980255 135
1615282922309 0.017255578190088272 136
1615282956390 0.016350971534848213 137
1615282990297 0.015648046508431435 138
1615283024233 0.014815177768468857 139
1615283061971 0.015901627019047737 140
1615283096313 0.01480679027736187 141
1615283130931 0.01697918400168419 142
1615283166672 0.016742419451475143 143
1615283201648 0.017111031338572502 144
1615283236046 0.01810722053050995 145
1615283270261 0.0164608396589756 146
1615283304307 0.01601528935134411 147
1615283338474 0.015089703723788261 148
1615283372562 0.014249211177229881 149
1615283411815 0.014519693329930305 150
1615283445785 0.015048573724925518 151
1615283479628 0.012687047943472862 152
1615283513426 0.016823802143335342 153
1615283547125 0.015284774824976921 154
1615283580829 0.014703599736094475 155
1615283614759 0.0163179412484169 156
1615283648479 0.015959538519382477 157
1615283682495 0.01589045859873295 158
1615283716544 0.014211217872798443 159
1615283754625 0.015393100678920746 160
1615283788863 0.01423476729542017 161
1615283823227 0.015239017084240913 162
1615283857780 0.015448436141014099 163
1615283892690 0.015460580587387085 164
1615283926628 0.0158768892288208 165
1615283961054 0.01446089893579483 166
1615283995130 0.015244565904140472 167
1615284029003 0.013831770047545433 168
1615284062846 0.01559553761035204 169
1615284101526 0.014696571044623852 170
1615284135466 0.017165489494800568 171
1615284169169 0.015734685584902763 172
1615284203172 0.014011956751346588 173
1615284237065 0.014880338683724403 174
1615284271146 0.015736902132630348 175
1615284304884 0.013690438121557236 176
1615284338614 0.015433082357048988 177
1615284372640 0.016214173287153244 178
1615284406597 0.016169564798474312 179
1615284444239 0.016070643439888954 180
1615284478034 0.014505832456052303 181
1615284512093 0.01581750251352787 182
1615284546200 0.01593939960002899 183
1615284580669 0.015645571053028107 184
1615284615028 0.01416891161352396 185
1615284649490 0.014801718294620514 186
1615284683708 0.015248183161020279 187
1615284717950 0.01606554538011551 188
1615284752274 0.013343347236514091 189
1615284790000 0.0149459233507514 190
1615284824432 0.016322001814842224 191
1615284858551 0.01534641906619072 192
1615284892392 0.01419585570693016 193
1615284926375 0.014757904224097729 194
1615284960464 0.01645497977733612 195
1615284994305 0.013971326872706413 196
1615285028266 0.016878724098205566 197
1615285062294 0.014260570518672466 198
1615285096250 0.014783617109060287 199
1615285134356 0.015515834093093872 200
1615285168364 0.014783099293708801 201
1615285202951 0.014035187661647797 202
1615285237562 0.015008173882961273 203
1615285272419 0.013654033653438091 204
1615285306443 0.015088921412825584 205
1615285340567 0.015958890318870544 206
1615285375036 0.014179425314068794 207
1615285409390 0.013260500505566597 208
1615285443369 0.013833686709403992 209
1615285481783 0.014058202505111694 210
1615285515868 0.01566636934876442 211
1615285549764 0.015151391737163067 212
1615285583561 0.013489963486790657 213
1615285617681 0.014143872074782848 214
1615285651621 0.012436051853001118 215
1615285685593 0.013031251728534698 216
1615285719610 0.01323693711310625 217
1615285753696 0.014753889292478561 218
1615285788959 0.012733256444334984 219
1615285828343 0.014826180413365364 220
1615285862502 0.013345034793019295 221
1615285896652 0.012988634407520294 222
1615285930896 0.013437727466225624 223
1615285964617 0.014927420765161514 224
1615285998570 0.014422755688428879 225
1615286032390 0.013016561046242714 226
1615286066097 0.014421353116631508 227
1615286100123 0.015142506919801235 228
1615286133824 0.013189674355089664 229
1615286171472 0.013937992975115776 230
1615286205221 0.014293469488620758 231
1615286239371 0.012293053790926933 232
1615286273612 0.013181372545659542 233
1615286307702 0.014348654076457024 234
1615286341738 0.014243565499782562 235
1615286376390 0.015584591776132584 236
1615286410563 0.014770574867725372 237
1615286445212 0.014785926789045334 238
1615286479604 0.01314748078584671 239
1615286517146 0.014376584440469742 240
1615286551241 0.012463977560400963 241
1615286585356 0.01516176387667656 242
1615286619135 0.014583265408873558 243
1615286653118 0.01431625708937645 244
1615286686858 0.013314228504896164 245
1615286721117 0.014097471721470356 246
1615286755159 0.016150254756212234 247
1615286789106 0.014099441468715668 248
1615286822749 0.013219449669122696 249
1615286860145 0.013422254472970963 250
1615286893947 0.013643763959407806 251
1615286927972 0.012765671126544476 252
1615286961777 0.013632604852318764 253
1615286995522 0.013860692270100117 254
1615287029478 0.013126950711011887 255
1615287063211 0.014747127890586853 256
1615287096982 0.012273799628019333 257
1615287131067 0.012526442296802998 258
1615287164926 0.012994100339710712 259
1615287202717 0.01495398860424757 260
1615287237238 0.013576027005910873 261
1615287271949 0.014757581055164337 262
1615287306711 0.01412973366677761 263
1615287340584 0.013198770582675934 264
1615287374690 0.0147154051810503 265
1615287408645 0.014484934508800507 266
1615287442816 0.01407638844102621 267
1615287476802 0.012493129819631577 268
1615287510858 0.01267603226006031 269
1615287548190 0.014866814017295837 270
1615287582017 0.01215387787669897 271
1615287616737 0.013337904587388039 272
1615287650849 0.014275621622800827 273
1615287684633 0.013684634119272232 274
1615287718461 0.013560814782977104 275
1615287752103 0.013366764411330223 276
1615287786103 0.014964310452342033 277
1615287819794 0.015271510928869247 278
1615287853947 0.01248454675078392 279
1615287891465 0.013721248134970665 280
1615287925434 0.012993192300200462 281
1615287959429 0.013268811628222466 282
1615287993135 0.013347484171390533 283
1615288027430 0.013812718912959099 284
1615288061888 0.013639536686241627 285
1615288096246 0.014071623794734478 286
1615288130699 0.012678680941462517 287
1615288165004 0.013333762064576149 288
1615288199015 0.012266470119357109 289
1615288236597 0.013660138472914696 290
1615288271574 0.011983005329966545 291
1615288305769 0.014337360858917236 292
1615288339624 0.014265764504671097 293
1615288373579 0.014074424281716347 294
1615288407690 0.013399351388216019 295
1615288441508 0.013172486796975136 296
1615288475323 0.014416935853660107 297
1615288509210 0.013018744066357613 298
1615288543083 0.013513874262571335 299
1615288580805 0.01629556715488434 300
1615288615826 0.013570580631494522 301
1615288651731 0.012797430157661438 302
1615288686118 0.01268058829009533 303
1615288720059 0.014773545786738396 304
1615288754734 0.015273544937372208 305
1615288788571 0.013462310656905174 306
1615288822504 0.01238689199090004 307
1615288856532 0.012093117460608482 308
1615288890275 0.011605405248701572 309
1615288928149 0.012815655209124088 310
1615288961796 0.013530239462852478 311
1615288995506 0.013182336464524269 312
1615289029517 0.012507336214184761 313
1615289064132 0.012578786350786686 314
1615289098684 0.013672676868736744 315
1615289133314 0.013232279568910599 316
1615289168646 0.013068224303424358 317
1615289202973 0.015779932960867882 318
1615289237312 0.012507959268987179 319
1615289275347 0.011959845200181007 320
1615289310017 0.010949922725558281 321
1615289343767 0.011823005974292755 322
1615289377712 0.012452878057956696 323
1615289411709 0.012577297165989876 324
1615289445741 0.011456092819571495 325
1615289479858 0.013639964163303375 326
1615289513691 0.01320577785372734 327
1615289547616 0.012908718548715115 328
1615289581583 0.012363795191049576 329
1615289619499 0.012990483082830906 330
1615289653511 0.014670784585177898 331
1615289688167 0.014642112888395786 332
1615289722699 0.014185678213834763 333
1615289757476 0.014552673324942589 334
1615289792018 0.013289058580994606 335
1615289826494 0.013164682313799858 336
1615289860498 0.015461296774446964 337
1615289894658 0.014891272410750389 338
1615289928718 0.013405845500528812 339
1615289966371 0.012949563562870026 340
1615290000367 0.013116625137627125 341
1615290034076 0.01215356308966875 342
1615290068159 0.014305004850029945 343
1615290102120 0.012327740900218487 344
1615290135923 0.012522874400019646 345
1615290169898 0.012024613097310066 346
1615290203782 0.013781942427158356 347
1615290237828 0.012013522908091545 348
1615290271872 0.011396069079637527 349
1615290309939 0.012368559837341309 350
1615290344553 0.011891183443367481 351
1615290379729 0.011417754925787449 352
1615290414141 0.013268077746033669 353
1615290448758 0.013310844078660011 354
1615290482608 0.012901482172310352 355
1615290516677 0.012463193386793137 356
1615290550236 0.01246450562030077 357
1615290584044 0.01291186735033989 358
1615290617983 0.01175702828913927 359
1615290655912 0.013686621561646461 360
1615290689807 0.010950801894068718 361
1615290723926 0.012499564327299595 362
1615290757981 0.012685205787420273 363
1615290792122 0.011947855353355408 364
1615290826392 0.010928699746727943 365
1615290861033 0.013429221697151661 366
1615290895379 0.013049115426838398 367
1615290929797 0.011987680569291115 368
1615290964029 0.013143422082066536 369
1615291002029 0.012201052159070969 370
1615291035843 0.013719877228140831 371
1615291069964 0.013662406243383884 372
1615291103733 0.01431007869541645 373
1615291138252 0.013361369259655476 374
1615291172008 0.012170126661658287 375
1615291206207 0.012702100910246372 376
1615291240192 0.013475393876433372 377
1615291274000 0.011507261544466019 378
1615291307946 0.01113535463809967 379
1615291345814 0.012071921490132809 380
1615291379572 0.013137441128492355 381
1615291413135 0.013494713231921196 382
1615291447230 0.012789725326001644 383
1615291481832 0.012778639793395996 384
1615291516932 0.01216655783355236 385
1615291551560 0.012299947440624237 386
1615291585931 0.013364171609282494 387
1615291620132 0.011873329058289528 388
1615291654002 0.012186027131974697 389
1615291691904 0.013940267264842987 390
1615291725928 0.014022890478372574 391
1615291760164 0.012342752888798714 392
1615291793960 0.01188945397734642 393
1615291828040 0.012216533534228802 394
1615291862108 0.01380452886223793 395
1615291896110 0.011097675189375877 396
1615291929964 0.010631494224071503 397
1615291963854 0.012298374436795712 398
1615291997490 0.012910461984574795 399
1615292035242 0.011295516043901443 400
1615292071256 0.011332634836435318 401
1615292106202 0.012361414730548859 402
1615292140328 0.014494342729449272 403
1615292174861 0.011149389669299126 404
1615292209097 0.010834388434886932 405
1615292243079 0.011853890493512154 406
1615292276890 0.011022843420505524 407
1615292310652 0.012395074591040611 408
1615292344462 0.01332099549472332 409
1615292381968 0.011694483458995819 410
1615292415757 0.011397212743759155 411
1615292449600 0.013342902064323425 412
1615292483622 0.01250789500772953 413
1615292517715 0.01432689931243658 414
1615292552066 0.013370086438953876 415
1615292586907 0.0126181123778224 416
1615292621371 0.011702008545398712 417
1615292655616 0.012764516286551952 418
1615292689914 0.013073859736323357 419
1615292728781 0.012342957779765129 420
1615292762834 0.01222812756896019 421
1615292796783 0.01310341339558363 422
1615292830694 0.012733085080981255 423
1615292864417 0.011046044528484344 424
1615292898181 0.013180648908019066 425
1615292931868 0.012210981920361519 426
1615292965636 0.009344393387436867 427
1615292999520 0.011103030294179916 428
1615293033429 0.01189410500228405 429
1615293071684 0.011931762099266052 430
1615293106593 0.014203570783138275 431
1615293141027 0.01130139734596014 432
1615293175352 0.013660827651619911 433
1615293209327 0.012340957298874855 434
1615293243273 0.011128542944788933 435
1615293277229 0.011904405429959297 436
1615293311622 0.014713468961417675 437
1615293345455 0.012351457960903645 438
1615293379372 0.01363314874470234 439
1615293417474 0.012902498245239258 440
1615293451606 0.011035334318876266 441
1615293485546 0.010903479531407356 442
1615293519569 0.012582734227180481 443
1615293553423 0.011026658117771149 444
1615293587488 0.011025182902812958 445
1615293621760 0.01233068760484457 446
1615293656237 0.013198796659708023 447
1615293690524 0.012742206454277039 448
1615293725554 0.010528439655900002 449
1615293763878 0.011257249861955643 450
1615293797992 0.011394989676773548 451
1615293832594 0.012470778077840805 452
1615293866536 0.013563547283411026 453
1615293900354 0.012169436551630497 454
1615293934009 0.011150039732456207 455
1615293967786 0.013747313991189003 456
1615294001515 0.012567998841404915 457
1615294035634 0.012083984911441803 458
1615294069629 0.012948408722877502 459
1615294107428 0.01205710880458355 460
1615294142020 0.012792914174497128 461
1615294176669 0.012090202420949936 462
1615294211432 0.013452790677547455 463
1615294245552 0.012235846370458603 464
1615294279799 0.009852982126176357 465
1615294313895 0.012650245800614357 466
1615294347796 0.010452894493937492 467
1615294381516 0.011246541514992714 468
1615294415386 0.012806141749024391 469
1615294453159 0.011851802468299866 470
1615294487163 0.011630342341959476 471
1615294520963 0.010955234989523888 472
1615294554935 0.012445498257875443 473
1615294588666 0.011374125257134438 474
1615294622628 0.012095839716494083 475
1615294656589 0.011000797152519226 476
1615294690434 0.01211891882121563 477
1615294724184 0.010887255892157555 478
1615294758177 0.012001989409327507 479
1615294795843 0.011418294161558151 480
1615294829720 0.011724278330802917 481
1615294863800 0.011488948948681355 482
1615294898093 0.011054341681301594 483
1615294932434 0.012232881039381027 484
1615294967312 0.010608827695250511 485
1615295001509 0.013662759214639664 486
1615295035669 0.011704673059284687 487
1615295069771 0.010677624493837357 488
1615295103745 0.012440666556358337 489
1615295141940 0.011197937652468681 490
1615295176432 0.009713821113109589 491
1615295210282 0.010633926838636398 492
1615295244043 0.01131470501422882 493
1615295278017 0.011932836845517159 494
1615295311643 0.010652472265064716 495
1615295345595 0.011694107204675674 496
1615295379263 0.011572262272238731 497
1615295413256 0.012190550565719604 498
1615295447380 0.012189663015305996 499
1615295485068 0.010874733328819275 500
1615295519218 0.011431110091507435 501
1615295553935 0.010795192793011665 502
1615295588274 0.011066049337387085 503
1615295622618 0.012462237849831581 504
1615295657163 0.011431203223764896 505
1615295691350 0.011913123540580273 506
1615295725463 0.011455736123025417 507
1615295759747 0.010547168552875519 508
1615295793788 0.010771235451102257 509
1615295831876 0.01076728105545044 510
1615295865669 0.011994609609246254 511
1615295899643 0.011943129822611809 512
1615295933221 0.008779013529419899 513
1615295967150 0.012522694654762745 514
1615296001054 0.010800555348396301 515
1615296034873 0.01366288959980011 516
1615296068860 0.010814789682626724 517
1615296103648 0.01134227029979229 518
1615296139648 0.011666674166917801 519
1615296177644 0.012573162093758583 520
1615296211933 0.013144410215318203 521
1615296246126 0.013439841568470001 522
1615296281186 0.011396343819797039 523
1615296315054 0.010196262039244175 524
1615296349038 0.012967875227332115 525
1615296383182 0.012426458299160004 526
1615296416915 0.010260498151183128 527
1615296450729 0.011406317353248596 528
1615296484478 0.012857792899012566 529
1615296521936 0.010760972276329994 530
1615296555947 0.011441182345151901 531
1615296589937 0.01073456835001707 532
1615296624075 0.012150613591074944 533
1615296657955 0.012749385088682175 534
1615296692550 0.011356646195054054 535
1615296727351 0.01074209250509739 536
1615296762580 0.013641204684972763 537
1615296796804 0.01145150139927864 538
1615296830928 0.010309655219316483 539
1615296868797 0.010896270163357258 540
1615296902566 0.010276220738887787 541
1615296936544 0.011250506155192852 542
1615296971358 0.010505189187824726 543
1615297005284 0.01067344844341278 544
1615297039298 0.011967478320002556 545
1615297073063 0.011067895218729973 546
1615297107129 0.01178649254143238 547
1615297140891 0.01004541851580143 548
1615297174994 0.011131277307868004 549
1615297212642 0.011027783155441284 550
1615297246733 0.010425587184727192 551
1615297280694 0.01320628821849823 552
1615297315467 0.010242161341011524 553
1615297350731 0.013179652392864227 554
1615297385447 0.01203498151153326 555
1615297419624 0.011501519940793514 556
1615297453763 0.011719046160578728 557
1615297488379 0.013677146285772324 558
1615297522464 0.012002105824649334 559
1615297560005 0.012890955433249474 560
1615297593883 0.011743931099772453 561
1615297627485 0.011153419502079487 562
1615297661195 0.011252553202211857 563
1615297694912 0.010875086300075054 564
1615297728615 0.013398011215031147 565
1615297762614 0.011992858722805977 566
1615297797199 0.011614136397838593 567
1615297832457 0.011792106553912163 568
1615297867061 0.010398974642157555 569
1615297905758 0.011551564559340477 570
1615297940110 0.01187979057431221 571
1615297973916 0.011089926585555077 572
1615298008587 0.008328372612595558 573
1615298042518 0.010058379732072353 574
1615298076330 0.011635268107056618 575
1615298110472 0.012094530276954174 576
1615298144568 0.012170013040304184 577
1615298178510 0.011730214580893517 578
1615298212470 0.009610679000616074 579
1615298250344 0.011505376547574997 580
1615298284359 0.009960737079381943 581
1615298318027 0.011777395382523537 582
1615298352166 0.013822413980960846 583
1615298386119 0.008888954296708107 584
1615298420132 0.01311613991856575 585
1615298454151 0.011660035699605942 586
1615298490121 0.012922215275466442 587
1615298525496 0.012032296508550644 588
1615298560024 0.012667549774050713 589
1615298598508 0.01048329658806324 590
1615298632671 0.012019595131278038 591
1615298666522 0.012219838798046112 592
1615298700614 0.010886874981224537 593
1615298734343 0.01189927663654089 594
1615298768200 0.010894348844885826 595
1615298801931 0.00970384944230318 596
1615298835692 0.013480525463819504 597
1615298869597 0.010293228551745415 598
1615298903515 0.012308649718761444 599
1615298941455 0.011587200686335564 600
1615298975339 0.011464648880064487 601
1615299009239 0.012085252441465855 602
1615299043338 0.01061022188514471 603
1615299078420 0.012944065034389496 604
1615299113336 0.010725519619882107 605
1615299148430 0.011409456841647625 606
1615299182890 0.01328689232468605 607
1615299217167 0.01253218948841095 608
1615299251605 0.011171836405992508 609
1615299289286 0.012562359683215618 610
1615299323115 0.010703649371862411 611
1615299357025 0.011553965508937836 612
1615299391414 0.010842017829418182 613
1615299425120 0.010566160082817078 614
1615299458976 0.011082829907536507 615
1615299492861 0.01252209022641182 616
1615299526578 0.009940857999026775 617
1615299560382 0.011833790689706802 618
1615299594067 0.012368220835924149 619
1615299631693 0.010604680515825748 620
1615299665453 0.010686362162232399 621
1615299699389 0.011101117357611656 622
1615299732967 0.011138832196593285 623
1615299766725 0.011270571500062943 624
1615299800520 0.010039793327450752 625
1615299834669 0.010951407253742218 626
1615299868720 0.01043081283569336 627
1615299902630 0.011189619079232216 628
1615299936602 0.010948958806693554 629
1615299974957 0.011131368577480316 630
1615300009118 0.010734012350440025 631
1615300043513 0.009648066014051437 632
1615300077856 0.012621873989701271 633
1615300112407 0.011732907965779305 634
1615300146638 0.012765143997967243 635
1615300180458 0.010890266858041286 636
1615300214424 0.009911291301250458 637
1615300248574 0.012473765760660172 638
1615300282346 0.011153082363307476 639
1615300320064 0.00996147096157074 640
1615300353957 0.010583994910120964 641
1615300387842 0.012051433324813843 642
1615300421808 0.01105266809463501 643
1615300455546 0.011352906003594398 644
1615300489273 0.009264860302209854 645
1615300523182 0.012155311182141304 646
1615300557134 0.010641245171427727 647
1615300590982 0.011696038767695427 648
1615300624986 0.010864361189305782 649
1615300662436 0.011382853612303734 650
1615300696374 0.01049038115888834 651
1615300730144 0.009427418932318687 652
1615300764262 0.00998125784099102 653
1615300799205 0.011277499608695507 654
1615300834986 0.008595593273639679 655
1615300869851 0.010037347674369812 656
1615300904128 0.00902373343706131 657
1615300938221 0.01136581040918827 658
1615300972030 0.0104625653475523 659
1615301009546 0.011358346790075302 660
1615301043419 0.011279093101620674 661
1615301077299 0.011130118742585182 662
1615301111353 0.01031834352761507 663
1615301145303 0.010337254963815212 664
1615301178971 0.010663343593478203 665
1615301214842 0.011976603418588638 666
1615301250583 0.011889593675732613 667
1615301285222 0.010428950190544128 668
1615301319272 0.010368861258029938 669
1615301356977 0.01239064522087574 670
1615301390835 0.010584122501313686 671
1615301424763 0.010508442297577858 672
1615301458853 0.010901205241680145 673
1615301492693 0.00903799943625927 674
1615301526558 0.011843455024063587 675
1615301560099 0.01282910443842411 676
1615301594237 0.013075871393084526 677
1615301627957 0.012133566662669182 678
1615301661829 0.01172707974910736 679
1615301699461 0.01173450704663992 680
1615301733196 0.01038421131670475 681
1615301767164 0.010598810389637947 682
1615301801120 0.012911776080727577 683
1615301836505 0.011541759595274925 684
1615301871614 0.010769177228212357 685
1615301905927 0.010708398185670376 686
1615301940196 0.011275846511125565 687
1615301974167 0.010298017412424088 688
1615302008373 0.012445865198969841 689
1615302046510 0.012507094070315361 690
1615302080534 0.009965133853256702 691
1615302114845 0.009908655658364296 692
1615302149025 0.010237538255751133 693
1615302183065 0.011291836388409138 694
1615302216774 0.011264284141361713 695
1615302250709 0.012408720329403877 696
1615302284533 0.01100136712193489 697
1615302318484 0.010485373437404633 698
1615302352721 0.010885786265134811 699
1615302391651 0.009688460268080235 700
1615302426857 0.009988371282815933 701
1615302460936 0.011162428185343742 702
1615302495086 0.01134065818041563 703
1615302529338 0.008967433124780655 704
1615302563280 0.01066010631620884 705
1615302597204 0.013259255327284336 706
1615302631789 0.009804823435842991 707
1615302665792 0.011002518236637115 708
1615302699561 0.011147961020469666 709
1615302737337 0.011857090517878532 710
1615302771072 0.010478641837835312 711
1615302804967 0.009582843631505966 712
1615302838975 0.008688762784004211 713
1615302872592 0.010734062641859055 714
1615302906573 0.010512754321098328 715
1615302940850 0.008358130231499672 716
1615302976084 0.011874988675117493 717
1615303010695 0.011591527611017227 718
1615303045013 0.01011693850159645 719
1615303082800 0.010841630399227142 720
1615303116741 0.012583035044372082 721
1615303151095 0.009904420003294945 722
1615303184981 0.010775401256978512 723
1615303219100 0.009347517974674702 724
1615303252846 0.009796813130378723 725
1615303286557 0.010740764439105988 726
1615303320598 0.011537780985236168 727
1615303354535 0.011435437947511673 728
1615303388272 0.00971595011651516 729
1615303425835 0.012261172756552696 730
1615303459732 0.009915769100189209 731
1615303493765 0.010865183547139168 732
1615303528007 0.010715983808040619 733
1615303562717 0.010292748920619488 734
1615303598485 0.011916100978851318 735
1615303632697 0.011852897703647614 736
1615303666769 0.011609204113483429 737
1615303700810 0.009765950962901115 738
1615303734654 0.011045367456972599 739
1615303772215 0.012495707720518112 740
1615303806500 0.010888732969760895 741
1615303840248 0.010292936116456985 742
1615303874327 0.010288940742611885 743
1615303908298 0.010057712905108929 744
1615303942156 0.009374473243951797 745
1615303976195 0.008970558643341064 746
1615304009952 0.010034054517745972 747
1615304043795 0.011690307408571243 748
1615304077865 0.00999295525252819 749
1615304115360 0.011032706126570702 750
1615304149335 0.01118946447968483 751
1615304183272 0.010428780689835548 752
1615304217373 0.010572582483291626 753
1615304251366 0.011042386293411255 754
1615304285534 0.01159747689962387 755
1615304320143 0.011006128042936325 756
1615304355237 0.01121535524725914 757
1615304389478 0.010071441531181335 758
1615304423688 0.011599544435739517 759
1615304461744 0.01167348027229309 760
1615304495814 0.009978512302041054 761
1615304529750 0.009913153946399689 762
1615304564500 0.010515798814594746 763
1615304598434 0.009860063903033733 764
1615304632404 0.012560460716485977 765
1615304666211 0.011876381002366543 766
1615304699880 0.01171131618320942 767
1615304733602 0.011177882552146912 768
1615304767685 0.011378919705748558 769
1615304805101 0.009952018037438393 770
1615304838826 0.01066623441874981 771
1615304872565 0.010733850300312042 772
1615304906853 0.011164477095007896 773
1615304941094 0.010241353884339333 774
1615304975305 0.011374068446457386 775
1615305009554 0.011331832967698574 776
1615305043777 0.011464988812804222 777
1615305078354 0.00889412872493267 778
1615305112699 0.013155573047697544 779
1615305150955 0.00922098383307457 780
1615305185564 0.012954458594322205 781
1615305219729 0.010034127160906792 782
1615305253936 0.01026034913957119 783
1615305288806 0.010609854012727737 784
1615305322912 0.011038554832339287 785
1615305357006 0.009154758416116238 786
1615305391093 0.010462312027812004 787
1615305425126 0.011286934837698936 788
1615305459203 0.0114537812769413 789
1615305496792 0.009672006592154503 790
1615305530886 0.011169208213686943 791
1615305564638 0.009434627369046211 792
1615305598377 0.008606674149632454 793
1615305632321 0.012692169286310673 794
1615305666564 0.011633551679551601 795
1615305700472 0.01238827034831047 796
1615305734566 0.010218406096100807 797
1615305768734 0.012304333969950676 798
1615305803262 0.011669762432575226 799
1615305841658 0.012583527714014053 800
1615305875910 0.010661263018846512 801
1615305910416 0.010701701045036316 802
1615305944603 0.009869255125522614 803
1615305978801 0.010419707745313644 804
1615306013222 0.011887207627296448 805
1615306047113 0.0116873262450099 806
1615306080909 0.011547296307981014 807
1615306115925 0.01326543465256691 808
1615306150013 0.011322248727083206 809
1615306187838 0.010207466781139374 810
1615306221826 0.009689142927527428 811
1615306255604 0.010453997179865837 812
1615306289673 0.011079198680818081 813
1615306323546 0.010166477411985397 814
1615306357456 0.010504234582185745 815
1615306391285 0.010626045987010002 816
1615306425154 0.012620927765965462 817
1615306459065 0.010845130309462547 818
1615306494017 0.008779792115092278 819
1615306533102 0.01251942291855812 820
1615306567475 0.010308338329195976 821
1615306601420 0.010474858805537224 822
1615306635295 0.009482230059802532 823
1615306670132 0.010760331526398659 824
1615306703960 0.010502245277166367 825
1615306738040 0.00964593980461359 826
1615306771866 0.011917559430003166 827
1615306805920 0.01048995740711689 828
1615306839609 0.009615079499781132 829
1615306877387 0.008473138324916363 830
1615306911073 0.011812269687652588 831
1615306944991 0.008738002739846706 832
1615306978881 0.010364570654928684 833
1615307012892 0.010311344638466835 834
1615307046828 0.009070377796888351 835
1615307080769 0.01230214349925518 836
1615307115061 0.011380545794963837 837
1615307149763 0.00960578490048647 838
1615307184152 0.01054346188902855 839
1615307222623 0.009854773059487343 840
1615307256979 0.010706431232392788 841
1615307291063 0.01063249260187149 842
1615307325278 0.009760277345776558 843
1615307359404 0.009692946448922157 844
1615307393355 0.011148368939757347 845
1615307427352 0.01181777287274599 846
1615307461912 0.009984729811549187 847
1615307495938 0.011138539761304855 848
1615307530002 0.01121238712221384 849
1615307567424 0.010821430943906307 850
1615307601195 0.012041570618748665 851
1615307635183 0.013037892058491707 852
1615307668935 0.011372283101081848 853
1615307702809 0.009948765859007835 854
1615307737215 0.010348299518227577 855
1615307771329 0.010675627738237381 856
1615307805517 0.010599562898278236 857
1615307839989 0.01006714440882206 858
1615307874288 0.00977107509970665 859
1615307912734 0.010626561008393764 860
1615307947105 0.008484241552650928 861
1615307981365 0.0093529699370265 862
1615308015262 0.009171528741717339 863
1615308049462 0.010683777742087841 864
1615308083441 0.010162942111492157 865
1615308117297 0.008389979600906372 866
1615308151147 0.009363844990730286 867
1615308185698 0.011099759489297867 868
1615308219622 0.010641193017363548 869
1615308257537 0.009646744467318058 870
1615308291285 0.008281105197966099 871
1615308325262 0.01179509237408638 872
1615308359354 0.009478817693889141 873
1615308393250 0.011388678103685379 874
1615308427299 0.01039554737508297 875
1615308461253 0.010956072248518467 876
1615308495720 0.010392716154456139 877
1615308529860 0.010811952874064445 878
1615308564164 0.009907822124660015 879
1615308602374 0.012150296941399574 880
1615308636702 0.012553220614790916 881
1615308670631 0.011736417189240456 882
1615308704707 0.01158967800438404 883
1615308738782 0.008328210562467575 884
1615308772748 0.011981133371591568 885
1615308806455 0.008554890751838684 886
1615308840297 0.008923647925257683 887
1615308874450 0.008816306479275227 888
1615308908547 0.010122161358594894 889
1615308946381 0.010237419977784157 890
1615308980320 0.010598381981253624 891
1615309014171 0.009359849616885185 892
1615309048068 0.007986840792000294 893
1615309081854 0.00866365060210228 894
1615309115696 0.010009354911744595 895
1615309149683 0.009438218548893929 896
1615309183725 0.010732628405094147 897
1615309217905 0.010340123437345028 898
1615309252946 0.009679155424237251 899
1615309291798 0.01252884790301323 900
1615309326791 0.008970560505986214 901
1615309360945 0.01209389977157116 902
1615309395758 0.011173316277563572 903
1615309430437 0.012387216091156006 904
1615309464376 0.010076206177473068 905
1615309498263 0.010051881894469261 906
1615309532392 0.00994066707789898 907
1615309566456 0.011606551706790924 908
1615309600213 0.009984057396650314 909
1615309637669 0.0113267432898283 910
1615309671333 0.01057654432952404 911
1615309705125 0.009895128197968006 912
1615309739097 0.008773029781877995 913
1615309773031 0.01059388555586338 914
1615309807355 0.010533453896641731 915
1615309841701 0.009614357724785805 916
1615309876133 0.009660202078521252 917
1615309910596 0.009226657450199127 918
1615309944806 0.012225029990077019 919
1615309982737 0.009126457385718822 920
1615310017044 0.011472225189208984 921
1615310051854 0.009986288845539093 922
1615310086002 0.012129662558436394 923
1615310119901 0.010675055906176567 924
1615310153874 0.009117817506194115 925
1615310187997 0.008197866380214691 926
1615310222065 0.010608711279928684 927
1615310255872 0.009612533263862133 928
1615310289709 0.009748226962983608 929
1615310327464 0.00865280069410801 930
1615310361172 0.007952326908707619 931
1615310394839 0.009888136759400368 932
1615310428972 0.010529343970119953 933
1615310463186 0.009207936003804207 934
1615310497093 0.01003145519644022 935
1615310531333 0.00953572429716587 936
1615310566096 0.008783087134361267 937
1615310601449 0.01076500117778778 938
1615310635964 0.0113197211176157 939
1615310674094 0.00982730183750391 940
1615310708192 0.011383654549717903 941
1615310742126 0.011694759130477905 942
1615310776191 0.008584903553128242 943
1615310810828 0.00912737287580967 944
1615310844845 0.010470764711499214 945
1615310878534 0.010735446587204933 946
1615310912242 0.010195225477218628 947
1615310946159 0.008791188709437847 948
1615310979901 0.009569201618432999 949
1615311017457 0.00848345272243023 950
1615311051210 0.010350571013987064 951
1615311085233 0.008699415251612663 952
1615311119264 0.010199213400483131 953
1615311153406 0.010129985399544239 954
1615311188562 0.00852964073419571 955
1615311223306 0.008972659707069397 956
1615311258007 0.008946130983531475 957
1615311292156 0.007090918719768524 958
1615311327218 0.00960640050470829 959
1615311365060 0.010021655820310116 960
1615311399080 0.010388833470642567 961
1615311432777 0.008693826384842396 962
1615311466528 0.010426374152302742 963
1615311500462 0.010570347309112549 964
1615311534121 0.009826915338635445 965
1615311567845 0.009364810772240162 966
1615311601617 0.008800729177892208 967
1615311635707 0.010654636658728123 968
1615311669405 0.009294213727116585 969
1615311706788 0.010960206389427185 970
1615311740565 0.011074438691139221 971
1615311774723 0.009159567765891552 972
1615311808798 0.008974065072834492 973
1615311842916 0.008523116819560528 974
1615311877230 0.009181329049170017 975
1615311911798 0.0078715356066823 976
1615311946269 0.010343357920646667 977
1615311980713 0.00991223193705082 978
1615312014690 0.008802741765975952 979
1615312052640 0.008693840354681015 980
1615312086581 0.010001897811889648 981
1615312120630 0.009179915301501751 982
1615312154866 0.011156847700476646 983
1615312188776 0.009242622181773186 984
1615312222871 0.009690932929515839 985
1615312256880 0.009668877348303795 986
1615312290889 0.009487779811024666 987
1615312324749 0.008109687827527523 988
1615312358664 0.012796184048056602 989
1615312396479 0.008048559539020061 990
1615312430220 0.010507205501198769 991
1615312464331 0.008541164919734001 992
1615312498232 0.008769184350967407 993
1615312532385 0.009774088859558105 994
1615312566342 0.009842521511018276 995
1615312601285 0.010312650352716446 996
1615312636396 0.007579518482089043 997
1615312671228 0.010422103106975555 998
1615312705827 0.009527006186544895 999
1615312744592 0.00810326263308525 1000
1615312778555 0.009055010974407196 1001
1615312812429 0.009480596520006657 1002
1615312846613 0.010180622339248657 1003
1615312880670 0.011641774326562881 1004
1615312914792 0.008872268721461296 1005
1615312948651 0.008703785017132759 1006
1615312982906 0.009228121489286423 1007
1615313016831 0.008184715174138546 1008
1615313050616 0.009058874100446701 1009
1615313087926 0.00973171554505825 1010
1615313121765 0.008412929251790047 1011
1615313155666 0.010560722090303898 1012
1615313189634 0.00813338439911604 1013
1615313223961 0.007950644940137863 1014
1615313259473 0.007267427630722523 1015
1615313294774 0.008383754640817642 1016
1615313329150 0.009668491780757904 1017
1615313363622 0.009010677225887775 1018
1615313397396 0.008001826703548431 1019
1615313436185 0.010250996798276901 1020
1615313470089 0.008583573624491692 1021
1615313503900 0.009020937606692314 1022
1615313537741 0.008390105329453945 1023
1615313571749 0.009974416345357895 1024
1615313605501 0.008073708973824978 1025
1615313639602 0.010048174299299717 1026
1615313674115 0.0087318429723382 1027
1615313708612 0.010153618641197681 1028
1615313743611 0.008523823693394661 1029
1615313783494 0.0108192665502429 1030
1615313817631 0.008153681643307209 1031
1615313851800 0.010045232251286507 1032
1615313885709 0.00818491168320179 1033
1615313919608 0.009864992462098598 1034
1615313953501 0.0079670250415802 1035
1615313987247 0.010667087510228157 1036
1615314021096 0.008305521681904793 1037
1615314055243 0.010538791306316853 1038
1615314089419 0.008960454724729061 1039
1615314127532 0.009301153011620045 1040
1615314162668 0.010385263711214066 1041
1615314197261 0.012958403676748276 1042
1615314231753 0.009914882481098175 1043
1615314265765 0.009997001849114895 1044
1615314300178 0.00817014742642641 1045
1615314334326 0.010219767689704895 1046
1615314368075 0.008115744218230247 1047
1615314402600 0.010335514321923256 1048
1615314436883 0.009469002485275269 1049
1615314475006 0.009982297196984291 1050
1615314509140 0.009478766471147537 1051
1615314542799 0.009013991802930832 1052
1615314576811 0.008432919159531593 1053
1615314610939 0.009517761878669262 1054
1615314644722 0.009906494989991188 1055
1615314678775 0.00914260745048523 1056
1615314712826 0.010578452609479427 1057
1615314747023 0.009947255253791809 1058
1615314781131 0.008824165910482407 1059
1615314819814 0.007642307318747044 1060
1615314854564 0.008427518419921398 1061
1615314889147 0.010341218672692776 1062
1615314923772 0.010151027701795101 1063
1615314957943 0.007235955446958542 1064
1615314991763 0.009027170017361641 1065
1615315026335 0.008934926241636276 1066
1615315061297 0.007972393184900284 1067
1615315095354 0.009551212191581726 1068
1615315129392 0.010639278218150139 1069
1615315167259 0.010208993218839169 1070
1615315201127 0.010649368166923523 1071
1615315235241 0.010092380456626415 1072
1615315268996 0.009547161869704723 1073
1615315302843 0.010421406477689743 1074
1615315336628 0.010867766104638577 1075
1615315370458 0.00831657461822033 1076
1615315404378 0.008324517868459225 1077
1615315438408 0.009832888841629028 1078
1615315472193 0.00949893519282341 1079
1615315509888 0.007196199148893356 1080
1615315544025 0.009932545945048332 1081
1615315578076 0.009615612216293812 1082
1615315612200 0.009741682559251785 1083
1615315646269 0.011419614776968956 1084
1615315680833 0.01075782161206007 1085
1615315715348 0.01042172871530056 1086
1615315749454 0.009254906326532364 1087
1615315784262 0.010195799171924591 1088
1615315818563 0.008749131113290787 1089
1615315856532 0.01091858372092247 1090
1615315890569 0.009133201092481613 1091
1615315924952 0.008347796276211739 1092
1615315958863 0.010763706639409065 1093
1615315992847 0.009319850243628025 1094
1615316026806 0.010878438130021095 1095
1615316060694 0.01137459371238947 1096
1615316094523 0.009699104353785515 1097
1615316128408 0.008782614022493362 1098
1615316162531 0.009716697037220001 1099
1615316200265 0.00880688801407814 1100
1615316234562 0.009879257529973984 1101
1615316268617 0.008666401728987694 1102
1615316302564 0.009541042149066925 1103
1615316336489 0.009785541333258152 1104
1615316370470 0.009342754259705544 1105
1615316404668 0.010285614058375359 1106
1615316438770 0.010128768160939217 1107
1615316472897 0.00918019562959671 1108
1615316506969 0.009400025010108948 1109
1615316544666 0.010703293606638908 1110
1615316578482 0.010401356965303421 1111
1615316612399 0.008951716125011444 1112
1615316646125 0.007785022724419832 1113
1615316679822 0.009762315079569817 1114
1615316713846 0.01009715348482132 1115
1615316747943 0.01013704389333725 1116
1615316781676 0.010208237916231155 1117
1615316815516 0.009379591792821884 1118
1615316849299 0.008008039556443691 1119
1615316886876 0.00941150076687336 1120
1615316920808 0.008446036837995052 1121
1615316954961 0.010061033070087433 1122
1615316988955 0.00726360734552145 1123
1615317022948 0.01034928672015667 1124
1615317056746 0.009718727320432663 1125
1615317090397 0.011292919516563416 1126
1615317124527 0.007857941091060638 1127
1615317158546 0.009982462972402573 1128
1615317192618 0.010315600782632828 1129
1615317230293 0.010062397457659245 1130
1615317264347 0.00945771113038063 1131
1615317298512 0.010710407048463821 1132
1615317332535 0.009097496047616005 1133
1615317366643 0.010413909330964088 1134
1615317400393 0.009880430065095425 1135
1615317434271 0.009827423840761185 1136
1615317468276 0.0087498240172863 1137
1615317502188 0.009936493821442127 1138
1615317535949 0.010730504989624023 1139
1615317573502 0.011699069291353226 1140
1615317607637 0.00868188589811325 1141
1615317641407 0.011402655392885208 1142
1615317675348 0.009186778217554092 1143
1615317709037 0.0095464326441288 1144
1615317742911 0.008325334638357162 1145
1615317776825 0.01180731225758791 1146
1615317810955 0.008793845772743225 1147
1615317844704 0.007699652574956417 1148
1615317878773 0.008397944271564484 1149
1615317916701 0.009377829730510712 1150
1615317950552 0.009655628353357315 1151
1615317984662 0.010010236874222755 1152
1615318018612 0.009530254639685154 1153
1615318052755 0.010339664295315742 1154
1615318086985 0.010678867809474468 1155
1615318121741 0.007949484512209892 1156
1615318156305 0.010414262302219868 1157
1615318190182 0.012198613956570625 1158
1615318223911 0.007982372306287289 1159
1615318262433 0.009729327633976936 1160
1615318296378 0.00810301024466753 1161
1615318330415 0.010708674788475037 1162
1615318364208 0.007801813539117575 1163
1615318397883 0.009462181478738785 1164
1615318432017 0.009590688161551952 1165
1615318465822 0.00945650227367878 1166
1615318499954 0.010827219113707542 1167
1615318533762 0.010380443185567856 1168
1615318567975 0.008363015949726105 1169
1615318606012 0.010013867169618607 1170
1615318640034 0.010106626898050308 1171
1615318673937 0.009531138464808464 1172
1615318708009 0.00912446342408657 1173
1615318742136 0.009530765004456043 1174
1615318776137 0.00852065347135067 1175
1615318810038 0.007152531761676073 1176
1615318843857 0.009972147643566132 1177
1615318877829 0.009873582050204277 1178
1615318911912 0.00910584069788456 1179
1615318949159 0.00866156816482544 1180
1615318983008 0.008339589461684227 1181
1615319016851 0.009031761437654495 1182
1615319050767 0.009371492080390453 1183
1615319084923 0.009295385330915451 1184
1615319118934 0.008312791585922241 1185
1615319153146 0.00932443980127573 1186
1615319187089 0.009573407471179962 1187
1615319221156 0.00810844637453556 1188
1615319255268 0.010745888575911522 1189
1615319293035 0.009780975058674812 1190
1615319327009 0.008747320622205734 1191
1615319361396 0.009911393746733665 1192
1615319395428 0.009322332218289375 1193
1615319429479 0.008517054840922356 1194
1615319463244 0.009089442901313305 1195
1615319497008 0.011478830128908157 1196
1615319530935 0.01080358400940895 1197
1615319564618 0.010182347148656845 1198
1615319598617 0.011182207614183426 1199
1615319636540 0.010572128929197788 1200
1615319658645 0.009346667677164078 0
1615319658657 0.009346667677164078 0
