1615236428865 0.16070130467414856 1
1615236462564 0.18165135383605957 2
1615236496178 0.20980213582515717 3
1615236529885 0.22917905449867249 4
1615236563591 0.2839285135269165 5
1615236597478 0.3125872015953064 6
1615236631264 0.29041802883148193 7
1615236664899 0.3045385479927063 8
1615236698586 0.3203771710395813 9
1615236736174 0.3175596594810486 10
1615236769952 0.32596462965011597 11
1615236803784 0.343262255191803 12
1615236837857 0.3150845170021057 13
1615236871772 0.3365902006626129 14
1615236905346 0.3409651219844818 15
1615236938847 0.32219964265823364 16
1615236972395 0.3371228575706482 17
1615237006186 0.34833282232284546 18
1615237039833 0.330992728471756 19
1615237077176 0.3662811517715454 20
1615237110921 0.36981335282325745 21
1615237144822 0.32127439975738525 22
1615237178572 0.37200289964675903 23
1615237212372 0.3500736951828003 24
1615237246244 0.3402743935585022 25
1615237280014 0.3591919541358948 26
1615237313677 0.36063194274902344 27
1615237347446 0.33641064167022705 28
1615237381168 0.3889272212982178 29
1615237418730 0.4175192713737488 30
1615237452703 0.36193278431892395 31
1615237486575 0.3554505705833435 32
1615237520309 0.3814278244972229 33
1615237553917 0.3980804681777954 34
1615237587680 0.36362725496292114 35
1615237621289 0.4179709255695343 36
1615237655426 0.4025224447250366 37
1615237689028 0.4027647376060486 38
1615237723053 0.3883616626262665 39
1615237760776 0.40766215324401855 40
1615237794351 0.3629382848739624 41
1615237828200 0.38974565267562866 42
1615237862260 0.39849144220352173 43
1615237896206 0.427482008934021 44
1615237929796 0.42393791675567627 45
1615237963733 0.4525848627090454 46
1615237997387 0.40180855989456177 47
1615238031250 0.4275982975959778 48
1615238064987 0.4042206108570099 49
1615238102530 0.41547465324401855 50
1615238136525 0.40068238973617554 51
1615238170291 0.47132956981658936 52
1615238204209 0.44750165939331055 53
1615238238357 0.44389069080352783 54
1615238271937 0.43194031715393066 55
1615238305897 0.4221883714199066 56
1615238339781 0.4213210344314575 57
1615238373729 0.41778475046157837 58
1615238407608 0.42984044551849365 59
1615238444911 0.44206878542900085 60
1615238478643 0.4024481773376465 61
1615238512427 0.3947520852088928 62
1615238546346 0.4091641306877136 63
1615238580127 0.39286208152770996 64
1615238613985 0.4099048376083374 65
1615238647795 0.4353099465370178 66
1615238682216 0.42990440130233765 67
1615238715986 0.41175222396850586 68
1615238749888 0.4088522493839264 69
1615238787909 0.4108195900917053 70
1615238821969 0.4320513606071472 71
1615238855665 0.4135127663612366 72
1615238889385 0.4060162901878357 73
1615238923204 0.3858069181442261 74
1615238956796 0.40674319863319397 75
1615238990639 0.4427182078361511 76
1615239024392 0.4477654695510864 77
1615239058361 0.4326982796192169 78
1615239092131 0.4300062358379364 79
1615239129543 0.4713103175163269 80
1615239163352 0.4396780729293823 81
1615239197204 0.4148266911506653 82
1615239230993 0.44750022888183594 83
1615239264679 0.444815456867218 84
1615239298348 0.4183855652809143 85
1615239332210 0.4325318932533264 86
1615239365800 0.41427475214004517 87
1615239399378 0.42691391706466675 88
1615239433309 0.4302743971347809 89
1615239470943 0.431266188621521 90
1615239505007 0.4276018738746643 91
1615239539323 0.422305703163147 92
1615239573113 0.42836299538612366 93
1615239606931 0.4104756712913513 94
1615239640696 0.4515429139137268 95
1615239674464 0.422599196434021 96
1615239708334 0.44514089822769165 97
1615239742046 0.44611552357673645 98
1615239775910 0.4925867021083832 99
1615239813722 0.44772079586982727 100
1615239847628 0.45466989278793335 101
1615239881164 0.46948450803756714 102
1615239914790 0.44885456562042236 103
1615239948527 0.425983190536499 104
1615239982395 0.4556112289428711 105
1615240016247 0.45846134424209595 106
1615240050046 0.4366616904735565 107
1615240084026 0.46878576278686523 108
1615240117699 0.45964479446411133 109
1615240155151 0.47405362129211426 110
1615240189067 0.5017654299736023 111
1615240222862 0.4618619382381439 112
1615240256833 0.4634506106376648 113
1615240290658 0.41554126143455505 114
1615240324507 0.44016754627227783 115
1615240358358 0.4729583263397217 116
1615240392143 0.4678824543952942 117
1615240426064 0.4699084162712097 118
1615240459984 0.47592800855636597 119
1615240497378 0.448744535446167 120
1615240531286 0.4591383934020996 121
1615240565052 0.44370269775390625 122
1615240599118 0.486333966255188 123
1615240633057 0.4926297664642334 124
1615240666943 0.45126691460609436 125
1615240700520 0.42793676257133484 126
1615240734222 0.47289085388183594 127
1615240768004 0.47136491537094116 128
1615240801668 0.444943904876709 129
1615240838952 0.4522837698459625 130
1615240872960 0.46861743927001953 131
1615240907593 0.4576227068901062 132
1615240942316 0.45539188385009766 133
1615240976255 0.4933270215988159 134
1615241010128 0.40523093938827515 135
1615241044140 0.500934898853302 136
1615241078062 0.44142329692840576 137
1615241111854 0.46425771713256836 138
1615241145559 0.4831594228744507 139
1615241183411 0.5203204154968262 140
1615241217212 0.486311674118042 141
1615241251065 0.5077531933784485 142
1615241285258 0.4793855547904968 143
1615241319106 0.5354307889938354 144
1615241352719 0.4808787703514099 145
1615241386526 0.4365326166152954 146
1615241420379 0.4630729556083679 147
1615241454118 0.4480028450489044 148
1615241488051 0.4941784143447876 149
1615241525437 0.47977837920188904 150
1615241559128 0.4691804051399231 151
1615241592966 0.49502575397491455 152
1615241626963 0.4877549707889557 153
1615241660693 0.4992716312408447 154
1615241694635 0.5212996006011963 155
1615241728597 0.5011743307113647 156
1615241762601 0.4834729731082916 157
1615241796505 0.47261929512023926 158
1615241830330 0.47252732515335083 159
1615241868000 0.481137216091156 160
1615241901834 0.5098371505737305 161
1615241935764 0.48461079597473145 162
1615241969572 0.5003352165222168 163
1615242003340 0.44540324807167053 164
1615242037137 0.4629957377910614 165
1615242070849 0.4920523762702942 166
1615242104445 0.47702541947364807 167
1615242138075 0.4697728157043457 168
1615242171703 0.4768955111503601 169
1615242209042 0.5059880018234253 170
1615242243011 0.503242552280426 171
1615242276871 0.4826097786426544 172
1615242310810 0.49187782406806946 173
1615242344752 0.485805869102478 174
1615242378565 0.4676358699798584 175
1615242412345 0.5197328329086304 176
1615242446296 0.497090220451355 177
1615242480198 0.5078446865081787 178
1615242514097 0.46873974800109863 179
1615242551546 0.48455119132995605 180
1615242585528 0.5342377424240112 181
1615242619393 0.4816925525665283 182
1615242653194 0.5177674889564514 183
1615242687084 0.5052528381347656 184
1615242721029 0.4845236837863922 185
1615242754917 0.5055071711540222 186
1615242788749 0.5079736709594727 187
1615242822490 0.4744245111942291 188
1615242856631 0.48656418919563293 189
1615242894504 0.5328973531723022 190
1615242928599 0.5243011713027954 191
1615242963526 0.49443405866622925 192
1615242998142 0.5278571844100952 193
1615243033006 0.5078897476196289 194
1615243067145 0.4719294309616089 195
1615243101072 0.4629439115524292 196
1615243135375 0.48874181509017944 197
1615243169434 0.4967222511768341 198
1615243203252 0.5150666236877441 199
1615243241695 0.4866816997528076 200
1615243275480 0.4899713397026062 201
1615243309060 0.4947102665901184 202
1615243342780 0.5422677993774414 203
1615243376565 0.4697485864162445 204
1615243410520 0.4814169406890869 205
1615243444383 0.5004050135612488 206
1615243478144 0.48989036679267883 207
1615243512089 0.4944770038127899 208
1615243546001 0.477109432220459 209
1615243583467 0.4679533839225769 210
1615243617345 0.47584789991378784 211
1615243651607 0.531440019607544 212
1615243685940 0.5203214883804321 213
1615243720080 0.5212706327438354 214
1615243753814 0.5010955333709717 215
1615243787768 0.47347015142440796 216
1615243821706 0.4825969934463501 217
1615243855440 0.5494649410247803 218
1615243888950 0.4782463312149048 219
1615243926545 0.5424487590789795 220
1615243960491 0.5472286343574524 221
1615243994403 0.5198609232902527 222
1615244028314 0.4875999093055725 223
1615244062310 0.5266528129577637 224
1615244096110 0.48624974489212036 225
1615244129739 0.5188883543014526 226
1615244163628 0.46943631768226624 227
1615244197290 0.4876748323440552 228
1615244231222 0.4916000962257385 229
1615244268708 0.5408236980438232 230
1615244302623 0.4887690544128418 231
1615244336508 0.4806303381919861 232
1615244370204 0.5002676248550415 233
1615244403843 0.4753672480583191 234
1615244437614 0.48000019788742065 235
1615244471544 0.478192001581192 236
1615244505565 0.5134021043777466 237
1615244539238 0.469841331243515 238
1615244573065 0.5177205204963684 239
1615244610466 0.5514388084411621 240
1615244644329 0.5351760387420654 241
1615244678368 0.5315396785736084 242
1615244712238 0.5011236667633057 243
1615244746352 0.4816630482673645 244
1615244780006 0.49111229181289673 245
1615244814403 0.5373355150222778 246
1615244848556 0.5077268481254578 247
1615244882460 0.48068320751190186 248
1615244916062 0.5314277410507202 249
1615244953492 0.49450138211250305 250
1615244987432 0.5019718408584595 251
1615245021420 0.5223479270935059 252
1615245055504 0.5132398009300232 253
1615245089383 0.4842979609966278 254
1615245123437 0.5212801098823547 255
1615245157326 0.5746088624000549 256
1615245191007 0.5462579727172852 257
1615245224988 0.49709761142730713 258
1615245258983 0.5128837823867798 259
1615245296437 0.5193371772766113 260
1615245330261 0.48788022994995117 261
1615245364267 0.5430547595024109 262
1615245397941 0.4724782407283783 263
1615245431570 0.5310690402984619 264
1615245465229 0.523964524269104 265
1615245499150 0.5164919495582581 266
1615245533137 0.5868798494338989 267
1615245567042 0.529162585735321 268
1615245600895 0.5439928770065308 269
1615245638089 0.4978600740432739 270
1615245671838 0.4841305613517761 271
1615245705562 0.49380630254745483 272
1615245739403 0.4983391761779785 273
1615245773130 0.5152750015258789 274
1615245806871 0.5102887153625488 275
1615245840761 0.5310758352279663 276
1615245874874 0.5030689239501953 277
1615245908802 0.49917933344841003 278
1615245942942 0.5807155966758728 279
1615245980571 0.5531216859817505 280
1615246014459 0.5635911822319031 281
1615246048230 0.53746497631073 282
1615246082150 0.5368748903274536 283
1615246115882 0.5092882513999939 284
1615246149513 0.4865337014198303 285
1615246183176 0.5060109496116638 286
1615246216945 0.547881007194519 287
1615246250964 0.5669956803321838 288
1615246284822 0.5726616382598877 289
1615246322189 0.5083346366882324 290
1615246355800 0.5373605489730835 291
1615246389783 0.5496945381164551 292
1615246423537 0.5567481517791748 293
1615246457565 0.5187979936599731 294
1615246491616 0.5001235008239746 295
1615246525577 0.5094417333602905 296
1615246559826 0.5266785025596619 297
1615246594648 0.5370485782623291 298
1615246628401 0.5679788589477539 299
1615246666062 0.5341339111328125 300
1615246700136 0.516755998134613 301
1615246733913 0.5428973436355591 302
1615246767826 0.5137604475021362 303
1615246801665 0.5324280858039856 304
1615246835623 0.5127342939376831 305
1615246869270 0.5706661939620972 306
1615246902994 0.5379112362861633 307
1615246936666 0.5769003629684448 308
1615246970773 0.5724204778671265 309
1615247008574 0.5328613519668579 310
1615247042456 0.6058902740478516 311
1615247076310 0.5284132361412048 312
1615247110054 0.5689845681190491 313
1615247144140 0.5638599395751953 314
1615247178015 0.5440212488174438 315
1615247211982 0.5235546231269836 316
1615247245763 0.577298641204834 317
1615247279717 0.48977208137512207 318
1615247313579 0.5183230638504028 319
1615247351053 0.5630894899368286 320
1615247385257 0.5415318012237549 321
1615247419230 0.5385125279426575 322
1615247453326 0.526354193687439 323
1615247487118 0.5357962846755981 324
1615247520913 0.5032467842102051 325
1615247554654 0.5325838327407837 326
1615247588349 0.6173319816589355 327
1615247621995 0.49535757303237915 328
1615247655640 0.5363680124282837 329
1615247693048 0.5182589292526245 330
1615247726937 0.536767840385437 331
1615247760917 0.5295001268386841 332
1615247795226 0.5694873332977295 333
1615247829304 0.4954456686973572 334
1615247862996 0.5117498636245728 335
1615247896969 0.575993537902832 336
1615247930784 0.5421435832977295 337
1615247964649 0.49955853819847107 338
1615247999138 0.560654878616333 339
1615248036812 0.5240322351455688 340
1615248070635 0.5275512933731079 341
1615248104451 0.5338625907897949 342
1615248138391 0.5361218452453613 343
1615248172195 0.5606719255447388 344
1615248206147 0.5558081269264221 345
1615248240157 0.5119506120681763 346
1615248273931 0.5425360202789307 347
1615248307928 0.5515646934509277 348
1615248341693 0.5518150925636292 349
1615248379156 0.5182698369026184 350
1615248413733 0.583286464214325 351
1615248448198 0.48167628049850464 352
1615248482071 0.5258053541183472 353
1615248515967 0.5149319171905518 354
1615248550139 0.5511788725852966 355
1615248584064 0.615189790725708 356
1615248617976 0.5680948495864868 357
1615248651718 0.5421000719070435 358
1615248685479 0.5750951170921326 359
1615248723022 0.5635798573493958 360
1615248756979 0.5557084083557129 361
1615248791113 0.5641692876815796 362
1615248826863 0.53122878074646 363
1615248862972 0.5436222553253174 364
1615248898213 0.5841999053955078 365
1615248932036 0.5792129635810852 366
1615248965842 0.592335045337677 367
1615249000075 0.5184758901596069 368
1615249033841 0.5278956294059753 369
1615249071488 0.5765813589096069 370
1615249105320 0.536751925945282 371
1615249139228 0.5116116404533386 372
1615249173051 0.5590455532073975 373
1615249206925 0.5195093750953674 374
1615249240737 0.5555773973464966 375
1615249274315 0.5167320370674133 376
1615249308324 0.5691146850585938 377
1615249342064 0.5515552759170532 378
1615249376162 0.536017656326294 379
1615249414071 0.5559861660003662 380
1615249448086 0.5574175715446472 381
1615249482036 0.5609796047210693 382
1615249515970 0.5901443362236023 383
1615249549611 0.5128049254417419 384
1615249583239 0.5198584794998169 385
1615249617009 0.5289827585220337 386
1615249650762 0.5431666374206543 387
1615249684660 0.574062705039978 388
1615249718395 0.5895296335220337 389
1615249756009 0.5460855960845947 390
1615249789861 0.5958868265151978 391
1615249823501 0.5642842054367065 392
1615249857131 0.5434345006942749 393
1615249890824 0.528974175453186 394
1615249924517 0.538944661617279 395
1615249958497 0.5469961166381836 396
1615249992373 0.5440911650657654 397
1615250026124 0.5743932127952576 398
1615250060158 0.6283607482910156 399
1615250097656 0.5436099767684937 400
1615250131648 0.553865909576416 401
1615250165369 0.5448123216629028 402
1615250198949 0.6000549793243408 403
1615250232682 0.561550498008728 404
1615250266679 0.5262017250061035 405
1615250300479 0.5234115719795227 406
1615250334001 0.5631004571914673 407
1615250367811 0.5705018043518066 408
1615250401640 0.5694420337677002 409
1615250439044 0.5987042188644409 410
1615250472936 0.6263982057571411 411
1615250506827 0.5496038198471069 412
1615250540627 0.5131682753562927 413
1615250574607 0.525582492351532 414
1615250609001 0.5763958096504211 415
1615250643841 0.5592657327651978 416
1615250677622 0.541589617729187 417
1615250711529 0.5672244429588318 418
1615250745609 0.531067430973053 419
1615250783048 0.5463201999664307 420
1615250817016 0.5938640236854553 421
1615250850953 0.5570317506790161 422
1615250884828 0.555804967880249 423
1615250918621 0.5415990948677063 424
1615250952859 0.5273938179016113 425
1615250986761 0.5975570678710938 426
1615251020603 0.506809413433075 427
1615251054454 0.5255656242370605 428
1615251088228 0.5167215466499329 429
1615251125734 0.5441199541091919 430
1615251159712 0.5973965525627136 431
1615251193638 0.5491623878479004 432
1615251227645 0.5799055695533752 433
1615251261596 0.5687050819396973 434
1615251295702 0.506736159324646 435
1615251329471 0.5734494924545288 436
1615251363435 0.5986783504486084 437
1615251397172 0.573792040348053 438
1615251431264 0.5222150087356567 439
1615251469030 0.5963431596755981 440
1615251502940 0.5396360158920288 441
1615251536862 0.545724630355835 442
1615251570743 0.5841920375823975 443
1615251604721 0.5440376996994019 444
1615251638583 0.5456666946411133 445
1615251672391 0.5280906558036804 446
1615251706266 0.5391265153884888 447
1615251739949 0.5628318786621094 448
1615251773664 0.5443983674049377 449
1615251811094 0.5801337957382202 450
1615251844861 0.5752557516098022 451
1615251878680 0.5649538040161133 452
1615251912360 0.5247106552124023 453
1615251946047 0.5800539255142212 454
1615251979998 0.568071722984314 455
1615252013855 0.5520104765892029 456
1615252047748 0.5283905267715454 457
1615252081812 0.5781084895133972 458
1615252115635 0.5573257207870483 459
1615252153064 0.5671376585960388 460
1615252187018 0.5418170094490051 461
1615252220945 0.5643495321273804 462
1615252254668 0.5814905166625977 463
1615252288878 0.6068583726882935 464
1615252323003 0.6149851083755493 465
1615252356642 0.6128421425819397 466
1615252390562 0.6125383973121643 467
1615252424212 0.5695897340774536 468
1615252458117 0.5289208292961121 469
1615252495509 0.5519357919692993 470
1615252529303 0.5989757776260376 471
1615252563205 0.5850027799606323 472
1615252596917 0.6034990549087524 473
1615252630574 0.5664016008377075 474
1615252664520 0.5790513753890991 475
1615252698573 0.5222193002700806 476
1615252732637 0.5720202922821045 477
1615252766676 0.5423876047134399 478
1615252800624 0.5803959369659424 479
1615252838124 0.5923606157302856 480
1615252872290 0.566491961479187 481
1615252906018 0.5164350271224976 482
1615252939930 0.5674291849136353 483
1615252973680 0.5817601084709167 484
1615253007463 0.553860068321228 485
1615253041148 0.522594690322876 486
1615253074811 0.5091210007667542 487
1615253108522 0.5990339517593384 488
1615253142151 0.5858198404312134 489
1615253179696 0.5661489963531494 490
1615253213412 0.5863974094390869 491
1615253247075 0.5748708844184875 492
1615253280913 0.595521092414856 493
1615253314851 0.5237629413604736 494
1615253348801 0.5522610545158386 495
1615253382651 0.540858268737793 496
1615253416651 0.592988133430481 497
1615253450643 0.5404223203659058 498
1615253484516 0.5096518993377686 499
1615253522421 0.5598597526550293 500
1615253556651 0.585813581943512 501
1615253590450 0.5116570591926575 502
1615253624098 0.5607140064239502 503
1615253658009 0.5982730388641357 504
1615253691881 0.5292097330093384 505
1615253725787 0.5537443161010742 506
1615253759449 0.5644125938415527 507
1615253793299 0.5467616319656372 508
1615253827260 0.6293026804924011 509
1615253864704 0.5718775987625122 510
1615253898514 0.593248724937439 511
1615253932250 0.5606932640075684 512
1615253965901 0.5774470567703247 513
1615253999808 0.6107369661331177 514
1615254033585 0.5940968990325928 515
1615254067673 0.563366174697876 516
1615254101592 0.5738028287887573 517
1615254135369 0.5742177367210388 518
1615254169225 0.5904937982559204 519
1615254206398 0.5752308368682861 520
1615254240452 0.5762861967086792 521
1615254274540 0.5970791578292847 522
1615254308435 0.5755555629730225 523
1615254342415 0.5818126201629639 524
1615254376453 0.5536602735519409 525
1615254410129 0.5981713533401489 526
1615254443831 0.5823506116867065 527
1615254477742 0.5973638296127319 528
1615254511461 0.5772169828414917 529
1615254548614 0.5918033123016357 530
1615254582749 0.5588611364364624 531
1615254616688 0.578055202960968 532
1615254650569 0.5806413888931274 533
1615254684355 0.5206283330917358 534
1615254718492 0.5573222637176514 535
1615254752456 0.5622648596763611 536
1615254786063 0.5701814889907837 537
1615254819638 0.5834323167800903 538
1615254853448 0.6464715600013733 539
1615254890886 0.5555058717727661 540
1615254924819 0.5759570598602295 541
1615254958732 0.5636322498321533 542
1615254992739 0.5729085803031921 543
1615255026490 0.553634524345398 544
1615255060371 0.5516960620880127 545
1615255094206 0.5835869312286377 546
1615255128292 0.636690080165863 547
1615255162473 0.6010284423828125 548
1615255196387 0.5989803075790405 549
1615255233701 0.535127580165863 550
1615255267716 0.5874350070953369 551
1615255301454 0.59223473072052 552
1615255335140 0.56136155128479 553
1615255369026 0.6307804584503174 554
1615255402954 0.5344727635383606 555
1615255437031 0.6062110662460327 556
1615255470867 0.6247615814208984 557
1615255504693 0.5942192077636719 558
1615255538687 0.6630878448486328 559
1615255576395 0.5604425072669983 560
1615255610349 0.5523909330368042 561
1615255644160 0.577991783618927 562
1615255677765 0.5585835576057434 563
1615255711465 0.5758445262908936 564
1615255745307 0.5838608145713806 565
1615255779097 0.5658654570579529 566
1615255813073 0.6243825554847717 567
1615255846901 0.5971695184707642 568
1615255880802 0.6207394599914551 569
1615255918078 0.5421614646911621 570
1615255951792 0.6006463766098022 571
1615255985526 0.5581945180892944 572
1615256019544 0.5770940780639648 573
1615256053524 0.5614383220672607 574
1615256087444 0.6338436603546143 575
1615256121352 0.6190447211265564 576
1615256155097 0.5552435517311096 577
1615256188726 0.5645356178283691 578
1615256222469 0.6293400526046753 579
1615256260119 0.5292784571647644 580
1615256294155 0.6077661514282227 581
1615256327992 0.5550045967102051 582
1615256361758 0.5747504234313965 583
1615256395437 0.6014918684959412 584
1615256429292 0.5634081959724426 585
1615256463380 0.6346286535263062 586
1615256497582 0.568702220916748 587
1615256531452 0.5790401697158813 588
1615256565356 0.5920549035072327 589
1615256602804 0.5721531510353088 590
1615256636788 0.6187138557434082 591
1615256670339 0.5664001107215881 592
1615256704251 0.5962732434272766 593
1615256738396 0.5892261266708374 594
1615256772513 0.6194984912872314 595
1615256806400 0.6322689056396484 596
1615256840383 0.6025367975234985 597
1615256874524 0.5367213487625122 598
1615256908493 0.5906165838241577 599
1615256948395 0.5916882753372192 600
1615256982302 0.5778343677520752 601
1615257015949 0.5539933443069458 602
1615257049998 0.5623356699943542 603
1615257083810 0.5563642978668213 604
1615257117735 0.5678335428237915 605
1615257151774 0.547836422920227 606
1615257185650 0.5688636898994446 607
1615257219634 0.6113370656967163 608
1615257253564 0.5854121446609497 609
1615257291174 0.5429257154464722 610
1615257325112 0.5794407725334167 611
1615257358913 0.5780466794967651 612
1615257393249 0.5864036679267883 613
1615257427399 0.5949569940567017 614
1615257461353 0.5965876579284668 615
1615257495152 0.5702478885650635 616
1615257528717 0.5704885125160217 617
1615257562624 0.5626155734062195 618
1615257596530 0.600492537021637 619
1615257634072 0.5893800258636475 620
1615257667999 0.5940856337547302 621
1615257701888 0.6414248943328857 622
1615257735778 0.6079640984535217 623
1615257769692 0.5930320024490356 624
1615257803730 0.6077464818954468 625
1615257837774 0.5823349952697754 626
1615257871599 0.6277432441711426 627
1615257905530 0.5433892011642456 628
1615257939083 0.5383592844009399 629
1615257976367 0.6005779504776001 630
1615258010350 0.6005923748016357 631
1615258044262 0.5986534357070923 632
1615258078173 0.578646719455719 633
1615258111849 0.5797545909881592 634
1615258145557 0.6162368059158325 635
1615258179167 0.581800103187561 636
1615258213057 0.5474398136138916 637
1615258246797 0.6687816381454468 638
1615258280692 0.5600187182426453 639
1615258317948 0.5961758494377136 640
1615258351685 0.6044005155563354 641
1615258385462 0.5787509679794312 642
1615258419170 0.6270090341567993 643
1615258453020 0.6109714508056641 644
1615258487977 0.5538412928581238 645
1615258521816 0.5611730813980103 646
1615258555772 0.5715165138244629 647
1615258589625 0.5999311208724976 648
1615258623318 0.5739735960960388 649
1615258661236 0.6227487325668335 650
1615258694964 0.5950243473052979 651
1615258728980 0.5510172843933105 652
1615258762908 0.5612698793411255 653
1615258796665 0.6282534599304199 654
1615258830738 0.6002858877182007 655
1615258864698 0.5235072374343872 656
1615258898437 0.61861252784729 657
1615258932382 0.5932929515838623 658
1615258966271 0.5773283243179321 659
1615259003523 0.5725415349006653 660
1615259037240 0.5880787968635559 661
1615259071176 0.6056218147277832 662
1615259105002 0.5943341851234436 663
1615259138956 0.6064174175262451 664
1615259173025 0.5988638401031494 665
1615259207215 0.6032809019088745 666
1615259240994 0.5576377511024475 667
1615259274869 0.5964652299880981 668
1615259308858 0.5426545143127441 669
1615259346353 0.5515123605728149 670
1615259380415 0.6002432107925415 671
1615259414202 0.5891509652137756 672
1615259447885 0.540388822555542 673
1615259481549 0.5672112107276917 674
1615259515332 0.5617557764053345 675
1615259549324 0.5906625390052795 676
1615259583097 0.6084032654762268 677
1615259616789 0.6203639507293701 678
1615259650870 0.553871750831604 679
1615259688466 0.6171435117721558 680
1615259722421 0.5624600648880005 681
1615259756411 0.5562278628349304 682
1615259790366 0.5958681702613831 683
1615259824111 0.6168640851974487 684
1615259858078 0.565101683139801 685
1615259892117 0.5681539177894592 686
1615259926424 0.5544021129608154 687
1615259960052 0.5847280025482178 688
1615259993992 0.5468523502349854 689
1615260031482 0.5978221893310547 690
1615260065917 0.585030734539032 691
1615260099793 0.5786150693893433 692
1615260133680 0.536578357219696 693
1615260167400 0.5927139520645142 694
1615260201130 0.6022943258285522 695
1615260234951 0.5906445980072021 696
1615260268788 0.6084277629852295 697
1615260302587 0.5920994281768799 698
1615260336250 0.5596646666526794 699
1615260373813 0.6186865568161011 700
1615260408301 0.6138813495635986 701
1615260442373 0.6064609289169312 702
1615260476118 0.5660432577133179 703
1615260510057 0.562836766242981 704
1615260543965 0.5629379749298096 705
1615260578033 0.5892572402954102 706
1615260611955 0.5761544108390808 707
1615260646003 0.6071897745132446 708
1615260680165 0.5651670694351196 709
1615260718025 0.6361027956008911 710
1615260751672 0.5630545616149902 711
1615260785331 0.578626811504364 712
1615260819289 0.5794342160224915 713
1615260853011 0.5661967396736145 714
1615260886792 0.5932343006134033 715
1615260920363 0.594430685043335 716
1615260954031 0.6125578880310059 717
1615260987796 0.5643225312232971 718
1615261021521 0.6283328533172607 719
1615261059207 0.6025628447532654 720
1615261093110 0.5961560606956482 721
1615261126932 0.5943127870559692 722
1615261160718 0.5360503792762756 723
1615261194832 0.5933853387832642 724
1615261228909 0.6184533834457397 725
1615261263348 0.5845634937286377 726
1615261297301 0.5978066325187683 727
1615261331225 0.6474481821060181 728
1615261365244 0.5910689234733582 729
1615261403168 0.6219912767410278 730
1615261437798 0.536007285118103 731
1615261471731 0.6432931423187256 732
1615261505457 0.5968319177627563 733
1615261539269 0.5937730073928833 734
1615261573222 0.6167212724685669 735
1615261606798 0.5774297714233398 736
1615261640609 0.5960226058959961 737
1615261674401 0.6351486444473267 738
1615261707999 0.5680837035179138 739
1615261745719 0.5584936141967773 740
1615261780288 0.5544624924659729 741
1615261815285 0.5877485871315002 742
1615261850821 0.6235389709472656 743
1615261884748 0.6087459325790405 744
1615261918592 0.6142875552177429 745
1615261952508 0.5981584787368774 746
1615261986580 0.6141735315322876 747
1615262020068 0.5932533740997314 748
1615262054766 0.6135920882225037 749
1615262092036 0.5619696378707886 750
1615262126064 0.572675347328186 751
1615262159996 0.5437524318695068 752
1615262193656 0.6314531564712524 753
1615262227344 0.6165196895599365 754
1615262261062 0.605231761932373 755
1615262294764 0.5419865250587463 756
1615262328509 0.6248553395271301 757
1615262362435 0.5359073877334595 758
1615262396150 0.6244325041770935 759
1615262433669 0.6052169799804688 760
1615262467817 0.560255765914917 761
1615262501787 0.5737036466598511 762
1615262535809 0.6354853510856628 763
1615262569509 0.6006156802177429 764
1615262603150 0.5487004518508911 765
1615262636918 0.5564128160476685 766
1615262670873 0.5531643033027649 767
1615262704469 0.5691711902618408 768
1615262738218 0.5303487777709961 769
1615262775746 0.6197943687438965 770
1615262809577 0.5547959804534912 771
1615262843412 0.602797269821167 772
1615262877310 0.5942311882972717 773
1615262911196 0.5902387499809265 774
1615262945115 0.6208513379096985 775
1615262979877 0.6050182580947876 776
1615263014180 0.5613755583763123 777
1615263047924 0.5376314520835876 778
1615263081979 0.5533719062805176 779
1615263119702 0.6302703619003296 780
1615263153662 0.5937824249267578 781
1615263187609 0.58291095495224 782
1615263221479 0.565873920917511 783
1615263255173 0.5741710066795349 784
1615263289092 0.582383930683136 785
1615263323031 0.64049232006073 786
1615263356704 0.5691673755645752 787
1615263390469 0.5693875551223755 788
1615263424246 0.6248332858085632 789
1615263461666 0.5230368971824646 790
1615263495502 0.6224135160446167 791
1615263529288 0.6078429222106934 792
1615263563248 0.5974301695823669 793
1615263597060 0.5611209869384766 794
1615263631069 0.6311105489730835 795
1615263664841 0.621131420135498 796
1615263698706 0.5675923824310303 797
1615263732631 0.624574601650238 798
1615263766590 0.5445961356163025 799
1615263804185 0.5903996229171753 800
1615263838450 0.573011040687561 801
1615263872465 0.6213301420211792 802
1615263906425 0.5719199180603027 803
1615263940049 0.6048307418823242 804
1615263973739 0.5671366453170776 805
1615264007447 0.5780725479125977 806
1615264041491 0.5648223161697388 807
1615264075538 0.5439007878303528 808
1615264109234 0.5719304084777832 809
1615264147603 0.6610425114631653 810
1615264181465 0.585770308971405 811
1615264215538 0.5962117910385132 812
1615264249384 0.5916049480438232 813
1615264283195 0.5905411243438721 814
1615264317226 0.6112619638442993 815
1615264351204 0.5711382627487183 816
1615264384958 0.579362154006958 817
1615264419004 0.5588703751564026 818
1615264452963 0.6068624258041382 819
1615264490323 0.5603466629981995 820
1615264524226 0.5963842868804932 821
1615264558090 0.5781435370445251 822
1615264591928 0.5754354000091553 823
1615264625878 0.5480035543441772 824
1615264659757 0.5923830270767212 825
1615264693891 0.5972058773040771 826
1615264727599 0.5432417392730713 827
1615264761148 0.5868058204650879 828
1615264794796 0.5918406248092651 829
1615264832205 0.5781535506248474 830
1615264866189 0.5777384042739868 831
1615264899890 0.5720584392547607 832
1615264933802 0.5810141563415527 833
1615264967735 0.5787609815597534 834
1615265001849 0.5360898971557617 835
1615265035554 0.5620298385620117 836
1615265069377 0.577755868434906 837
1615265103426 0.559712827205658 838
1615265137126 0.6172431111335754 839
1615265174772 0.5977975130081177 840
1615265208355 0.5695270895957947 841
1615265242413 0.5999771356582642 842
1615265276391 0.5580943822860718 843
1615265310140 0.609210729598999 844
1615265344011 0.5865600109100342 845
1615265377726 0.5439392328262329 846
1615265411566 0.6018171310424805 847
1615265445185 0.5789024829864502 848
1615265478907 0.5706256031990051 849
1615265516178 0.5713938474655151 850
1615265550083 0.5980671048164368 851
1615265584063 0.5938816070556641 852
1615265618129 0.6068573594093323 853
1615265652281 0.5769183039665222 854
1615265686219 0.5513956546783447 855
1615265720298 0.5245420336723328 856
1615265754273 0.5864028930664062 857
1615265787974 0.5448650121688843 858
1615265821902 0.5199776887893677 859
1615265859493 0.5613968372344971 860
1615265893284 0.5729993581771851 861
1615265927295 0.5781782865524292 862
1615265961378 0.6146242618560791 863
1615265995433 0.5688854455947876 864
1615266029451 0.5608388781547546 865
1615266063378 0.6607173681259155 866
1615266097055 0.6397148370742798 867
1615266130934 0.609521210193634 868
1615266164639 0.6061192750930786 869
1615266202154 0.5802042484283447 870
1615266235809 0.5939573049545288 871
1615266269533 0.6033572554588318 872
1615266303537 0.5662297010421753 873
1615266337314 0.5331417322158813 874
1615266371289 0.6039109230041504 875
1615266405447 0.5288574695587158 876
1615266439850 0.548637866973877 877
1615266473812 0.5219646096229553 878
1615266507657 0.5572208166122437 879
1615266545436 0.5641330480575562 880
1615266579242 0.5673757195472717 881
1615266613239 0.6111624240875244 882
1615266647229 0.6586267948150635 883
1615266680969 0.5717053413391113 884
1615266715461 0.5839167237281799 885
1615266749303 0.5367379188537598 886
1615266783123 0.5841951370239258 887
1615266816738 0.5940412282943726 888
1615266850668 0.6090807318687439 889
1615266888032 0.5860194563865662 890
1615266921827 0.5835393667221069 891
1615266955545 0.5398203134536743 892
1615266989278 0.5909672379493713 893
1615267023402 0.5927284359931946 894
1615267057120 0.6238701343536377 895
1615267091123 0.5630006790161133 896
1615267125018 0.6184150576591492 897
1615267159404 0.5697048902511597 898
1615267193339 0.6280176639556885 899
1615267230831 0.5502819418907166 900
1615267264708 0.5683043003082275 901
1615267298769 0.6159079074859619 902
1615267332513 0.5735750198364258 903
1615267366491 0.5875542163848877 904
1615267400281 0.590808629989624 905
1615267434158 0.6082693934440613 906
1615267468125 0.6001260876655579 907
1615267502812 0.5472450852394104 908
1615267536711 0.5946687459945679 909
1615267574070 0.5393248796463013 910
1615267607827 0.5898752212524414 911
1615267641469 0.6016994714736938 912
1615267675140 0.6122667789459229 913
1615267709076 0.5851200819015503 914
1615267742843 0.6123118996620178 915
1615267776686 0.5699504613876343 916
1615267810352 0.5675643086433411 917
1615267844709 0.5988069772720337 918
1615267878846 0.616608738899231 919
1615267916205 0.6412942409515381 920
1615267950097 0.5869473218917847 921
1615267983970 0.5816459059715271 922
1615268017700 0.6027940511703491 923
1615268051398 0.5729424357414246 924
1615268085044 0.5987793207168579 925
1615268119059 0.583122968673706 926
1615268152725 0.5792220234870911 927
1615268186327 0.565735399723053 928
1615268220122 0.5717658400535583 929
1615268257466 0.5758603811264038 930
1615268291392 0.5773718953132629 931
1615268324977 0.6150117516517639 932
1615268358591 0.5999279022216797 933
1615268392460 0.5570529699325562 934
1615268426222 0.615752637386322 935
1615268459951 0.6237020492553711 936
1615268494088 0.5899311900138855 937
1615268528175 0.6122550964355469 938
1615268561884 0.5989953279495239 939
1615268599394 0.6176863312721252 940
1615268633343 0.6024743318557739 941
1615268667299 0.593574047088623 942
1615268701159 0.6104533672332764 943
1615268734852 0.5537188053131104 944
1615268768805 0.5722130537033081 945
1615268802541 0.6171990633010864 946
1615268836708 0.6093976497650146 947
1615268870597 0.6331826448440552 948
1615268904164 0.6089783906936646 949
1615268941819 0.5950164794921875 950
1615268975340 0.5950396060943604 951
1615269009249 0.5890961289405823 952
1615269043191 0.5834090709686279 953
1615269077201 0.6105179786682129 954
1615269111030 0.5875557661056519 955
1615269145007 0.5765774846076965 956
1615269179066 0.5349069833755493 957
1615269213015 0.5610531568527222 958
1615269246920 0.6213815212249756 959
1615269284411 0.5769867897033691 960
1615269318404 0.622271716594696 961
1615269352629 0.5813871622085571 962
1615269386480 0.6020861268043518 963
1615269420111 0.6192625761032104 964
1615269453923 0.5804265737533569 965
1615269487893 0.5937294960021973 966
1615269521942 0.5915678143501282 967
1615269555787 0.6063879132270813 968
1615269589444 0.5784977674484253 969
1615269627083 0.6000590324401855 970
1615269660721 0.6097543239593506 971
1615269694440 0.5872999429702759 972
1615269728519 0.5694035887718201 973
1615269762177 0.5524243712425232 974
1615269796088 0.5847898125648499 975
1615269830105 0.5510280132293701 976
1615269863795 0.5982673764228821 977
1615269897627 0.5953704714775085 978
1615269931643 0.5999389886856079 979
1615269969411 0.588799238204956 980
1615270003469 0.5559394359588623 981
1615270037367 0.6109501719474792 982
1615270071123 0.5724891424179077 983
1615270104837 0.5516006350517273 984
1615270138772 0.5740248560905457 985
1615270172435 0.5806511640548706 986
1615270206468 0.6192183494567871 987
1615270240139 0.5766015648841858 988
1615270274164 0.5972708463668823 989
1615270311775 0.5870732069015503 990
1615270345637 0.5937725305557251 991
1615270379622 0.6364685893058777 992
1615270413422 0.5665834546089172 993
1615270447350 0.5608051419258118 994
1615270481036 0.6021252870559692 995
1615270514809 0.6016554236412048 996
1615270548543 0.599483072757721 997
1615270582582 0.5634711980819702 998
1615270616673 0.5430545806884766 999
1615270654228 0.5722488760948181 1000
1615270688244 0.5724931359291077 1001
1615270722203 0.5808792114257812 1002
1615270756237 0.5540267825126648 1003
1615270790038 0.5575664043426514 1004
1615270824273 0.5675561428070068 1005
1615270858272 0.5518151521682739 1006
1615270892261 0.5660918951034546 1007
1615270926263 0.5617466568946838 1008
1615270960225 0.5661733150482178 1009
1615270997743 0.600180447101593 1010
1615271031639 0.5236473083496094 1011
1615271065282 0.5828914642333984 1012
1615271099236 0.5648183822631836 1013
1615271133142 0.6272965669631958 1014
1615271167318 0.6206190586090088 1015
1615271201286 0.5573531985282898 1016
1615271235231 0.5787259340286255 1017
1615271269148 0.6272326707839966 1018
1615271303095 0.6092554330825806 1019
1615271340632 0.5778571367263794 1020
1615271374588 0.5971348285675049 1021
1615271408443 0.5375727415084839 1022
1615271442270 0.5575284957885742 1023
1615271476111 0.6037251353263855 1024
1615271510099 0.6014087200164795 1025
1615271544008 0.5604511499404907 1026
1615271578002 0.5248260498046875 1027
1615271611952 0.556388258934021 1028
1615271645698 0.6180458068847656 1029
1615271683354 0.6322417259216309 1030
1615271717340 0.6099370718002319 1031
1615271751509 0.5482116937637329 1032
1615271785611 0.6115505695343018 1033
1615271819527 0.561836838722229 1034
1615271853318 0.6000537872314453 1035
1615271887128 0.609981894493103 1036
1615271920925 0.5878815650939941 1037
1615271954728 0.5786001682281494 1038
1615271988703 0.5268393158912659 1039
1615272026070 0.588792085647583 1040
1615272059903 0.5567198991775513 1041
1615272093627 0.631486177444458 1042
1615272127284 0.5648324489593506 1043
1615272161050 0.6084305047988892 1044
1615272194866 0.5561201572418213 1045
1615272228758 0.5758374929428101 1046
1615272262463 0.574073314666748 1047
1615272296060 0.5945732593536377 1048
1615272330201 0.5631927251815796 1049
1615272367621 0.5623376965522766 1050
1615272401748 0.6168676614761353 1051
1615272436231 0.5944919586181641 1052
1615272470320 0.5477553606033325 1053
1615272504137 0.5881620049476624 1054
1615272538088 0.6198338270187378 1055
1615272571922 0.5877194404602051 1056
1615272605717 0.597133457660675 1057
1615272639794 0.5426832437515259 1058
1615272673733 0.5471056699752808 1059
1615272711182 0.6174488067626953 1060
1615272744847 0.6110053062438965 1061
1615272778758 0.607720673084259 1062
1615272812790 0.5844351053237915 1063
1615272846745 0.566680908203125 1064
1615272880424 0.6054673194885254 1065
1615272914299 0.6011998653411865 1066
1615272948222 0.5959255695343018 1067
1615272982196 0.6061102151870728 1068
1615273015856 0.5686527490615845 1069
1615273053452 0.5302963256835938 1070
1615273087586 0.576667308807373 1071
1615273121659 0.611821711063385 1072
1615273155478 0.5575246810913086 1073
1615273189260 0.5811072587966919 1074
1615273223372 0.5801079273223877 1075
1615273257413 0.6419650316238403 1076
1615273291174 0.6017320156097412 1077
1615273325063 0.5812405347824097 1078
1615273358946 0.5777302384376526 1079
1615273396975 0.582974910736084 1080
1615273430895 0.5769692659378052 1081
1615273464796 0.5890001058578491 1082
1615273498621 0.615032970905304 1083
1615273532454 0.5745962858200073 1084
1615273566455 0.5507742166519165 1085
1615273600391 0.5528647303581238 1086
1615273634203 0.578819215297699 1087
1615273667909 0.5648311376571655 1088
1615273701604 0.5804149508476257 1089
1615273739248 0.5792363286018372 1090
1615273773118 0.6064230799674988 1091
1615273807197 0.5829470753669739 1092
1615273840986 0.6070197224617004 1093
1615273875314 0.5985084176063538 1094
1615273909360 0.5851788520812988 1095
1615273943317 0.5519002079963684 1096
1615273977031 0.5873967409133911 1097
1615274011051 0.6109626293182373 1098
1615274044972 0.5908560156822205 1099
1615274082291 0.6483955979347229 1100
1615274116113 0.6191871762275696 1101
1615274150095 0.5718407034873962 1102
1615274183931 0.5325402021408081 1103
1615274217911 0.5527553558349609 1104
1615274251936 0.5570490956306458 1105
1615274285690 0.5853484869003296 1106
1615274319261 0.5546572208404541 1107
1615274353278 0.5600789785385132 1108
1615274387136 0.5908193588256836 1109
1615274424340 0.6064300537109375 1110
1615274457988 0.5673389434814453 1111
1615274491728 0.5618571639060974 1112
1615274525833 0.6260932683944702 1113
1615274559503 0.5573304295539856 1114
1615274593710 0.574624240398407 1115
1615274627598 0.6065418720245361 1116
1615274661624 0.5708348155021667 1117
1615274695631 0.5371469259262085 1118
1615274729801 0.5436851382255554 1119
1615274767551 0.5241402387619019 1120
1615274801310 0.6311475038528442 1121
1615274835059 0.5985993146896362 1122
1615274868635 0.6128103137016296 1123
1615274902609 0.5232251882553101 1124
1615274936731 0.6419377326965332 1125
1615274970696 0.6155878305435181 1126
1615275004429 0.571038007736206 1127
1615275038520 0.6281133890151978 1128
1615275072500 0.623339831829071 1129
1615275110172 0.5888501405715942 1130
1615275144093 0.5899906158447266 1131
1615275177784 0.5418936610221863 1132
1615275211616 0.6042637825012207 1133
1615275245313 0.5976608395576477 1134
1615275279343 0.5748074650764465 1135
1615275312985 0.5943472385406494 1136
1615275347138 0.6127038598060608 1137
1615275380811 0.5752667784690857 1138
1615275414668 0.5773267149925232 1139
1615275452182 0.6568928956985474 1140
1615275486060 0.5661478638648987 1141
1615275519631 0.5667459964752197 1142
1615275553521 0.6175317764282227 1143
1615275587273 0.6036255359649658 1144
1615275621301 0.5924900770187378 1145
1615275655214 0.6370159387588501 1146
1615275689005 0.5991759300231934 1147
1615275722989 0.6001288890838623 1148
1615275757135 0.585727870464325 1149
1615275795289 0.6286662817001343 1150
1615275829219 0.545967698097229 1151
1615275863391 0.6086565256118774 1152
1615275897401 0.6293535828590393 1153
1615275931256 0.5654808282852173 1154
1615275965269 0.5420145988464355 1155
1615275999214 0.6243284344673157 1156
1615276032887 0.5885146856307983 1157
1615276066714 0.5658622980117798 1158
1615276100379 0.5748077630996704 1159
1615276137478 0.5599528551101685 1160
1615276171415 0.6269723176956177 1161
1615276205442 0.6131187081336975 1162
1615276239233 0.5816811323165894 1163
1615276273159 0.6334092617034912 1164
1615276306915 0.5579473972320557 1165
1615276340636 0.6200169920921326 1166
1615276374582 0.5980523824691772 1167
1615276408542 0.5505626797676086 1168
1615276442425 0.5645135045051575 1169
1615276479940 0.6021342277526855 1170
1615276513576 0.5836623907089233 1171
1615276547626 0.5313525795936584 1172
1615276581261 0.554552435874939 1173
1615276614881 0.569426417350769 1174
1615276648786 0.5882012844085693 1175
1615276682768 0.6106693744659424 1176
1615276716783 0.523499071598053 1177
1615276751118 0.5600550770759583 1178
1615276785014 0.5551058650016785 1179
1615276822690 0.5558574199676514 1180
1615276856631 0.6007468104362488 1181
1615276890672 0.6284807324409485 1182
1615276924372 0.548619270324707 1183
1615276958232 0.5655309557914734 1184
1615276992233 0.6002805233001709 1185
1615277026098 0.6222652196884155 1186
1615277059964 0.65041184425354 1187
1615277094051 0.5743505954742432 1188
1615277127744 0.5983229875564575 1189
1615277165413 0.6289412379264832 1190
1615277199208 0.5338526368141174 1191
1615277233112 0.6025961637496948 1192
1615277266906 0.6147602796554565 1193
1615277300709 0.578170895576477 1194
1615277334645 0.6260344982147217 1195
1615277368728 0.6088056564331055 1196
1615277402819 0.5548811554908752 1197
1615277436883 0.6032730340957642 1198
1615277470953 0.5838800668716431 1199
1615277508289 0.6141576766967773 1200
1615277529803 0.5987052917480469 0
1615277529845 0.5987052917480469 0
