1615236428865 0.039597705006599426 1
1615236462564 0.03465573117136955 2
1615236496178 0.03220567852258682 3
1615236529885 0.03012930415570736 4
1615236563591 0.02670445665717125 5
1615236597478 0.026024334132671356 6
1615236631264 0.025618892163038254 7
1615236664899 0.02486795373260975 8
1615236698586 0.02394171617925167 9
1615236736174 0.024094700813293457 10
1615236769952 0.024031033739447594 11
1615236803784 0.023488756269216537 12
1615236837857 0.023440122604370117 13
1615236871772 0.02224142476916313 14
1615236905346 0.021294817328453064 15
1615236938847 0.02213278040289879 16
1615236972395 0.02181262895464897 17
1615237006186 0.021783165633678436 18
1615237039833 0.022338926792144775 19
1615237077176 0.02174418792128563 20
1615237110921 0.020722392946481705 21
1615237144822 0.02119242399930954 22
1615237178572 0.02021881565451622 23
1615237212372 0.021517809480428696 24
1615237246244 0.021862134337425232 25
1615237280014 0.02039986103773117 26
1615237313677 0.019754808396100998 27
1615237347446 0.02217584289610386 28
1615237381168 0.01950284279882908 29
1615237418730 0.01880904659628868 30
1615237452703 0.02078927308320999 31
1615237486575 0.02104860171675682 32
1615237520309 0.019073940813541412 33
1615237553917 0.02022068202495575 34
1615237587680 0.020147405564785004 35
1615237621289 0.019126281142234802 36
1615237655426 0.019379766657948494 37
1615237689028 0.019471440464258194 38
1615237723053 0.019279178231954575 39
1615237760776 0.018771614879369736 40
1615237794351 0.01992672309279442 41
1615237828200 0.019176404923200607 42
1615237862260 0.01939914934337139 43
1615237896206 0.01767580211162567 44
1615237929796 0.018485866487026215 45
1615237963733 0.018322912976145744 46
1615237997387 0.018363282084465027 47
1615238031250 0.01899453066289425 48
1615238064987 0.018430402502417564 49
1615238102530 0.01885935291647911 50
1615238136525 0.018787631765007973 51
1615238170291 0.016705522313714027 52
1615238204209 0.018074000254273415 53
1615238238357 0.017625221982598305 54
1615238271937 0.018135135993361473 55
1615238305897 0.018970809876918793 56
1615238339781 0.017240779474377632 57
1615238373729 0.017207609489560127 58
1615238407608 0.017602233216166496 59
1615238444911 0.018057456240057945 60
1615238478643 0.020572401583194733 61
1615238512427 0.0192364864051342 62
1615238546346 0.01807304099202156 63
1615238580127 0.018314039334654808 64
1615238613985 0.017134660854935646 65
1615238647795 0.017793970182538033 66
1615238682216 0.016709452494978905 67
1615238715986 0.018926937133073807 68
1615238749888 0.018266119062900543 69
1615238787909 0.018471285700798035 70
1615238821969 0.018858961760997772 71
1615238855665 0.018576711416244507 72
1615238889385 0.019139941781759262 73
1615238923204 0.019254835322499275 74
1615238956796 0.018024448305368423 75
1615238990639 0.016419261693954468 76
1615239024392 0.016649559140205383 77
1615239058361 0.017178574576973915 78
1615239092131 0.016715319827198982 79
1615239129543 0.01641247794032097 80
1615239163352 0.017662914469838142 81
1615239197204 0.01838301680982113 82
1615239230993 0.016575420275330544 83
1615239264679 0.017094586044549942 84
1615239298348 0.018568452447652817 85
1615239332210 0.016741052269935608 86
1615239365800 0.017943738028407097 87
1615239399378 0.017738603055477142 88
1615239433309 0.017799552530050278 89
1615239470943 0.017542030662298203 90
1615239505007 0.0171949565410614 91
1615239539323 0.01857684925198555 92
1615239573113 0.018446020781993866 93
1615239606931 0.01717992126941681 94
1615239640696 0.01701175794005394 95
1615239674464 0.017736218869686127 96
1615239708334 0.01607588678598404 97
1615239742046 0.016332976520061493 98
1615239775910 0.016377286985516548 99
1615239813722 0.016956686973571777 100
1615239847628 0.015943361446261406 101
1615239881164 0.016619129106402397 102
1615239914790 0.017239607870578766 103
1615239948527 0.01725257933139801 104
1615239982395 0.016584264114499092 105
1615240016247 0.016483701765537262 106
1615240050046 0.016719073057174683 107
1615240084026 0.015668468549847603 108
1615240117699 0.015946820378303528 109
1615240155151 0.015693189576268196 110
1615240189067 0.015601050108671188 111
1615240222862 0.015635155141353607 112
1615240256833 0.01747620478272438 113
1615240290658 0.01744866371154785 114
1615240324507 0.01621764339506626 115
1615240358358 0.01598045974969864 116
1615240392143 0.015108689665794373 117
1615240426064 0.016074776649475098 118
1615240459984 0.015234283171594143 119
1615240497378 0.016258802264928818 120
1615240531286 0.01661236211657524 121
1615240565052 0.016304396092891693 122
1615240599118 0.016141394153237343 123
1615240633057 0.015492590144276619 124
1615240666943 0.016113214194774628 125
1615240700520 0.016962312161922455 126
1615240734222 0.016750693321228027 127
1615240768004 0.016280319541692734 128
1615240801668 0.016701269894838333 129
1615240838952 0.01585334539413452 130
1615240872960 0.01528686098754406 131
1615240907593 0.01619730331003666 132
1615240942316 0.015665194019675255 133
1615240976255 0.015618388541042805 134
1615241010128 0.017257437109947205 135
1615241044140 0.014209038577973843 136
1615241078062 0.01884923130273819 137
1615241111854 0.016618937253952026 138
1615241145559 0.01574048399925232 139
1615241183411 0.014434990473091602 140
1615241217212 0.016678480431437492 141
1615241251065 0.01572098210453987 142
1615241285258 0.014542750082910061 143
1615241319106 0.014336910098791122 144
1615241352719 0.01468786783516407 145
1615241386526 0.01733309030532837 146
1615241420379 0.01560584269464016 147
1615241454118 0.015882957726716995 148
1615241488051 0.01489189825952053 149
1615241525437 0.01544139999896288 150
1615241559128 0.016855381429195404 151
1615241592966 0.014730283059179783 152
1615241626963 0.014381272718310356 153
1615241660693 0.014911087229847908 154
1615241694635 0.013630056753754616 155
1615241728597 0.014435244724154472 156
1615241762601 0.015866180881857872 157
1615241796505 0.015447704121470451 158
1615241830330 0.01534724235534668 159
1615241868000 0.015322239138185978 160
1615241901834 0.013864390552043915 161
1615241935764 0.014755078591406345 162
1615241969572 0.014849533326923847 163
1615242003340 0.01708994060754776 164
1615242037137 0.015948351472616196 165
1615242070849 0.014638449065387249 166
1615242104445 0.016938164830207825 167
1615242138075 0.015380741097033024 168
1615242171703 0.014750548638403416 169
1615242209042 0.014838116243481636 170
1615242243011 0.01606825925409794 171
1615242276871 0.015169978141784668 172
1615242310810 0.014361290261149406 173
1615242344752 0.015368876978754997 174
1615242378565 0.01563517563045025 175
1615242412345 0.0127037912607193 176
1615242446296 0.015183662064373493 177
1615242480198 0.013851752504706383 178
1615242514097 0.01395065151154995 179
1615242551546 0.0153729896992445 180
1615242585528 0.013946831226348877 181
1615242619393 0.014666488394141197 182
1615242653194 0.012913397513329983 183
1615242687084 0.015513359569013119 184
1615242721029 0.015548234805464745 185
1615242754917 0.014372809790074825 186
1615242788749 0.015061593614518642 187
1615242822490 0.015914462506771088 188
1615242856631 0.014306873083114624 189
1615242894504 0.0136912502348423 190
1615242928599 0.013710776343941689 191
1615242963526 0.01509217917919159 192
1615242998142 0.013746937736868858 193
1615243033006 0.01374446228146553 194
1615243067145 0.015570897608995438 195
1615243101072 0.01523603405803442 196
1615243135375 0.01623382978141308 197
1615243169434 0.013932749629020691 198
1615243203252 0.013455978594720364 199
1615243241695 0.014913381077349186 200
1615243275480 0.014535577967762947 201
1615243309060 0.01462404802441597 202
1615243342780 0.014322390779852867 203
1615243376565 0.014856668189167976 204
1615243410520 0.015193307772278786 205
1615243444383 0.013213319703936577 206
1615243478144 0.013142886571586132 207
1615243512089 0.015338263474404812 208
1615243546001 0.01407485082745552 209
1615243583467 0.014428838156163692 210
1615243617345 0.015772275626659393 211
1615243651607 0.014945664443075657 212
1615243685940 0.013403020799160004 213
1615243720080 0.014019057154655457 214
1615243753814 0.014704651199281216 215
1615243787768 0.014148872345685959 216
1615243821706 0.014929916709661484 217
1615243855440 0.013089289888739586 218
1615243888950 0.01558046042919159 219
1615243926545 0.012466628104448318 220
1615243960491 0.012884851545095444 221
1615243994403 0.01377118844538927 222
1615244028314 0.015255386009812355 223
1615244062310 0.014192245900630951 224
1615244096110 0.015115281566977501 225
1615244129739 0.013126296922564507 226
1615244163628 0.016526147723197937 227
1615244197290 0.015107457526028156 228
1615244231222 0.013718763366341591 229
1615244268708 0.013625690713524818 230
1615244302623 0.01450214721262455 231
1615244336508 0.015994340181350708 232
1615244370204 0.014009596779942513 233
1615244403843 0.014969993382692337 234
1615244437614 0.015266315080225468 235
1615244471544 0.014581767842173576 236
1615244505565 0.014152593910694122 237
1615244539238 0.014759600162506104 238
1615244573065 0.013524460606276989 239
1615244610466 0.012535585090517998 240
1615244644329 0.013366681523621082 241
1615244678368 0.01493925042450428 242
1615244712238 0.014205856248736382 243
1615244746352 0.01519391406327486 244
1615244780006 0.013623027130961418 245
1615244814403 0.013799333944916725 246
1615244848556 0.01395283080637455 247
1615244882460 0.014113718643784523 248
1615244916062 0.012932131066918373 249
1615244953492 0.01324361190199852 250
1615244987432 0.014353426173329353 251
1615245021420 0.012972205877304077 252
1615245055504 0.014361239969730377 253
1615245089383 0.01462338212877512 254
1615245123437 0.013728607445955276 255
1615245157326 0.012149170972406864 256
1615245191007 0.013126869685947895 257
1615245224988 0.01296471431851387 258
1615245258983 0.0134739950299263 259
1615245296437 0.013888627290725708 260
1615245330261 0.01321084052324295 261
1615245364267 0.013550451956689358 262
1615245397941 0.01450161263346672 263
1615245431570 0.013146213255822659 264
1615245465229 0.012749534100294113 265
1615245499150 0.014944056048989296 266
1615245533137 0.012392750009894371 267
1615245567042 0.012815479189157486 268
1615245600895 0.012454020790755749 269
1615245638089 0.01533366460353136 270
1615245671838 0.013763770461082458 271
1615245705562 0.013764467090368271 272
1615245739403 0.014400674030184746 273
1615245773130 0.01414178591221571 274
1615245806871 0.013657834380865097 275
1615245840761 0.013902558945119381 276
1615245874874 0.013837567530572414 277
1615245908802 0.013295827433466911 278
1615245942942 0.01212142314761877 279
1615245980571 0.012814804911613464 280
1615246014459 0.011220421642065048 281
1615246048230 0.013148275204002857 282
1615246082150 0.013676395639777184 283
1615246115882 0.01373491995036602 284
1615246149513 0.014406168833374977 285
1615246183176 0.012647501192986965 286
1615246216945 0.013328470289707184 287
1615246250964 0.011289171874523163 288
1615246284822 0.012735370546579361 289
1615246322189 0.0134132020175457 290
1615246355800 0.011708162724971771 291
1615246389783 0.01242526900023222 292
1615246423537 0.012257660739123821 293
1615246457565 0.015535304322838783 294
1615246491616 0.012433009222149849 295
1615246525577 0.013772903010249138 296
1615246559826 0.012236353009939194 297
1615246594648 0.012907060794532299 298
1615246628401 0.013242335058748722 299
1615246666062 0.012937929481267929 300
1615246700136 0.01395108550786972 301
1615246733913 0.01379268616437912 302
1615246767826 0.012145990505814552 303
1615246801665 0.0133435670286417 304
1615246835623 0.012984955683350563 305
1615246869270 0.01127421110868454 306
1615246902994 0.01279339101165533 307
1615246936666 0.011534239165484905 308
1615246970773 0.01155933365225792 309
1615247008574 0.011808945797383785 310
1615247042456 0.012019419111311436 311
1615247076310 0.012767158448696136 312
1615247110054 0.012153245508670807 313
1615247144140 0.011748755350708961 314
1615247178015 0.012966930866241455 315
1615247211982 0.011891531758010387 316
1615247245763 0.011819861829280853 317
1615247279717 0.013989761471748352 318
1615247313579 0.0122067267075181 319
1615247351053 0.01228219736367464 320
1615247385257 0.01164480671286583 321
1615247419230 0.01232132874429226 322
1615247453326 0.012547519989311695 323
1615247487118 0.012532904744148254 324
1615247520913 0.012787227518856525 325
1615247554654 0.01188019011169672 326
1615247588349 0.011722304858267307 327
1615247621995 0.01322314515709877 328
1615247655640 0.01275845430791378 329
1615247693048 0.013371573761105537 330
1615247726937 0.013010977767407894 331
1615247760917 0.013413364067673683 332
1615247795226 0.01163150742650032 333
1615247829304 0.013747338205575943 334
1615247862996 0.013046717271208763 335
1615247896969 0.011905182152986526 336
1615247930784 0.01311914250254631 337
1615247964649 0.013692352920770645 338
1615247999138 0.01112525537610054 339
1615248036812 0.012507788836956024 340
1615248070635 0.014592211693525314 341
1615248104451 0.011738979257643223 342
1615248138391 0.01300822477787733 343
1615248172195 0.012814521789550781 344
1615248206147 0.012603320181369781 345
1615248240157 0.01172681711614132 346
1615248273931 0.011530708521604538 347
1615248307928 0.011339718475937843 348
1615248341693 0.012714005075395107 349
1615248379156 0.014016599394381046 350
1615248413733 0.011393665336072445 351
1615248448198 0.014234423637390137 352
1615248482071 0.012798447161912918 353
1615248515967 0.01247359812259674 354
1615248550139 0.012583054602146149 355
1615248584064 0.01183578372001648 356
1615248617976 0.012368952855467796 357
1615248651718 0.011711236089468002 358
1615248685479 0.01229487732052803 359
1615248723022 0.012628834694623947 360
1615248756979 0.010868357494473457 361
1615248791113 0.01266736350953579 362
1615248826863 0.012418692000210285 363
1615248862972 0.011881168931722641 364
1615248898213 0.011590364389121532 365
1615248932036 0.011901065707206726 366
1615248965842 0.011376099660992622 367
1615249000075 0.01441330835223198 368
1615249033841 0.012333996593952179 369
1615249071488 0.011362556368112564 370
1615249105320 0.013257543556392193 371
1615249139228 0.013535275124013424 372
1615249173051 0.014127995818853378 373
1615249206925 0.013148758560419083 374
1615249240737 0.01276136189699173 375
1615249274315 0.012403644621372223 376
1615249308324 0.011698356829583645 377
1615249342064 0.01335165835916996 378
1615249376162 0.012109430506825447 379
1615249414071 0.012845347635447979 380
1615249448086 0.012919518165290356 381
1615249482036 0.012551495805382729 382
1615249515970 0.011206944473087788 383
1615249549611 0.01272662729024887 384
1615249583239 0.013634517788887024 385
1615249617009 0.013103934936225414 386
1615249650762 0.011722052469849586 387
1615249684660 0.011049694381654263 388
1615249718395 0.01280955970287323 389
1615249756009 0.012812908738851547 390
1615249789861 0.011666806414723396 391
1615249823501 0.01208670623600483 392
1615249857131 0.011928467079997063 393
1615249890824 0.013072466477751732 394
1615249924517 0.01236138679087162 395
1615249958497 0.012613443657755852 396
1615249992373 0.011792225763201714 397
1615250026124 0.01151509489864111 398
1615250060158 0.009717583656311035 399
1615250097656 0.01169372908771038 400
1615250131648 0.01157283689826727 401
1615250165369 0.011353490874171257 402
1615250198949 0.010443195700645447 403
1615250232682 0.01284782961010933 404
1615250266679 0.012724689207971096 405
1615250300479 0.011881488375365734 406
1615250334001 0.010886648669838905 407
1615250367811 0.011728599667549133 408
1615250401640 0.01148831844329834 409
1615250439044 0.009548579342663288 410
1615250472936 0.010819539427757263 411
1615250506827 0.01257346011698246 412
1615250540627 0.013697171583771706 413
1615250574607 0.013162119314074516 414
1615250609001 0.011489071883261204 415
1615250643841 0.01225231308490038 416
1615250677622 0.011386112309992313 417
1615250711529 0.013277638703584671 418
1615250745609 0.01272682473063469 419
1615250783048 0.01142771914601326 420
1615250817016 0.011417020112276077 421
1615250850953 0.013158150017261505 422
1615250884828 0.01244591735303402 423
1615250918621 0.012975785881280899 424
1615250952859 0.013483738526701927 425
1615250986761 0.009758075699210167 426
1615251020603 0.013806498609483242 427
1615251054454 0.011264074593782425 428
1615251088228 0.013671107590198517 429
1615251125734 0.013018352910876274 430
1615251159712 0.009956085123121738 431
1615251193638 0.012259282171726227 432
1615251227645 0.01093650609254837 433
1615251261596 0.011557426303625107 434
1615251295702 0.011731216683983803 435
1615251329471 0.011676684021949768 436
1615251363435 0.010192620567977428 437
1615251397172 0.011330404318869114 438
1615251431264 0.014458139427006245 439
1615251469030 0.011401623487472534 440
1615251502940 0.010870286263525486 441
1615251536862 0.01420598290860653 442
1615251570743 0.010949291288852692 443
1615251604721 0.012654167599976063 444
1615251638583 0.012197507545351982 445
1615251672391 0.011406123638153076 446
1615251706266 0.011327601969242096 447
1615251739949 0.011040931567549706 448
1615251773664 0.011968804523348808 449
1615251811094 0.012324006296694279 450
1615251844861 0.011127365753054619 451
1615251878680 0.01213974691927433 452
1615251912360 0.011137856170535088 453
1615251946047 0.010515653528273106 454
1615251979998 0.011541377753019333 455
1615252013855 0.012018769979476929 456
1615252047748 0.011583084240555763 457
1615252081812 0.011324036866426468 458
1615252115635 0.01289190724492073 459
1615252153064 0.012880620546638966 460
1615252187018 0.012778382748365402 461
1615252220945 0.010479181073606014 462
1615252254668 0.011991695500910282 463
1615252288878 0.01097741536796093 464
1615252323003 0.009558099322021008 465
1615252356642 0.010515272617340088 466
1615252390562 0.01067950390279293 467
1615252424212 0.011628840118646622 468
1615252458117 0.01188746653497219 469
1615252495509 0.01170793641358614 470
1615252529303 0.011262903921306133 471
1615252563205 0.010661235079169273 472
1615252596917 0.009898006916046143 473
1615252630574 0.010243380442261696 474
1615252664520 0.011767789721488953 475
1615252698573 0.011607514694333076 476
1615252732637 0.010653534904122353 477
1615252766676 0.012182975187897682 478
1615252800624 0.011377803981304169 479
1615252838124 0.0164186954498291 480
1615252872290 0.011740533635020256 481
1615252906018 0.013420181348919868 482
1615252939930 0.01014753058552742 483
1615252973680 0.0099880276247859 484
1615253007463 0.010773960500955582 485
1615253041148 0.013895781710743904 486
1615253074811 0.01188800297677517 487
1615253108522 0.009534439072012901 488
1615253142151 0.011052234098315239 489
1615253179696 0.01265718787908554 490
1615253213412 0.010411078110337257 491
1615253247075 0.010197680443525314 492
1615253280913 0.012670569121837616 493
1615253314851 0.012865258380770683 494
1615253348801 0.01109154149889946 495
1615253382651 0.011016682721674442 496
1615253416651 0.01124302763491869 497
1615253450643 0.011464180424809456 498
1615253484516 0.013120965100824833 499
1615253522421 0.012299224734306335 500
1615253556651 0.011701056733727455 501
1615253590450 0.01145833171904087 502
1615253624098 0.010260829702019691 503
1615253658009 0.011388298124074936 504
1615253691881 0.013566963374614716 505
1615253725787 0.011004161089658737 506
1615253759449 0.011754726991057396 507
1615253793299 0.011285842396318913 508
1615253827260 0.010140464641153812 509
1615253864704 0.010993399657309055 510
1615253898514 0.011646734550595284 511
1615253932250 0.011157503351569176 512
1615253965901 0.010360319167375565 513
1615253999808 0.009513482451438904 514
1615254033585 0.012363104149699211 515
1615254067673 0.01254710741341114 516
1615254101592 0.011258941143751144 517
1615254135369 0.010560635477304459 518
1615254169225 0.010099414736032486 519
1615254206398 0.010393990203738213 520
1615254240452 0.0107590826228261 521
1615254274540 0.010374101810157299 522
1615254308435 0.01068067830055952 523
1615254342415 0.011063567362725735 524
1615254376453 0.012154159136116505 525
1615254410129 0.01024153083562851 526
1615254443831 0.01060378085821867 527
1615254477742 0.010370263829827309 528
1615254511461 0.009894764050841331 529
1615254548614 0.009987540543079376 530
1615254582749 0.01320059597492218 531
1615254616688 0.01109890453517437 532
1615254650569 0.010765999555587769 533
1615254684355 0.012952154502272606 534
1615254718492 0.012070391327142715 535
1615254752456 0.011989768594503403 536
1615254786063 0.011435991153120995 537
1615254819638 0.009452775120735168 538
1615254853448 0.008890986442565918 539
1615254890886 0.010513709858059883 540
1615254924819 0.01062532514333725 541
1615254958732 0.010127360001206398 542
1615254992739 0.010493610054254532 543
1615255026490 0.012347127310931683 544
1615255060371 0.01078843418508768 545
1615255094206 0.010704785585403442 546
1615255128292 0.00947813130915165 547
1615255162473 0.01126522570848465 548
1615255196387 0.011711448431015015 549
1615255233701 0.01156993955373764 550
1615255267716 0.010846461169421673 551
1615255301454 0.010088823735713959 552
1615255335140 0.011664659716188908 553
1615255369026 0.010729951784014702 554
1615255402954 0.012693041935563087 555
1615255437031 0.010935458354651928 556
1615255470867 0.010075069963932037 557
1615255504693 0.009972541593015194 558
1615255538687 0.009521860629320145 559
1615255576395 0.01089521311223507 560
1615255610349 0.011733880266547203 561
1615255644160 0.010850891470909119 562
1615255677765 0.010661572217941284 563
1615255711465 0.009446445852518082 564
1615255745307 0.010092481039464474 565
1615255779097 0.011015973053872585 566
1615255813073 0.009645137935876846 567
1615255846901 0.010616907849907875 568
1615255880802 0.009924450889229774 569
1615255918078 0.012179925106465816 570
1615255951792 0.010636921972036362 571
1615255985526 0.012694718316197395 572
1615256019544 0.010297145694494247 573
1615256053524 0.011883101426064968 574
1615256087444 0.009853946045041084 575
1615256121352 0.00969357043504715 576
1615256155097 0.011279840022325516 577
1615256188726 0.011252043768763542 578
1615256222469 0.008720625191926956 579
1615256260119 0.0119071239605546 580
1615256294155 0.010312575846910477 581
1615256327992 0.011422143317759037 582
1615256361758 0.012005440890789032 583
1615256395437 0.009928897023200989 584
1615256429292 0.010242272168397903 585
1615256463380 0.008700224570930004 586
1615256497582 0.010879757814109325 587
1615256531452 0.01021016575396061 588
1615256565356 0.009992776438593864 589
1615256602804 0.0113544762134552 590
1615256636788 0.009703269228339195 591
1615256670339 0.009852584451436996 592
1615256704251 0.010608007200062275 593
1615256738396 0.011271660216152668 594
1615256772513 0.009433828294277191 595
1615256806400 0.009540464729070663 596
1615256840383 0.010950444266200066 597
1615256874524 0.011536628007888794 598
1615256908493 0.010193049907684326 599
1615256948395 0.011135403998196125 600
1615256982302 0.011330245062708855 601
1615257015949 0.010423507541418076 602
1615257049998 0.01035115122795105 603
1615257083810 0.011285483837127686 604
1615257117735 0.010752393864095211 605
1615257151774 0.01087024062871933 606
1615257185650 0.012097969651222229 607
1615257219634 0.010512433014810085 608
1615257253564 0.010769866406917572 609
1615257291174 0.011015849187970161 610
1615257325112 0.010642891749739647 611
1615257358913 0.01113133691251278 612
1615257393249 0.010407869704067707 613
1615257427399 0.009761860594153404 614
1615257461353 0.009724590927362442 615
1615257495152 0.009149566292762756 616
1615257528717 0.012108515948057175 617
1615257562624 0.009695017710328102 618
1615257596530 0.010414201766252518 619
1615257634072 0.01078498549759388 620
1615257667999 0.009222187101840973 621
1615257701888 0.008532807230949402 622
1615257735778 0.009136016480624676 623
1615257769692 0.010800857096910477 624
1615257803730 0.01034265011548996 625
1615257837774 0.012720134109258652 626
1615257871599 0.008942143060266972 627
1615257905530 0.012840237468481064 628
1615257939083 0.0113399438560009 629
1615257976367 0.010072819888591766 630
1615258010350 0.011082084849476814 631
1615258044262 0.011462667025625706 632
1615258078173 0.010378158651292324 633
1615258111849 0.011335261166095734 634
1615258145557 0.009469602257013321 635
1615258179167 0.011168023571372032 636
1615258213057 0.011097477748990059 637
1615258246797 0.00973353162407875 638
1615258280692 0.01325687300413847 639
1615258317948 0.010494302026927471 640
1615258351685 0.00997939519584179 641
1615258385462 0.010635247454047203 642
1615258419170 0.009394319728016853 643
1615258453020 0.0125105120241642 644
1615258487977 0.012571055442094803 645
1615258521816 0.010421497747302055 646
1615258555772 0.011775990016758442 647
1615258589625 0.009103869087994099 648
1615258623318 0.011253468692302704 649
1615258661236 0.009952597320079803 650
1615258694964 0.010734542272984982 651
1615258728980 0.01010057795792818 652
1615258762908 0.010959770530462265 653
1615258796665 0.008851787075400352 654
1615258830738 0.009345993399620056 655
1615258864698 0.01364691648632288 656
1615258898437 0.008085392415523529 657
1615258932382 0.01067245565354824 658
1615258966271 0.011081858538091183 659
1615259003523 0.01069675013422966 660
1615259037240 0.010489605367183685 661
1615259071176 0.008990637958049774 662
1615259105002 0.011056916788220406 663
1615259138956 0.009135856293141842 664
1615259173025 0.009668690152466297 665
1615259207215 0.010293356142938137 666
1615259240994 0.0098780058324337 667
1615259274869 0.01139480248093605 668
1615259308858 0.01228769589215517 669
1615259346353 0.01201656088232994 670
1615259380415 0.009949097409844398 671
1615259414202 0.01010235957801342 672
1615259447885 0.012378508225083351 673
1615259481549 0.010945997200906277 674
1615259515332 0.011490225791931152 675
1615259549324 0.011003980413079262 676
1615259583097 0.009691646322607994 677
1615259616789 0.011387728154659271 678
1615259650870 0.010097630321979523 679
1615259688466 0.010597852990031242 680
1615259722421 0.011423208750784397 681
1615259756411 0.011077097617089748 682
1615259790366 0.010356747545301914 683
1615259824111 0.009083328768610954 684
1615259858078 0.012781779281795025 685
1615259892117 0.011009545996785164 686
1615259926424 0.011552879586815834 687
1615259960052 0.01085833553224802 688
1615259993992 0.010541154071688652 689
1615260031482 0.011632649227976799 690
1615260065917 0.011036662384867668 691
1615260099793 0.011727338656783104 692
1615260133680 0.011948094703257084 693
1615260167400 0.010388565249741077 694
1615260201130 0.00971217267215252 695
1615260234951 0.010518554598093033 696
1615260268788 0.009008221328258514 697
1615260302587 0.011761161498725414 698
1615260336250 0.011580412276089191 699
1615260373813 0.010302850976586342 700
1615260408301 0.010723641142249107 701
1615260442373 0.010409052483737469 702
1615260476118 0.011303786188364029 703
1615260510057 0.012137538753449917 704
1615260543965 0.011891158297657967 705
1615260578033 0.009892641566693783 706
1615260611955 0.010884908959269524 707
1615260646003 0.010323632508516312 708
1615260680165 0.00992554146796465 709
1615260718025 0.009209747426211834 710
1615260751672 0.00936504639685154 711
1615260785331 0.010367609560489655 712
1615260819289 0.010375137440860271 713
1615260853011 0.011480391025543213 714
1615260886792 0.009633569046854973 715
1615260920363 0.011532744392752647 716
1615260954031 0.009347256273031235 717
1615260987796 0.011539451777935028 718
1615261021521 0.01080031506717205 719
1615261059207 0.010020982474088669 720
1615261093110 0.010537980124354362 721
1615261126932 0.011506877839565277 722
1615261160718 0.013655995950102806 723
1615261194832 0.01030737068504095 724
1615261228909 0.008780403062701225 725
1615261263348 0.009890887886285782 726
1615261297301 0.010008474811911583 727
1615261331225 0.008213731460273266 728
1615261365244 0.011383195407688618 729
1615261403168 0.008866684511303902 730
1615261437798 0.011849377304315567 731
1615261471731 0.009046033024787903 732
1615261505457 0.009070642292499542 733
1615261539269 0.009545034728944302 734
1615261573222 0.009395322762429714 735
1615261606798 0.01068740151822567 736
1615261640609 0.009318521246314049 737
1615261674401 0.008723538368940353 738
1615261707999 0.011127663776278496 739
1615261745719 0.01201995462179184 740
1615261780288 0.012233269400894642 741
1615261815285 0.010199762880802155 742
1615261850821 0.008759759366512299 743
1615261884748 0.00966556090861559 744
1615261918592 0.009848049841821194 745
1615261952508 0.010547737590968609 746
1615261986580 0.010197754018008709 747
1615262020068 0.010695120319724083 748
1615262054766 0.009810514748096466 749
1615262092036 0.011051632463932037 750
1615262126064 0.010538063943386078 751
1615262159996 0.01102609746158123 752
1615262193656 0.009374935179948807 753
1615262227344 0.010099183768033981 754
1615262261062 0.008882292546331882 755
1615262294764 0.01219877228140831 756
1615262328509 0.009596460498869419 757
1615262362435 0.010933333076536655 758
1615262396150 0.009679844602942467 759
1615262433669 0.010981538332998753 760
1615262467817 0.011482052505016327 761
1615262501787 0.009765678085386753 762
1615262535809 0.009569782763719559 763
1615262569509 0.01068849116563797 764
1615262603150 0.011308944784104824 765
1615262636918 0.011474406346678734 766
1615262670873 0.012253561988472939 767
1615262704469 0.012005984783172607 768
1615262738218 0.012397559359669685 769
1615262775746 0.010202539153397083 770
1615262809577 0.011916864663362503 771
1615262843412 0.010240918025374413 772
1615262877310 0.009333192370831966 773
1615262911196 0.00998888723552227 774
1615262945115 0.009391882456839085 775
1615262979877 0.009357733651995659 776
1615263014180 0.010664431378245354 777
1615263047924 0.011238743551075459 778
1615263081979 0.012278047390282154 779
1615263119702 0.00962953269481659 780
1615263153662 0.009819481521844864 781
1615263187609 0.011135246604681015 782
1615263221479 0.010152392089366913 783
1615263255173 0.010395064949989319 784
1615263289092 0.010302148759365082 785
1615263323031 0.010399023070931435 786
1615263356704 0.010479994118213654 787
1615263390469 0.011890487745404243 788
1615263424246 0.008877377957105637 789
1615263461666 0.011325117200613022 790
1615263495502 0.009235433302819729 791
1615263529288 0.010458206757903099 792
1615263563248 0.01124340109527111 793
1615263597060 0.012138038873672485 794
1615263631069 0.008601906709372997 795
1615263664841 0.009259456768631935 796
1615263698706 0.011216584593057632 797
1615263732631 0.00943678803741932 798
1615263766590 0.010606067255139351 799
1615263804185 0.009790372103452682 800
1615263838450 0.010472048074007034 801
1615263872465 0.009492275305092335 802
1615263906425 0.012714573182165623 803
1615263940049 0.009891746565699577 804
1615263973739 0.010645607486367226 805
1615264007447 0.011862952262163162 806
1615264041491 0.01121644489467144 807
1615264075538 0.012231968343257904 808
1615264109234 0.010206207633018494 809
1615264147603 0.008703396655619144 810
1615264181465 0.010138396173715591 811
1615264215538 0.009174942970275879 812
1615264249384 0.010725627653300762 813
1615264283195 0.01094665564596653 814
1615264317226 0.009696176275610924 815
1615264351204 0.010383939370512962 816
1615264384958 0.011057996191084385 817
1615264419004 0.010301638394594193 818
1615264452963 0.010202554054558277 819
1615264490323 0.01047624833881855 820
1615264524226 0.010584107600152493 821
1615264558090 0.011166769079864025 822
1615264591928 0.009540758095681667 823
1615264625878 0.011121741496026516 824
1615264659757 0.010895844548940659 825
1615264693891 0.009129800833761692 826
1615264727599 0.01138637587428093 827
1615264761148 0.011449500918388367 828
1615264794796 0.010168194770812988 829
1615264832205 0.010260477662086487 830
1615264866189 0.011000430211424828 831
1615264899890 0.010529518127441406 832
1615264933802 0.010093068704009056 833
1615264967735 0.010691745206713676 834
1615265001849 0.010699853301048279 835
1615265035554 0.010015093721449375 836
1615265069377 0.010901154950261116 837
1615265103426 0.010249892249703407 838
1615265137126 0.0102364681661129 839
1615265174772 0.010902930982410908 840
1615265208355 0.010255454108119011 841
1615265242413 0.010423213243484497 842
1615265276391 0.01201522909104824 843
1615265310140 0.009418552741408348 844
1615265344011 0.010769336484372616 845
1615265377726 0.011324170976877213 846
1615265411566 0.010425296612083912 847
1615265445185 0.011220401152968407 848
1615265478907 0.011920172721147537 849
1615265516178 0.010994937270879745 850
1615265550083 0.010681627318263054 851
1615265584063 0.010238111019134521 852
1615265618129 0.011336728930473328 853
1615265652281 0.011441143229603767 854
1615265686219 0.010977791622281075 855
1615265720298 0.011165251024067402 856
1615265754273 0.010332856327295303 857
1615265787974 0.011185090988874435 858
1615265821902 0.01204665657132864 859
1615265859493 0.01106384675949812 860
1615265893284 0.01051111426204443 861
1615265927295 0.011067917570471764 862
1615265961378 0.01021111011505127 863
1615265995433 0.011053482070565224 864
1615266029451 0.011617733165621758 865
1615266063378 0.008216050453484058 866
1615266097055 0.009008707478642464 867
1615266130934 0.009882224723696709 868
1615266164639 0.00992646999657154 869
1615266202154 0.010948420502245426 870
1615266235809 0.010914215818047523 871
1615266269533 0.009111447259783745 872
1615266303537 0.010863440111279488 873
1615266337314 0.012719325721263885 874
1615266371289 0.01073591597378254 875
1615266405447 0.0128316730260849 876
1615266439850 0.010744556784629822 877
1615266473812 0.011701343581080437 878
1615266507657 0.01322903111577034 879
1615266545436 0.011908755637705326 880
1615266579242 0.010390309616923332 881
1615266613239 0.008643331937491894 882
1615266647229 0.009347433224320412 883
1615266680969 0.012453267350792885 884
1615266715461 0.010211922228336334 885
1615266749303 0.010972214862704277 886
1615266783123 0.009657787159085274 887
1615266816738 0.011981148272752762 888
1615266850668 0.010317597538232803 889
1615266888032 0.012261657044291496 890
1615266921827 0.011731626465916634 891
1615266955545 0.012551438063383102 892
1615266989278 0.010313714854419231 893
1615267023402 0.012105821631848812 894
1615267057120 0.008540460839867592 895
1615267091123 0.011637801304459572 896
1615267125018 0.010830765590071678 897
1615267159404 0.009883454069495201 898
1615267193339 0.010230641812086105 899
1615267230831 0.010760132223367691 900
1615267264708 0.010538367554545403 901
1615267298769 0.009784085676074028 902
1615267332513 0.010947953909635544 903
1615267366491 0.009313099086284637 904
1615267400281 0.011503057554364204 905
1615267434158 0.01068196166306734 906
1615267468125 0.009728205390274525 907
1615267502812 0.011158499866724014 908
1615267536711 0.01053806021809578 909
1615267574070 0.01273036003112793 910
1615267607827 0.010586473159492016 911
1615267641469 0.009162282571196556 912
1615267675140 0.008941922336816788 913
1615267709076 0.01035577803850174 914
1615267742843 0.011341637000441551 915
1615267776686 0.01109334733337164 916
1615267810352 0.011492160148918629 917
1615267844709 0.009829684160649776 918
1615267878846 0.009355871006846428 919
1615267916205 0.009729458019137383 920
1615267950097 0.01185299176722765 921
1615267983970 0.011068260297179222 922
1615268017700 0.010261086747050285 923
1615268051398 0.011385539546608925 924
1615268085044 0.010279690846800804 925
1615268119059 0.011343630030751228 926
1615268152725 0.010630857199430466 927
1615268186327 0.010877061635255814 928
1615268220122 0.010464899241924286 929
1615268257466 0.010304095223546028 930
1615268291392 0.010955212637782097 931
1615268324977 0.008760198950767517 932
1615268358591 0.010946317575871944 933
1615268392460 0.01144404523074627 934
1615268426222 0.009181957691907883 935
1615268459951 0.009285605512559414 936
1615268494088 0.010981354862451553 937
1615268528175 0.011144022457301617 938
1615268561884 0.010251692496240139 939
1615268599394 0.010022031143307686 940
1615268633343 0.010193953290581703 941
1615268667299 0.010323534719645977 942
1615268701159 0.009777598083019257 943
1615268734852 0.012980356812477112 944
1615268768805 0.010701829567551613 945
1615268802541 0.00910663791000843 946
1615268836708 0.01047401875257492 947
1615268870597 0.009499693289399147 948
1615268904164 0.009848393499851227 949
1615268941819 0.009379284456372261 950
1615268975340 0.011950000189244747 951
1615269009249 0.010699170641601086 952
1615269043191 0.010053146630525589 953
1615269077201 0.009311141446232796 954
1615269111030 0.011596937663853168 955
1615269145007 0.010111024603247643 956
1615269179066 0.010891547426581383 957
1615269213015 0.01061432994902134 958
1615269246920 0.009861404076218605 959
1615269284411 0.010212734341621399 960
1615269318404 0.010024381801486015 961
1615269352629 0.011451165191829205 962
1615269386480 0.009696166962385178 963
1615269420111 0.009681537747383118 964
1615269453923 0.010572010651230812 965
1615269487893 0.011004127562046051 966
1615269521942 0.011217048391699791 967
1615269555787 0.010264723561704159 968
1615269589444 0.01119123212993145 969
1615269627083 0.010834231972694397 970
1615269660721 0.009869443252682686 971
1615269694440 0.010527674108743668 972
1615269728519 0.010567141696810722 973
1615269762177 0.011096724309027195 974
1615269796088 0.011603442952036858 975
1615269830105 0.011718466877937317 976
1615269863795 0.010273639112710953 977
1615269897627 0.011877661570906639 978
1615269931643 0.011212124489247799 979
1615269969411 0.011281045153737068 980
1615270003469 0.011341497302055359 981
1615270037367 0.009211077354848385 982
1615270071123 0.00997363030910492 983
1615270104837 0.010823458433151245 984
1615270138772 0.010707374662160873 985
1615270172435 0.011430177837610245 986
1615270206468 0.01073215901851654 987
1615270240139 0.009698266163468361 988
1615270274164 0.0098975645378232 989
1615270311775 0.010854912921786308 990
1615270345637 0.01004677265882492 991
1615270379622 0.009337378665804863 992
1615270413422 0.010290835052728653 993
1615270447350 0.011195685714483261 994
1615270481036 0.010489379055798054 995
1615270514809 0.01114312931895256 996
1615270548543 0.009488650597631931 997
1615270582582 0.011972695589065552 998
1615270616673 0.01148565486073494 999
1615270654228 0.011092578060925007 1000
1615270688244 0.01000907365232706 1001
1615270722203 0.011034835129976273 1002
1615270756237 0.012376132421195507 1003
1615270790038 0.011016150936484337 1004
1615270824273 0.00996347889304161 1005
1615270858272 0.012315021827816963 1006
1615270892261 0.009745266288518906 1007
1615270926263 0.010107997804880142 1008
1615270960225 0.011998971924185753 1009
1615270997743 0.010322480462491512 1010
1615271031639 0.012167304754257202 1011
1615271065282 0.008918212726712227 1012
1615271099236 0.009589582681655884 1013
1615271133142 0.010362599976360798 1014
1615271167318 0.008360208943486214 1015
1615271201286 0.011232074350118637 1016
1615271235231 0.011535869911313057 1017
1615271269148 0.008561872877180576 1018
1615271303095 0.010475139133632183 1019
1615271340632 0.011169059202075005 1020
1615271374588 0.01133513730019331 1021
1615271408443 0.011928371153771877 1022
1615271442270 0.01174827292561531 1023
1615271476111 0.011647725477814674 1024
1615271510099 0.011808773502707481 1025
1615271544008 0.010833552107214928 1026
1615271578002 0.011338594369590282 1027
1615271611952 0.011976106092333794 1028
1615271645698 0.010286979377269745 1029
1615271683354 0.009566619992256165 1030
1615271717340 0.009580710902810097 1031
1615271751509 0.011874467134475708 1032
1615271785611 0.010640883818268776 1033
1615271819527 0.011247778311371803 1034
1615271853318 0.01020369678735733 1035
1615271887128 0.01054295338690281 1036
1615271920925 0.011847160756587982 1037
1615271954728 0.011232690885663033 1038
1615271988703 0.010459020733833313 1039
1615272026070 0.01079076062887907 1040
1615272059903 0.011084653437137604 1041
1615272093627 0.01022708136588335 1042
1615272127284 0.012310760095715523 1043
1615272161050 0.010425223037600517 1044
1615272194866 0.011297279968857765 1045
1615272228758 0.010249440558254719 1046
1615272262463 0.0120244100689888 1047
1615272296060 0.010771572589874268 1048
1615272330201 0.010921111330389977 1049
1615272367621 0.010146282613277435 1050
1615272401748 0.012081269174814224 1051
1615272436231 0.00991007685661316 1052
1615272470320 0.012432793155312538 1053
1615272504137 0.011182265356183052 1054
1615272538088 0.009869322180747986 1055
1615272571922 0.009640410542488098 1056
1615272605717 0.010768599808216095 1057
1615272639794 0.010924259200692177 1058
1615272673733 0.011589061468839645 1059
1615272711182 0.010090930387377739 1060
1615272744847 0.009849999099969864 1061
1615272778758 0.008998611941933632 1062
1615272812790 0.011346125043928623 1063
1615272846745 0.010743186809122562 1064
1615272880424 0.01059604249894619 1065
1615272914299 0.009155182167887688 1066
1615272948222 0.011500585824251175 1067
1615272982196 0.00992409698665142 1068
1615273015856 0.010622337460517883 1069
1615273053452 0.010616625659167767 1070
1615273087586 0.011007117107510567 1071
1615273121659 0.011461558751761913 1072
1615273155478 0.011103743687272072 1073
1615273189260 0.010404779575765133 1074
1615273223372 0.012754322960972786 1075
1615273257413 0.008874671533703804 1076
1615273291174 0.009375452995300293 1077
1615273325063 0.01105174608528614 1078
1615273358946 0.010749520733952522 1079
1615273396975 0.01020280085504055 1080
1615273430895 0.012874249368906021 1081
1615273464796 0.009652160108089447 1082
1615273498621 0.009540718980133533 1083
1615273532454 0.010558271780610085 1084
1615273566455 0.011636925861239433 1085
1615273600391 0.011887498199939728 1086
1615273634203 0.01098301075398922 1087
1615273667909 0.013031105510890484 1088
1615273701604 0.010580876842141151 1089
1615273739248 0.010644638910889626 1090
1615273773118 0.009894268587231636 1091
1615273807197 0.010649767704308033 1092
1615273840986 0.01048314105719328 1093
1615273875314 0.011137828230857849 1094
1615273909360 0.01003199815750122 1095
1615273943317 0.011434201151132584 1096
1615273977031 0.009301823563873768 1097
1615274011051 0.010082980617880821 1098
1615274044972 0.011756622232496738 1099
1615274082291 0.009926247410476208 1100
1615274116113 0.009077632799744606 1101
1615274150095 0.011838647536933422 1102
1615274183931 0.011372799053788185 1103
1615274217911 0.010845310986042023 1104
1615274251936 0.010819626972079277 1105
1615274285690 0.01067010685801506 1106
1615274319261 0.010711116716265678 1107
1615274353278 0.011379742063581944 1108
1615274387136 0.01062924787402153 1109
1615274424340 0.009695793502032757 1110
1615274457988 0.012272685766220093 1111
1615274491728 0.010790134780108929 1112
1615274525833 0.009813646785914898 1113
1615274559503 0.011162159033119678 1114
1615274593710 0.012162743136286736 1115
1615274627598 0.010235996916890144 1116
1615274661624 0.010971350595355034 1117
1615274695631 0.013398783281445503 1118
1615274729801 0.01318022795021534 1119
1615274767551 0.012886465527117252 1120
1615274801310 0.00916464626789093 1121
1615274835059 0.010974986478686333 1122
1615274868635 0.01018973346799612 1123
1615274902609 0.01293136365711689 1124
1615274936731 0.01029588095843792 1125
1615274970696 0.009273573756217957 1126
1615275004429 0.011908012442290783 1127
1615275038520 0.008154749870300293 1128
1615275072500 0.00876728817820549 1129
1615275110172 0.00988378282636404 1130
1615275144093 0.011038066819310188 1131
1615275177784 0.01157982088625431 1132
1615275211616 0.010539598762989044 1133
1615275245313 0.011199390515685081 1134
1615275279343 0.010911375284194946 1135
1615275312985 0.009341204538941383 1136
1615275347138 0.011157361790537834 1137
1615275380811 0.011235125362873077 1138
1615275414668 0.010567004792392254 1139
1615275452182 0.00950599741190672 1140
1615275486060 0.012502231635153294 1141
1615275519631 0.011249331757426262 1142
1615275553521 0.01029311865568161 1143
1615275587273 0.009599331766366959 1144
1615275621301 0.010592479258775711 1145
1615275655214 0.009466413408517838 1146
1615275689005 0.01165651436895132 1147
1615275722989 0.010365467518568039 1148
1615275757135 0.011063198558986187 1149
1615275795289 0.009022422134876251 1150
1615275829219 0.011451451107859612 1151
1615275863391 0.00996472965925932 1152
1615275897401 0.009089585393667221 1153
1615275931256 0.00979103334248066 1154
1615275965269 0.010590046644210815 1155
1615275999214 0.00965774804353714 1156
1615276032887 0.011470627039670944 1157
1615276066714 0.011661670170724392 1158
1615276100379 0.009637023322284222 1159
1615276137478 0.01094815507531166 1160
1615276171415 0.009152509272098541 1161
1615276205442 0.009810175746679306 1162
1615276239233 0.012579597532749176 1163
1615276273159 0.009200029075145721 1164
1615276306915 0.01194564625620842 1165
1615276340636 0.009516526013612747 1166
1615276374582 0.010974032804369926 1167
1615276408542 0.012769604101777077 1168
1615276442425 0.011535217985510826 1169
1615276479940 0.009519210085272789 1170
1615276513576 0.010747455060482025 1171
1615276547626 0.011621344834566116 1172
1615276581261 0.012106649577617645 1173
1615276614881 0.010718177072703838 1174
1615276648786 0.010356223210692406 1175
1615276682768 0.009104859083890915 1176
1615276716783 0.011606346815824509 1177
1615276751118 0.013926036655902863 1178
1615276785014 0.012185940518975258 1179
1615276822690 0.01134681049734354 1180
1615276856631 0.009315108880400658 1181
1615276890672 0.008822143077850342 1182
1615276924372 0.011987260542809963 1183
1615276958232 0.01208522543311119 1184
1615276992233 0.010934324003756046 1185
1615277026098 0.010208604857325554 1186
1615277059964 0.007753560319542885 1187
1615277094051 0.010573835112154484 1188
1615277127744 0.009834324941039085 1189
1615277165413 0.009856371209025383 1190
1615277199208 0.010965177789330482 1191
1615277233112 0.010427001863718033 1192
1615277266906 0.010468050837516785 1193
1615277300709 0.010510804131627083 1194
1615277334645 0.009464619681239128 1195
1615277368728 0.010129904374480247 1196
1615277402819 0.011847803369164467 1197
1615277436883 0.008959101513028145 1198
1615277470953 0.009426162578165531 1199
1615277508289 0.008815638720989227 1200
1615277529800 0.010336010716855526 0
1615277529842 0.010336010716855526 0
